HKL Value		Reward		TotalReward	Chi Squared	Z Appr. 	Error	Two-Thetas	Sfs2
0 4 12			0.0		0.0		0.0		0.3	1.4889	60.4300914167	161.7651
4 6 0			0.0		0.0		0.55		0.33332	0.7863	67.1083315067	59.4729
0 6 2			3.28		3.28		1.82		0.333	0.2356	55.3895592761	6.1752
9 1 1			3.35		6.62		2.11		0.33157	0.8793	87.9915459652	19.6393
6 0 10			3.16		9.78		2.38		0.32665	1.0728	69.1331306246	8.9056
0 6 16			3.74		13.52		1.94		0.3257	0.4825	89.3859051251	7.6515
4 2 10			3.45		16.98		2.05		0.32487	1.1102	57.0442200735	11.3144
0 0 22			2.57		19.54		3.1		0.32275	2.2765	94.0325860765	137.6091
7 3 1			2.85		22.39		3.08		0.32271	0.5095	71.5359286583	22.1332
3 3 1			2.44		24.83		3.72		0.32266	0.5106	38.1558496662	33.1617
3 5 9			2.72		27.56		3.51		0.3224	0.4755	65.0802252419	19.5165
4 2 14			2.73		30.29		3.41		0.32236	1.2576	70.6282605877	19.9713
2 2 10			2.89		33.18		3.14		0.32221	0.6429	46.7739448495	44.8949
5 5 1			2.85		36.03		3.1		0.32218	0.5073	65.769247456	23.9531
2 0 16			2.97		39.0		2.92		0.32246	0.5935	67.2372591268	11.8907
6 4 0			3.08		42.09		2.73		0.32246	1.8287	67.0910631577	58.6803
4 0 12			2.83		44.92		2.98		0.32296	2.7435	60.4154589103	161.2613
5 1 9			2.75		47.67		3.18		0.3226	0.4583	58.9619928854	19.0838
0 6 18			1.78		49.46		5.22		0.31932	0.7949	98.0280769063	1.8601