HKL Value		Reward		TotalReward	Chi Squared	Z Appr. 	Error	Two-Thetas	Sfs2
4 6 0			0.0		0.0		0.0		0.3	0.7863	67.1083315067	59.4729
6 0 6			0.0		0.0		0.04		0.31535	1.0815	60.1501886982	39.9969
1 7 5			0.21		0.21		13.61		0.37136	1.0841	69.0835930101	99.7513
0 4 12			0.52		0.73		20.15		0.3433	1.4889	60.4300914167	161.7651
0 6 2			1.72		2.45		15.89		0.34337	0.2356	55.3895592761	6.1752
9 1 1			1.67		4.11		13.43		0.34306	0.8793	87.9915459652	19.6393
0 6 16			1.76		5.87		11.36		0.34321	0.4825	89.3859051251	7.6515
6 0 10			1.72		7.59		10.24		0.34379	1.0728	69.1331306246	8.9056
4 2 10			1.72		9.31		9.57		0.34434	1.1102	57.0442200735	11.3144
4 2 14			1.67		10.98		9.34		0.34687	1.2576	70.6282605877	19.9713
7 3 1			1.74		12.72		8.92		0.34672	0.5095	71.5359286583	22.1332
2 2 8			0.23		12.95		20.65		0.35233	1.8488	40.1384116224	216.1995
2 0 16			1.25		14.2		19.48		0.35119	0.5935	67.2372591268	11.8907
3 5 9			1.34		15.54		18.0		0.35068	0.4755	65.0802252419	19.5165
2 2 10			1.08		16.62		18.69		0.35081	0.6429	46.7739448495	44.8949
5 5 1			1.28		17.91		17.79		0.35062	0.5073	65.769247456	23.9531
0 0 22			1.29		19.2		17.06		0.36192	2.2765	94.0325860765	137.6091
3 3 1			1.24		20.44		16.86		0.36184	0.5106	38.1558496662	33.1617
5 1 9			1.31		21.75		16.22		0.36098	0.4583	58.9619928854	19.0838
1 5 5			1.0		22.75		17.93		0.36237	1.8923	50.2743192378	127.3636
0 6 6			1.28		24.03		17.22		0.36184	1.0147	60.183190367	40.9583
5 3 9			1.26		25.29		16.83		0.36105	0.4833	65.0662013285	20.8409
2 4 6			1.28		26.57		16.45		0.36017	0.785	46.7364348384	64.2552
1 5 9			1.32		27.89		15.86		0.35941	0.4394	58.984264935	17.7365
6 0 8			1.35		29.25		15.23		0.35906	2.9234	64.163237895	5.3359
1 3 11			0.72		29.96		19.47		0.36022	2.4293	52.0561920156	298.4303
6 0 0			1.21		31.17		18.9		0.36022	0.7256	54.7363985401	55.434
3 5 7			1.24		32.41		18.28		0.36025	0.2309	60.5203777188	5.6046
2 2 16			1.19		33.6		18.11		0.36226	1.1693	70.1293332912	108.6018
2 0 14			1.26		34.86		17.48		0.36228	0.2634	58.6945218607	7.3942
3 1 9			1.27		36.13		16.99		0.36206	0.36	45.2950695798	8.7768
0 6 4			1.18		37.31		17.2		0.36214	0.6675	57.2171401797	42.9768
1 1 9			1.28		38.6		16.67		0.36211	0.2216	37.1193146943	1.1702
0 6 14			1.29		39.88		16.26		0.36185	0.9096	81.7552219026	27.2955
4 6 2			1.3		41.19		15.86		0.36185	0.2349	67.657370766	5.5969
7 1 7			1.32		42.5		15.46		0.36188	0.3505	72.2660298289	5.0526
2 6 6			0.7		43.21		19.77		0.36055	5.383	63.2392339525	346.2148
4 6 6			1.2		44.4		19.24		0.3606	1.1903	71.9781772466	41.9784
3 3 13			1.21		45.61		18.74		0.36077	0.5636	65.4922780779	9.1158
1 3 9			1.22		46.83		18.29		0.3606	0.2622	45.3040218183	7.1674
6 4 0			1.23		48.06		17.83		0.3606	1.8287	67.0910631577	58.6803
6 0 2			1.24		49.3		17.44		0.36064	0.2214	55.354768557	5.4487
1 3 15			1.24		50.55		17.11		0.36076	0.2862	67.3623786269	8.1809
2 4 14			1.26		51.81		16.74		0.36066	0.5221	70.6383718296	19.4111
4 2 8			1.27		53.08		16.4		0.36042	0.7605	51.4203212226	2.5419
0 2 16			1.28		54.36		16.1		0.36087	1.8687	67.2407114996	13.8307
0 2 8			1.3		55.66		15.75		0.36087	0.1155	35.7619852008	1.7384
5 1 7			1.31		56.97		15.45		0.36087	0.2609	54.1000446603	4.252
3 7 1			1.3		58.27		15.26		0.36085	1.2822	71.5694631273	22.2453
1 5 13			1.33		59.6		14.98		0.36109	1.1973	71.2966048402	12.6128
3 3 15			1.34		60.93		14.7		0.36116	0.3402	73.0835579415	3.8877
5 5 7			1.35		62.28		14.43		0.36116	0.6639	72.2860687267	4.3062
4 2 2			1.34		63.62		14.29		0.36119	0.457	40.8620305525	12.2524
1 1 13			1.37		64.99		14.03		0.36136	0.3722	52.9310122384	10.9703
1 1 7			1.37		66.36		13.8		0.36138	0.2012	29.7561292971	6.5386
0 2 20			1.39		67.75		13.57		0.36151	0.4494	86.0769303832	2.8517
0 4 10			1.34		69.09		13.68		0.36182	0.9893	53.7871001638	44.1425
0 4 16			1.38		70.46		13.54		0.36242	1.5557	75.7704700384	94.8658
4 0 10			1.34		71.8		13.65		0.36267	0.6243	53.7713327333	45.2096
1 1 15			1.37		73.17		13.58		0.36277	0.656	61.3839959686	20.6242
2 0 2			1.32		74.49		13.79		0.36275	0.6502	19.2320929378	35.9547
0 2 14			1.39		75.87		13.56		0.36278	0.2479	58.6982494177	6.3292
2 0 8			1.4		77.27		13.35		0.36275	0.1665	35.7565424018	1.5727
3 1 15			1.4		78.67		13.18		0.3628	0.2871	67.3554895111	7.7692
0 0 10			1.36		80.03		13.26		0.36301	0.8316	38.8438017949	41.7013
2 4 10			1.39		81.42		13.17		0.36299	0.607	57.0555982332	12.0937
2 4 0			1.38		82.8		13.18		0.36299	1.4359	40.0960076051	88.2765
4 0 12			1.22		84.01		14.12		0.36227	2.7435	60.4154589103	161.2613
0 0 4			1.26		85.28		14.52		0.36224	0.8482	15.2869714585	59.1035