HKL Value		Reward		TotalReward	Chi Squared	Z Appr. 	Error	Two-Thetas	Sfs2
5 3 3			0.0		0.0		0.0		0.3	0.9351	54.4936931553	89.9375
4 6 0			0.0		0.0		30.41		0.33333	0.7863	67.1083315067	59.4729
6 0 6			2.32		2.32		16.08		0.34504	1.0815	60.1501886982	39.9969
0 4 12			2.15		4.47		11.05		0.33334	1.4889	60.4300914167	161.7651
0 6 2			1.96		6.43		9.06		0.33285	0.2356	55.3895592761	6.1752
0 6 16			2.05		8.48		7.61		0.32667	0.4825	89.3859051251	7.6515
4 4 0			0.0		8.48		60.7		0.32667	4.9852	51.3853572345	648.027
9 1 1			1.13		9.62		52.35		0.32652	0.8793	87.9915459652	19.6393
6 0 10			1.12		10.74		46.02		0.32562	1.0728	69.1331306246	8.9056
4 2 10			1.1		11.84		41.19		0.32481	1.1102	57.0442200735	11.3144
4 2 14			1.09		12.93		37.36		0.32447	1.2576	70.6282605877	19.9713
2 0 16			1.11		14.05		33.97		0.32427	0.5935	67.2372591268	11.8907
7 3 1			1.1		15.14		31.4		0.32421	0.5095	71.5359286583	22.1332
3 5 9			1.11		16.26		29.17		0.32387	0.4755	65.0802252419	19.5165
2 2 10			1.13		17.39		27.17		0.3235	0.6429	46.7739448495	44.8949
5 5 1			1.14		18.52		25.53		0.32347	0.5073	65.769247456	23.9531
7 1 5			0.7		19.22		28.43		0.32374	1.5264	69.0427278305	98.726
5 1 3			0.98		20.2		27.98		0.3238	0.9592	47.5591860667	88.1873
0 0 22			1.06		21.27		26.88		0.32271	2.2765	94.0325860765	137.6091
3 3 1			1.07		22.33		25.93		0.32267	0.5106	38.1558496662	33.1617
5 1 9			1.09		23.42		24.93		0.32229	0.4583	58.9619928854	19.0838
1 5 9			1.1		24.52		24.08		0.32187	0.4394	58.984264935	17.7365
5 3 9			1.14		25.66		23.02		0.32177	0.4833	65.0662013285	20.8409
0 6 6			1.16		26.82		22.04		0.32172	1.0147	60.183190367	40.9583
6 0 8			1.17		28.0		21.17		0.32182	2.9234	64.163237895	5.3359
1 3 9			1.12		29.11		20.92		0.32112	0.2622	45.3040218183	7.1674
2 4 6			1.19		30.31		20.14		0.32116	0.785	46.7364348384	64.2552
2 0 14			1.17		31.48		19.68		0.32113	0.2634	58.6945218607	7.3942
2 2 16			1.22		32.7		19.01		0.32086	1.1693	70.1293332912	108.6018
0 2 14			1.19		33.89		18.71		0.32079	0.2479	58.6982494177	6.3292
3 1 9			1.2		35.09		18.36		0.32024	0.36	45.2950695798	8.7768
0 6 8			1.24		36.33		17.81		0.32033	0.7694	64.1950429677	5.6946
0 6 18			1.18		37.52		17.81		0.31812	0.7949	98.0280769063	1.8601
4 6 2			1.26		38.78		17.29		0.31811	0.2349	67.657370766	5.5969
2 4 8			1.18		39.96		17.43		0.31835	0.1687	51.4325245866	2.4593
0 6 14			1.23		41.19		17.2		0.31843	0.9096	81.7552219026	27.2955
0 2 20			1.22		42.41		17.12		0.31733	0.4494	86.0769303832	2.8517
0 2 16			1.25		43.66		16.84		0.31761	1.8687	67.2407114996	13.8307
2 4 10			1.28		44.94		16.4		0.31766	0.607	57.0555982332	12.0937
1 7 7			1.18		46.13		16.75		0.31827	0.4353	72.3061031614	6.1143
1 1 9			1.24		47.36		16.65		0.31791	0.2216	37.1193146943	1.1702
1 1 7			1.12		48.49		17.35		0.31861	0.2012	29.7561292971	6.5386
5 1 13			1.13		49.61		17.87		0.3194	0.4567	71.2764535317	11.3258
2 4 14			1.23		50.85		17.51		0.31942	0.5221	70.6383718296	19.4111
1 3 15			1.25		52.1		17.11		0.31938	0.2862	67.3623786269	8.1809
4 6 6			1.24		53.34		16.9		0.31932	1.1903	71.9781772466	41.9784
1 5 13			1.18		54.52		17.15		0.31986	1.1973	71.2966048402	12.6128
6 0 2			1.25		55.77		16.83		0.31986	0.2214	55.354768557	5.4487
6 4 0			1.27		57.04		16.48		0.31986	1.8287	67.0910631577	58.6803
4 2 2			1.26		58.31		16.26		0.31986	0.457	40.8620305525	12.2524
7 1 7			1.21		59.52		16.47		0.32021	0.3505	72.2660298289	5.0526
6 0 0			1.27		60.78		16.24		0.32021	0.7256	54.7363985401	55.434
5 1 7			1.2		61.98		16.52		0.32058	0.2609	54.1000446603	4.252
3 7 1			1.27		63.25		16.26		0.32058	1.2822	71.5694631273	22.2453
1 1 13			1.22		64.47		16.42		0.32103	0.3722	52.9310122384	10.9703
4 2 8			1.23		65.7		16.43		0.32115	0.7605	51.4203212226	2.5419
1 1 15			1.27		66.97		16.2		0.32123	0.656	61.3839959686	20.6242
3 5 7			1.23		68.2		16.29		0.32149	0.2309	60.5203777188	5.6046
3 3 13			1.21		69.41		16.49		0.32196	0.5636	65.4922780779	9.1158
5 5 7			1.2		70.6		16.71		0.32227	0.6639	72.2860687267	4.3062