HKL Value		Reward		TotalReward	Chi Squared	Z Appr. 	Error	Two-Thetas	Sfs2
0 6 2			0.0		0.0		0.0		0.3	0.2356	55.3895592761	6.1752
4 6 0			0.0		0.0		0.37		0.24998	0.7863	67.1083315067	59.4729
0 4 12			7.52		7.52		0.44		0.25	1.4889	60.4300914167	161.7651
0 0 22			0.03		7.55		23.2		0.35706	2.2765	94.0325860765	137.6091
9 1 1			1.62		9.17		18.58		0.35698	0.8793	87.9915459652	19.6393
3 3 3			1.05		10.22		19.44		0.35667	0.8081	39.7679129272	70.9373
0 6 16			1.51		11.73		16.76		0.35734	0.4825	89.3859051251	7.6515
7 3 1			1.46		13.19		15.24		0.35723	0.5095	71.5359286583	22.1332
2 6 4			0.72		13.91		19.42		0.35677	0.8772	60.3635846112	78.02
3 1 9			1.43		15.35		17.28		0.35648	0.36	45.2950695798	8.7768
2 2 12			2.53		17.88		9.85		0.32295	1.9766	54.0147953295	208.0279
3 3 1			1.61		19.49		9.76		0.3229	0.5106	38.1558496662	33.1617
4 2 10			1.77		21.27		9.03		0.32267	1.1102	57.0442200735	11.3144
5 5 1			1.79		23.05		8.54		0.32263	0.5073	65.769247456	23.9531
5 1 9			1.76		24.81		8.35		0.32213	0.4583	58.9619928854	19.0838
5 3 9			1.87		26.68		7.84		0.32198	0.4833	65.0662013285	20.8409
4 6 6			1.76		28.44		7.95		0.32168	1.1903	71.9781772466	41.9784
4 2 12			1.27		29.71		10.07		0.31806	0.2244	63.468523569	4.7972
2 0 2			1.47		31.18		10.56		0.31799	0.6502	19.2320929378	35.9547