HKL Value		Reward		TotalReward	Chi Squared	Z Appr. 	Error	Two-Thetas	Sfs2
4 6 0			0.0		0.0		0.0		0.3	0.7863	67.1083315067	59.4729
0 4 12			0.0		0.0		0.55		0.33332	1.4889	60.4300914167	161.7651
6 0 6			3.91		3.91		1.39		0.33332	1.0815	60.1501886982	39.9969
0 6 2			3.39		7.3		1.96		0.33253	0.2356	55.3895592761	6.1752
9 1 1			3.38		10.68		2.12		0.33036	0.8793	87.9915459652	19.6393
0 0 2			0.14		10.82		17.51		0.33616	1.161	7.62646333295	98.931
0 6 16			1.59		12.41		14.96		0.33963	0.4825	89.3859051251	7.6515
6 0 10			1.55		13.96		13.43		0.34053	1.0728	69.1331306246	8.9056
4 2 10			1.54		15.5		12.46		0.34144	1.1102	57.0442200735	11.3144
4 2 14			1.45		16.96		12.26		0.34456	1.2576	70.6282605877	19.9713
7 3 1			1.57		18.53		11.52		0.34433	0.5095	71.5359286583	22.1332
3 5 9			1.67		20.2		10.58		0.3454	0.4755	65.0802252419	19.5165
6 4 4			1.41		21.61		11.19		0.34597	0.6669	69.2748711385	33.991
2 0 16			1.61		23.22		10.65		0.34562	0.5935	67.2372591268	11.8907
2 2 10			1.3		24.52		11.79		0.34498	0.6429	46.7739448495	44.8949
5 5 1			1.55		26.07		11.32		0.34481	0.5073	65.769247456	23.9531
0 0 22			1.03		27.1		13.9		0.3582	2.2765	94.0325860765	137.6091
3 3 1			1.35		28.45		13.86		0.35805	0.5106	38.1558496662	33.1617
5 1 9			1.46		29.91		13.19		0.35701	0.4583	58.9619928854	19.0838
2 4 6			1.45		31.36		12.77		0.35607	0.785	46.7364348384	64.2552
5 3 9			1.49		32.85		12.3		0.35503	0.4833	65.0662013285	20.8409
1 5 9			1.54		34.39		11.72		0.35475	0.4394	58.984264935	17.7365
0 6 6			1.56		35.95		11.21		0.35455	1.0147	60.183190367	40.9583
2 2 16			1.3		37.25		12.19		0.35901	1.1693	70.1293332912	108.6018
2 0 14			1.53		38.78		11.7		0.3591	0.2634	58.6945218607	7.3942
6 0 8			1.55		40.33		11.26		0.3588	2.9234	64.163237895	5.3359
3 1 9			1.57		41.91		10.86		0.35844	0.36	45.2950695798	8.7768
3 5 7			1.59		43.49		10.53		0.35844	0.2309	60.5203777188	5.6046
0 6 14			1.61		45.1		10.22		0.35835	0.9096	81.7552219026	27.2955
0 2 10			1.55		46.65		10.29		0.35809	0.4317	42.9590557724	21.0204
7 1 7			1.62		48.27		10.01		0.35809	0.3505	72.2660298289	5.0526
3 3 13			1.64		49.91		9.74		0.35856	0.5636	65.4922780779	9.1158
0 2 8			1.67		51.58		9.44		0.3586	0.1155	35.7619852008	1.7384
4 6 6			1.69		53.28		9.16		0.35879	1.1903	71.9781772466	41.9784
4 6 2			1.7		54.97		8.98		0.35879	0.2349	67.657370766	5.5969
6 0 0			1.7		56.67		8.85		0.35879	0.7256	54.7363985401	55.434
5 1 7			1.73		58.41		8.65		0.35879	0.2609	54.1000446603	4.252
1 5 13			1.74		60.15		8.49		0.35937	1.1973	71.2966048402	12.6128
2 4 14			1.77		61.92		8.29		0.35928	0.5221	70.6383718296	19.4111
5 5 7			1.79		63.7		8.1		0.35929	0.6639	72.2860687267	4.3062
6 0 2			1.8		65.5		7.95		0.35933	0.2214	55.354768557	5.4487
0 2 16			1.8		67.3		7.86		0.36006	1.8687	67.2407114996	13.8307
3 7 1			1.79		69.09		7.82		0.36003	1.2822	71.5694631273	22.2453
6 4 0			1.84		70.93		7.64		0.36003	1.8287	67.0910631577	58.6803
1 5 1			1.78		72.71		7.74		0.35998	0.4978	46.196563203	27.3004
1 3 15			1.82		74.53		7.65		0.36015	0.2862	67.3623786269	8.1809
2 2 8			1.29		75.83		9.79		0.3612	1.8488	40.1384116224	216.1995
4 2 8			1.64		77.46		9.63		0.36093	0.7605	51.4203212226	2.5419
0 2 20			1.65		79.11		9.44		0.36107	0.4494	86.0769303832	2.8517
1 1 13			1.67		80.78		9.27		0.36131	0.3722	52.9310122384	10.9703
0 4 10			1.59		82.37		9.49		0.36169	0.9893	53.7871001638	44.1425
3 1 7			1.66		84.03		9.33		0.36171	0.257	39.2655360855	5.205
4 0 10			1.59		85.62		9.55		0.36208	0.6243	53.7713327333	45.2096
2 0 2			1.55		87.17		9.86		0.36206	0.6502	19.2320929378	35.9547
0 4 16			1.61		88.78		9.77		0.36268	1.5557	75.7704700384	94.8658
3 5 1			1.58		90.37		9.83		0.36266	0.5283	53.2544885252	31.9012
2 0 8			1.63		92.0		9.66		0.36262	0.1665	35.7565424018	1.5727
0 0 4			1.48		93.48		10.22		0.36259	0.8482	15.2869714585	59.1035
2 4 10			1.58		95.06		10.17		0.36255	0.607	57.0555982332	12.0937
3 1 15			1.6		96.66		10.04		0.36261	0.2871	67.3554895111	7.7692
7 1 1			1.58		98.23		10.05		0.36259	0.5207	65.7483230412	25.2044
2 4 0			1.56		99.8		10.11		0.36259	1.4359	40.0960076051	88.2765
3 3 11			1.33		101.13		11.28		0.36267	2.1204	58.6030846927	249.5822