HKL Value		Reward		TotalReward	Chi Squared	Z Appr. 	Error	Two-Thetas	Sfs2
3 3 7			0.0		0.0		0.0		0.3	0.1558	47.1418707618	3.5073
6 2 10			0.0		0.0		14.21		0.33049	0.7103	71.9901825081	43.9921
6 0 8			3.51		3.51		7.18		0.33015	2.9234	64.163237895	5.3359
4 6 0			1.19		4.7		4.8		0.33015	0.7863	67.1083315067	59.4729
7 1 7			0.43		5.14		3.93		0.33148	0.3505	72.2660298289	5.0526
0 6 8			0.35		5.49		3.23		0.33108	0.7694	64.1950429677	5.6946
6 4 0			0.27		5.76		2.7		0.33109	1.8287	67.0910631577	58.6803
4 6 2			0.08		5.83		2.54		0.33097	0.2349	67.657370766	5.5969
0 2 2			-2.46		3.37		5.01		0.33066	0.4614	19.2417464495	36.8131
6 4 2			0.21		3.58		4.58		0.33057	0.2211	67.6401768609	4.8049
2 0 14			0.22		3.8		4.14		0.33102	0.2634	58.6945218607	7.3942
0 2 14			0.17		3.97		3.8		0.3315	0.2479	58.6982494177	6.3292
6 0 6			0.07		4.04		3.66		0.33146	1.0815	60.1501886982	39.9969
0 2 20			-0.25		3.79		3.92		0.33451	0.4494	86.0769303832	2.8517
2 6 6			-8.54		-4.75		12.46		0.33444	5.383	63.2392339525	346.2148
0 6 2			0.31		-4.44		11.83		0.33444	0.2356	55.3895592761	6.1752
1 7 7			0.37		-4.07		11.09		0.33444	0.4353	72.3061031614	6.1143
6 0 2			0.25		-3.82		10.6		0.33443	0.2214	55.354768557	5.4487
4 0 12			0.28		-3.54		10.03		0.33441	2.7435	60.4154589103	161.2613
3 5 7			0.26		-3.28		9.51		0.33447	0.2309	60.5203777188	5.6046
5 3 7			0.23		-3.04		9.04		0.33452	0.2523	60.5057581853	5.4388
1 5 7			0.21		-2.83		8.63		0.33461	0.6035	54.1236034243	4.2528
5 1 7			0.19		-2.64		8.25		0.33469	0.2609	54.1000446603	4.252
4 2 8			0.18		-2.47		7.89		0.33475	0.7605	51.4203212226	2.5419
2 4 8			0.16		-2.31		7.57		0.33483	0.1687	51.4325245866	2.4593
3 3 13			0.11		-2.2		7.36		0.33462	0.5636	65.4922780779	9.1158
3 1 13			0.07		-2.13		7.21		0.33437	0.3869	59.4126405656	11.7895
5 1 13			0.08		-2.05		7.05		0.33414	0.4567	71.2764535317	11.3258
1 3 13			0.07		-1.98		6.91		0.33392	0.3907	59.4200243294	11.5335
1 5 13			0.06		-1.92		6.79		0.33368	1.1973	71.2966048402	12.6128
1 1 13			0.07		-1.85		6.65		0.33348	0.3722	52.9310122384	10.9703
4 2 6			0.11		-1.74		6.43		0.33348	1.6049	46.7233273538	62.1975
0 6 6			0.07		-1.67		6.29		0.33348	1.0147	60.183190367	40.9583
3 1 7			0.08		-1.58		6.12		0.33358	0.257	39.2655360855	5.205
1 3 7			0.08		-1.5		5.96		0.33368	0.1893	39.2755843192	5.3372
0 6 16			0.03		-1.47		5.9		0.33372	0.4825	89.3859051251	7.6515
2 4 6			0.08		-1.39		5.74		0.33372	0.785	46.7364348384	64.2552
9 1 1			0.04		-1.35		5.66		0.3337	0.8793	87.9915459652	19.6393
7 3 1			0.02		-1.33		5.61		0.33367	0.5095	71.5359286583	22.1332
1 1 15			0.05		-1.28		5.51		0.33369	0.656	61.3839959686	20.6242
0 6 10			0.01		-1.27		5.49		0.33365	0.8527	69.1637693973	8.5049
2 0 16			-0.04		-1.31		5.53		0.33366	0.5935	67.2372591268	11.8907
5 5 1			0.02		-1.28		5.49		0.33364	0.5073	65.769247456	23.9531
6 0 10			0.01		-1.28		5.47		0.3336	1.0728	69.1331306246	8.9056
6 0 0			0.01		-1.27		5.45		0.3336	0.7256	54.7363985401	55.434
4 2 10			-0.03		-1.3		5.48		0.33357	1.1102	57.0442200735	11.3144
3 7 1			0.02		-1.28		5.45		0.33354	1.2822	71.5694631273	22.2453
1 3 5			-2.79		-4.07		8.24		0.33398	3.1323	34.189462707	190.138
5 3 9			0.03		-4.04		8.18		0.33401	0.4833	65.0662013285	20.8409
0 2 16			-0.01		-4.05		8.18		0.33406	1.8687	67.2407114996	13.8307
4 2 14			-0.05		-4.1		8.24		0.33367	1.2576	70.6282605877	19.9713
2 4 14			-0.03		-4.13		8.27		0.33329	0.5221	70.6383718296	19.4111