HKL Value		Reward		TotalReward	Chi Squared	Z Appr. 	Error	Two-Thetas	Sfs2
1 3 7			0.0		0.0		0.0		0.3	0.1893	39.2755843192	5.3372
3 3 7			0.0		0.0		0.13		0.33909	0.1558	47.1418707618	3.5073
6 2 10			-7.82		-7.82		7.95		0.33241	0.7103	71.9901825081	43.9921
6 0 8			1.24		-6.58		5.47		0.33189	2.9234	64.163237895	5.3359
4 6 0			0.68		-5.9		4.11		0.33189	0.7863	67.1083315067	59.4729
7 1 7			0.35		-5.55		3.41		0.33264	0.3505	72.2660298289	5.0526
0 6 8			0.23		-5.32		2.96		0.3322	0.7694	64.1950429677	5.6946
3 3 13			0.18		-5.14		2.6		0.33161	0.5636	65.4922780779	9.1158
6 4 0			0.16		-4.98		2.28		0.33161	1.8287	67.0910631577	58.6803
0 4 14			-3.91		-8.89		6.19		0.35929	1.2337	67.7597167724	121.3788
4 6 2			0.17		-8.72		5.85		0.35931	0.2349	67.657370766	5.5969
6 4 2			0.16		-8.56		5.52		0.35932	0.2211	67.6401768609	4.8049
2 0 14			0.22		-8.34		5.09		0.35956	0.2634	58.6945218607	7.3942
0 6 2			0.11		-8.24		4.87		0.35971	0.2356	55.3895592761	6.1752
0 0 22			0.04		-8.2		4.8		0.36129	2.2765	94.0325860765	137.6091
0 2 14			0.15		-8.05		4.51		0.36147	0.2479	58.6982494177	6.3292
1 7 7			0.06		-7.99		4.38		0.36152	0.4353	72.3061031614	6.1143
6 0 2			0.08		-7.91		4.22		0.36157	0.2214	55.354768557	5.4487
5 3 1			-0.55		-8.46		4.77		0.36148	0.5252	53.2386121167	32.835
3 5 7			0.08		-8.38		4.62		0.36152	0.2309	60.5203777188	5.6046
1 5 7			0.08		-8.3		4.46		0.36155	0.6035	54.1236034243	4.2528
5 3 7			0.06		-8.24		4.33		0.36159	0.2523	60.5057581853	5.4388
5 1 7			0.07		-8.17		4.19		0.36163	0.2609	54.1000446603	4.252
2 4 8			0.04		-8.14		4.12		0.36103	0.1687	51.4325245866	2.4593
4 2 8			0.04		-8.09		4.04		0.36055	0.7605	51.4203212226	2.5419
4 2 6			-0.12		-8.22		4.16		0.35993	1.6049	46.7233273538	62.1975
0 6 6			0.04		-8.18		4.09		0.35959	1.0147	60.183190367	40.9583
6 0 6			0.04		-8.14		4.0		0.35929	1.0815	60.1501886982	39.9969
1 3 13			0.04		-8.1		3.93		0.35979	0.3907	59.4200243294	11.5335
5 1 13			0.04		-8.06		3.85		0.36023	0.4567	71.2764535317	11.3258
1 5 13			0.03		-8.02		3.78		0.36068	1.1973	71.2966048402	12.6128
1 1 13			0.05		-7.98		3.69		0.36099	0.3722	52.9310122384	10.9703
3 1 13			0.04		-7.94		3.6		0.36129	0.3869	59.4126405656	11.7895
0 6 16			0.05		-7.88		3.5		0.36144	0.4825	89.3859051251	7.6515
0 2 10			-0.29		-8.17		3.79		0.36134	0.4317	42.9590557724	21.0204
7 3 1			-0.08		-8.25		3.86		0.36131	0.5095	71.5359286583	22.1332
6 2 4			-1.28		-9.53		5.14		0.36121	0.8727	60.3342977717	77.9073