HKL Value		Reward		TotalReward	Chi Squared	Z Appr. 	Error	Two-Thetas	Sfs2
4 0 14			0.0		0.0		0.0		0.3	1.986	67.7459682929	124.3248
5 3 7			0.0		0.0		29.47		0.35714	0.2523	60.5057581853	5.4388
2 2 16			1.73		1.73		21.67		0.36386	1.1693	70.1293332912	108.6018
4 2 10			1.75		3.48		16.66		0.36373	1.1102	57.0442200735	11.3144
2 2 10			1.19		4.67		16.92		0.36551	0.6429	46.7739448495	44.8949
4 2 6			1.38		6.04		15.86		0.36407	1.6049	46.7233273538	62.1975
0 2 16			1.7		7.74		13.23		0.36425	1.8687	67.2407114996	13.8307
3 1 15			1.67		9.41		11.67		0.36438	0.2871	67.3554895111	7.7692
6 0 6			1.64		11.05		10.79		0.36385	1.0815	60.1501886982	39.9969
2 6 10			1.38		12.44		11.49		0.36486	0.7069	72.0169435829	44.7171
6 0 10			1.61		14.04		10.84		0.36486	1.0728	69.1331306246	8.9056
0 6 6			1.62		15.67		10.35		0.36426	1.0147	60.183190367	40.9583
4 4 10			1.4		17.07		11.07		0.36541	0.6886	66.23802526	47.6672
0 2 10			1.45		18.53		11.31		0.36538	0.4317	42.9590557724	21.0204
5 5 1			1.56		20.08		10.97		0.36531	0.5073	65.769247456	23.9531
3 3 15			1.66		21.74		10.27		0.36535	0.3402	73.0835579415	3.8877
3 3 9			1.62		23.36		9.99		0.36493	0.3816	52.4524123761	12.0632
6 4 2			1.69		25.05		9.53		0.36495	0.2211	67.6401768609	4.8049
0 6 2			1.72		26.77		9.11		0.36501	0.2356	55.3895592761	6.1752
4 2 14			1.73		28.5		8.8		0.36434	1.2576	70.6282605877	19.9713
0 6 10			1.74		30.24		8.6		0.3643	0.8527	69.1637693973	8.5049
0 6 18			1.8		32.05		8.22		0.36432	0.7949	98.0280769063	1.8601
2 0 12			1.75		33.8		8.19		0.36369	0.8079	50.6101057273	16.6151
3 3 7			1.84		35.64		7.86		0.36373	0.1558	47.1418707618	3.5073
3 7 1			1.8		37.43		7.81		0.36365	1.2822	71.5694631273	22.2453
0 0 22			1.85		39.29		7.58		0.36365	2.2765	94.0325860765	137.6091
1 7 1			1.78		41.06		7.73		0.36358	0.5219	65.7901743415	26.2984
1 5 1			1.75		42.81		7.89		0.36352	0.4978	46.196563203	27.3004
2 4 12			1.84		44.66		7.67		0.36331	0.2205	63.4791913795	4.8908
6 4 6			1.88		46.54		7.41		0.36322	0.9247	71.9614498967	41.9809
0 2 14			1.91		48.45		7.17		0.36328	0.2479	58.6982494177	6.3292
3 5 9			1.85		50.29		7.24		0.36274	0.4755	65.0802252419	19.5165
2 4 10			1.86		52.15		7.23		0.36261	0.607	57.0555982332	12.0937
4 6 2			1.9		54.05		7.09		0.36261	0.2349	67.657370766	5.5969
7 3 1			1.88		55.94		7.08		0.36256	0.5095	71.5359286583	22.1332
1 1 15			1.86		57.79		7.15		0.36293	0.656	61.3839959686	20.6242
6 0 2			1.92		59.71		7.0		0.36297	0.2214	55.354768557	5.4487
1 3 15			1.92		61.63		6.89		0.36314	0.2862	67.3623786269	8.1809
0 4 16			1.94		63.58		6.77		0.36403	1.5557	75.7704700384	94.8658
1 3 9			1.96		65.53		6.66		0.36385	0.2622	45.3040218183	7.1674
0 6 8			1.97		67.5		6.56		0.36354	0.7694	64.1950429677	5.6946
5 1 9			1.95		69.45		6.57		0.36313	0.4583	58.9619928854	19.0838
0 4 20			2.0		71.45		6.42		0.36323	1.027	94.1654323607	18.6345
2 4 2			1.96		73.42		6.45		0.36325	0.3828	40.8766170199	13.2501
2 0 14			2.02		75.43		6.3		0.36324	0.2634	58.6945218607	7.3942
7 1 1			1.96		77.4		6.4		0.36321	0.5207	65.7483230412	25.2044
6 0 8			2.0		79.4		6.32		0.36301	2.9234	64.163237895	5.3359
3 1 9			2.01		81.41		6.25		0.36287	0.36	45.2950695798	8.7768
4 4 12			1.74		83.15		7.06		0.36197	1.9475	72.2035773977	130.2426
6 4 4			1.84		84.99		7.19		0.36201	0.6669	69.2748711385	33.991
0 0 20			1.84		86.84		7.27		0.36357	0.4542	83.3712939521	4.3689