HKL Value		Reward		TotalReward	Chi Squared	Z Appr. 	Error	Two-Thetas	Sfs2
5 3 7			0.0		0.0		0.0		0.3	0.2523	60.5057581853	5.4388
4 2 10			0.0		0.0		5.67		0.34705	1.1102	57.0442200735	11.3144
2 2 10			1.6		1.6		7.21		0.32626	0.6429	46.7739448495	44.8949
2 2 16			1.85		3.46		7.24		0.32307	1.1693	70.1293332912	108.6018
4 2 6			2.48		5.94		5.47		0.32312	1.6049	46.7233273538	62.1975
3 3 9			1.95		7.89		5.98		0.32214	0.3816	52.4524123761	12.0632
0 2 16			2.43		10.32		5.0		0.32234	1.8687	67.2407114996	13.8307
3 1 15			2.3		12.62		4.85		0.32136	0.2871	67.3554895111	7.7692
6 0 6			2.52		15.15		4.32		0.32131	1.0815	60.1501886982	39.9969
2 0 14			2.23		17.38		4.68		0.32129	0.2634	58.6945218607	7.3942
2 6 10			2.54		19.92		4.21		0.32131	0.7069	72.0169435829	44.7171
0 6 6			2.62		22.54		3.87		0.32126	1.0147	60.183190367	40.9583
0 2 10			2.49		25.03		3.97		0.32092	0.4317	42.9590557724	21.0204
6 0 10			2.68		27.71		3.67		0.32096	1.0728	69.1331306246	8.9056
4 4 10			2.77		30.48		3.41		0.3209	0.6886	66.23802526	47.6672
5 3 3			1.81		32.28		5.29		0.32096	0.9351	54.4936931553	89.9375
5 5 1			2.25		34.53		5.11		0.32093	0.5073	65.769247456	23.9531
3 3 15			2.13		36.66		5.32		0.31986	0.3402	73.0835579415	3.8877
0 6 2			2.23		38.89		5.17		0.31985	0.2356	55.3895592761	6.1752
0 6 18			1.96		40.84		5.8		0.31829	0.7949	98.0280769063	1.8601
6 4 2			2.18		43.02		5.53		0.31829	0.2211	67.6401768609	4.8049
4 2 14			2.18		45.2		5.4		0.31833	1.2576	70.6282605877	19.9713
2 0 12			2.09		47.29		5.56		0.31792	0.8079	50.6101057273	16.6151
0 6 10			2.18		49.47		5.4		0.31806	0.8527	69.1637693973	8.5049
1 7 1			2.13		51.6		5.45		0.31804	0.5219	65.7901743415	26.2984
1 5 1			2.11		53.72		5.53		0.31803	0.4978	46.196563203	27.3004
6 4 6			2.11		55.83		5.56		0.31794	0.9247	71.9614498967	41.9809