HKL Value		Reward		TotalReward	Chi Squared	Z Appr. 	Error	Two-Thetas	Sfs2
2 2 4			0.0		0.0		0.0		0.3	0.5	67.3692384702	10.6939
2 0 7			0.0		0.0		0.0		0.32402	4.16	54.6555056564	0.0
3 0 0			1.0		1.0		0.0		0.32402	0.45	42.9814560157	0.0
3 0 4			0.5		1.5		0.0		0.32402	0.64	50.7360354343	0.0
1 0 8			0.33		1.83		0.0		0.32402	0.24	54.8685935926	0.0
1 0 4			0.25		2.08		0.0		0.32402	0.08	29.3672081998	0.0
3 0 2			0.2		2.28		0.0		0.32402	0.46	45.0164041053	0.0
0 1 4			-1.0		1.28		0.18		0.19347	0.09	36.6772811508	0.4076
2 0 3			0.14		1.43		0.16		0.19347	0.09	34.3920319457	0.0
2 0 2			-0.58		0.84		0.38		0.18532	0.1	31.1263267788	5.5981
1 1 5			-0.09		0.75		0.42		0.21346	3.06	44.2189644299	8.5457
0 0 7			0.1		0.85		0.38		0.21346	0.2	45.7499157105	0.0
2 0 1			0.09		0.94		0.35		0.21346	0.15	29.01034049	0.0
4 0 1			0.08		1.02		0.32		0.21346	0.27	58.8934376912	0.0
1 0 0			0.08		1.1		0.3		0.21346	0.0	14.0285801003	0.0
1 0 7			-0.22		0.88		0.38		0.17129	0.54	48.0896902272	2.8781
4 0 5			0.07		0.94		0.36		0.17129	0.26	68.3700248267	0.0
2 0 5			0.06		1.0		0.34		0.17129	5.26	43.4052500519	0.0
4 1 1			0.06		1.06		0.32		0.17129	0.21	65.3342299592	0.4263
4 0 3			0.06		1.12		0.3		0.17129	0.29	62.1413926063	0.0
3 1 1			-0.0		1.12		0.3		0.17096	0.22	51.2370468789	1.4731
0 0 3			0.05		1.17		0.29		0.17096	0.03	19.1797885945	0.0
3 0 8			0.05		1.21		0.28		0.17096	0.3	70.3147352648	0.0
2 0 -4			0.04		1.25		0.27		0.17206	0.31	38.5541558059	1.7476
1 0 6			0.04		1.29		0.26		0.17206	0.25	41.5701214249	0.0
3 0 6			0.04		1.34		0.25		0.17206	0.11	59.366558438	0.0
3 1 0			0.04		1.38		0.24		0.17206	0.86	50.7823995615	0.002
2 0 4			0.03		1.41		0.23		0.1728	0.23	38.5541558059	1.7476
1 1 4			0.04		1.45		0.22		0.17279	0.3	39.4492672371	0.9567
2 2 6			0.04		1.48		0.21		0.17276	0.0	74.8444416707	3.2648
3 2 0			0.01		1.49		0.21		0.17276	0.67	70.467230504	2.2538
-1 -1 -2			-0.14		1.35		0.24		0.17388	0.31	32.1995090242	11.6912
3 1 2			-0.11		1.24		0.28		0.17495	0.11	52.5840292854	11.6912
4 0 4			0.03		1.27		0.27		0.1752	0.13	64.9051128666	1.7476
-1 -1 2			-0.09		1.18		0.29		0.17609	0.13	32.1995090242	11.6912
1 1 6			-0.13		1.05		0.34		0.17696	0.38	49.5460147793	8.8974
2 1 4			-0.05		1.0		0.36		0.17923	2.11	46.9440445598	0.4076