HKL Value		Reward		TotalReward	Chi Squared	Z Appr. 	Error	Two-Thetas	Sfs2
2 2 4			0.0		0.0		0.0		0.3	0.5	67.3692384702	10.6939
2 0 7			0.0		0.0		0.0		0.32402	4.16	54.6555056564	0.0
3 0 0			1.0		1.0		0.0		0.32402	0.45	42.9814560157	0.0
3 0 4			0.5		1.5		0.0		0.32402	0.64	50.7360354343	0.0
2 1 4			-1.0		0.5		0.31		0.19354	2.11	46.9440445598	0.4076
3 0 2			0.25		0.75		0.25		0.19354	0.46	45.0164041053	0.0
4 0 3			0.2		0.95		0.21		0.19354	0.29	62.1413926063	0.0
2 0 1			0.17		1.12		0.18		0.19354	0.15	29.01034049	0.0
1 0 0			0.14		1.26		0.16		0.19354	0.0	14.0285801003	0.0
3 2 3			-0.48		0.78		0.3		0.18389	1.08	73.8091166097	1.7896
1 0 4			0.11		0.89		0.27		0.18389	0.08	29.3672081998	0.0
1 1 3			0.08		0.97		0.25		0.18663	0.54	35.3770121777	12.6586
0 0 3			0.09		1.06		0.23		0.18663	0.03	19.1797885945	0.0
2 1 1			0.08		1.14		0.22		0.18662	0.13	39.1745550983	0.4263
4 1 3			-0.06		1.08		0.23		0.18296	0.15	68.408649436	0.0043
0 0 7			0.07		1.15		0.21		0.18296	0.2	45.7499157105	0.0
0 0 -8			0.05		1.2		0.2		0.18629	0.38	52.7511004195	15.5355
2 0 3			0.06		1.27		0.19		0.18629	0.09	34.3920319457	0.0
4 0 1			0.06		1.32		0.18		0.18629	0.27	58.8934376912	0.0
1 0 8			0.06		1.38		0.17		0.18629	0.24	54.8685935926	0.0
2 0 4			0.03		1.41		0.17		0.18566	0.23	38.5541558059	1.7476
0 1 5			-0.3		1.11		0.24		0.18725	0.34	41.7114803244	7.6693
2 0 5			0.05		1.15		0.23		0.18725	5.26	43.4052500519	0.0
3 0 6			0.05		1.2		0.22		0.18725	0.11	59.366558438	0.0
3 0 8			0.04		1.24		0.21		0.18725	0.3	70.3147352648	0.0
4 0 5			0.04		1.28		0.2		0.18725	0.26	68.3700248267	0.0
1 0 6			0.04		1.32		0.19		0.18725	0.25	41.5701214249	0.0
4 1 1			0.04		1.36		0.19		0.18724	0.21	65.3342299592	0.4263
1 2 6			-0.25		1.11		0.25		0.18085	0.11	69.4566609057	1.2895
3 1 4			0.04		1.14		0.24		0.18083	0.33	57.7518627408	0.9567
1 1 4			0.03		1.18		0.23		0.18083	0.3	39.4492672371	0.9567
2 2 6			0.03		1.21		0.22		0.1807	0.0	74.8444416707	3.2648
3 2 0			0.01		1.22		0.22		0.1807	0.67	70.467230504	2.2538
0 0 2			-0.19		1.03		0.27		0.17982	0.15	12.7532192506	5.5981
2 2 3			-0.17		0.85		0.33		0.1781	0.31	64.6616050849	6.6891
4 1 5			-0.12		0.74		0.38		0.17901	1.53	74.3771604481	7.6693