HKL Value		Reward		TotalReward	Chi Squared	Z Appr. 	Error	Two-Thetas	Sfs2
2 0 -4			0.0		0.0		0.0		0.3	0.31	38.5541558059	1.7476
2 0 7			0.0		0.0		0.0		0.24524	4.16	54.6555056564	0.0
3 0 0			1.0		1.0		0.0		0.24524	0.45	42.9814560157	0.0
0 0 2			-1.0		0.0		0.74		0.25134	0.15	12.7532192506	5.5981
4 0 1			0.33		0.33		0.56		0.25134	0.27	58.8934376912	0.0
3 1 0			0.25		0.58		0.45		0.25134	0.86	50.7823995615	0.002
1 0 4			0.2		0.78		0.37		0.25134	0.08	29.3672081998	0.0
1 2 6			-0.13		0.65		0.43		0.26735	0.11	69.4566609057	1.2895
2 0 3			0.14		0.79		0.38		0.26735	0.09	34.3920319457	0.0
0 0 7			0.12		0.92		0.33		0.26735	0.2	45.7499157105	0.0
4 0 5			0.11		1.03		0.3		0.26735	0.26	68.3700248267	0.0
3 0 4			0.1		1.13		0.27		0.26735	0.64	50.7360354343	0.0
1 0 6			0.09		1.22		0.25		0.26735	0.25	41.5701214249	0.0
2 0 5			0.08		1.3		0.23		0.26735	5.26	43.4052500519	0.0
1 0 8			0.08		1.38		0.21		0.26735	0.24	54.8685935926	0.0
0 1 5			0.01		1.39		0.21		0.26717	0.34	41.7114803244	7.6693
3 0 3			-0.5		0.9		0.42		0.25438	0.33	47.4629609511	3.2424
4 0 4			0.05		0.94		0.4		0.25241	0.13	64.9051128666	1.7476
2 0 1			0.06		1.0		0.38		0.25241	0.15	29.01034049	0.0
3 1 5			-0.1		0.9		0.42		0.24703	0.09	61.4399691436	8.5457
1 0 0			0.05		0.95		0.4		0.24703	0.0	14.0285801003	0.0
3 0 2			0.05		1.0		0.38		0.24703	0.46	45.0164041053	0.0
4 0 3			0.05		1.05		0.36		0.24703	0.29	62.1413926063	0.0
4 1 1			0.04		1.1		0.35		0.24703	0.21	65.3342299592	0.4263
3 0 8			0.04		1.14		0.33		0.24703	0.3	70.3147352648	0.0
0 0 3			0.04		1.18		0.32		0.24703	0.03	19.1797885945	0.0
2 0 0			-0.12		1.06		0.37		0.24703	0.07	28.2731138415	46.4355
3 0 6			0.04		1.1		0.35		0.24703	0.11	59.366558438	0.0
0 0 4			0.04		1.13		0.34		0.24669	0.08	25.6679215219	1.7476
2 0 4			0.04		1.17		0.33		0.24646	0.23	38.5541558059	1.7476
1 2 7			0.03		1.2		0.32		0.24603	0.71	74.291810142	3.5836
2 2 6			0.03		1.23		0.31		0.24569	0.0	74.8444416707	3.2648
3 2 0			0.02		1.25		0.3		0.24568	0.67	70.467230504	2.2538
2 1 7			-0.15		1.1		0.36		0.24376	0.57	61.3678684761	8.4036
0 1 6			-0.39		0.71		0.58		0.26426	0.0	47.2608104201	2.0239
0 0 6			0.03		0.74		0.56		0.26409	0.27	38.9249808314	6.3028
3 2 1			-0.05		0.69		0.59		0.26432	0.17	70.8417473216	1.0468
1 -1 2			0.03		0.72		0.58		0.26418	0.39	32.1995090242	11.6912
4 0 6			0.03		0.75		0.56		0.26405	0.38	72.4962488704	6.3028
0 1 8			0.03		0.77		0.55		0.26388	2.05	59.6041295708	7.5134
1 1 3			-0.08		0.7		0.59		0.26319	0.54	35.3770121777	12.6586
-1 -1 -2			0.02		0.72		0.58		0.2631	0.31	32.1995090242	11.6912
1 1 2			0.02		0.74		0.57		0.26302	0.52	32.1995090242	11.6912
1 1 6			0.01		0.76		0.56		0.26324	0.38	49.5460147793	8.8974
3 0 5			0.02		0.77		0.55		0.26252	0.2	54.7330754518	7.0489
2 2 4			0.0		0.77		0.55		0.26281	0.5	67.3692384702	10.6939
3 1 2			0.02		0.79		0.54		0.26273	0.11	52.5840292854	11.6912
3 1 4			0.02		0.81		0.53		0.26272	0.33	57.7518627408	0.9567
1 0 7			-0.23		0.58		0.68		0.27204	0.54	48.0896902272	2.8781
3 1 3			-0.06		0.53		0.72		0.27169	0.4	54.7770496801	12.6586
2 0 2			-0.03		0.5		0.74		0.27198	0.1	31.1263267788	5.5981