HKL Value		Reward		TotalReward	Chi Squared	Z Appr. 	Error	Two-Thetas	Sfs2
2 0 7			0.0		0.0		0.0		0.3	4.16	54.6555056564	0.0
3 0 0			0.0		0.0		0.0		0.30001	0.45	42.9814560157	0.0
3 0 4			0.67		0.67		0.0		0.30001	0.64	50.7360354343	0.0
2 0 5			-1.0		-0.33		0.0		0.30001	5.26	43.4052500519	0.0
2 2 3			-1.0		-1.33		0.0		0.32139	0.31	64.6616050849	6.6891
3 0 2			0.25		-1.08		0.0		0.32139	0.46	45.0164041053	0.0
4 0 3			0.2		-0.88		0.0		0.32139	0.29	62.1413926063	0.0
2 0 1			0.17		-0.71		0.0		0.32139	0.15	29.01034049	0.0
1 0 8			0.14		-0.57		0.0		0.32139	0.24	54.8685935926	0.0
0 0 7			0.12		-0.44		0.0		0.32139	0.2	45.7499157105	0.0
3 0 7			-1.0		-1.44		0.01		0.30868	0.18	64.5726747292	2.8781
1 0 4			0.1		-1.34		0.01		0.30868	0.08	29.3672081998	0.0
2 0 3			0.09		-1.25		0.01		0.30868	0.09	34.3920319457	0.0
1 0 0			0.08		-1.17		0.01		0.30868	0.0	14.0285801003	0.0
0 1 8			-0.9		-2.07		0.09		0.31816	2.05	59.6041295708	7.5134
4 0 1			0.07		-2.0		0.08		0.31816	0.27	58.8934376912	0.0
2 0 2			-0.22		-2.21		0.11		0.31901	0.1	31.1263267788	5.5981
0 0 2			-0.16		-2.37		0.13		0.31979	0.15	12.7532192506	5.5981
2 1 2			-0.81		-3.18		0.69		0.32454	0.36	40.8238903893	0.1747