HKL Value		Reward		TotalReward	Chi Squared	Z Appr. 	Error	Two-Thetas	Sfs2
2 0 7			0.0		0.0		0.0		0.3	4.16	54.6555056564	0.0
3 0 0			0.0		0.0		0.0		0.30001	0.45	42.9814560157	0.0
3 0 4			0.67		0.67		0.0		0.30001	0.64	50.7360354343	0.0
-1 -1 -2			-1.0		-0.33		0.0		0.25022	0.31	32.1995090242	11.6912
3 0 2			0.33		0.0		0.0		0.25022	0.46	45.0164041053	0.0
4 0 3			0.25		0.25		0.0		0.25022	0.29	62.1413926063	0.0
2 0 1			0.2		0.45		0.0		0.25022	0.15	29.01034049	0.0
1 0 8			0.17		0.62		0.0		0.25022	0.24	54.8685935926	0.0
0 0 7			0.14		0.76		0.0		0.25022	0.2	45.7499157105	0.0
1 0 4			0.12		0.89		0.0		0.25022	0.08	29.3672081998	0.0
2 0 3			0.11		1.0		0.0		0.25022	0.09	34.3920319457	0.0
1 0 0			0.1		1.1		0.0		0.25022	0.0	14.0285801003	0.0
4 0 1			0.09		1.19		0.0		0.25022	0.27	58.8934376912	0.0
2 2 3			-1.0		0.19		0.04		0.31067	0.31	64.6616050849	6.6891
4 0 5			0.08		0.27		0.04		0.31067	0.26	68.3700248267	0.0
0 0 6			-0.35		-0.08		0.06		0.34294	0.27	38.9249808314	6.3028
0 0 3			0.07		-0.01		0.06		0.34293	0.03	19.1797885945	0.0
3 0 8			0.06		0.05		0.05		0.34293	0.3	70.3147352648	0.0
3 0 6			0.06		0.11		0.05		0.34293	0.11	59.366558438	0.0
1 0 6			0.06		0.17		0.05		0.34293	0.25	41.5701214249	0.0
0 2 7			-0.53		-0.37		0.1		0.32458	0.0	72.5085769296	0.0094
2 0 5			0.05		-0.32		0.1		0.32458	5.26	43.4052500519	0.0
3 0 3			-0.84		-1.15		0.58		0.29304	0.33	47.4629609511	3.2424
2 0 2			-0.04		-1.19		0.61		0.29425	0.1	31.1263267788	5.5981
4 1 1			0.04		-1.15		0.58		0.29425	0.21	65.3342299592	0.4263
3 1 2			0.02		-1.13		0.57		0.29374	0.11	52.5840292854	11.6912
3 2 0			0.03		-1.1		0.56		0.29374	0.67	70.467230504	2.2538
2 2 6			0.01		-1.08		0.55		0.29397	0.0	74.8444416707	3.2648
1 1 6			0.03		-1.06		0.53		0.29291	0.38	49.5460147793	8.8974
4 1 5			0.03		-1.02		0.52		0.29316	1.53	74.3771604481	7.6693
4 0 4			-0.19		-1.21		0.63		0.28804	0.13	64.9051128666	1.7476
4 0 6			-0.04		-1.25		0.66		0.28613	0.38	72.4962488704	6.3028
-2 0 4			-0.1		-1.35		0.73		0.2828	0.22	38.5541558059	1.7476