Number of epochs: 503e-01
5.215222425994855276e-02
-4.124344689547519704e-02
-1.113250686843937354e-01
6.936605317454326569e-02
-3.036955535694877417e-01
-3.720115317156537094e-01
-9.531266423294527945e-02
-5.481484131959442063e-01
-8.238295852719725032e-02
-8.254618707069881489e-02
-3.805200035493147004e-01
6.385617483004307759e-02
-2.267278412832163803e-01
7.074106771698594753e-02
-1.013777495115320837e-01
4.328210739657983169e-02
-9.981381142597484102e-02
7.780819714762000905e-02
-6.274342484361866701e-02
-1.577430449078968677e-01
2.685797775602511220e-02
-3.556229411062454271e-01
-1.836110210815219274e-02
-1.876296072794917114e-01
-5.331342641802705451e-02
-1.452731238336084640e-01
-1.632426804836816236e-01
7.490732650907964973e-02
-1.004980391540637452e-01
6.974037213449545136e-02
-2.585410039639255558e-02
5.702274066545241771e-02
-7.611935677422015933e-02
8.611115593120638456e-01
-2.013004260555796565e-01
-2.287077278967378779e-01
-4.929690600649453414e-01
-3.256290126371453875e-01
-3.141161688132063090e-01
-8.619422508676874428e-02
-1.182058875940832365e-01
-6.187336949506118400e-02
-8.431312603444179876e-02
-1.032587598648474492e-01
9.714512896469513006e-04
6.297581377103442790e-01
-2.321031652326331074e-01
8.674283003065066944e-02
-1.164811922147611506e-01
2.142415522527761629e-01
-1.334799598413284327e-01
4.175892845677381393e-02
-9.120539520215197038e-02
4.759953011785805072e-02
-8.624845349604866318e-02
-9.937739310541113258e-02
-1.086784396050325882e-02
-2.247789546587775911e-01
-5.759906513911235842e-02
-2.619360644450459685e-01
-3.618392514067708676e-01
-8.723941281975586574e-04
-3.419822386476096820e-01
-2.415717319138418195e-01
-3.626083945189382263e-01
-2.406821430273901607e-01
-2.344462367852149232e-01
6.432800536193862551e-02
-4.433941833690180356e-01
5.428638896370563405e-02
-8.793700520990955019e-03
5.925779608532014825e-02
-4.224616926852720056e-02
-1.808314400343268014e-01
3.341060443831693483e-02
-1.938884368843461770e-01
-3.379475427874154558e-01
-2.187867947460161652e-02
-3.521282304676801034e-01
-1.323499675461362740e-02
-3.553041621457388860e-02
-3.183847841285444152e-02
-3.858070118238852292e-02
4.803369527757171339e-03
