HKL Value		Reward		TotalReward	Chi Squared	Z Appr. 	Error	Two-Thetas	Sfs2
5 3 1			0.0		0.0		0.0		0.3	0.5252	53.2386121167	32.835
5 5 1			0.0		0.0		1.78		0.25169	0.5073	65.769247456	23.9531
3 5 11			-26.38		-26.38		28.16		0.27239	1.8915	70.5555824797	206.4699
4 6 0			4.69		-21.69		18.79		0.27239	0.7863	67.1083315067	59.4729
7 3 1			2.35		-19.35		14.09		0.27236	0.5095	71.5359286583	22.1332
9 1 1			1.4		-17.94		11.29		0.27242	0.8793	87.9915459652	19.6393
7 1 1			0.83		-17.11		9.63		0.2722	0.5207	65.7483230412	25.2044
4 6 2			0.66		-16.45		8.3		0.27227	0.2349	67.657370766	5.5969
6 4 0			0.52		-15.93		7.26		0.27227	1.8287	67.0910631577	58.6803
0 6 2			0.37		-15.56		6.52		0.2722	0.2356	55.3895592761	6.1752
6 4 2			0.29		-15.27		5.94		0.27231	0.2211	67.6401768609	4.8049
6 0 2			0.26		-15.01		5.42		0.27227	0.2214	55.354768557	5.4487
0 2 14			0.14		-14.87		5.15		0.27389	0.2479	58.6982494177	6.3292
2 0 14			0.13		-14.74		4.89		0.27535	0.2634	58.6945218607	7.3942
1 7 1			0.1		-14.64		4.68		0.27518	0.5219	65.7901743415	26.2984
3 7 1			0.15		-14.48		4.37		0.27514	1.2822	71.5694631273	22.2453
1 5 1			0.06		-14.43		4.26		0.27493	0.4978	46.196563203	27.3004
5 1 1			0.06		-14.37		4.14		0.27472	0.5346	46.1701152	26.7419
3 5 1			0.04		-14.33		4.06		0.27447	0.5283	53.2544885252	31.9012
6 0 8			0.09		-14.24		3.89		0.27372	2.9234	64.163237895	5.3359
3 3 1			0.03		-14.21		3.83		0.27341	0.5106	38.1558496662	33.1617
4 2 2			0.04		-14.17		3.74		0.27327	0.457	40.8620305525	12.2524
0 6 8			0.07		-14.1		3.59		0.27234	0.7694	64.1950429677	5.6946
3 3 9			-0.04		-14.14		3.64		0.27294	0.3816	52.4524123761	12.0632
3 1 9			0.04		-14.1		3.57		0.27331	0.36	45.2950695798	8.7768
2 4 2			0.02		-14.08		3.53		0.2732	0.3828	40.8766170199	13.2501
1 5 9			-0.27		-14.35		3.8		0.27347	0.4394	58.984264935	17.7365
1 3 1			-0.09		-14.44		3.89		0.27313	0.5324	28.3265170018	42.1271
3 3 15			-0.6		-15.04		4.48		0.27999	0.3402	73.0835579415	3.8877