HKL Value		Reward		TotalReward	Chi Squared	Z Appr. 	Error	Two-Thetas	Sfs2
1 1 5			0.0		0.0		0.0		0.3	1.9661	22.8949597146	247.5537
5 3 1			0.0		0.0		64.34		0.201	0.5252	53.2386121167	32.835
5 5 1			13.7		13.7		36.94		0.20477	0.5073	65.769247456	23.9531
4 6 0			6.15		19.85		24.64		0.20477	0.7863	67.1083315067	59.4729
9 1 1			1.81		21.66		21.02		0.20856	0.8793	87.9915459652	19.6393
7 1 1			1.94		23.61		17.13		0.20972	0.5207	65.7483230412	25.2044
4 6 2			1.43		25.03		14.28		0.20969	0.2349	67.657370766	5.5969
6 4 0			1.02		26.05		12.24		0.20969	1.8287	67.0910631577	58.6803
3 1 9			0.6		26.65		11.05		0.20336	0.36	45.2950695798	8.7768
1 5 9			0.61		27.26		9.83		0.20291	0.4394	58.984264935	17.7365
6 4 2			0.49		27.75		8.85		0.20287	0.2211	67.6401768609	4.8049
5 1 9			0.4		28.15		8.04		0.20288	0.4583	58.9619928854	19.0838
2 0 10			0.16		28.31		7.72		0.20347	0.6169	42.9543880851	20.236
3 3 9			0.29		28.6		7.14		0.20315	0.3816	52.4524123761	12.0632
0 6 2			0.2		28.81		6.73		0.2032	0.2356	55.3895592761	6.1752
6 0 2			0.19		29.0		6.35		0.20325	0.2214	55.354768557	5.4487
1 7 1			0.15		29.14		6.06		0.20339	0.5219	65.7901743415	26.2984
7 3 1			-0.12		29.02		6.18		0.20374	0.5095	71.5359286583	22.1332
3 7 1			-0.09		28.93		6.27		0.20406	1.2822	71.5694631273	22.2453
2 0 14			0.13		29.07		6.0		0.20466	0.2634	58.6945218607	7.3942
0 2 14			0.14		29.2		5.73		0.20502	0.2479	58.6982494177	6.3292
3 5 1			0.12		29.32		5.49		0.2051	0.5283	53.2544885252	31.9012
3 5 9			0.12		29.44		5.25		0.20524	0.4755	65.0802252419	19.5165
0 6 8			0.11		29.55		5.03		0.20512	0.7694	64.1950429677	5.6946
3 3 1			0.09		29.64		4.85		0.20517	0.5106	38.1558496662	33.1617
0 2 20			0.1		29.74		4.66		0.20514	0.4494	86.0769303832	2.8517
1 5 1			0.07		29.81		4.52		0.20519	0.4978	46.196563203	27.3004
5 1 1			0.06		29.87		4.39		0.20525	0.5346	46.1701152	26.7419
6 0 8			0.08		29.95		4.24		0.20517	2.9234	64.163237895	5.3359
4 2 2			0.02		29.96		4.21		0.20522	0.457	40.8620305525	12.2524
1 3 13			0.03		29.99		4.14		0.20571	0.3907	59.4200243294	11.5335
2 4 2			0.0		30.0		4.13		0.20576	0.3828	40.8766170199	13.2501
5 3 9			0.06		30.06		4.01		0.20586	0.4833	65.0662013285	20.8409
0 2 16			-0.1		29.96		4.11		0.20539	1.8687	67.2407114996	13.8307
1 3 9			0.0		29.96		4.11		0.20451	0.2622	45.3040218183	7.1674
3 1 15			-0.69		29.27		4.79		0.20765	0.2871	67.3554895111	7.7692
1 3 15			-0.22		29.05		5.02		0.20965	0.2862	67.3623786269	8.1809
0 6 10			-0.42		28.63		5.44		0.21087	0.8527	69.1637693973	8.5049