HKL Value		Reward		TotalReward	Chi Squared	Z Appr. 	Error	Two-Thetas	Sfs2
6 0 2			0.0		0.0		0.0		0.3	0.2214	55.354768557	5.4487
1 1 7			0.0		0.0		2.67		0.33796	0.2012	29.7561292971	6.5386
0 4 16			-7.46		-7.46		10.13		0.32553	1.5557	75.7704700384	94.8658
3 1 1			-1.34		-8.79		11.46		0.32537	0.5239	28.3131072915	41.7464
0 2 14			0.65		-8.14		10.16		0.32698	0.2479	58.6982494177	6.3292
1 5 1			0.18		-7.96		9.8		0.32684	0.4978	46.196563203	27.3004
6 4 0			0.82		-7.15		8.17		0.32684	1.8287	67.0910631577	58.6803
1 5 9			-0.67		-7.82		8.84		0.32512	0.4394	58.984264935	17.7365
3 3 1			-0.04		-7.85		8.88		0.32495	0.5106	38.1558496662	33.1617
4 6 2			0.43		-7.43		8.02		0.32487	0.2349	67.657370766	5.5969
2 6 4			-1.77		-9.2		9.8		0.32364	0.8772	60.3635846112	78.02
0 6 16			0.42		-8.77		8.95		0.32434	0.4825	89.3859051251	7.6515
0 2 16			0.36		-8.41		8.23		0.32401	1.8687	67.2407114996	13.8307
3 5 1			-0.05		-8.46		8.28		0.32394	0.5283	53.2544885252	31.9012
2 4 2			0.06		-8.41		8.17		0.32389	0.3828	40.8766170199	13.2501
7 1 1			0.06		-8.35		8.05		0.32384	0.5207	65.7483230412	25.2044
0 6 2			0.16		-8.19		7.73		0.32382	0.2356	55.3895592761	6.1752
4 6 0			0.23		-7.96		7.28		0.32382	0.7863	67.1083315067	59.4729
4 0 4			-1.07		-9.03		8.34		0.32332	1.2165	39.0343929222	79.1487
2 6 10			0.21		-8.82		7.93		0.32309	0.7069	72.0169435829	44.7171
7 3 5			-2.55		-11.37		10.48		0.32338	1.0496	74.7140851895	88.0788
6 0 8			0.23		-11.14		10.01		0.3235	2.9234	64.163237895	5.3359
2 2 10			0.21		-10.93		9.6		0.32323	0.6429	46.7739448495	44.8949
4 2 2			0.08		-10.85		9.44		0.32319	0.457	40.8620305525	12.2524
1 5 3			-0.41		-11.26		9.85		0.32325	0.9511	47.585042181	85.8034
5 1 3			-0.44		-11.7		10.29		0.3233	0.9592	47.5591860667	88.1873
2 0 14			0.07		-11.64		10.16		0.32358	0.2634	58.6945218607	7.3942
2 4 0			-0.14		-11.77		10.29		0.32358	1.4359	40.0960076051	88.2765
4 2 14			0.14		-11.64		10.02		0.32348	1.2576	70.6282605877	19.9713
0 6 8			0.16		-11.47		9.69		0.32358	0.7694	64.1950429677	5.6946
3 3 9			0.01		-11.46		9.67		0.32296	0.3816	52.4524123761	12.0632
6 4 2			0.14		-11.32		9.38		0.32294	0.2211	67.6401768609	4.8049
5 3 1			0.0		-11.32		9.38		0.32289	0.5252	53.2386121167	32.835
5 1 9			0.05		-11.27		9.28		0.3224	0.4583	58.9619928854	19.0838
4 0 14			-2.8		-14.06		12.08		0.3224	1.986	67.7459682929	124.3248
1 7 1			0.07		-13.99		11.93		0.32237	0.5219	65.7901743415	26.2984
0 2 10			0.08		-13.91		11.77		0.32194	0.4317	42.9590557724	21.0204
2 4 14			0.13		-13.78		11.51		0.32193	0.5221	70.6383718296	19.4111
5 1 1			0.05		-13.73		11.41		0.32188	0.5346	46.1701152	26.7419
0 4 0			-12.64		-26.37		24.05		0.32188	6.137	35.7152072575	818.959
1 1 15			0.27		-26.11		23.52		0.32232	0.656	61.3839959686	20.6242
3 7 1			0.25		-25.85		23.01		0.32229	1.2822	71.5694631273	22.2453
4 2 4			-0.66		-26.51		23.67		0.32231	0.7624	43.1345383828	64.2766
3 5 9			0.26		-26.26		23.16		0.32213	0.4755	65.0802252419	19.5165
1 1 1			0.06		-26.19		23.03		0.32206	0.5749	13.0194761966	56.7652
1 1 3			0.11		-26.08		22.8		0.3221	0.4514	16.9416048235	36.8187
1 3 1			0.1		-25.98		22.61		0.32205	0.5324	28.3265170018	42.1271
5 3 9			0.23		-25.75		22.14		0.32192	0.4833	65.0662013285	20.8409
6 0 0			0.18		-25.57		21.78		0.32192	0.7256	54.7363985401	55.434
3 1 15			0.19		-25.38		21.4		0.32126	0.2871	67.3554895111	7.7692
3 1 13			0.05		-25.33		21.3		0.3225	0.3869	59.4126405656	11.7895
0 4 20			0.11		-25.22		21.08		0.32241	1.027	94.1654323607	18.6345
0 2 12			-0.03		-25.25		21.11		0.32138	0.3827	50.6142203783	17.5707
4 2 12			-0.55		-25.8		21.66		0.31937	0.2244	63.468523569	4.7972
2 4 10			0.2		-25.6		21.26		0.31936	0.607	57.0555982332	12.0937
2 2 4			-0.03		-25.63		21.29		0.31919	0.7551	29.4672289371	73.6026
3 1 9			0.14		-25.49		21.02		0.31892	0.36	45.2950695798	8.7768
3 3 15			0.16		-25.33		20.7		0.31853	0.3402	73.0835579415	3.8877
0 6 10			0.17		-25.17		20.37		0.31866	0.8527	69.1637693973	8.5049
0 2 20			0.04		-25.13		20.29		0.31763	0.4494	86.0769303832	2.8517
6 0 10			0.15		-24.98		19.99		0.31777	1.0728	69.1331306246	8.9056
7 3 3			0.02		-24.96		19.95		0.31778	1.9283	72.601334037	69.5466
4 2 10			0.16		-24.8		19.64		0.31783	1.1102	57.0442200735	11.3144
1 3 9			0.1		-24.7		19.43		0.31763	0.2622	45.3040218183	7.1674
6 2 2			-1.31		-26.01		20.74		0.31766	3.3001	58.5687226088	135.1206
0 6 18			0.11		-25.89		20.51		0.31719	0.7949	98.0280769063	1.8601
4 0 8			-2.87		-28.76		23.38		0.31722	2.9483	47.8850437629	244.3799
4 2 8			0.01		-28.75		23.36		0.31733	0.7605	51.4203212226	2.5419
0 0 8			-2.0		-30.75		25.37		0.31733	2.1948	30.8548203523	183.9052
5 5 1			0.17		-30.59		25.03		0.31733	0.5073	65.769247456	23.9531
0 6 0			0.13		-30.45		24.77		0.31733	1.4277	54.7714555341	59.4019
6 2 4			0.04		-30.41		24.68		0.31724	0.8727	60.3342977717	77.9073
4 2 0			0.08		-30.33		24.52		0.31724	0.9287	40.0811891304	86.5118
2 4 8			0.01		-30.32		24.5		0.31735	0.1687	51.4325245866	2.4593
2 2 12			-0.16		-30.48		24.66		0.31774	1.9766	54.0147953295	208.0279
1 5 7			-0.27		-30.75		24.93		0.3183	0.6035	54.1236034243	4.2528
2 0 16			0.11		-30.64		24.71		0.31849	0.5935	67.2372591268	11.8907
2 6 6			-1.47		-32.11		26.18		0.31862	5.383	63.2392339525	346.2148
1 3 15			0.17		-31.94		25.84		0.31862	0.2862	67.3623786269	8.1809
0 4 4			0.03		-31.91		25.78		0.31856	0.8482	39.0545896029	78.0016
0 0 4			0.05		-31.86		25.68		0.3185	0.8482	15.2869714585	59.1035
4 4 4			0.02		-31.84		25.64		0.31843	0.8476	53.9354251327	76.9211
4 4 10			0.15		-31.69		25.33		0.31846	0.6886	66.23802526	47.6672
5 1 7			-0.19		-31.87		25.52		0.3189	0.2609	54.1000446603	4.252
5 3 7			-0.09		-31.96		25.61		0.31923	0.2523	60.5057581853	5.4388
2 0 12			0.08		-31.89		25.45		0.319	0.8079	50.6101057273	16.6151
7 1 7			-0.07		-31.95		25.52		0.3193	0.3505	72.2660298289	5.0526
3 1 7			-0.13		-32.08		25.65		0.31962	0.257	39.2655360855	5.205
6 4 4			0.01		-32.07		25.64		0.31962	0.6669	69.2748711385	33.991
6 2 10			0.14		-31.93		25.36		0.31965	0.7103	71.9901825081	43.9921
1 7 7			0.02		-31.91		25.31		0.31986	0.4353	72.3061031614	6.1143
2 0 10			0.12		-31.79		25.07		0.31981	0.6169	42.9543880851	20.236
6 4 6			0.09		-31.7		24.89		0.31977	0.9247	71.9614498967	41.9809
0 6 6			0.13		-31.57		24.62		0.31977	1.0147	60.183190367	40.9583
6 0 6			0.13		-31.44		24.36		0.31976	1.0815	60.1501886982	39.9969
4 0 10			0.13		-31.31		24.11		0.31978	0.6243	53.7713327333	45.2096
4 6 6			0.08		-31.23		23.94		0.31974	1.1903	71.9781772466	41.9784
3 1 5			-1.27		-32.49		25.21		0.31978	2.8985	34.1781376955	186.2389
9 1 1			0.12		-32.37		24.97		0.31977	0.8793	87.9915459652	19.6393
3 3 13			-0.18		-32.56		25.15		0.32024	0.5636	65.4922780779	9.1158
2 0 2			0.03		-32.53		25.09		0.32023	0.6502	19.2320929378	35.9547
0 2 2			0.02		-32.5		25.04		0.32023	0.4614	19.2417464495	36.8131