HKL Value		Reward		TotalReward	Chi Squared	Z Appr. 	Error	Two-Thetas	Sfs2
6 0 2			0.0		0.0		0.0		0.3	0.2214	55.354768557	5.4487
3 1 1			0.0		0.0		0.82		0.21386	0.5239	28.3131072915	41.7464
6 2 8			-37.82		-37.82		38.64		0.24938	3.3751	67.1207225085	222.106
0 2 14			5.31		-32.51		28.02		0.2427	0.2479	58.6982494177	6.3292
2 4 0			1.78		-30.73		24.47		0.2427	1.4359	40.0960076051	88.2765
1 5 1			2.42		-28.31		19.62		0.2426	0.4978	46.196563203	27.3004
6 4 0			1.63		-26.67		16.35		0.2426	1.8287	67.0910631577	58.6803
1 5 9			1.17		-25.51		14.02		0.24253	0.4394	58.984264935	17.7365
4 6 2			0.84		-24.67		12.34		0.2425	0.2349	67.657370766	5.5969
3 3 1			0.67		-24.0		11.01		0.24244	0.5106	38.1558496662	33.1617
0 6 16			0.33		-23.67		10.35		0.2398	0.4825	89.3859051251	7.6515
2 4 10			0.18		-23.5		10.0		0.23997	0.607	57.0555982332	12.0937
4 2 4			-1.38		-24.88		11.38		0.24012	0.7624	43.1345383828	64.2766
3 3 15			0.39		-24.49		10.61		0.23998	0.3402	73.0835579415	3.8877
0 2 16			0.38		-24.12		9.85		0.23986	1.8687	67.2407114996	13.8307
3 5 1			0.32		-23.79		9.21		0.23985	0.5283	53.2544885252	31.9012
2 4 2			0.22		-23.57		8.77		0.23986	0.3828	40.8766170199	13.2501
4 6 0			0.26		-23.32		8.25		0.23986	0.7863	67.1083315067	59.4729
0 6 2			0.22		-23.1		7.82		0.23986	0.2356	55.3895592761	6.1752
2 6 4			0.09		-23.01		7.64		0.23976	0.8772	60.3635846112	78.02
7 1 1			0.19		-22.82		7.26		0.23976	0.5207	65.7483230412	25.2044
6 0 8			0.07		-22.74		7.11		0.23937	2.9234	64.163237895	5.3359
1 1 11			-13.3		-36.04		20.4		0.24119	2.144	44.8525636461	378.5934
2 0 14			0.44		-35.6		19.53		0.24091	0.2634	58.6945218607	7.3942
4 2 2			0.37		-35.23		18.79		0.24091	0.457	40.8620305525	12.2524
0 6 8			0.29		-34.94		18.21		0.24055	0.7694	64.1950429677	5.6946
1 1 15			0.13		-34.82		17.96		0.24021	0.656	61.3839959686	20.6242
6 4 2			0.31		-34.5		17.33		0.2402	0.2211	67.6401768609	4.8049
4 2 14			0.17		-34.33		16.99		0.24073	1.2576	70.6282605877	19.9713
5 3 1			0.29		-34.05		16.42		0.2407	0.5252	53.2386121167	32.835
3 3 9			0.27		-33.78		15.88		0.24085	0.3816	52.4524123761	12.0632
1 7 1			0.26		-33.52		15.37		0.24085	0.5219	65.7901743415	26.2984
5 1 11			-4.41		-37.93		19.78		0.24222	3.2753	64.7131722767	203.727
5 1 9			0.3		-37.63		19.18		0.24215	0.4583	58.9619928854	19.0838
5 1 1			0.28		-37.35		18.62		0.24213	0.5346	46.1701152	26.7419
3 5 9			0.25		-37.1		18.12		0.24182	0.4755	65.0802252419	19.5165
2 4 14			0.17		-36.93		17.78		0.24234	0.5221	70.6383718296	19.4111
0 2 10			0.08		-36.85		17.62		0.24254	0.4317	42.9590557724	21.0204
1 3 1			0.2		-36.65		17.22		0.24249	0.5324	28.3265170018	42.1271
1 1 1			0.17		-36.48		16.87		0.24241	0.5749	13.0194761966	56.7652
1 5 11			-0.09		-36.57		16.96		0.25969	1.8219	64.7342781598	204.7444
6 0 0			0.15		-36.42		16.66		0.25969	0.7256	54.7363985401	55.434
5 3 9			0.03		-36.39		16.6		0.25965	0.4833	65.0662013285	20.8409
3 5 7			-1.35		-37.73		17.94		0.25699	0.2309	60.5203777188	5.6046
6 4 6			-0.26		-38.0		18.21		0.25703	0.9247	71.9614498967	41.9809
3 7 1			0.2		-37.8		17.81		0.25704	1.2822	71.5694631273	22.2453
3 1 9			0.14		-37.65		17.52		0.257	0.36	45.2950695798	8.7768
2 0 10			0.07		-37.59		17.39		0.25691	0.6169	42.9543880851	20.236
0 4 20			-0.14		-37.73		17.53		0.25902	1.027	94.1654323607	18.6345
1 3 9			0.14		-37.59		17.25		0.25902	0.2622	45.3040218183	7.1674
0 0 4			0.12		-37.46		17.0		0.25906	0.8482	15.2869714585	59.1035
4 2 8			0.1		-37.36		16.79		0.25923	0.7605	51.4203212226	2.5419
0 6 0			0.1		-37.26		16.59		0.25923	1.4277	54.7714555341	59.4019
2 0 0			-0.56		-37.82		17.16		0.25923	2.02	17.6289686615	175.6782
0 2 20			0.15		-37.67		16.86		0.25922	0.4494	86.0769303832	2.8517
3 1 15			-0.02		-37.69		16.88		0.25829	0.2871	67.3554895111	7.7692
0 2 12			-0.36		-38.06		17.24		0.25925	0.3827	50.6142203783	17.5707
4 2 10			0.1		-37.95		17.04		0.25921	1.1102	57.0442200735	11.3144
0 6 10			0.11		-37.84		16.81		0.25917	0.8527	69.1637693973	8.5049
2 0 16			0.13		-37.71		16.55		0.25937	0.5935	67.2372591268	11.8907
6 0 10			0.1		-37.61		16.34		0.25933	1.0728	69.1331306246	8.9056
2 2 10			-0.12		-37.73		16.46		0.25947	0.6429	46.7739448495	44.8949
1 3 15			-0.03		-37.75		16.49		0.2587	0.2862	67.3623786269	8.1809
5 5 1			0.13		-37.63		16.23		0.2587	0.5073	65.769247456	23.9531
2 4 8			0.07		-37.55		16.09		0.25885	0.1687	51.4325245866	2.4593
0 0 10			-0.1		-37.65		16.19		0.25896	0.8316	38.8438017949	41.7013
6 2 4			0.09		-37.56		16.01		0.25899	0.8727	60.3342977717	77.9073
0 2 18			0.12		-37.45		15.78		0.25893	0.3755	76.3208597895	3.7538
4 4 4			0.09		-37.35		15.59		0.25894	0.8476	53.9354251327	76.9211
2 6 10			-0.11		-37.46		15.7		0.25906	0.7069	72.0169435829	44.7171
4 0 0			-6.58		-44.04		22.28		0.25906	8.3901	35.6934066618	787.9925
5 1 3			-0.45		-44.49		22.73		0.25915	0.9592	47.5591860667	88.1873