HKL Value		Reward		TotalReward	Chi Squared	Z Appr. 	Error	Two-Thetas	Sfs2
6 0 2			0.0		0.0		0.0		0.3	0.2214	55.354768557	5.4487
3 1 1			0.0		0.0		0.82		0.21386	0.5239	28.3131072915	41.7464
0 4 10			0.18		0.18		0.47		0.22152	0.9893	53.7871001638	44.1425
5 1 5			-8.29		-8.11		8.76		0.21894	1.1901	50.2495039981	127.1383
0 2 14			1.07		-7.05		6.62		0.21942	0.2479	58.6982494177	6.3292
4 2 6			-5.95		-13.0		12.57		0.21657	1.6049	46.7233273538	62.1975
1 5 1			1.03		-11.97		10.52		0.21672	0.4978	46.196563203	27.3004
6 4 0			0.75		-11.22		9.02		0.21672	1.8287	67.0910631577	58.6803
2 6 4			0.56		-10.66		7.89		0.21672	0.8772	60.3635846112	78.02
3 3 1			0.43		-10.23		7.03		0.21682	0.5106	38.1558496662	33.1617
4 6 2			0.35		-9.88		6.34		0.21677	0.2349	67.657370766	5.5969
0 6 16			0.24		-9.64		5.87		0.21716	0.4825	89.3859051251	7.6515
0 2 16			0.03		-9.62		5.81		0.21752	1.8687	67.2407114996	13.8307
2 4 2			0.11		-9.51		5.6		0.21764	0.3828	40.8766170199	13.2501
3 5 1			0.19		-9.32		5.21		0.21769	0.5283	53.2544885252	31.9012
7 1 1			0.15		-9.17		4.92		0.21782	0.5207	65.7483230412	25.2044
0 6 2			0.13		-9.04		4.66		0.21787	0.2356	55.3895592761	6.1752
0 0 20			0.13		-8.91		4.39		0.21744	0.4542	83.3712939521	4.3689
4 6 0			0.12		-8.79		4.15		0.21744	0.7863	67.1083315067	59.4729
0 6 4			-0.65		-9.44		4.8		0.21805	0.6675	57.2171401797	42.9768
6 0 8			0.06		-9.38		4.69		0.21813	2.9234	64.163237895	5.3359
4 2 14			0.08		-9.3		4.52		0.21775	1.2576	70.6282605877	19.9713
6 2 4			0.1		-9.2		4.32		0.21771	0.8727	60.3342977717	77.9073
4 2 2			0.04		-9.16		4.24		0.21777	0.457	40.8620305525	12.2524
2 0 14			0.09		-9.07		4.07		0.21791	0.2634	58.6945218607	7.3942
3 3 9			-0.49		-9.56		4.56		0.21672	0.3816	52.4524123761	12.0632
0 6 8			0.03		-9.53		4.49		0.2167	0.7694	64.1950429677	5.6946
5 3 1			0.08		-9.44		4.33		0.21671	0.5252	53.2386121167	32.835
6 4 2			0.07		-9.37		4.18		0.21668	0.2211	67.6401768609	4.8049
0 2 12			-0.19		-9.56		4.37		0.21724	0.3827	50.6142203783	17.5707
0 6 10			0.04		-9.52		4.29		0.21886	0.8527	69.1637693973	8.5049
1 3 15			0.04		-9.49		4.22		0.21785	0.2862	67.3623786269	8.1809
1 1 15			-0.22		-9.71		4.44		0.21674	0.656	61.3839959686	20.6242
3 1 13			-0.21		-9.92		4.66		0.21483	0.3869	59.4126405656	11.7895
1 7 1			0.06		-9.86		4.54		0.21484	0.5219	65.7901743415	26.2984
0 2 10			0.06		-9.8		4.42		0.21476	0.4317	42.9590557724	21.0204
2 4 14			0.05		-9.75		4.31		0.21475	0.5221	70.6383718296	19.4111
1 1 1			0.05		-9.7		4.22		0.21473	0.5749	13.0194761966	56.7652
5 1 1			0.05		-9.65		4.12		0.21475	0.5346	46.1701152	26.7419
1 5 9			-0.21		-9.87		4.33		0.21441	0.4394	58.984264935	17.7365
0 4 20			0.05		-9.82		4.23		0.21424	1.027	94.1654323607	18.6345
5 1 11			-3.77		-13.59		8.0		0.21383	3.2753	64.7131722767	203.727
3 5 9			0.06		-13.53		7.89		0.21372	0.4755	65.0802252419	19.5165
3 7 1			0.03		-13.5		7.83		0.21376	1.2822	71.5694631273	22.2453
1 3 1			0.09		-13.41		7.66		0.21376	0.5324	28.3265170018	42.1271
5 3 9			0.06		-13.35		7.53		0.21366	0.4833	65.0662013285	20.8409
0 4 18			-2.89		-16.24		10.42		0.21039	0.8369	84.5238780681	17.4513
5 1 9			0.06		-16.18		10.3		0.2103	0.4583	58.9619928854	19.0838
6 0 0			0.06		-16.12		10.18		0.2103	0.7256	54.7363985401	55.434
3 1 15			0.03		-16.09		10.12		0.21055	0.2871	67.3554895111	7.7692
2 4 10			0.02		-16.08		10.09		0.21069	0.607	57.0555982332	12.0937
3 1 9			-0.01		-16.09		10.1		0.21055	0.36	45.2950695798	8.7768
2 2 10			-0.1		-16.19		10.2		0.21073	0.6429	46.7739448495	44.8949
2 6 10			-0.13		-16.31		10.33		0.21092	0.7069	72.0169435829	44.7171