HKL Value		Reward		TotalReward	Chi Squared	Z Appr. 	Error	Two-Thetas	Sfs2
6 0 2			0.0		0.0		0.0		0.3	0.2214	55.354768557	5.4487
3 1 1			0.0		0.0		0.82		0.21386	0.5239	28.3131072915	41.7464
7 3 1			-0.89		-0.89		1.71		0.24172	0.5095	71.5359286583	22.1332
0 2 14			0.28		-0.61		1.15		0.23872	0.2479	58.6982494177	6.3292
0 4 12			-1.01		-1.62		2.16		0.24185	1.4889	60.4300914167	161.7651
1 5 1			0.2		-1.42		1.77		0.24178	0.4978	46.196563203	27.3004
3 7 5			-2.79		-4.21		4.56		0.23982	1.0548	74.7470539899	89.5814
4 2 10			-0.19		-4.4		4.75		0.24021	1.1102	57.0442200735	11.3144
6 4 0			0.3		-4.1		4.15		0.24021	1.8287	67.0910631577	58.6803
3 3 1			0.22		-3.89		3.72		0.24015	0.5106	38.1558496662	33.1617
2 6 4			-0.07		-3.96		3.79		0.23985	0.8772	60.3635846112	78.02
4 6 2			0.15		-3.81		3.5		0.23983	0.2349	67.657370766	5.5969
0 6 16			0.1		-3.71		3.29		0.23854	0.4825	89.3859051251	7.6515
0 2 16			0.12		-3.59		3.06		0.2388	1.8687	67.2407114996	13.8307
7 1 3			-4.7		-8.29		7.75		0.23903	1.4031	66.8553232335	91.2915
6 4 6			-1.4		-9.69		9.15		0.23891	0.9247	71.9614498967	41.9809
3 5 1			0.28		-9.41		8.59		0.23889	0.5283	53.2544885252	31.9012
2 4 2			0.19		-9.22		8.21		0.2389	0.3828	40.8766170199	13.2501
7 1 1			0.23		-8.99		7.76		0.2389	0.5207	65.7483230412	25.2044
0 6 2			0.19		-8.8		7.37		0.2389	0.2356	55.3895592761	6.1752
4 6 0			0.18		-8.61		7.0		0.23891	0.7863	67.1083315067	59.4729
6 0 8			0.08		-8.53		6.83		0.23849	2.9234	64.163237895	5.3359
4 2 2			0.12		-8.41		6.6		0.23849	0.457	40.8620305525	12.2524
2 2 2			-4.29		-12.7		10.89		0.23849	1.1162	26.2109248846	125.5642
4 4 2			-4.01		-16.71		14.9		0.23848	1.2125	52.0311030722	128.6454
4 2 14			0.11		-16.61		14.69		0.23907	1.2576	70.6282605877	19.9713
5 1 5			-1.33		-17.93		16.01		0.23817	1.1901	50.2495039981	127.1383
2 0 14			0.29		-17.64		15.43		0.23835	0.2634	58.6945218607	7.3942
0 6 8			0.23		-17.41		14.97		0.238	0.7694	64.1950429677	5.6946
3 3 9			0.23		-17.18		14.51		0.2384	0.3816	52.4524123761	12.0632
5 3 1			0.24		-16.94		14.04		0.23838	0.5252	53.2386121167	32.835
1 3 5			-2.3		-19.25		16.34		0.23741	3.1323	34.189462707	190.138
6 4 2			0.24		-19.01		15.86		0.23739	0.2211	67.6401768609	4.8049
7 1 7			0.24		-18.77		15.38		0.23731	0.3505	72.2660298289	5.0526
0 2 12			0.05		-18.72		15.28		0.23479	0.3827	50.6142203783	17.5707
1 7 1			0.22		-18.5		14.84		0.23479	0.5219	65.7901743415	26.2984
1 1 15			0.08		-18.41		14.67		0.23461	0.656	61.3839959686	20.6242
0 2 10			0.01		-18.41		14.66		0.23464	0.4317	42.9590557724	21.0204
2 4 14			0.03		-18.38		14.6		0.23511	0.5221	70.6383718296	19.4111
1 1 1			0.15		-18.23		14.3		0.23501	0.5749	13.0194761966	56.7652
5 1 1			0.18		-18.05		13.94		0.235	0.5346	46.1701152	26.7419
0 6 10			0.11		-17.93		13.71		0.23499	0.8527	69.1637693973	8.5049
0 4 0			-11.69		-29.62		25.4		0.23499	6.137	35.7152072575	818.959
1 5 9			0.24		-29.38		24.91		0.23593	0.4394	58.984264935	17.7365
0 4 20			0.28		-29.1		24.35		0.23617	1.027	94.1654323607	18.6345
3 5 9			0.27		-28.83		23.81		0.23626	0.4755	65.0802252419	19.5165
1 3 1			0.24		-28.59		23.33		0.23623	0.5324	28.3265170018	42.1271
2 0 10			0.11		-28.48		23.12		0.23628	0.6169	42.9543880851	20.236
2 0 6			-1.55		-30.03		24.67		0.23609	1.6278	29.1406672869	128.8477
3 1 13			-1.09		-31.12		25.76		0.23848	0.3869	59.4126405656	11.7895
3 7 1			0.24		-30.88		25.27		0.2385	1.2822	71.5694631273	22.2453
5 3 9			0.25		-30.63		24.78		0.23847	0.4833	65.0662013285	20.8409
0 4 2			-1.72		-32.35		26.5		0.23846	3.2657	36.5744795411	137.7475
5 1 9			0.24		-32.1		26.01		0.23857	0.4583	58.9619928854	19.0838
6 0 0			0.2		-31.91		25.62		0.23857	0.7256	54.7363985401	55.434
3 1 15			0.2		-31.7		25.21		0.23851	0.2871	67.3554895111	7.7692
2 4 10			0.16		-31.54		24.88		0.23855	0.607	57.0555982332	12.0937
0 0 12			-0.26		-31.8		25.14		0.23925	3.2426	47.0346015839	274.3783
3 1 9			0.2		-31.6		24.75		0.23941	0.36	45.2950695798	8.7768
1 3 7			0.2		-31.41		24.35		0.23932	0.1893	39.2755843192	5.3372
3 3 11			-2.88		-34.28		27.23		0.23969	2.1204	58.6030846927	249.5822
2 2 10			0.04		-34.25		27.15		0.23953	0.6429	46.7739448495	44.8949
6 0 10			0.18		-34.06		26.79		0.23957	1.0728	69.1331306246	8.9056
1 5 7			0.2		-33.86		26.38		0.23947	0.6035	54.1236034243	4.2528
2 6 10			0.04		-33.82		26.31		0.23929	0.7069	72.0169435829	44.7171
4 0 2			-1.36		-35.18		27.67		0.23929	1.7854	36.5531212028	138.5255
4 2 8			0.17		-35.01		27.32		0.23914	0.7605	51.4203212226	2.5419
0 2 20			0.2		-34.81		26.93		0.23907	0.4494	86.0769303832	2.8517
5 5 1			0.18		-34.63		26.56		0.23909	0.5073	65.769247456	23.9531
0 6 0			0.15		-34.49		26.27		0.23909	1.4277	54.7714555341	59.4019
3 1 7			0.18		-34.31		25.91		0.23899	0.257	39.2655360855	5.205
6 2 4			0.15		-34.15		25.61		0.23896	0.8727	60.3342977717	77.9073
3 1 11			-2.91		-37.07		28.52		0.23937	2.3814	52.0481274199	292.2152
4 2 0			0.11		-36.96		28.31		0.23937	0.9287	40.0811891304	86.5118
2 0 16			0.19		-36.77		27.93		0.23932	0.5935	67.2372591268	11.8907
1 3 9			0.16		-36.61		27.61		0.23954	0.2622	45.3040218183	7.1674
1 1 7			0.17		-36.44		27.27		0.23943	0.2012	29.7561292971	6.5386
0 4 4			0.15		-36.29		26.97		0.23941	0.8482	39.0545896029	78.0016
0 0 4			0.14		-36.15		26.68		0.23937	0.8482	15.2869714585	59.1035
3 3 15			0.16		-35.98		26.36		0.23934	0.3402	73.0835579415	3.8877
3 5 3			-0.53		-36.52		26.89		0.23938	0.9259	54.5093201099	87.7589
1 3 15			0.14		-36.38		26.6		0.23933	0.2862	67.3623786269	8.1809
2 4 8			0.13		-36.24		26.34		0.23918	0.1687	51.4325245866	2.4593
5 1 7			0.15		-36.09		26.04		0.2391	0.2609	54.1000446603	4.252
1 7 7			0.15		-35.94		25.73		0.23908	0.4353	72.3061031614	6.1143
4 4 4			0.14		-35.8		25.46		0.23905	0.8476	53.9354251327	76.9211
4 0 4			0.13		-35.67		25.2		0.23902	1.2165	39.0343929222	79.1487
1 1 13			-0.42		-36.09		25.62		0.24036	0.3722	52.9310122384	10.9703
2 0 12			-0.09		-36.18		25.71		0.23959	0.8079	50.6101057273	16.6151
4 4 10			0.01		-36.18		25.7		0.23945	0.6886	66.23802526	47.6672
9 1 1			0.13		-36.05		25.44		0.23947	0.8793	87.9915459652	19.6393
5 5 7			0.13		-35.92		25.19		0.23935	0.6639	72.2860687267	4.3062
0 6 6			-0.06		-35.98		25.25		0.23935	1.0147	60.183190367	40.9583
6 2 10			0.02		-35.96		25.2		0.23921	0.7103	71.9901825081	43.9921
5 1 3			-0.43		-36.39		25.63		0.23926	0.9592	47.5591860667	88.1873
0 0 20			0.0		-36.38		25.62		0.23774	0.4542	83.3712939521	4.3689
4 0 10			0.03		-36.36		25.57		0.23761	0.6243	53.7713327333	45.2096
6 0 6			-0.04		-36.4		25.61		0.23761	1.0815	60.1501886982	39.9969
2 4 0			0.06		-36.34		25.49		0.23761	1.4359	40.0960076051	88.2765
4 2 12			-0.25		-36.59		25.74		0.23639	0.2244	63.468523569	4.7972
4 6 6			-0.02		-36.61		25.76		0.23636	1.1903	71.9781772466	41.9784
4 4 8			-0.71		-37.32		26.47		0.23663	3.9407	61.1479986878	218.5721