HKL Value		Reward		TotalReward	Chi Squared	Z Appr. 	Error	Two-Thetas	Sfs2
6 0 2			0.0		0.0		0.0		0.3	0.2214	55.354768557	5.4487
3 1 1			0.0		0.0		0.82		0.21386	0.5239	28.3131072915	41.7464
1 7 3			-18.75		-18.75		19.57		0.31992	0.9932	66.8968211493	90.2271
0 2 14			2.47		-16.29		14.64		0.29492	0.2479	58.6982494177	6.3292
1 5 1			1.26		-15.03		12.12		0.29419	0.4978	46.196563203	27.3004
0 0 20			0.81		-14.21		10.5		0.28336	0.4542	83.3712939521	4.3689
6 4 0			0.87		-13.34		8.75		0.28336	1.8287	67.0910631577	58.6803
4 6 2			0.62		-12.72		7.51		0.28339	0.2349	67.657370766	5.5969
1 5 9			-0.4		-13.12		7.91		0.28318	0.4394	58.984264935	17.7365
3 3 1			0.23		-12.89		7.45		0.28296	0.5106	38.1558496662	33.1617
0 6 16			0.32		-12.57		6.82		0.2827	0.4825	89.3859051251	7.6515
5 3 1			0.12		-12.45		6.57		0.28243	0.5252	53.2386121167	32.835
0 2 16			0.06		-12.39		6.45		0.28212	1.8687	67.2407114996	13.8307
0 0 18			-5.88		-18.27		12.33		0.2886	0.6609	73.530655613	37.988
2 4 10			0.2		-18.07		11.93		0.28833	0.607	57.0555982332	12.0937
3 5 1			0.25		-17.82		11.43		0.28831	0.5283	53.2544885252	31.9012
4 6 0			0.36		-17.46		10.72		0.28831	0.7863	67.1083315067	59.4729
4 2 14			0.29		-17.17		10.14		0.28828	1.2576	70.6282605877	19.9713
4 2 0			-0.15		-17.32		10.29		0.28828	0.9287	40.0811891304	86.5118
2 4 2			0.18		-17.14		9.92		0.28828	0.3828	40.8766170199	13.2501
0 6 2			0.22		-16.92		9.48		0.28828	0.2356	55.3895592761	6.1752
2 6 4			0.22		-16.7		9.05		0.28825	0.8772	60.3635846112	78.02
7 1 1			0.14		-16.56		8.76		0.28823	0.5207	65.7483230412	25.2044
6 0 8			0.15		-16.4		8.45		0.28827	2.9234	64.163237895	5.3359
2 0 14			0.17		-16.23		8.11		0.28829	0.2634	58.6945218607	7.3942
4 2 2			0.11		-16.13		7.9		0.28828	0.457	40.8620305525	12.2524
0 6 8			0.11		-16.01		7.67		0.28832	0.7694	64.1950429677	5.6946
4 2 12			0.1		-15.91		7.47		0.28833	0.2244	63.468523569	4.7972
1 1 15			-0.23		-16.14		7.69		0.28834	0.656	61.3839959686	20.6242
6 4 2			0.13		-16.01		7.43		0.28834	0.2211	67.6401768609	4.8049
3 3 9			0.03		-15.98		7.38		0.2883	0.3816	52.4524123761	12.0632
1 7 1			0.07		-15.92		7.25		0.28829	0.5219	65.7901743415	26.2984
5 1 9			-0.16		-16.08		7.41		0.28827	0.4583	58.9619928854	19.0838
5 1 1			0.06		-16.02		7.3		0.28825	0.5346	46.1701152	26.7419
3 5 9			-0.13		-16.15		7.43		0.28821	0.4755	65.0802252419	19.5165
4 4 10			-0.07		-16.22		7.5		0.28787	0.6886	66.23802526	47.6672
2 4 14			0.1		-16.13		7.31		0.28785	0.5221	70.6383718296	19.4111
0 2 10			0.1		-16.03		7.11		0.28783	0.4317	42.9590557724	21.0204
1 3 1			-0.03		-16.06		7.14		0.28781	0.5324	28.3265170018	42.1271
0 0 22			-1.56		-17.63		8.71		0.28649	2.2765	94.0325860765	137.6091
3 1 3			-0.61		-18.24		9.32		0.2866	1.2003	30.3814370344	67.5761