HKL Value		Reward		TotalReward	Chi Squared	Z Appr. 	Error	Two-Thetas	Sfs2
6 0 2			0.0		0.0		0.0		0.3	0.2214	55.354768557	5.4487
3 1 1			0.0		0.0		0.82		0.21386	0.5239	28.3131072915	41.7464
0 2 14			0.19		0.19		0.45		0.20766	0.2479	58.6982494177	6.3292
1 5 1			-0.1		0.09		0.55		0.20821	0.4978	46.196563203	27.3004
6 4 0			0.07		0.15		0.42		0.20821	1.8287	67.0910631577	58.6803
3 3 1			-0.03		0.12		0.45		0.20876	0.5106	38.1558496662	33.1617
2 6 4			0.11		0.23		0.23		0.22046	0.8772	60.3635846112	78.02
4 6 2			0.0		0.24		0.22		0.22032	0.2349	67.657370766	5.5969
0 6 16			-0.11		0.13		0.33		0.21975	0.4825	89.3859051251	7.6515
0 2 4			-8.75		-8.63		9.08		0.22191	1.326	23.4223631322	110.0283
0 2 16			0.18		-8.45		8.73		0.22091	1.8687	67.2407114996	13.8307
7 3 5			0.31		-8.14		8.11		0.22005	1.0496	74.7140851895	88.0788
3 5 1			0.33		-7.81		7.44		0.22011	0.5283	53.2544885252	31.9012
0 2 0			-3.08		-10.89		10.52		0.22011	1.4407	17.6394681947	177.2483
2 4 2			0.27		-10.62		9.98		0.22026	0.3828	40.8766170199	13.2501
7 1 1			0.31		-10.3		9.35		0.22042	0.5207	65.7483230412	25.2044
0 6 2			0.27		-10.03		8.81		0.22049	0.2356	55.3895592761	6.1752
4 6 0			0.26		-9.78		8.3		0.22049	0.7863	67.1083315067	59.4729
6 0 8			0.17		-9.61		7.96		0.22105	2.9234	64.163237895	5.3359
4 2 2			0.15		-9.46		7.66		0.22119	0.457	40.8620305525	12.2524
4 4 10			0.19		-9.27		7.28		0.22077	0.6886	66.23802526	47.6672
4 2 14			0.12		-9.15		7.04		0.21993	1.2576	70.6282605877	19.9713
2 0 14			0.16		-8.99		6.72		0.21991	0.2634	58.6945218607	7.3942
1 1 7			0.11		-8.87		6.49		0.22001	0.2012	29.7561292971	6.5386
3 3 9			-0.49		-9.37		6.99		0.21908	0.3816	52.4524123761	12.0632
0 6 8			0.09		-9.28		6.82		0.21932	0.7694	64.1950429677	5.6946
3 5 9			0.02		-9.27		6.79		0.21838	0.4755	65.0802252419	19.5165
5 3 1			0.12		-9.14		6.54		0.21842	0.5252	53.2386121167	32.835
6 4 2			0.11		-9.03		6.32		0.21833	0.2211	67.6401768609	4.8049
0 2 12			-0.07		-9.1		6.38		0.22037	0.3827	50.6142203783	17.5707
1 7 1			0.1		-9.0		6.18		0.22049	0.5219	65.7901743415	26.2984
1 1 15			-0.17		-9.17		6.36		0.21242	0.656	61.3839959686	20.6242
0 2 10			0.1		-9.07		6.16		0.21246	0.4317	42.9590557724	21.0204
2 4 14			0.08		-8.99		5.99		0.21271	0.5221	70.6383718296	19.4111
1 1 1			0.08		-8.91		5.83		0.21259	0.5749	13.0194761966	56.7652
0 6 10			-0.02		-8.93		5.85		0.21752	0.8527	69.1637693973	8.5049
5 1 1			0.08		-8.86		5.7		0.21761	0.5346	46.1701152	26.7419
1 5 9			-0.25		-9.1		5.95		0.21504	0.4394	58.984264935	17.7365
0 4 20			0.07		-9.03		5.8		0.214	1.027	94.1654323607	18.6345
1 3 1			0.07		-8.96		5.66		0.21397	0.5324	28.3265170018	42.1271
0 2 6			-1.65		-10.6		7.31		0.21289	1.1672	29.1471999487	131.5155
3 7 1			0.02		-10.58		7.27		0.213	1.2822	71.5694631273	22.2453
5 3 9			0.07		-10.52		7.13		0.21275	0.4833	65.0662013285	20.8409
5 1 9			-0.01		-10.52		7.14		0.21219	0.4583	58.9619928854	19.0838
3 1 15			0.06		-10.46		7.02		0.21281	0.2871	67.3554895111	7.7692
0 4 18			-1.86		-12.32		8.88		0.2081	0.8369	84.5238780681	17.4513
4 6 4			-0.18		-12.5		9.06		0.20816	1.0731	69.291881243	33.3045
1 1 9			-0.15		-12.66		9.21		0.20766	0.2216	37.1193146943	1.1702