HKL Value		Reward		TotalReward	Chi Squared	Z Appr. 	Error	Two-Thetas	Sfs2
0 4 18			0.0		0.0		0.0		0.3	0.8369	84.5238780681	17.4513
6 0 2			0.0		0.0		1.27		0.3013	0.2214	55.354768557	5.4487
3 1 1			-4.51		-4.51		5.78		0.30069	0.5239	28.3131072915	41.7464
0 2 14			0.47		-4.04		4.83		0.29974	0.2479	58.6982494177	6.3292
2 6 4			0.06		-3.98		4.71		0.29874	0.8772	60.3635846112	78.02
1 5 1			-0.07		-4.05		4.78		0.29861	0.4978	46.196563203	27.3004
4 6 6			0.27		-3.77		4.24		0.29929	1.1903	71.9781772466	41.9784
0 2 12			-0.82		-4.59		5.06		0.30023	0.3827	50.6142203783	17.5707
0 6 16			0.31		-4.28		4.43		0.29992	0.4825	89.3859051251	7.6515
0 2 10			0.02		-4.26		4.39		0.2999	0.4317	42.9590557724	21.0204
7 3 3			-1.87		-6.13		6.26		0.30043	1.9283	72.601334037	69.5466
0 2 16			0.27		-5.87		5.73		0.30109	1.8687	67.2407114996	13.8307
6 4 0			0.24		-5.63		5.25		0.30109	1.8287	67.0910631577	58.6803
3 3 1			-0.06		-5.68		5.31		0.30097	0.5106	38.1558496662	33.1617
4 2 14			-0.43		-6.11		5.74		0.30006	1.2576	70.6282605877	19.9713
4 6 2			0.19		-5.93		5.36		0.30005	0.2349	67.657370766	5.5969
3 5 1			-0.03		-5.95		5.38		0.29992	0.5283	53.2544885252	31.9012
7 1 1			0.04		-5.91		5.3		0.29982	0.5207	65.7483230412	25.2044
4 2 0			-0.42		-6.32		5.71		0.29982	0.9287	40.0811891304	86.5118
4 2 2			0.05		-6.27		5.61		0.29973	0.457	40.8620305525	12.2524
4 4 8			-8.9		-15.17		14.51		0.29889	3.9407	61.1479986878	218.5721
0 6 2			0.31		-14.86		13.89		0.29885	0.2356	55.3895592761	6.1752
6 0 8			0.31		-14.55		13.26		0.29872	2.9234	64.163237895	5.3359
5 1 9			0.06		-14.49		13.14		0.29933	0.4583	58.9619928854	19.0838
2 2 10			-0.84		-15.32		13.98		0.29885	0.6429	46.7739448495	44.8949
1 1 7			-2.97		-18.29		16.94		0.31676	0.2012	29.7561292971	6.5386
1 1 1			0.0		-18.29		16.93		0.31671	0.5749	13.0194761966	56.7652
2 0 14			0.24		-18.05		16.46		0.31643	0.2634	58.6945218607	7.3942
3 5 9			0.29		-17.76		15.88		0.31646	0.4755	65.0802252419	19.5165
5 3 1			0.13		-17.63		15.62		0.31644	0.5252	53.2386121167	32.835
3 7 1			0.22		-17.41		15.18		0.31641	1.2822	71.5694631273	22.2453
0 6 8			0.21		-17.2		14.77		0.31647	0.7694	64.1950429677	5.6946
6 4 6			0.15		-17.05		14.47		0.31627	0.9247	71.9614498967	41.9809
3 3 9			0.21		-16.85		14.06		0.31612	0.3816	52.4524123761	12.0632
2 4 14			0.15		-16.69		13.75		0.31627	0.5221	70.6383718296	19.4111
4 6 0			0.2		-16.5		13.36		0.31627	0.7863	67.1083315067	59.4729
0 4 0			-13.64		-30.14		27.0		0.31627	6.137	35.7152072575	818.959
5 3 9			0.36		-29.78		26.28		0.31634	0.4833	65.0662013285	20.8409
1 3 7			-0.65		-30.43		26.93		0.31775	0.1893	39.2755843192	5.3372
0 4 4			0.09		-30.34		26.75		0.31759	0.8482	39.0545896029	78.0016
1 5 9			0.31		-30.03		26.13		0.31746	0.4394	58.984264935	17.7365
3 1 15			0.32		-29.71		25.49		0.31751	0.2871	67.3554895111	7.7692
1 3 1			0.15		-29.56		25.2		0.3175	0.5324	28.3265170018	42.1271
6 0 0			0.24		-29.33		24.72		0.3175	0.7256	54.7363985401	55.434
1 1 17			-3.75		-33.08		28.47		0.31692	2.447	70.2810461715	248.4175
3 1 9			0.29		-32.79		27.9		0.31671	0.36	45.2950695798	8.7768
5 1 1			0.23		-32.56		27.44		0.31669	0.5346	46.1701152	26.7419
1 7 1			0.22		-32.34		27.0		0.31667	0.5219	65.7901743415	26.2984
6 4 2			0.28		-32.06		26.44		0.31667	0.2211	67.6401768609	4.8049
0 2 20			0.22		-31.84		26.01		0.31596	0.4494	86.0769303832	2.8517
6 0 10			0.22		-31.63		25.57		0.3162	1.0728	69.1331306246	8.9056
2 4 10			0.24		-31.38		25.09		0.31629	0.607	57.0555982332	12.0937
2 6 2			-1.5		-32.88		26.58		0.31633	1.2892	58.5985395934	134.3564
1 7 7			-0.19		-33.07		26.77		0.31703	0.4353	72.3061031614	6.1143
1 3 9			0.2		-32.87		26.38		0.31685	0.2622	45.3040218183	7.1674
0 6 18			0.21		-32.66		25.96		0.31654	0.7949	98.0280769063	1.8601
5 5 1			0.21		-32.45		25.53		0.31653	0.5073	65.769247456	23.9531
1 1 15			0.13		-32.32		25.27		0.31665	0.656	61.3839959686	20.6242
7 1 7			-0.33		-32.65		25.6		0.31725	0.3505	72.2660298289	5.0526
0 6 6			0.22		-32.43		25.17		0.31725	1.0147	60.183190367	40.9583
5 3 7			-0.29		-32.72		25.46		0.31775	0.2523	60.5057581853	5.4388
5 1 7			-0.33		-33.05		25.79		0.31823	0.2609	54.1000446603	4.252
3 5 7			-0.16		-33.21		25.94		0.3186	0.2309	60.5203777188	5.6046