HKL Value		Reward		TotalReward	Chi Squared	Z Appr. 	Error	Two-Thetas	Sfs2
1 0 0			0.0		0.0		0.0		0.5	0.0	14.0285801003	0.0
0 0 7			0.0		0.0		0.0		0.5001	0.2	45.7499157105	0.0
2 0 1			0.69		0.69		0.0		0.5001	0.15	29.01034049	0.0
4 0 3			0.42		1.11		0.0		0.5001	0.29	62.1413926063	0.0
1 0 6			-1.0		0.11		0.0		0.50015	0.25	41.5701214249	0.0
3 1 2			-1.0		-0.89		0.0		0.45207	0.11	52.5840292854	11.6912
3 0 0			0.2		-0.69		0.0		0.45207	0.45	42.9814560157	0.0
3 0 2			0.17		-0.52		0.0		0.45207	0.46	45.0164041053	0.0
3 0 7			-1.0		-1.52		0.0		0.44726	0.18	64.5726747292	2.8781
3 0 6			0.12		-1.39		0.0		0.44726	0.11	59.366558438	0.0
1 0 1			-0.86		-2.26		0.01		0.4466	0.06	15.4189733366	0.0644
0 0 3			0.1		-2.16		0.01		0.4466	0.03	19.1797885945	0.0
2 0 7			0.09		-2.07		0.01		0.4466	4.16	54.6555056564	0.0
1 0 4			0.08		-1.98		0.01		0.4466	0.08	29.3672081998	0.0
3 0 4			0.08		-1.91		0.01		0.4466	0.64	50.7360354343	0.0
2 0 3			0.07		-1.84		0.01		0.4466	0.09	34.3920319457	0.0
4 0 1			0.07		-1.77		0.01		0.4466	0.27	58.8934376912	0.0
4 0 5			0.06		-1.71		0.01		0.4466	0.26	68.3700248267	0.0
2 2 5			-0.27		-1.98		0.01		0.45176	0.26	70.7747179536	2.8196
3 0 8			0.06		-1.92		0.01		0.45176	0.3	70.3147352648	0.0
1 0 8			0.05		-1.87		0.01		0.45176	0.24	54.8685935926	0.0
2 0 5			0.05		-1.82		0.01		0.45176	5.26	43.4052500519	0.0
3 1 4			-0.02		-1.84		0.01		0.45165	0.33	57.7518627408	0.9567
3 1 0			0.04		-1.8		0.01		0.45165	0.86	50.7823995615	0.002
2 2 4			-0.81		-2.61		0.05		0.44994	0.5	67.3692384702	10.6939
2 1 1			0.03		-2.58		0.05		0.44994	0.13	39.1745550983	0.4263
4 1 1			0.02		-2.55		0.05		0.44994	0.21	65.3342299592	0.4263
1 2 6			0.01		-2.54		0.05		0.44763	0.11	69.4566609057	1.2895
1 1 4			0.03		-2.51		0.05		0.44752	0.3	39.4492672371	0.9567
3 1 1			-0.26		-2.78		0.06		0.44818	0.22	51.2370468789	1.4731
0 1 5			0.01		-2.76		0.06		0.44716	0.34	41.7114803244	7.6693
4 1 5			0.01		-2.75		0.06		0.44623	1.53	74.3771604481	7.6693
3 1 7			-0.11		-2.86		0.07		0.44133	0.32	70.7276559911	1.1017
2 2 3			0.03		-2.82		0.07		0.44133	0.31	64.6616050849	6.6891
1 -1 2			0.02		-2.8		0.06		0.44156	0.39	32.1995090242	11.6912
0 1 7			0.03		-2.78		0.06		0.44162	0.26	53.2385720724	8.4036
1 1 2			0.02		-2.76		0.06		0.44183	0.52	32.1995090242	11.6912
-1 -1 2			0.02		-2.74		0.06		0.44203	0.13	32.1995090242	11.6912
4 1 3			0.03		-2.71		0.06		0.44203	0.15	68.408649436	0.0043
0 2 7			-0.05		-2.76		0.06		0.44434	0.0	72.5085769296	0.0094
2 1 7			0.02		-2.74		0.06		0.4442	0.57	61.3678684761	8.4036
1 2 7			-0.02		-2.76		0.06		0.44456	0.71	74.291810142	3.5836
3 1 5			-0.21		-2.97		0.08		0.44269	0.09	61.4399691436	8.5457
4 0 4			-0.03		-3.0		0.08		0.44222	0.13	64.9051128666	1.7476