HKL Value		Reward		TotalReward	Chi Squared	Z Appr. 	Error	Two-Thetas	Sfs2
1 0 0			0.0		0.0		0.0		0.5	0.0	14.0285801003	0.0
2 0 1			0.0		0.0		0.0		0.5	0.15	29.01034049	0.0
0 0 7			-0.87		-0.87		0.0		0.5	0.2	45.7499157105	0.0
4 0 3			-0.04		-0.92		0.0		0.5	0.29	62.1413926063	0.0
3 0 0			0.33		-0.58		0.0		0.5	0.45	42.9814560157	0.0
3 0 6			-0.33		-0.91		0.0		0.5	0.11	59.366558438	0.0
1 1 7			-1.0		-1.91		0.0		0.53189	0.15	55.34320722	1.1017
3 0 2			0.17		-1.74		0.0		0.53189	0.46	45.0164041053	0.0
4 1 3			-1.0		-2.74		0.08		0.52664	0.15	68.408649436	0.0043
0 0 3			0.13		-2.62		0.07		0.52665	0.03	19.1797885945	0.0
1 0 4			0.11		-2.51		0.06		0.52665	0.08	29.3672081998	0.0
1 2 7			0.09		-2.42		0.06		0.52619	0.71	74.291810142	3.5836
3 0 4			0.09		-2.33		0.05		0.52618	0.64	50.7360354343	0.0
2 0 3			0.08		-2.24		0.05		0.52618	0.09	34.3920319457	0.0
4 1 1			0.05		-2.19		0.05		0.52618	0.21	65.3342299592	0.4263
4 0 1			0.07		-2.12		0.04		0.52618	0.27	58.8934376912	0.0
4 0 5			0.07		-2.05		0.04		0.52618	0.26	68.3700248267	0.0
0 0 2			-0.45		-2.5		0.08		0.52891	0.15	12.7532192506	5.5981
0 1 6			-0.5		-2.99		0.15		0.44978	0.0	47.2608104201	2.0239
2 0 7			0.06		-2.94		0.14		0.44978	4.16	54.6555056564	0.0
4 1 0			-0.04		-2.97		0.15		0.44978	0.2	64.9447604845	0.0084
3 0 8			0.05		-2.92		0.14		0.44978	0.3	70.3147352648	0.0
1 0 8			0.05		-2.88		0.13		0.44978	0.24	54.8685935926	0.0
2 0 5			0.05		-2.83		0.13		0.44978	5.26	43.4052500519	0.0
1 0 6			0.04		-2.79		0.12		0.44978	0.25	41.5701214249	0.0
3 0 7			0.03		-2.75		0.12		0.4494	0.18	64.5726747292	2.8781
3 1 0			0.04		-2.71		0.11		0.4494	0.86	50.7823995615	0.002
3 1 4			0.03		-2.68		0.11		0.44934	0.33	57.7518627408	0.9567
1 1 4			0.03		-2.65		0.11		0.44933	0.3	39.4492672371	0.9567
2 1 1			0.03		-2.62		0.1		0.44931	0.13	39.1745550983	0.4263
2 2 3			0.02		-2.59		0.1		0.44889	0.31	64.6616050849	6.6891
4 1 5			0.02		-2.58		0.1		0.44848	1.53	74.3771604481	7.6693
0 1 7			0.02		-2.56		0.1		0.44798	0.26	53.2385720724	8.4036
1 -1 2			0.03		-2.53		0.09		0.44807	0.39	32.1995090242	11.6912
-1 -1 2			0.03		-2.5		0.09		0.44815	0.13	32.1995090242	11.6912
0 1 5			0.02		-2.48		0.09		0.44781	0.34	41.7114803244	7.6693
1 1 2			0.03		-2.45		0.09		0.44787	0.52	32.1995090242	11.6912
2 1 7			0.02		-2.43		0.09		0.44747	0.57	61.3678684761	8.4036
2 2 5			-0.01		-2.44		0.09		0.44853	0.26	70.7747179536	2.8196
0 2 7			0.02		-2.42		0.09		0.44894	0.0	72.5085769296	0.0094
3 2 0			-0.02		-2.44		0.09		0.44894	0.67	70.467230504	2.2538
3 1 3			-0.22		-2.66		0.11		0.44862	0.4	54.7770496801	12.6586
4 0 4			-0.04		-2.7		0.12		0.44804	0.13	64.9051128666	1.7476