HKL Value		Reward		TotalReward	Chi Squared	Z Appr. 	Error	Two-Thetas	Sfs2
1 0 0			0.0		0.0		0.0		0.5	0.0	14.0285801003	0.0
0 0 7			0.0		0.0		0.0		0.5001	0.2	45.7499157105	0.0
2 0 1			0.69		0.69		0.0		0.5001	0.15	29.01034049	0.0
4 0 3			0.42		1.11		0.0		0.5001	0.29	62.1413926063	0.0
3 0 0			0.33		1.44		0.0		0.5001	0.45	42.9814560157	0.0
3 0 6			-0.34		1.1		0.0		0.5001	0.11	59.366558438	0.0
3 0 2			-0.22		0.88		0.0		0.5001	0.46	45.0164041053	0.0
3 0 8			-0.24		0.65		0.0		0.5001	0.3	70.3147352648	0.0
0 0 3			-0.32		0.33		0.0		0.5001	0.03	19.1797885945	0.0
3 0 4			-0.4		-0.07		0.0		0.5001	0.64	50.7360354343	0.0
2 0 3			-0.51		-0.59		0.0		0.5001	0.09	34.3920319457	0.0
4 0 2			-1.0		-1.59		0.0		0.58213	0.26	60.1237214722	5.5981
3 1 5			-1.0		-2.59		0.03		0.61819	0.09	61.4399691436	8.5457
1 0 4			0.08		-2.5		0.03		0.61819	0.08	29.3672081998	0.0
4 0 1			0.08		-2.43		0.03		0.61819	0.27	58.8934376912	0.0
2 0 7			0.07		-2.36		0.03		0.61819	4.16	54.6555056564	0.0
4 1 3			-0.87		-3.22		0.2		0.61893	0.15	68.408649436	0.0043
1 0 8			0.06		-3.16		0.19		0.61893	0.24	54.8685935926	0.0
4 0 5			0.06		-3.1		0.18		0.61893	0.26	68.3700248267	0.0
2 0 5			0.06		-3.04		0.17		0.61893	5.26	43.4052500519	0.0
0 0 8			0.04		-3.01		0.17		0.62394	0.5	52.7511004195	15.5355
1 0 6			0.05		-2.96		0.16		0.62394	0.25	41.5701214249	0.0
3 0 7			-0.47		-3.43		0.3		0.60821	0.18	64.5726747292	2.8781
3 1 0			0.05		-3.39		0.29		0.60821	0.86	50.7823995615	0.002
4 1 1			0.04		-3.34		0.28		0.6082	0.21	65.3342299592	0.4263
1 1 4			0.04		-3.3		0.26		0.6082	0.3	39.4492672371	0.9567
2 1 1			0.04		-3.27		0.26		0.6082	0.13	39.1745550983	0.4263
3 1 4			0.04		-3.23		0.25		0.60826	0.33	57.7518627408	0.9567
1 -1 2			-0.25		-3.48		0.33		0.60843	0.39	32.1995090242	11.6912
0 1 7			0.02		-3.46		0.32		0.6085	0.26	53.2385720724	8.4036
0 1 5			-0.03		-3.49		0.33		0.6101	0.34	41.7114803244	7.6693
0 2 7			0.01		-3.48		0.33		0.60838	0.0	72.5085769296	0.0094
4 1 5			-0.03		-3.51		0.34		0.60946	1.53	74.3771604481	7.6693
2 2 3			-0.06		-3.56		0.36		0.61038	0.31	64.6616050849	6.6891
1 1 2			-0.15		-3.71		0.42		0.6105	0.52	32.1995090242	11.6912