HKL Value		Reward		TotalReward	Chi Squared	Z Appr. 	Error	Two-Thetas	Sfs2
1 0 0			0.0		0.0		0.0		0.5	0.0	14.0285801003	0.0
0 0 7			0.0		0.0		0.0		0.5001	0.2	45.7499157105	0.0
2 0 1			0.69		0.69		0.0		0.5001	0.15	29.01034049	0.0
4 0 3			0.42		1.11		0.0		0.5001	0.29	62.1413926063	0.0
3 2 3			-1.0		0.11		0.14		0.45177	1.08	73.8091166097	1.7896
1 1 6			0.25		0.36		0.11		0.4502	0.38	49.5460147793	8.8974
3 0 0			0.2		0.56		0.09		0.4502	0.45	42.9814560157	0.0
1 0 5			0.13		0.69		0.08		0.4533	0.22	35.3149362404	7.049
3 0 2			0.14		0.83		0.07		0.4533	0.46	45.0164041053	0.0
3 0 6			0.12		0.96		0.06		0.4533	0.11	59.366558438	0.0
0 0 3			0.11		1.07		0.06		0.4533	0.03	19.1797885945	0.0
3 0 4			0.1		1.17		0.05		0.4533	0.64	50.7360354343	0.0
1 0 4			0.09		1.26		0.05		0.4533	0.08	29.3672081998	0.0
2 0 7			0.08		1.34		0.04		0.4533	4.16	54.6555056564	0.0
4 0 5			0.08		1.42		0.04		0.4533	0.26	68.3700248267	0.0
2 0 3			0.07		1.49		0.04		0.4533	0.09	34.3920319457	0.0
2 1 6			-0.31		1.18		0.06		0.45719	0.16	55.9883197776	2.0239
4 0 1			0.06		1.24		0.05		0.45719	0.27	58.8934376912	0.0
3 0 8			0.06		1.3		0.05		0.45719	0.3	70.3147352648	0.0
3 0 7			-0.1		1.2		0.05		0.45498	0.18	64.5726747292	2.8781
0 0 4			-0.23		0.97		0.07		0.45457	0.08	25.6679215219	1.7476
3 1 5			-0.47		0.5		0.13		0.45141	0.09	61.4399691436	8.5457