HKL Value		Reward		TotalReward	Chi Squared	Z Appr. 	Error	Two-Thetas	Sfs2
1 0 0			0.0		0.0		0.0		0.5	0.0	14.0285801003	0.0
0 0 7			0.0		0.0		0.0		0.5001	0.2	45.7499157105	0.0
1 0 7			-1.0		-1.0		0.01		0.44563	0.54	48.0896902272	2.8781
2 0 1			0.5		-0.5		0.0		0.44563	0.15	29.01034049	0.0
4 0 3			0.33		-0.17		0.0		0.44563	0.29	62.1413926063	0.0
3 0 0			0.25		0.08		0.0		0.44563	0.45	42.9814560157	0.0
3 0 6			0.2		0.28		0.0		0.44563	0.11	59.366558438	0.0
0 2 7			-0.64		-0.36		0.01		0.44981	0.0	72.5085769296	0.0094
0 1 8			-0.58		-0.94		0.01		0.45348	2.05	59.6041295708	7.5134
3 0 2			0.13		-0.81		0.01		0.45348	0.46	45.0164041053	0.0
1 0 4			0.11		-0.7		0.01		0.45348	0.08	29.3672081998	0.0
3 0 8			0.1		-0.6		0.01		0.45348	0.3	70.3147352648	0.0
0 0 3			0.09		-0.51		0.01		0.45348	0.03	19.1797885945	0.0
3 0 4			0.08		-0.43		0.01		0.45348	0.64	50.7360354343	0.0
2 0 7			0.08		-0.35		0.01		0.45348	4.16	54.6555056564	0.0
2 0 3			0.07		-0.28		0.01		0.45348	0.09	34.3920319457	0.0
4 0 1			0.07		-0.21		0.01		0.45348	0.27	58.8934376912	0.0
1 0 8			0.06		-0.15		0.01		0.45348	0.24	54.8685935926	0.0
4 0 5			0.06		-0.09		0.01		0.45348	0.26	68.3700248267	0.0
-1 -1 -2			0.05		-0.04		0.01		0.45345	0.31	32.1995090242	11.6912
2 0 5			0.05		0.01		0.0		0.45344	5.26	43.4052500519	0.0
1 0 6			0.05		0.06		0.0		0.45344	0.25	41.5701214249	0.0
3 0 7			-0.35		-0.29		0.01		0.45246	0.18	64.5726747292	2.8781
3 1 0			0.04		-0.25		0.01		0.45246	0.86	50.7823995615	0.002
1 1 4			-0.04		-0.3		0.01		0.45242	0.3	39.4492672371	0.9567
4 1 1			-0.06		-0.35		0.01		0.45242	0.21	65.3342299592	0.4263
4 0 2			-0.85		-1.2		0.05		0.45203	0.26	60.1237214722	5.5981