HKL Value		Reward		TotalReward	Chi Squared	Z Appr. 	Error	Two-Thetas	Sfs2
-1 -1 -2			0.0		0.0		0.0		0.5	0.31	32.1995090242	11.6912
3 1 1			0.0		0.0		0.48		0.46296	0.22	51.2370468789	1.4731
1 0 0			1.0		1.0		0.24		0.46296	0.0	14.0285801003	0.0
3 0 2			0.5		1.5		0.16		0.46296	0.46	45.0164041053	0.0
2 0 1			0.33		1.83		0.12		0.46296	0.15	29.01034049	0.0
0 0 3			0.25		2.08		0.1		0.46296	0.03	19.1797885945	0.0
4 0 3			0.2		2.28		0.08		0.46296	0.29	62.1413926063	0.0
2 0 7			0.17		2.45		0.07		0.46296	4.16	54.6555056564	0.0
1 0 4			0.14		2.59		0.06		0.46296	0.08	29.3672081998	0.0
3 0 6			0.12		2.72		0.05		0.46296	0.11	59.366558438	0.0
-1 -1 2			0.08		2.8		0.05		0.45759	0.13	32.1995090242	11.6912
3 0 4			0.1		2.9		0.04		0.45759	0.64	50.7360354343	0.0
1 0 8			0.09		2.99		0.04		0.45759	0.24	54.8685935926	0.0
2 0 3			0.08		3.07		0.04		0.45759	0.09	34.3920319457	0.0
4 0 1			0.08		3.15		0.04		0.45759	0.27	58.8934376912	0.0
3 0 0			0.07		3.22		0.03		0.45759	0.45	42.9814560157	0.0
0 0 7			0.07		3.29		0.03		0.45759	0.2	45.7499157105	0.0
1 0 6			0.06		3.35		0.03		0.45759	0.25	41.5701214249	0.0
3 0 8			0.06		3.41		0.03		0.45759	0.3	70.3147352648	0.0
2 0 5			0.06		3.47		0.03		0.45759	5.26	43.4052500519	0.0
3 0 7			-0.04		3.42		0.03		0.44976	0.18	64.5726747292	2.8781
4 0 5			0.05		3.47		0.03		0.44976	0.26	68.3700248267	0.0
1 2 7			-0.05		3.42		0.03		0.4517	0.71	74.291810142	3.5836
3 1 0			0.04		3.47		0.03		0.4517	0.86	50.7823995615	0.002
4 1 3			0.04		3.51		0.02		0.4517	0.15	68.408649436	0.0043
3 1 4			0.02		3.53		0.02		0.45154	0.33	57.7518627408	0.9567
1 0 7			-0.01		3.52		0.02		0.45003	0.54	48.0896902272	2.8781
4 1 1			0.01		3.53		0.02		0.45003	0.21	65.3342299592	0.4263
0 1 8			-0.07		3.46		0.03		0.4529	2.05	59.6041295708	7.5134
2 1 7			-0.07		3.39		0.03		0.45238	0.57	61.3678684761	8.4036
1 1 2			0.03		3.42		0.03		0.45238	0.52	32.1995090242	11.6912
1 1 4			0.01		3.44		0.03		0.45234	0.3	39.4492672371	0.9567
1 -1 2			0.03		3.47		0.03		0.45234	0.39	32.1995090242	11.6912
3 2 3			-0.38		3.09		0.04		0.45232	1.08	73.8091166097	1.7896
4 1 5			-0.02		3.06		0.04		0.45195	1.53	74.3771604481	7.6693
1 1 5			-0.44		2.63		0.08		0.44825	3.06	44.2189644299	8.5457