HKL Value		Reward		TotalReward	Chi Squared	Z Appr. 	Error	Two-Thetas	Sfs2
1 1 7			0.0		0.0		0.0		0.5	0.15	55.34320722	1.1017
-1 -1 -2			0.0		0.0		1.24		0.5261	0.31	32.1995090242	11.6912
2 0 2			0.34		0.34		0.93		0.52951	0.1	31.1263267788	5.5981
1 0 5			0.49		0.84		0.62		0.5309	0.22	35.3149362404	7.049
1 0 0			0.33		1.17		0.47		0.5309	0.0	14.0285801003	0.0
3 0 2			0.25		1.42		0.37		0.5309	0.46	45.0164041053	0.0
4 0 1			0.2		1.62		0.31		0.5309	0.27	58.8934376912	0.0
2 0 1			0.17		1.79		0.27		0.5309	0.15	29.01034049	0.0
0 0 3			0.14		1.93		0.23		0.5309	0.03	19.1797885945	0.0
4 0 3			0.12		2.05		0.21		0.5309	0.29	62.1413926063	0.0
2 0 7			0.11		2.16		0.19		0.5309	4.16	54.6555056564	0.0
0 0 4			-0.43		1.73		0.33		0.52056	0.08	25.6679215219	1.7476
1 0 4			0.09		1.83		0.3		0.52056	0.08	29.3672081998	0.0
3 0 6			0.08		1.91		0.28		0.52056	0.11	59.366558438	0.0
3 0 4			0.08		1.99		0.26		0.52056	0.64	50.7360354343	0.0
1 0 8			0.07		2.06		0.24		0.52056	0.24	54.8685935926	0.0
2 0 3			0.07		2.12		0.22		0.52056	0.09	34.3920319457	0.0
3 0 0			0.06		2.19		0.21		0.52056	0.45	42.9814560157	0.0
0 0 7			0.06		2.25		0.2		0.52056	0.2	45.7499157105	0.0
3 2 3			-0.24		2.0		0.26		0.5185	1.08	73.8091166097	1.7896
1 0 6			0.05		2.05		0.25		0.5185	0.25	41.5701214249	0.0
2 2 3			-0.29		1.76		0.35		0.51503	0.31	64.6616050849	6.6891
3 0 8			0.05		1.81		0.34		0.51503	0.3	70.3147352648	0.0
2 0 5			0.05		1.86		0.32		0.51503	5.26	43.4052500519	0.0
4 0 5			0.04		1.9		0.31		0.51503	0.26	68.3700248267	0.0
3 1 0			0.04		1.94		0.3		0.51503	0.86	50.7823995615	0.002
4 1 3			-0.0		1.94		0.3		0.51329	0.15	68.408649436	0.0043
1 1 4			0.03		1.96		0.29		0.51319	0.3	39.4492672371	0.9567
3 1 4			0.02		1.99		0.28		0.5131	0.33	57.7518627408	0.9567
1 1 2			-0.06		1.93		0.3		0.51008	0.52	32.1995090242	11.6912
4 1 1			0.03		1.96		0.29		0.51006	0.21	65.3342299592	0.4263
-1 -1 2			-0.04		1.92		0.31		0.50556	0.13	32.1995090242	11.6912
1 0 7			2.66		4.58		0.08		0.44375	0.54	48.0896902272	2.8781
3 1 2			0.03		4.6		0.08		0.44395	0.11	52.5840292854	11.6912
4 1 5			0.02		4.63		0.08		0.44365	1.53	74.3771604481	7.6693
2 1 7			0.03		4.66		0.08		0.44347	0.57	61.3678684761	8.4036
1 2 6			0.03		4.68		0.08		0.4437	0.11	69.4566609057	1.2895
3 0 7			0.02		4.71		0.07		0.44379	0.18	64.5726747292	2.8781
2 1 1			0.02		4.73		0.07		0.44379	0.13	39.1745550983	0.4263
1 -1 2			0.02		4.75		0.07		0.44391	0.39	32.1995090242	11.6912
4 1 4			-0.09		4.65		0.08		0.44443	0.37	71.0458443611	0.4076
0 1 5			0.02		4.67		0.08		0.44423	0.34	41.7114803244	7.6693
1 1 6			0.01		4.69		0.08		0.44459	0.38	49.5460147793	8.8974
3 2 2			-0.03		4.65		0.08		0.4444	0.0	71.9603042663	6.6617
3 2 0			-0.02		4.63		0.08		0.4444	0.67	70.467230504	2.2538
3 2 4			-0.0		4.63		0.08		0.4439	0.0	76.369138646	3.3351