Number of epochs: 700e-01
2.499503740252621287e-01
-1.506610709598124875e-01
-2.208281232576898012e-01
6.732577717514348636e-02
-2.992520229392653386e-01
-2.793122218279821545e-01
-1.843884785846760729e-02
-3.745395379277374204e-01
-4.058582555895413196e-02
-2.234348615780694935e-01
-9.470347599349285272e-02
1.020942900980462920e+00
-1.337087937799133763e-01
1.300250758507125737e-01
-1.359482036497992041e-01
6.193377666438226042e-02
2.849934067924833267e-02
9.278785746388085176e-02
-3.614427624835026085e-03
-4.196813814725673941e-01
-5.483328532563260622e-04
-3.642823328091522872e-01
-2.907516261919257730e-02
-2.954558945662698055e-01
-1.681266663610043177e-01
-6.925670274114176239e-02
-4.862898808028144337e-01
3.992900817361254573e-01
-4.681261463743277562e-01
8.441588800159773032e-02
-2.205608902788713244e-01
5.619052617843779684e-02
-2.645557694605513155e-01
1.488789368576900474e-01
-2.558361621584046564e-01
-4.312046711257919683e-03
-2.479948262154816896e-01
-3.390001220011393257e-01
-3.830429049860293866e-01
-7.918980014365476633e-03
-2.294072755321160395e-01
1.797359637778257746e-02
-4.654263528429978813e-01
2.603348661325997515e+00
-2.462557935538404463e-01
7.150295125412853281e-02
-2.477843591139131385e-01
7.342934377758584263e-01
-1.949168696532403711e-01
1.006532799411254536e-01
-1.519547013913704614e-01
1.166298281229317807e-01
-1.443289396994889250e-02
6.047132503477455762e-02
1.171395433958433673e-02
-3.777311654612620084e-01
-2.947768636935935334e-03
-4.111669401116558875e-01
-5.301630740216010766e-03
-3.038930545720900378e-01
-2.152533755048651187e-01
-6.191815510475279227e-02
-3.991470171863039096e-01
-5.316529483373891307e-02
-4.011327371397672148e-01
-5.163024221928189800e-02
-5.016453093049690892e-01
7.797756420034887559e-02
-5.076665817986711904e-01
1.825100709706227731e-01
-1.666511667820674836e-01
4.911600582919506408e-02
-3.156928602362349401e-01
-1.180510291295896602e-01
-2.754784584754788566e-03
2.521714037751377098e-03
-3.835536187770638983e-01
-5.395580613250734563e-03
-1.864674815772155991e-01
-5.792618885617327115e-03
1.611410044572002542e+00
-9.942674054003175499e-03
-2.753828136864088783e-01
-1.993148952680227071e-01
