Number of epochs: 150e-01
2.196333009699494021e-01
-2.088594624482107420e-01
-1.804804122662189425e-01
6.321782424613900386e-02
-2.245408888653699364e-01
-1.949624790051992518e-01
-5.347412448943842517e-02
-3.193721964472692743e-01
-1.428442213840800390e-01
-1.286741136230672711e-01
-1.249782314706514713e-01
1.417034153952180464e+00
-1.694071730109552865e-01
9.638013847054155425e-02
-1.102609298857656212e-01
5.071265142541119680e-02
-1.833948636136320184e-02
7.643994300272610731e-02
4.432321796600122848e-02
-2.802691427152575465e-01
-1.527957834399221951e-03
-3.661852367121976037e-01
-1.114798333651249446e-01
-2.997846633861265264e-01
-2.541525880397864645e-01
-6.914737947597007772e-02
-3.373933463307595693e-01
4.836843449159199393e-01
-3.137136014296674769e-01
7.074481768127614811e-02
-1.256634399190172391e-01
4.689477275937208728e-02
-2.213733606086182026e-01
1.052890909776122846e-01
-1.960000692117944698e-01
-1.002781130861315519e-02
-2.390769112863188606e-01
-2.304605802745995635e-01
-2.588151005107047764e-01
-3.263855636214658268e-02
-2.040390766468443418e-01
-9.743110305869154275e-02
-3.055802203489500490e-01
-2.376432762530457932e-01
-2.398953334949043836e-01
6.172587960026255927e-02
-2.471886540023714718e-01
7.316039731018559866e-01
-1.465043303958381560e-01
8.490753233068246142e-02
-1.707388607759092181e-01
9.025963337937666087e-02
-9.563769373122458020e-03
5.525511953335011939e-02
-2.805188127544305451e-02
-2.876560193274733113e-01
-3.072533020219707367e-02
-2.974569431126357077e-01
-1.526790436478929307e-02
-2.204220394518335013e-01
-1.980945016630254463e-01
-4.528720732768912877e-02
-3.192307600973575687e-01
-3.956443715394770272e-02
-3.429595906175237907e-01
-7.314000838739036225e-02
-3.584091994866496211e-01
6.899657509813873768e-02
-4.677721962804675115e-01
1.315281720058932846e-01
-9.195671038677677434e-02
3.696699994110173165e-02
-2.847870765949213068e-01
-7.413431361962323496e-02
-6.673108033364108863e-03
-1.905364737224413477e-02
-4.687151639308134721e-01
-1.113723115143849980e-02
-1.730823292445375361e-01
-1.940808656584551775e-02
2.136946133649622936e+00
-3.343959345302064800e-03
-1.737660143809186264e-01
-1.333077286855684773e-01
