HKL Value		Reward		TotalReward	Chi Squared	Z Appr. 	Error	Two-Thetas	Sfs2
3 3 7			0.0		0.0		0.0		0.3	0.1558	47.1418707618	3.5073
6 2 10			0.0		0.0		14.21		0.33049	0.7103	71.9901825081	43.9921
6 0 8			3.51		3.51		7.18		0.33015	2.9234	64.163237895	5.3359
4 6 0			1.19		4.7		4.8		0.33015	0.7863	67.1083315067	59.4729
7 1 7			0.43		5.14		3.93		0.33148	0.3505	72.2660298289	5.0526
0 6 2			0.09		5.22		3.76		0.33144	0.2356	55.3895592761	6.1752
0 6 8			0.28		5.5		3.2		0.33105	0.7694	64.1950429677	5.6946
3 1 13			0.19		5.69		2.83		0.33026	0.3869	59.4126405656	11.7895
1 1 7			0.0		5.69		2.82		0.33133	0.2012	29.7561292971	6.5386
6 4 0			0.16		5.85		2.51		0.33133	1.8287	67.0910631577	58.6803
0 6 16			-0.12		5.73		2.63		0.33079	0.4825	89.3859051251	7.6515
0 2 16			-0.41		5.32		3.04		0.32975	1.8687	67.2407114996	13.8307
1 1 5			-8.49		-3.17		11.53		0.36475	1.9661	22.8949597146	247.5537
2 0 16			0.43		-2.73		10.66		0.36451	0.5935	67.2372591268	11.8907
4 6 2			0.29		-2.45		10.09		0.36452	0.2349	67.657370766	5.5969
5 3 9			-0.09		-2.53		10.17		0.36421	0.4833	65.0662013285	20.8409
6 4 2			0.25		-2.28		9.67		0.36422	0.2211	67.6401768609	4.8049
1 3 11			-6.37		-8.66		16.05		0.36413	2.4293	52.0561920156	298.4303
6 0 2			0.4		-8.25		15.24		0.36416	0.2214	55.354768557	5.4487
3 5 5			-1.41		-9.66		16.65		0.36472	1.2751	56.9624934876	133.7285
0 2 14			0.42		-9.25		15.82		0.36469	0.2479	58.6982494177	6.3292
2 0 14			0.37		-8.88		15.08		0.36461	0.2634	58.6945218607	7.3942
4 2 8			0.23		-8.65		14.62		0.3643	0.7605	51.4203212226	2.5419
1 7 7			0.27		-8.38		14.08		0.36433	0.4353	72.3061031614	6.1143
3 5 7			0.26		-8.12		13.57		0.36436	0.2309	60.5203777188	5.6046
1 5 7			0.25		-7.87		13.07		0.36438	0.6035	54.1236034243	4.2528
5 1 7			0.23		-7.65		12.62		0.36441	0.2609	54.1000446603	4.252
5 3 7			0.2		-7.44		12.21		0.36443	0.2523	60.5057581853	5.4388
2 4 8			0.13		-7.32		11.96		0.36411	0.1687	51.4325245866	2.4593
4 2 2			0.09		-7.23		11.79		0.36413	0.457	40.8620305525	12.2524
0 6 10			0.12		-7.11		11.55		0.36412	0.8527	69.1637693973	8.5049
6 0 0			0.11		-7.0		11.33		0.36412	0.7256	54.7363985401	55.434
3 5 9			0.02		-6.98		11.29		0.36386	0.4755	65.0802252419	19.5165
0 2 2			-0.47		-7.45		11.76		0.36383	0.4614	19.2417464495	36.8131
0 4 10			-0.16		-7.61		11.92		0.36433	0.9893	53.7871001638	44.1425
6 0 10			0.1		-7.51		11.72		0.36432	1.0728	69.1331306246	8.9056
2 4 14			0.13		-7.39		11.47		0.36406	0.5221	70.6383718296	19.4111
4 2 10			0.06		-7.32		11.34		0.36402	1.1102	57.0442200735	11.3144
4 2 14			0.11		-7.21		11.11		0.36376	1.2576	70.6282605877	19.9713
0 2 10			-0.07		-7.28		11.18		0.36369	0.4317	42.9590557724	21.0204
2 0 10			-0.05		-7.33		11.24		0.36362	0.6169	42.9543880851	20.236
2 4 2			0.04		-7.29		11.15		0.36364	0.3828	40.8766170199	13.2501
6 0 6			0.08		-7.21		10.98		0.36337	1.0815	60.1501886982	39.9969
0 6 0			0.05		-7.16		10.88		0.36337	1.4277	54.7714555341	59.4019
7 3 1			0.05		-7.11		10.78		0.36334	0.5095	71.5359286583	22.1332
0 0 20			0.07		-7.04		10.65		0.36448	0.4542	83.3712939521	4.3689
1 1 15			0.02		-7.02		10.61		0.36454	0.656	61.3839959686	20.6242
1 5 9			0.04		-6.98		10.54		0.36438	0.4394	58.984264935	17.7365
0 4 20			0.11		-6.88		10.32		0.36423	1.027	94.1654323607	18.6345
5 1 9			0.03		-6.85		10.27		0.36409	0.4583	58.9619928854	19.0838
2 4 10			0.03		-6.82		10.21		0.36408	0.607	57.0555982332	12.0937
1 3 15			0.07		-6.75		10.06		0.36411	0.2862	67.3623786269	8.1809
4 4 10			-0.19		-6.94		10.25		0.36435	0.6886	66.23802526	47.6672
2 2 10			-0.14		-7.08		10.4		0.3646	0.6429	46.7739448495	44.8949
2 6 10			-0.11		-7.19		10.51		0.36488	0.7069	72.0169435829	44.7171