HKL Value		Reward		TotalReward	Chi Squared	Z Appr. 	Error	Two-Thetas	Sfs2
6 0 10			0.0		0.0		0.0		0.3	1.0728	69.1331306246	8.9056
6 2 10			0.0		0.0		0.0		0.42163	0.7103	71.9901825081	43.9921
2 4 2			9.35		9.35		0.27		0.42177	0.3828	40.8766170199	13.2501
2 6 10			11.74		21.09		0.18		0.42166	0.7069	72.0169435829	44.7171
5 3 7			3.47		24.56		1.58		0.37853	0.2523	60.5057581853	5.4388
1 3 7			4.53		29.09		1.28		0.37841	0.1893	39.2755843192	5.3372
4 6 0			4.91		34.0		1.08		0.37841	0.7863	67.1083315067	59.4729
5 1 7			5.25		39.25		0.93		0.37831	0.2609	54.1000446603	4.252
4 4 10			5.48		44.73		0.85		0.37861	0.6886	66.23802526	47.6672
6 4 0			5.81		50.55		0.75		0.37861	1.8287	67.0910631577	58.6803
2 4 10			5.87		56.42		0.73		0.3789	0.607	57.0555982332	12.0937
0 0 10			6.17		62.59		0.66		0.37884	0.8316	38.8438017949	41.7013
3 1 9			5.29		67.88		0.86		0.37898	0.36	45.2950695798	8.7768
3 3 7			5.37		73.25		0.87		0.37875	0.1558	47.1418707618	3.5073
0 0 16			5.58		78.83		0.81		0.37883	1.3342	64.286058028	116.6634
2 4 12			5.21		84.04		0.91		0.37881	0.2205	63.4791913795	4.8908
0 2 14			5.27		89.31		0.9		0.37906	0.2479	58.6982494177	6.3292
9 1 1			4.38		93.69		1.22		0.37903	0.8793	87.9915459652	19.6393
1 5 9			3.55		97.24		1.79		0.37908	0.4394	58.984264935	17.7365
2 0 14			3.79		101.03		1.75		0.37935	0.2634	58.6945218607	7.3942
1 3 9			3.76		104.8		1.76		0.37943	0.2622	45.3040218183	7.1674
0 2 16			3.43		108.23		2.02		0.38016	1.8687	67.2407114996	13.8307
6 4 2			3.55		111.78		1.99		0.38018	0.2211	67.6401768609	4.8049
4 6 2			3.55		115.33		1.99		0.38021	0.2349	67.657370766	5.5969
5 5 7			3.59		118.92		1.95		0.38004	0.6639	72.2860687267	4.3062
6 0 2			3.66		122.58		1.89		0.38006	0.2214	55.354768557	5.4487
0 6 0			3.42		126.01		2.06		0.38006	1.4277	54.7714555341	59.4019
2 4 14			3.15		129.16		2.38		0.38036	0.5221	70.6383718296	19.4111
4 2 8			3.01		132.16		2.64		0.3806	0.7605	51.4203212226	2.5419