HKL Value		Reward		TotalReward	Chi Squared	Z Appr. 	Error	Two-Thetas	Sfs2
6 0 10			0.0		0.0		0.0		0.3	1.0728	69.1331306246	8.9056
2 6 10			0.0		0.0		0.0		0.42149	0.7069	72.0169435829	44.7171
1 1 9			13.68		13.68		0.13		0.42103	0.2216	37.1193146943	1.1702
7 1 3			0.04		13.72		21.93		0.42034	1.4031	66.8553232335	91.2915
6 2 10			1.8		15.51		16.5		0.42075	0.7103	71.9901825081	43.9921
5 3 7			2.82		18.33		8.37		0.37631	0.2523	60.5057581853	5.4388
1 3 7			2.13		20.46		6.98		0.37635	0.1893	39.2755843192	5.3372
4 6 0			2.23		22.69		5.99		0.37635	0.7863	67.1083315067	59.4729
5 1 7			2.33		25.02		5.24		0.37638	0.2609	54.1000446603	4.252
0 4 2			0.51		25.53		13.3		0.37702	3.2657	36.5744795411	137.7475
0 4 10			1.62		27.15		11.99		0.37732	0.9893	53.7871001638	44.1425
0 6 10			1.66		28.81		10.91		0.37743	0.8527	69.1637693973	8.5049
4 4 10			1.7		30.51		10.05		0.37778	0.6886	66.23802526	47.6672
3 5 7			1.76		32.27		9.28		0.37779	0.2309	60.5203777188	5.6046
6 4 0			1.81		34.07		8.62		0.37779	1.8287	67.0910631577	58.6803
2 4 10			1.84		35.91		8.1		0.37806	0.607	57.0555982332	12.0937
1 1 7			1.9		37.81		7.6		0.378	0.2012	29.7561292971	6.5386
0 0 10			1.94		39.75		7.16		0.37806	0.8316	38.8438017949	41.7013
2 2 10			1.99		41.74		6.77		0.37816	0.6429	46.7739448495	44.8949
3 1 9			1.98		43.73		6.58		0.37826	0.36	45.2950695798	8.7768
3 3 7			2.05		45.77		6.29		0.37814	0.1558	47.1418707618	3.5073
0 0 16			2.1		47.87		6.0		0.3782	1.3342	64.286058028	116.6634
2 4 12			2.1		49.97		5.82		0.37819	0.2205	63.4791913795	4.8908
0 2 14			2.15		52.12		5.62		0.37839	0.2479	58.6982494177	6.3292
9 1 1			2.1		54.22		5.65		0.37836	0.8793	87.9915459652	19.6393
1 3 9			2.16		56.37		5.52		0.37844	0.2622	45.3040218183	7.1674
6 0 8			2.08		58.45		5.65		0.37858	2.9234	64.163237895	5.3359
2 0 14			2.16		60.61		5.5		0.37879	0.2634	58.6945218607	7.3942
5 5 7			2.2		62.82		5.32		0.3787	0.6639	72.2860687267	4.3062
0 2 16			2.12		64.94		5.44		0.37925	1.8687	67.2407114996	13.8307
4 6 2			2.19		67.13		5.32		0.37927	0.2349	67.657370766	5.5969
6 4 2			2.22		69.35		5.2		0.37929	0.2211	67.6401768609	4.8049
1 5 7			2.26		71.6		5.04		0.37924	0.6035	54.1236034243	4.2528
0 6 2			2.28		73.89		4.91		0.37926	0.2356	55.3895592761	6.1752
6 0 2			2.32		76.2		4.78		0.37928	0.2214	55.354768557	5.4487
2 4 2			2.27		78.47		4.82		0.37931	0.3828	40.8766170199	13.2501
0 6 0			2.26		80.73		4.86		0.37931	1.4277	54.7714555341	59.4019
1 7 7			2.33		83.06		4.73		0.37932	0.4353	72.3061031614	6.1143
2 4 14			2.22		85.28		4.9		0.37954	0.5221	70.6383718296	19.4111
0 6 8			2.23		87.51		4.97		0.37968	0.7694	64.1950429677	5.6946
4 2 10			2.3		89.8		4.85		0.37972	1.1102	57.0442200735	11.3144
6 0 0			2.27		92.08		4.84		0.37972	0.7256	54.7363985401	55.434
4 2 8			2.22		94.29		4.97		0.37989	0.7605	51.4203212226	2.5419
5 1 9			2.17		96.46		5.14		0.37993	0.4583	58.9619928854	19.0838
7 3 5			2.24		98.7		5.07		0.38	1.0496	74.7140851895	88.0788
2 2 6			0.37		99.07		14.89		0.37902	8.3224	34.2684003079	615.2447
4 0 10			1.35		100.42		14.57		0.379	0.6243	53.7713327333	45.2096
3 3 15			1.36		101.78		14.28		0.3791	0.3402	73.0835579415	3.8877
3 3 9			1.35		103.13		14.1		0.37918	0.3816	52.4524123761	12.0632
5 3 9			1.34		104.47		14.07		0.37925	0.4833	65.0662013285	20.8409
1 7 5			1.35		105.81		13.99		0.37941	1.0841	69.0835930101	99.7513
2 0 10			1.37		107.18		13.79		0.37966	0.6169	42.9543880851	20.236
7 3 1			1.37		108.55		13.68		0.37964	0.5095	71.5359286583	22.1332
4 2 12			1.39		109.94		13.46		0.37963	0.2244	63.468523569	4.7972
0 4 16			1.4		111.34		13.26		0.37988	1.5557	75.7704700384	94.8658
0 2 8			1.41		112.75		13.06		0.37993	0.1155	35.7619852008	1.7384
1 1 5			1.19		113.93		14.21		0.38023	1.9661	22.8949597146	247.5537
2 0 8			1.36		115.3		14.0		0.38028	0.1665	35.7565424018	1.5727
3 1 15			1.37		116.67		13.81		0.38041	0.2871	67.3554895111	7.7692
6 4 4			1.35		118.02		13.78		0.3804	0.6669	69.2748711385	33.991
5 5 1			1.36		119.38		13.68		0.38038	0.5073	65.769247456	23.9531
1 3 1			1.33		120.71		13.81		0.38036	0.5324	28.3265170018	42.1271
0 2 4			1.19		121.9		14.74		0.38034	1.326	23.4223631322	110.0283
0 2 12			1.31		123.21		14.68		0.38037	0.3827	50.6142203783	17.5707
0 6 16			1.3		124.51		14.71		0.38113	0.4825	89.3859051251	7.6515
3 3 1			1.3		125.81		14.73		0.38111	0.5106	38.1558496662	33.1617
2 4 0			1.31		127.12		14.71		0.38111	1.4359	40.0960076051	88.2765
2 6 6			0.84		127.96		17.97		0.38061	5.383	63.2392339525	346.2148
7 1 1			1.19		129.15		17.88		0.3806	0.5207	65.7483230412	25.2044
3 5 1			1.19		130.34		17.84		0.38058	0.5283	53.2544885252	31.9012
5 5 5			1.21		131.55		17.65		0.38066	1.5862	69.0631626084	104.8873
2 2 16			1.23		132.78		17.4		0.38069	1.1693	70.1293332912	108.6018
1 3 15			1.23		134.0		17.2		0.38082	0.2862	67.3623786269	8.1809
4 2 2			1.23		135.23		17.04		0.38084	0.457	40.8620305525	12.2524
3 7 5			1.24		136.47		16.83		0.3809	1.0548	74.7470539899	89.5814
3 5 9			1.23		137.7		16.76		0.38094	0.4755	65.0802252419	19.5165
2 0 12			1.23		138.94		16.67		0.38098	0.8079	50.6101057273	16.6151
4 2 6			1.2		140.13		16.87		0.38078	1.6049	46.7233273538	62.1975
0 4 20			1.24		141.37		16.75		0.381	1.027	94.1654323607	18.6345
1 3 3			1.19		142.56		16.94		0.38092	0.7045	30.3940112777	66.1614
4 4 0			0.73		143.29		20.81		0.38092	4.9852	51.3853572345	648.027
3 5 5			1.09		144.38		20.82		0.38106	1.2751	56.9624934876	133.7285