HKL Value		Reward		TotalReward	Chi Squared	Z Appr. 	Error	Two-Thetas	Sfs2
2 6 10			0.0		0.0		0.0		0.3	0.7069	72.0169435829	44.7171
6 0 10			0.0		0.0		0.0		0.42149	1.0728	69.1331306246	8.9056
6 2 10			100.76		100.76		0.0		0.42157	0.7103	71.9901825081	43.9921
2 4 10			11.51		112.28		0.18		0.4211	0.607	57.0555982332	12.0937
1 3 7			12.15		124.43		0.17		0.37877	0.1893	39.2755843192	5.3372
0 2 16			3.35		127.78		1.66		0.38042	1.8687	67.2407114996	13.8307
6 4 2			3.96		131.74		1.61		0.38047	0.2211	67.6401768609	4.8049
4 6 2			3.9		135.64		1.64		0.38052	0.2349	67.657370766	5.5969
0 6 0			3.15		138.79		2.25		0.38052	1.4277	54.7714555341	59.4019
4 4 12			0.77		139.56		8.9		0.38178	1.9475	72.2035773977	130.2426
7 3 1			1.7		141.25		8.82		0.38173	0.5095	71.5359286583	22.1332
5 3 9			1.61		142.87		9.1		0.38191	0.4833	65.0662013285	20.8409
5 1 9			1.6		144.47		9.34		0.382	0.4583	58.9619928854	19.0838
4 0 12			0.62		145.09		15.55		0.38361	2.7435	60.4154589103	161.2613
3 3 1			1.26		146.35		15.57		0.38356	0.5106	38.1558496662	33.1617