HKL Value		Reward		TotalReward	Chi Squared	Z Appr. 	Error	Two-Thetas	Sfs2
6 0 10			0.0		0.0		0.0		0.3	1.0728	69.1331306246	8.9056
6 2 10			0.0		0.0		0.0		0.42163	0.7103	71.9901825081	43.9921
2 6 10			100.78		100.78		0.0		0.42157	0.7069	72.0169435829	44.7171
5 3 7			71.69		172.47		0.0		0.37839	0.2523	60.5057581853	5.4388
1 3 7			34.44		206.91		0.02		0.37828	0.1893	39.2755843192	5.3372
4 6 0			31.5		238.41		0.03		0.37828	0.7863	67.1083315067	59.4729
5 1 7			28.79		267.21		0.03		0.37819	0.2609	54.1000446603	4.252
3 1 3			1.41		268.62		4.6		0.37771	1.2003	30.3814370344	67.5761
4 4 10			2.59		271.21		4.08		0.37815	0.6886	66.23802526	47.6672
6 4 0			2.73		273.94		3.63		0.37815	1.8287	67.0910631577	58.6803
4 4 0			0.0		273.94		35.89		0.37815	4.9852	51.3853572345	648.027
2 4 10			1.12		275.07		32.69		0.3785	0.607	57.0555982332	12.0937
1 1 7			1.13		276.2		29.98		0.37839	0.2012	29.7561292971	6.5386
0 0 10			1.15		277.35		27.67		0.37841	0.8316	38.8438017949	41.7013
3 1 9			1.14		278.49		25.92		0.37855	0.36	45.2950695798	8.7768
3 3 7			1.17		279.66		24.24		0.37835	0.1558	47.1418707618	3.5073
0 0 16			1.19		280.85		22.74		0.37845	1.3342	64.286058028	116.6634
2 4 12			1.2		282.04		21.53		0.37843	0.2205	63.4791913795	4.8908
0 2 14			1.22		283.27		20.39		0.3787	0.2479	58.6982494177	6.3292
9 1 1			1.2		284.47		19.66		0.37866	0.8793	87.9915459652	19.6393
0 2 16			1.2		285.67		19.11		0.37948	1.8687	67.2407114996	13.8307
2 0 14			1.26		286.93		18.24		0.3797	0.2634	58.6945218607	7.3942
6 4 2			1.28		288.21		17.48		0.37972	0.2211	67.6401768609	4.8049
5 5 7			1.3		289.51		16.75		0.37957	0.6639	72.2860687267	4.3062
4 6 2			1.32		290.83		16.13		0.37959	0.2349	67.657370766	5.5969
1 3 9			1.33		292.16		15.56		0.37967	0.2622	45.3040218183	7.1674
2 4 2			1.32		293.49		15.2		0.37971	0.3828	40.8766170199	13.2501
7 3 3			1.2		294.69		15.73		0.37953	1.9283	72.601334037	69.5466
6 0 2			1.35		296.03		15.18		0.37955	0.2214	55.354768557	5.4487
0 6 0			1.33		297.37		14.88		0.37955	1.4277	54.7714555341	59.4019
4 4 6			0.38		297.75		23.1		0.37814	4.3817	57.0116572758	400.3855
2 4 14			1.08		298.83		22.74		0.37849	0.5221	70.6383718296	19.4111
4 2 8			1.09		299.92		22.37		0.37879	0.7605	51.4203212226	2.5419
7 3 5			1.13		301.05		21.76		0.37896	1.0496	74.7140851895	88.0788
5 1 9			1.11		302.16		21.48		0.37902	0.4583	58.9619928854	19.0838
5 3 9			1.11		303.27		21.23		0.37915	0.4833	65.0662013285	20.8409
7 3 1			1.13		304.4		20.86		0.37912	0.5095	71.5359286583	22.1332
3 3 1			1.11		305.51		20.72		0.37908	0.5106	38.1558496662	33.1617
4 0 14			1.02		306.54		21.32		0.36252	1.986	67.7459682929	124.3248
0 4 20			1.15		307.69		20.78		0.36301	1.027	94.1654323607	18.6345
6 0 8			1.15		308.84		20.33		0.36272	2.9234	64.163237895	5.3359
0 4 16			1.16		310.0		19.92		0.36346	1.5557	75.7704700384	94.8658
7 1 1			1.15		311.15		19.69		0.36344	0.5207	65.7483230412	25.2044
3 1 15			1.18		312.33		19.29		0.36351	0.2871	67.3554895111	7.7692
6 4 4			1.16		313.49		19.15		0.36357	0.6669	69.2748711385	33.991
3 5 1			1.16		314.65		19.03		0.36354	0.5283	53.2544885252	31.9012
3 3 9			1.19		315.84		18.72		0.36333	0.3816	52.4524123761	12.0632
4 2 12			1.21		317.04		18.36		0.36323	0.2244	63.468523569	4.7972
3 5 9			1.19		318.24		18.17		0.36296	0.4755	65.0802252419	19.5165
2 4 8			1.21		319.45		17.88		0.36266	0.1687	51.4325245866	2.4593
0 2 8			1.23		320.68		17.52		0.36263	0.1155	35.7619852008	1.7384
2 2 16			1.22		321.91		17.33		0.36352	1.1693	70.1293332912	108.6018
4 2 10			1.23		323.14		17.12		0.36349	1.1102	57.0442200735	11.3144
4 2 2			1.24		324.37		16.93		0.36349	0.457	40.8620305525	12.2524
0 6 6			1.25		325.62		16.7		0.36329	1.0147	60.183190367	40.9583
5 5 1			1.25		326.87		16.51		0.36327	0.5073	65.769247456	23.9531
1 7 1			1.24		328.12		16.42		0.36324	0.5219	65.7901743415	26.2984
4 6 4			1.24		329.36		16.35		0.36329	1.0731	69.291881243	33.3045
2 4 6			1.25		330.61		16.26		0.36299	0.785	46.7364348384	64.2552
0 2 10			1.25		331.86		16.22		0.36292	0.4317	42.9590557724	21.0204
1 1 3			1.24		333.1		16.21		0.36285	0.4514	16.9416048235	36.8187
7 1 5			1.22		334.32		16.36		0.36321	1.5264	69.0427278305	98.726
1 5 9			1.26		335.58		16.19		0.36297	0.4394	58.984264935	17.7365
1 1 15			1.26		336.84		16.08		0.36309	0.656	61.3839959686	20.6242
0 0 14			1.24		338.09		16.1		0.36269	0.8389	55.4890953336	74.9432
4 2 4			1.19		339.28		16.45		0.36274	0.7624	43.1345383828	64.2766
1 5 1			1.24		340.52		16.39		0.36272	0.4978	46.196563203	27.3004
5 3 1			1.24		341.76		16.35		0.36269	0.5252	53.2386121167	32.835
1 3 1			1.23		342.99		16.4		0.36266	0.5324	28.3265170018	42.1271
0 6 16			1.27		344.26		16.17		0.36261	0.4825	89.3859051251	7.6515
0 2 2			1.22		345.48		16.32		0.3626	0.4614	19.2417464495	36.8131
2 0 8			1.27		346.75		16.09		0.36257	0.1665	35.7565424018	1.5727
3 1 1			1.24		347.99		16.14		0.36255	0.5239	28.3131072915	41.7464
3 1 7			1.28		349.27		15.93		0.36255	0.257	39.2655360855	5.205
6 4 6			1.29		350.56		15.72		0.36255	0.9247	71.9614498967	41.9809
0 6 18			1.29		351.85		15.52		0.36254	0.7949	98.0280769063	1.8601
0 2 18			1.3		353.15		15.33		0.36254	0.3755	76.3208597895	3.7538
1 7 7			1.3		354.45		15.16		0.36256	0.4353	72.3061031614	6.1143
7 1 7			1.31		355.76		14.99		0.36258	0.3505	72.2660298289	5.0526
0 2 20			1.32		357.08		14.8		0.36265	0.4494	86.0769303832	2.8517
5 1 1			1.31		358.39		14.77		0.36263	0.5346	46.1701152	26.7419
5 5 5			1.29		359.68		14.82		0.36287	1.5862	69.0631626084	104.8873
4 0 12			1.18		360.86		15.56		0.36213	2.7435	60.4154589103	161.2613
4 6 6			1.3		362.16		15.38		0.36212	1.1903	71.9781772466	41.9784
2 2 10			1.27		363.43		15.44		0.36236	0.6429	46.7739448495	44.8949
6 0 6			1.29		364.72		15.3		0.36224	1.0815	60.1501886982	39.9969
3 7 1			1.29		366.01		15.2		0.36222	1.2822	71.5694631273	22.2453
1 5 13			1.31		367.32		15.03		0.36233	1.1973	71.2966048402	12.6128
5 1 5			1.23		368.56		15.4		0.36263	1.1901	50.2495039981	127.1383
0 6 14			1.3		369.85		15.26		0.3625	0.9096	81.7552219026	27.2955
0 6 4			1.27		371.12		15.35		0.36253	0.6675	57.2171401797	42.9768
4 2 14			1.3		372.42		15.2		0.36244	1.2576	70.6282605877	19.9713
4 2 0			1.29		373.7		15.18		0.36244	0.9287	40.0811891304	86.5118
3 5 3			1.25		374.95		15.39		0.36236	0.9259	54.5093201099	87.7589
0 6 12			1.3		376.25		15.23		0.36234	0.3425	75.0250979777	1.887
0 0 18			1.3		377.55		15.13		0.3624	0.6609	73.530655613	37.988
3 7 5			1.29		378.84		15.13		0.3626	1.0548	74.7470539899	89.5814
3 7 3			1.27		380.11		15.21		0.36255	0.8954	72.6346668965	71.6226
0 0 20			1.29		381.4		15.16		0.36355	0.4542	83.3712939521	4.3689
2 6 4			1.23		382.63		15.51		0.36353	0.8772	60.3635846112	78.02
3 3 3			1.25		383.88		15.61		0.36348	0.8081	39.7679129272	70.9373
0 6 10			1.28		385.16		15.5		0.36347	0.8527	69.1637693973	8.5049