HKL Value		Reward		TotalReward	Chi Squared	Z Appr. 	Error	Two-Thetas	Sfs2
6 0 10			0.0		0.0		0.0		0.3	1.0728	69.1331306246	8.9056
2 6 10			0.0		0.0		0.0		0.42149	0.7069	72.0169435829	44.7171
6 2 10			100.76		100.76		0.0		0.42157	0.7103	71.9901825081	43.9921
5 3 7			71.69		172.45		0.0		0.37839	0.2523	60.5057581853	5.4388
1 3 7			34.44		206.9		0.02		0.37828	0.1893	39.2755843192	5.3372
4 6 0			31.5		238.4		0.03		0.37828	0.7863	67.1083315067	59.4729
5 1 7			28.79		267.19		0.03		0.3782	0.2609	54.1000446603	4.252
5 5 1			4.26		271.45		1.12		0.37812	0.5073	65.769247456	23.9531
0 4 10			5.12		276.57		0.98		0.37818	0.9893	53.7871001638	44.1425
0 6 10			5.41		281.99		0.87		0.37818	0.8527	69.1637693973	8.5049
4 4 10			5.57		287.56		0.81		0.37842	0.6886	66.23802526	47.6672
3 5 7			5.85		293.42		0.74		0.37841	0.2309	60.5203777188	5.6046
6 0 12			6.1		299.52		0.68		0.3784	0.5892	74.995462768	0.9301
6 4 0			6.34		305.86		0.63		0.3784	1.8287	67.0910631577	58.6803
2 4 10			6.32		312.18		0.63		0.37862	0.607	57.0555982332	12.0937
1 1 7			6.49		318.67		0.6		0.37854	0.2012	29.7561292971	6.5386
0 0 10			6.7		325.37		0.56		0.37854	0.8316	38.8438017949	41.7013
2 2 10			6.89		332.27		0.53		0.37859	0.6429	46.7739448495	44.8949
3 1 9			6.02		338.28		0.67		0.37868	0.36	45.2950695798	8.7768
3 3 7			6.06		344.34		0.68		0.37855	0.1558	47.1418707618	3.5073
0 0 16			6.2		350.54		0.65		0.37861	1.3342	64.286058028	116.6634
2 4 12			5.82		356.37		0.73		0.37859	0.2205	63.4791913795	4.8908
0 2 14			5.81		362.18		0.74		0.37877	0.2479	58.6982494177	6.3292
9 1 1			4.93		367.11		0.98		0.37875	0.8793	87.9915459652	19.6393