HKL Value		Reward		TotalReward	Chi Squared	Z Appr. 	Error	Two-Thetas	Sfs2
6 0 10			0.0		0.0		0.0		0.3	1.0728	69.1331306246	8.9056
6 2 10			0.0		0.0		0.0		0.42163	0.7103	71.9901825081	43.9921
2 6 10			100.78		100.78		0.0		0.42157	0.7069	72.0169435829	44.7171
0 4 20			2.02		102.8		3.16		0.42055	1.027	94.1654323607	18.6345
5 3 7			0.0		102.8		62.6		0.41043	0.2523	60.5057581853	5.4388
1 3 7			7.16		109.96		1.95		0.37906	0.1893	39.2755843192	5.3372
0 4 10			4.02		113.99		1.63		0.37887	0.9893	53.7871001638	44.1425
4 6 0			4.3		118.29		1.41		0.37887	0.7863	67.1083315067	59.4729
5 1 7			4.54		122.83		1.25		0.37875	0.2609	54.1000446603	4.252
0 6 10			4.8		127.63		1.11		0.37866	0.8527	69.1637693973	8.5049
3 5 7			5.05		132.68		1.0		0.37864	0.2309	60.5203777188	5.6046
4 4 10			5.24		137.92		0.92		0.37881	0.6886	66.23802526	47.6672
6 2 0			0.03		137.95		24.36		0.37881	4.3933	57.9728440251	566.5186
6 4 0			1.23		139.18		22.49		0.37881	1.8287	67.0910631577	58.6803
2 4 10			1.25		140.43		20.91		0.37902	0.607	57.0555982332	12.0937
1 1 7			1.27		141.7		19.54		0.37891	0.2012	29.7561292971	6.5386
0 0 10			1.3		143.0		18.32		0.37886	0.8316	38.8438017949	41.7013
3 1 9			1.3		144.3		17.42		0.37897	0.36	45.2950695798	8.7768
2 2 10			1.34		145.64		16.45		0.37898	0.6429	46.7739448495	44.8949
3 3 7			1.36		147.0		15.64		0.37882	0.1558	47.1418707618	3.5073
0 0 16			1.39		148.39		14.86		0.37887	1.3342	64.286058028	116.6634
2 4 12			1.4		149.78		14.26		0.37886	0.2205	63.4791913795	4.8908
0 2 14			1.43		151.21		13.65		0.37904	0.2479	58.6982494177	6.3292
9 1 1			1.41		152.62		13.33		0.37902	0.8793	87.9915459652	19.6393
2 0 14			1.46		154.08		12.83		0.37922	0.2634	58.6945218607	7.3942
0 2 16			1.43		155.51		12.63		0.3798	1.8687	67.2407114996	13.8307
4 0 4			1.14		156.65		14.18		0.37982	1.2165	39.0343929222	79.1487
6 4 2			1.41		158.06		13.7		0.37984	0.2211	67.6401768609	4.8049
5 5 7			1.43		159.49		13.25		0.37971	0.6639	72.2860687267	4.3062
4 6 2			1.44		160.94		12.85		0.37973	0.2349	67.657370766	5.5969
1 3 9			1.46		162.4		12.49		0.37979	0.2622	45.3040218183	7.1674
1 5 7			1.49		163.89		12.1		0.37973	0.6035	54.1236034243	4.2528
6 0 2			1.51		165.4		11.73		0.37975	0.2214	55.354768557	5.4487
2 4 2			1.49		166.89		11.56		0.37978	0.3828	40.8766170199	13.2501
0 6 2			1.54		168.43		11.24		0.3798	0.2356	55.3895592761	6.1752
0 6 0			1.52		169.95		11.1		0.3798	1.4277	54.7714555341	59.4019
2 4 14			1.5		171.45		11.1		0.38003	0.5221	70.6383718296	19.4111
0 6 8			1.52		172.97		10.99		0.38017	0.7694	64.1950429677	5.6946
1 7 7			1.57		174.54		10.7		0.38017	0.4353	72.3061031614	6.1143
4 2 8			1.53		176.07		10.68		0.38036	0.7605	51.4203212226	2.5419
5 1 9			1.52		177.59		10.72		0.38039	0.4583	58.9619928854	19.0838
7 3 5			1.57		179.17		10.5		0.38046	1.0496	74.7140851895	88.0788
4 2 10			1.6		180.77		10.25		0.38046	1.1102	57.0442200735	11.3144
5 3 9			1.55		182.32		10.29		0.38052	0.4833	65.0662013285	20.8409
4 0 10			1.61		183.93		10.07		0.38041	0.6243	53.7713327333	45.2096
5 1 1			1.56		185.49		10.14		0.38039	0.5346	46.1701152	26.7419
2 2 8			1.22		186.71		11.89		0.38019	1.8488	40.1384116224	216.1995
4 2 14			1.45		188.16		11.87		0.38039	1.2576	70.6282605877	19.9713
6 0 0			1.48		189.64		11.72		0.38039	0.7256	54.7363985401	55.434
7 3 1			1.48		191.12		11.64		0.38038	0.5095	71.5359286583	22.1332
4 0 0			0.34		191.46		20.93		0.38038	8.3901	35.6934066618	787.9925
2 0 4			0.97		192.43		21.91		0.38035	1.3874	23.4143586184	109.347
3 3 9			1.11		193.54		21.59		0.3804	0.3816	52.4524123761	12.0632
4 2 12			1.12		194.66		21.23		0.38039	0.2244	63.468523569	4.7972
0 4 16			1.13		195.79		20.87		0.3806	1.5557	75.7704700384	94.8658
2 0 10			1.14		196.92		20.55		0.38077	0.6169	42.9543880851	20.236
3 1 15			1.14		198.07		20.22		0.38091	0.2871	67.3554895111	7.7692
2 0 8			1.15		199.22		19.9		0.38095	0.1665	35.7565424018	1.5727
3 3 15			1.17		200.39		19.56		0.38102	0.3402	73.0835579415	3.8877
1 7 5			1.16		201.54		19.38		0.38112	1.0841	69.0835930101	99.7513
3 5 9			1.15		202.7		19.24		0.38116	0.4755	65.0802252419	19.5165
0 6 16			1.15		203.85		19.15		0.38178	0.4825	89.3859051251	7.6515
3 3 1			1.15		205.0		19.09		0.38177	0.5106	38.1558496662	33.1617
3 5 1			1.15		206.15		19.03		0.38176	0.5283	53.2544885252	31.9012
6 0 8			1.17		207.32		18.84		0.38186	2.9234	64.163237895	5.3359
5 5 5			1.18		208.51		18.61		0.38191	1.5862	69.0631626084	104.8873
3 5 5			1.15		209.66		18.65		0.38201	1.2751	56.9624934876	133.7285
6 4 4			1.17		210.83		18.56		0.382	0.6669	69.2748711385	33.991
7 1 1			1.17		212.0		18.46		0.38199	0.5207	65.7483230412	25.2044
4 2 6			1.13		213.14		18.68		0.38184	1.6049	46.7233273538	62.1975
2 4 8			1.18		214.31		18.54		0.38196	0.1687	51.4325245866	2.4593
5 5 1			1.18		215.5		18.39		0.38195	0.5073	65.769247456	23.9531
1 7 1			1.18		216.67		18.31		0.38194	0.5219	65.7901743415	26.2984
7 1 5			1.19		217.86		18.17		0.38201	1.5264	69.0427278305	98.726
7 3 3			1.15		219.01		18.33		0.38194	1.9283	72.601334037	69.5466
0 4 0			0.47		219.48		24.82		0.38194	6.137	35.7152072575	818.959
0 2 10			1.04		220.52		24.52		0.38204	0.4317	42.9590557724	21.0204
0 2 8			1.04		221.56		24.22		0.38207	0.1155	35.7619852008	1.7384
5 3 1			1.03		222.59		24.11		0.38206	0.5252	53.2386121167	32.835
3 7 5			1.05		223.64		23.83		0.38209	1.0548	74.7470539899	89.5814
1 3 3			1.01		224.65		23.94		0.38203	0.7045	30.3940112777	66.1614
2 2 16			1.06		225.71		23.65		0.38199	1.1693	70.1293332912	108.6018
4 2 0			1.04		226.75		23.52		0.38199	0.9287	40.0811891304	86.5118
4 6 4			1.05		227.8		23.38		0.38198	1.0731	69.291881243	33.3045
0 6 14			1.04		228.84		23.29		0.3821	0.9096	81.7552219026	27.2955
0 6 6			1.04		229.88		23.28		0.382	1.0147	60.183190367	40.9583
6 0 6			1.04		230.92		23.25		0.3819	1.0815	60.1501886982	39.9969
1 5 9			1.05		231.97		23.11		0.38191	0.4394	58.984264935	17.7365
4 2 2			1.06		233.04		22.91		0.38193	0.457	40.8620305525	12.2524
1 1 3			1.05		234.08		22.89		0.38189	0.4514	16.9416048235	36.8187
1 3 15			1.07		235.16		22.66		0.382	0.2862	67.3623786269	8.1809
1 1 13			0.94		236.09		23.63		0.38116	0.3722	52.9310122384	10.9703
1 5 5			1.03		237.12		23.64		0.38132	1.8923	50.2743192378	127.3636
0 2 20			1.04		238.16		23.56		0.38241	0.4494	86.0769303832	2.8517
0 6 12			1.06		239.22		23.31		0.3824	0.3425	75.0250979777	1.887
1 1 15			1.05		240.27		23.19		0.38253	0.656	61.3839959686	20.6242
6 4 6			1.05		241.32		23.1		0.38242	0.9247	71.9614498967	41.9809
1 1 1			1.04		242.35		23.14		0.3824	0.5749	13.0194761966	56.7652
0 6 18			1.09		243.44		22.76		0.36576	0.7949	98.0280769063	1.8601
5 1 5			1.02		244.46		22.95		0.36601	1.1901	50.2495039981	127.1383
0 2 2			1.04		245.5		22.99		0.36601	0.4614	19.2417464495	36.8131
2 4 6			1.05		246.56		22.91		0.3658	0.785	46.7364348384	64.2552