HKL Value		Reward		TotalReward	Chi Squared	Z Appr. 	Error	Two-Thetas	Sfs2
6 0 10			0.0		0.0		0.0		0.3	1.0728	69.1331306246	8.9056
6 2 10			0.0		0.0		0.0		0.42163	0.7103	71.9901825081	43.9921
2 6 10			100.78		100.78		0.0		0.42157	0.7069	72.0169435829	44.7171
5 3 7			71.69		172.47		0.0		0.37839	0.2523	60.5057581853	5.4388
1 3 7			34.44		206.91		0.02		0.37828	0.1893	39.2755843192	5.3372
4 6 0			31.5		238.41		0.03		0.37828	0.7863	67.1083315067	59.4729
0 4 10			34.35		272.77		0.02		0.37831	0.9893	53.7871001638	44.1425
5 1 7			30.72		303.49		0.03		0.37824	0.2609	54.1000446603	4.252
0 6 10			32.85		336.33		0.02		0.37823	0.8527	69.1637693973	8.5049
0 0 12			0.07		336.41		18.8		0.37928	3.2426	47.0346015839	274.3783
5 1 3			0.94		337.35		20.42		0.37882	0.9592	47.5591860667	88.1873
6 0 12			1.35		338.71		18.57		0.37881	0.5892	74.995462768	0.9301
6 4 2			1.36		340.07		17.14		0.37886	0.2211	67.6401768609	4.8049
3 5 7			1.41		341.48		15.83		0.37882	0.2309	60.5203777188	5.6046
4 4 10			1.44		342.91		14.7		0.37898	0.6886	66.23802526	47.6672
6 4 0			1.47		344.38		13.72		0.37898	1.8287	67.0910631577	58.6803
2 4 10			1.5		345.88		12.89		0.37918	0.607	57.0555982332	12.0937
1 1 7			1.53		347.41		12.15		0.37906	0.2012	29.7561292971	6.5386
0 0 10			1.57		348.98		11.48		0.37899	0.8316	38.8438017949	41.7013
2 2 10			1.6		350.58		10.87		0.37899	0.6429	46.7739448495	44.8949
3 1 9			1.6		352.18		10.48		0.3791	0.36	45.2950695798	8.7768
3 3 7			1.64		353.82		10.03		0.37892	0.1558	47.1418707618	3.5073
0 0 16			1.68		355.51		9.58		0.37897	1.3342	64.286058028	116.6634
2 4 12			1.69		357.2		9.26		0.37896	0.2205	63.4791913795	4.8908
0 2 14			1.73		358.93		8.9		0.37914	0.2479	58.6982494177	6.3292
9 1 1			1.7		360.63		8.8		0.37912	0.8793	87.9915459652	19.6393
1 3 9			1.75		362.38		8.54		0.37919	0.2622	45.3040218183	7.1674
2 0 14			1.78		364.16		8.27		0.37939	0.2634	58.6945218607	7.3942
1 1 1			1.57		365.73		8.94		0.37935	0.5749	13.0194761966	56.7652
4 6 2			1.73		367.46		8.7		0.37937	0.2349	67.657370766	5.5969
0 2 16			1.71		369.17		8.66		0.37995	1.8687	67.2407114996	13.8307
6 0 8			1.7		370.87		8.64		0.38012	2.9234	64.163237895	5.3359
5 5 7			1.76		372.63		8.41		0.37999	0.6639	72.2860687267	4.3062
1 5 7			1.79		374.42		8.16		0.37992	0.6035	54.1236034243	4.2528
6 0 2			1.81		376.24		7.93		0.37993	0.2214	55.354768557	5.4487
0 6 2			1.83		378.07		7.72		0.37995	0.2356	55.3895592761	6.1752
2 4 2			1.81		379.88		7.68		0.37999	0.3828	40.8766170199	13.2501
0 6 0			1.81		381.69		7.65		0.37999	1.4277	54.7714555341	59.4019
1 7 7			1.87		383.56		7.45		0.37999	0.4353	72.3061031614	6.1143
2 4 14			1.81		385.37		7.53		0.38022	0.5221	70.6383718296	19.4111
4 0 10			1.87		387.24		7.35		0.38012	0.6243	53.7713327333	45.2096
3 3 15			1.89		389.14		7.18		0.38021	0.3402	73.0835579415	3.8877
4 2 10			1.92		391.05		7.01		0.38023	1.1102	57.0442200735	11.3144
0 6 8			1.89		392.94		7.02		0.38035	0.7694	64.1950429677	5.6946
7 3 5			1.92		394.87		6.9		0.38042	1.0496	74.7140851895	88.0788
4 2 8			1.89		396.75		6.96		0.38058	0.7605	51.4203212226	2.5419
6 0 0			1.91		398.66		6.91		0.38058	0.7256	54.7363985401	55.434
0 4 20			1.9		400.56		6.92		0.38084	1.027	94.1654323607	18.6345
5 1 9			1.87		402.43		7.03		0.38087	0.4583	58.9619928854	19.0838
4 2 12			1.92		404.34		6.93		0.38087	0.2244	63.468523569	4.7972
1 1 9			1.88		406.23		6.98		0.38055	0.2216	37.1193146943	1.1702
5 3 9			1.86		408.09		7.08		0.38061	0.4833	65.0662013285	20.8409
0 2 6			1.54		409.62		8.33		0.38018	1.1672	29.1471999487	131.5155