HKL Value		Reward		TotalReward	Chi Squared	Z Appr. 	Error	Two-Thetas	Sfs2
3 3 7			0.0		0.0		0.0		0.3	0.1558	47.1418707618	3.5073
0 6 4			0.0		0.0		22.21		0.37398	0.6675	57.2171401797	42.9768
6 2 10			5.41		5.41		11.39		0.37732	0.7103	71.9901825081	43.9921
6 0 8			0.35		5.76		10.7		0.37834	2.9234	64.163237895	5.3359
4 6 0			1.33		7.09		8.03		0.37834	0.7863	67.1083315067	59.4729
7 1 7			0.8		7.89		6.43		0.37834	0.3505	72.2660298289	5.0526
0 6 8			-0.23		7.66		6.66		0.3795	0.7694	64.1950429677	5.6946
6 4 0			0.47		8.13		5.71		0.3795	1.8287	67.0910631577	58.6803
4 6 2			0.24		8.37		5.23		0.37968	0.2349	67.657370766	5.5969
6 4 2			0.21		8.59		4.8		0.37984	0.2211	67.6401768609	4.8049
2 0 14			0.21		8.8		4.37		0.3807	0.2634	58.6945218607	7.3942
0 2 14			0.2		9.0		3.98		0.38092	0.2479	58.6982494177	6.3292
0 6 16			-0.53		8.47		4.51		0.38341	0.4825	89.3859051251	7.6515
1 7 7			0.15		8.62		4.21		0.38324	0.4353	72.3061031614	6.1143
0 6 2			0.14		8.76		3.93		0.38326	0.2356	55.3895592761	6.1752
3 5 7			0.09		8.85		3.75		0.38301	0.2309	60.5203777188	5.6046
5 3 7			0.08		8.93		3.59		0.38276	0.2523	60.5057581853	5.4388
1 5 7			0.06		8.99		3.47		0.38249	0.6035	54.1236034243	4.2528
5 1 7			0.06		9.05		3.35		0.38224	0.2609	54.1000446603	4.252
6 0 2			0.08		9.13		3.19		0.38226	0.2214	55.354768557	5.4487
4 2 8			-0.24		8.89		3.43		0.38261	0.7605	51.4203212226	2.5419
2 4 8			-0.22		8.67		3.65		0.38296	0.1687	51.4325245866	2.4593
3 3 13			0.15		8.83		3.34		0.36155	0.5636	65.4922780779	9.1158
3 1 13			0.06		8.89		3.22		0.36202	0.3869	59.4126405656	11.7895
1 1 13			0.06		8.95		3.09		0.36225	0.3722	52.9310122384	10.9703
1 3 13			0.06		9.01		2.98		0.36245	0.3907	59.4200243294	11.5335
5 1 13			0.06		9.06		2.87		0.36256	0.4567	71.2764535317	11.3258
1 5 13			0.05		9.11		2.77		0.36272	1.1973	71.2966048402	12.6128
0 6 6			-0.04		9.07		2.81		0.36249	1.0147	60.183190367	40.9583
4 2 6			-0.22		8.85		3.03		0.36213	1.6049	46.7233273538	62.1975
6 0 6			-0.0		8.85		3.03		0.36188	1.0815	60.1501886982	39.9969