HKL Value		Reward		TotalReward	Chi Squared	Z Appr. 	Error	Two-Thetas	Sfs2
1 0 6			0.0		0.0		0.0		0.5	0.25	41.5701214249	0.0
1 0 0			0.0		0.0		0.0		0.5	0.0	14.0285801003	0.0
0 0 7			0.64		0.64		0.0		0.5	0.2	45.7499157105	0.0
3 0 8			0.5		1.14		0.0		0.50001	0.3	70.3147352648	0.0
3 0 0			0.33		1.47		0.0		0.50001	0.45	42.9814560157	0.0
4 1 4			-1.0		0.47		0.06		0.45113	0.37	71.0458443611	0.4076
3 0 2			0.2		0.67		0.05		0.45113	0.46	45.0164041053	0.0
4 0 1			0.17		0.84		0.04		0.45113	0.27	58.8934376912	0.0
2 0 5			0.14		0.98		0.04		0.45113	5.26	43.4052500519	0.0
-1 -1 2			0.12		1.1		0.03		0.45129	0.13	32.1995090242	11.6912
0 0 3			0.11		1.22		0.03		0.45129	0.03	19.1797885945	0.0
2 0 1			0.1		1.32		0.03		0.45129	0.15	29.01034049	0.0
1 0 8			0.09		1.41		0.03		0.45129	0.24	54.8685935926	0.0
4 1 5			-0.08		1.33		0.03		0.44799	1.53	74.3771604481	7.6693
2 0 7			0.08		1.4		0.03		0.44799	4.16	54.6555056564	0.0
2 0 3			0.07		1.48		0.02		0.44799	0.09	34.3920319457	0.0
4 0 3			0.07		1.54		0.02		0.44799	0.29	62.1413926063	0.0
4 1 3			0.06		1.6		0.02		0.44799	0.15	68.408649436	0.0043
1 0 7			0.02		1.62		0.02		0.44726	0.54	48.0896902272	2.8781
4 0 5			0.06		1.68		0.02		0.44726	0.26	68.3700248267	0.0
3 2 3			-0.57		1.11		0.05		0.44761	1.08	73.8091166097	1.7896
3 0 5			-0.02		1.09		0.05		0.45148	0.2	54.7330754518	7.0489
2 0 0			-0.58		0.51		0.11		0.45148	0.07	28.2731138415	46.4355