HKL Value		Reward		TotalReward	Chi Squared	Z Appr. 	Error	Two-Thetas	Sfs2
1 0 6			0.0		0.0		0.0		0.5	0.25	41.5701214249	0.0
1 0 0			0.0		0.0		0.0		0.5	0.0	14.0285801003	0.0
2 1 1			-1.0		-1.0		0.0		0.90202	0.13	39.1745550983	0.4263
0 0 7			0.5		-0.5		0.0		0.90202	0.2	45.7499157105	0.0
3 0 8			0.33		-0.17		0.0		0.90202	0.3	70.3147352648	0.0
3 0 0			0.25		0.08		0.0		0.90202	0.45	42.9814560157	0.0
2 1 6			-0.97		-0.89		0.01		0.96957	0.16	55.9883197776	2.0239
3 0 2			0.17		-0.72		0.01		0.96957	0.46	45.0164041053	0.0
1 0 8			0.14		-0.58		0.01		0.96957	0.24	54.8685935926	0.0
4 0 1			0.13		-0.45		0.01		0.96957	0.27	58.8934376912	0.0
2 0 5			0.11		-0.34		0.01		0.96957	5.26	43.4052500519	0.0
0 0 3			0.1		-0.24		0.01		0.96957	0.03	19.1797885945	0.0
2 0 1			0.09		-0.15		0.01		0.96957	0.15	29.01034049	0.0
0 0 2			-0.89		-1.04		0.05		0.62673	0.15	12.7532192506	5.5981
2 0 7			0.08		-0.96		0.05		0.62673	4.16	54.6555056564	0.0
2 0 3			0.07		-0.89		0.05		0.62673	0.09	34.3920319457	0.0
4 0 3			0.07		-0.83		0.04		0.62673	0.29	62.1413926063	0.0
4 0 5			0.06		-0.76		0.04		0.62673	0.26	68.3700248267	0.0
3 0 4			0.06		-0.7		0.04		0.62673	0.64	50.7360354343	0.0
3 0 6			0.06		-0.65		0.04		0.62673	0.11	59.366558438	0.0
1 0 4			0.05		-0.6		0.04		0.62673	0.08	29.3672081998	0.0
1 0 7			-0.77		-1.36		0.15		0.60749	0.54	48.0896902272	2.8781
3 1 0			0.05		-1.32		0.15		0.60749	0.86	50.7823995615	0.002
1 1 4			0.04		-1.28		0.14		0.60751	0.3	39.4492672371	0.9567
4 1 5			-0.14		-1.42		0.16		0.60863	1.53	74.3771604481	7.6693
4 1 1			0.04		-1.38		0.16		0.60863	0.21	65.3342299592	0.4263
3 1 4			0.04		-1.34		0.15		0.60863	0.33	57.7518627408	0.9567
2 0 0			-0.24		-1.58		0.2		0.60863	0.07	28.2731138415	46.4355
1 2 6			0.03		-1.55		0.2		0.60891	0.11	69.4566609057	1.2895
2 1 2			-0.51		-2.06		0.4		0.60594	0.36	40.8238903893	0.1747
-1 -1 -2			-0.15		-2.21		0.47		0.606	0.31	32.1995090242	11.6912
4 1 3			-0.14		-2.35		0.54		0.60577	0.15	68.408649436	0.0043