HKL Value		Reward		TotalReward	Chi Squared	Z Appr. 	Error	Two-Thetas	Sfs2
4 1 5			0.0		0.0		0.0		0.5	1.53	74.3771604481	7.6693
1 0 6			0.0		0.0		0.0		0.50146	0.25	41.5701214249	0.0
1 0 0			1.0		1.0		0.0		0.50146	0.0	14.0285801003	0.0
2 0 5			0.5		1.5		0.0		0.50146	5.26	43.4052500519	0.0
3 2 2			-1.0		0.5		0.06		0.50488	0.0	71.9603042663	6.6617
0 0 7			0.25		0.75		0.05		0.50488	0.2	45.7499157105	0.0
3 0 8			0.2		0.95		0.04		0.50488	0.3	70.3147352648	0.0
3 0 0			0.17		1.12		0.04		0.50488	0.45	42.9814560157	0.0
3 0 2			0.14		1.26		0.03		0.50488	0.46	45.0164041053	0.0
2 1 0			-0.42		0.84		0.06		0.50488	0.16	38.6117414796	0.0084
1 2 6			-0.02		0.82		0.06		0.49425	0.11	69.4566609057	1.2895
4 0 1			0.1		0.92		0.05		0.49425	0.27	58.8934376912	0.0
0 0 4			0.09		1.01		0.05		0.49454	0.08	25.6679215219	1.7476
0 0 3			0.08		1.09		0.04		0.49454	0.03	19.1797885945	0.0
2 0 1			0.08		1.17		0.04		0.49454	0.15	29.01034049	0.0
2 0 7			0.07		1.24		0.04		0.49454	4.16	54.6555056564	0.0
1 0 8			0.07		1.31		0.04		0.49454	0.24	54.8685935926	0.0
4 0 5			0.06		1.37		0.03		0.49454	0.26	68.3700248267	0.0
4 0 3			0.06		1.43		0.03		0.49454	0.29	62.1413926063	0.0
4 0 6			-0.47		0.96		0.06		0.50106	0.38	72.4962488704	6.3028
2 0 3			0.05		1.01		0.06		0.50106	0.09	34.3920319457	0.0
1 0 4			0.05		1.06		0.05		0.50106	0.08	29.3672081998	0.0
3 0 6			0.05		1.11		0.05		0.50106	0.11	59.366558438	0.0
3 0 1			-0.25		0.86		0.07		0.50022	0.76	43.4972935008	0.0644
1 0 7			0.61		1.48		0.04		0.43721	0.54	48.0896902272	2.8781
3 1 0			0.04		1.52		0.04		0.43721	0.86	50.7823995615	0.002
3 0 4			0.04		1.56		0.04		0.43721	0.64	50.7360354343	0.0
3 1 3			-0.46		1.1		0.07		0.43633	0.4	54.7770496801	12.6586
2 1 6			-0.48		0.63		0.14		0.44623	0.16	55.9883197776	2.0239
1 1 4			0.03		0.66		0.13		0.44623	0.3	39.4492672371	0.9567
3 0 3			0.0		0.66		0.13		0.44753	0.33	47.4629609511	3.2424
-1 -1 2			0.03		0.69		0.13		0.44764	0.13	32.1995090242	11.6912
2 1 1			0.03		0.72		0.12		0.44764	0.13	39.1745550983	0.4263
0 1 5			0.02		0.74		0.12		0.44726	0.34	41.7114803244	7.6693
4 1 3			0.03		0.77		0.12		0.44726	0.15	68.408649436	0.0043
3 1 4			0.03		0.8		0.11		0.44722	0.33	57.7518627408	0.9567
0 1 4			-0.05		0.75		0.12		0.44756	0.09	36.6772811508	0.4076
2 1 7			0.02		0.77		0.12		0.44717	0.57	61.3678684761	8.4036
2 1 4			-0.04		0.73		0.12		0.44746	2.11	46.9440445598	0.4076
1 1 2			0.03		0.75		0.12		0.44753	0.52	32.1995090242	11.6912
4 0 2			-0.17		0.58		0.15		0.44712	0.26	60.1237214722	5.5981
1 -1 2			0.02		0.61		0.14		0.44719	0.39	32.1995090242	11.6912
1 2 7			0.01		0.62		0.14		0.44761	0.71	74.291810142	3.5836
4 1 1			0.02		0.64		0.14		0.44761	0.21	65.3342299592	0.4263
2 0 6			-0.09		0.54		0.15		0.44481	0.73	48.8015573959	6.3028
3 2 0			-0.0		0.54		0.15		0.44482	0.67	70.467230504	2.2538
0 0 8			-0.02		0.52		0.16		0.44242	0.5	52.7511004195	15.5355