HKL Value		Reward		TotalReward	Chi Squared	Z Appr. 	Error	Two-Thetas	Sfs2
2 0 7			0.0		0.0		0.0		0.5	4.16	54.6555056564	0.0
2 0 5			0.0		0.0		0.0		0.49989	5.26	43.4052500519	0.0
2 0 2			-1.0		-1.0		0.0		0.58213	0.1	31.1263267788	5.5981
4 1 3			-1.0		-2.0		0.39		0.51119	0.15	68.408649436	0.0043
3 0 0			0.33		-1.67		0.29		0.51123	0.45	42.9814560157	0.0
0 0 3			0.25		-1.42		0.23		0.51123	0.03	19.1797885945	0.0
3 0 2			0.2		-1.22		0.19		0.51123	0.46	45.0164041053	0.0
1 0 4			0.17		-1.05		0.17		0.51123	0.08	29.3672081998	0.0
2 0 3			0.14		-0.91		0.15		0.51123	0.09	34.3920319457	0.0
4 0 3			0.12		-0.78		0.13		0.51123	0.29	62.1413926063	0.0
1 0 0			0.11		-0.67		0.12		0.51123	0.0	14.0285801003	0.0
3 0 6			0.1		-0.57		0.11		0.51123	0.11	59.366558438	0.0
3 1 7			0.02		-0.55		0.1		0.52984	0.32	70.7276559911	1.1017
0 1 5			-0.22		-0.77		0.13		0.52371	0.34	41.7114803244	7.6693
1 0 5			0.01		-0.75		0.13		0.52731	0.22	35.3149362404	7.049
2 0 1			0.07		-0.68		0.12		0.52731	0.15	29.01034049	0.0
4 0 1			0.07		-0.62		0.11		0.52731	0.27	58.8934376912	0.0
3 0 8			0.06		-0.55		0.11		0.52731	0.3	70.3147352648	0.0
3 0 4			0.06		-0.5		0.1		0.52731	0.64	50.7360354343	0.0
4 0 5			0.06		-0.44		0.1		0.52731	0.26	68.3700248267	0.0
1 0 6			0.05		-0.39		0.09		0.52731	0.25	41.5701214249	0.0
1 0 8			0.05		-0.34		0.09		0.52731	0.24	54.8685935926	0.0
0 0 7			0.05		-0.29		0.08		0.52731	0.2	45.7499157105	0.0
2 0 4			-0.41		-0.7		0.14		0.51895	0.23	38.5541558059	1.7476
3 1 0			0.04		-0.66		0.14		0.51895	0.86	50.7823995615	0.002
3 0 1			-0.15		-0.81		0.16		0.51754	0.76	43.4972935008	0.0644
2 1 1			0.04		-0.77		0.15		0.51754	0.13	39.1745550983	0.4263
1 1 4			0.01		-0.76		0.15		0.51751	0.3	39.4492672371	0.9567
3 1 4			0.01		-0.75		0.15		0.51745	0.33	57.7518627408	0.9567
4 1 1			0.03		-0.71		0.15		0.51745	0.21	65.3342299592	0.4263
-1 -1 2			-0.15		-0.86		0.17		0.51561	0.13	32.1995090242	11.6912
1 2 7			0.03		-0.83		0.17		0.51589	0.71	74.291810142	3.5836
3 0 7			1.27		0.43		0.07		0.44367	0.18	64.5726747292	2.8781
1 0 7			0.03		0.46		0.07		0.44381	0.54	48.0896902272	2.8781
4 1 5			0.02		0.48		0.07		0.44352	1.53	74.3771604481	7.6693
1 1 6			0.01		0.5		0.07		0.44413	0.38	49.5460147793	8.8974
3 2 0			-0.04		0.46		0.07		0.44413	0.67	70.467230504	2.2538
4 1 0			-0.06		0.4		0.08		0.44413	0.2	64.9447604845	0.0084
2 2 6			-0.08		0.32		0.08		0.44376	0.0	74.8444416707	3.2648