HKL Value		Reward		TotalReward	Chi Squared	Z Appr. 	Error	Two-Thetas	Sfs2
2 0 7			0.0		0.0		0.0		0.5	4.16	54.6555056564	0.0
3 0 0			0.0		0.0		0.0		0.5	0.45	42.9814560157	0.0
0 0 3			1.0		1.0		0.0		0.5	0.03	19.1797885945	0.0
3 0 2			0.49		1.49		0.0		0.49998	0.46	45.0164041053	0.0
2 0 1			0.31		1.8		0.0		0.49998	0.15	29.01034049	0.0
1 0 4			0.07		1.87		0.0		0.49998	0.08	29.3672081998	0.0
2 1 4			-1.0		0.87		0.05		0.45113	2.11	46.9440445598	0.4076
4 0 3			0.17		1.04		0.04		0.45113	0.29	62.1413926063	0.0
3 2 3			-0.59		0.45		0.11		0.45122	1.08	73.8091166097	1.7896
1 0 0			0.13		0.58		0.1		0.45122	0.0	14.0285801003	0.0
3 0 6			0.11		0.69		0.09		0.45122	0.11	59.366558438	0.0
0 2 7			0.09		0.78		0.08		0.45212	0.0	72.5085769296	0.0094
4 0 1			0.09		0.87		0.07		0.45212	0.27	58.8934376912	0.0
3 0 4			0.08		0.96		0.07		0.45212	0.64	50.7360354343	0.0
3 0 8			0.08		1.03		0.06		0.45212	0.3	70.3147352648	0.0
4 0 5			0.07		1.1		0.06		0.45212	0.26	68.3700248267	0.0
1 0 6			0.07		1.17		0.05		0.45212	0.25	41.5701214249	0.0
1 0 8			0.06		1.23		0.05		0.45212	0.24	54.8685935926	0.0
2 0 3			0.06		1.29		0.05		0.45212	0.09	34.3920319457	0.0
2 0 5			0.06		1.35		0.05		0.45212	5.26	43.4052500519	0.0
0 0 7			0.05		1.4		0.04		0.45212	0.2	45.7499157105	0.0
2 0 2			-0.54		0.86		0.1		0.44994	0.1	31.1263267788	5.5981
3 1 0			0.05		0.9		0.09		0.44994	0.86	50.7823995615	0.002
4 1 1			0.04		0.94		0.09		0.44994	0.21	65.3342299592	0.4263
3 1 4			0.04		0.98		0.09		0.44977	0.33	57.7518627408	0.9567
2 1 1			0.03		1.01		0.08		0.44977	0.13	39.1745550983	0.4263
1 1 4			0.03		1.04		0.08		0.44964	0.3	39.4492672371	0.9567
4 0 4			-0.09		0.95		0.09		0.44706	0.13	64.9051128666	1.7476
1 2 7			0.0		0.95		0.09		0.44853	0.71	74.291810142	3.5836
1 2 6			0.03		0.98		0.09		0.44722	0.11	69.4566609057	1.2895
-1 -1 2			0.03		1.01		0.08		0.44738	0.13	32.1995090242	11.6912
0 0 4			-0.07		0.95		0.09		0.446	0.08	25.6679215219	1.7476
3 0 7			0.03		0.98		0.09		0.44598	0.18	64.5726747292	2.8781
1 0 7			0.03		1.0		0.08		0.44596	0.54	48.0896902272	2.8781
4 1 5			0.02		1.02		0.08		0.44557	1.53	74.3771604481	7.6693
0 1 5			0.02		1.04		0.08		0.44524	0.34	41.7114803244	7.6693
2 0 6			-0.15		0.9		0.09		0.44235	0.73	48.8015573959	6.3028
1 1 6			0.01		0.91		0.09		0.44273	0.38	49.5460147793	8.8974
3 2 0			-0.02		0.89		0.09		0.44273	0.67	70.467230504	2.2538
2 2 6			-0.06		0.83		0.1		0.44249	0.0	74.8444416707	3.2648
1 -1 2			0.02		0.85		0.1		0.44261	0.39	32.1995090242	11.6912
1 1 2			0.02		0.87		0.1		0.44273	0.52	32.1995090242	11.6912
4 1 0			-0.03		0.84		0.1		0.44273	0.2	64.9447604845	0.0084
2 0 -4			-0.02		0.82		0.1		0.44218	0.31	38.5541558059	1.7476
0 1 7			0.02		0.84		0.1		0.44218	0.26	53.2385720724	8.4036
0 0 2			-0.17		0.67		0.12		0.44187	0.15	12.7532192506	5.5981
3 2 2			-0.01		0.66		0.12		0.44171	0.0	71.9603042663	6.6617
0 0 8			0.0		0.66		0.12		0.44042	0.5	52.7511004195	15.5355
2 2 5			-0.04		0.62		0.13		0.44102	0.26	70.7747179536	2.8196
3 1 2			0.02		0.64		0.12		0.44109	0.11	52.5840292854	11.6912
2 0 0			-0.18		0.46		0.15		0.44109	0.07	28.2731138415	46.4355
4 1 3			0.02		0.48		0.15		0.44109	0.15	68.408649436	0.0043
2 1 8			-0.08		0.39		0.16		0.44308	0.22	67.2524657177	7.5134
0 1 8			-0.05		0.34		0.17		0.44501	2.05	59.6041295708	7.5134
2 0 4			-0.01		0.33		0.17		0.44468	0.23	38.5541558059	1.7476