HKL Value		Reward		TotalReward	Chi Squared	Z Appr. 	Error	Two-Thetas	Sfs2
4 1 0			0.0		0.0		0.0		0.5	0.2	64.9447604845	0.0084
3 1 5			0.0		0.0		0.24		0.52747	0.09	61.4399691436	8.5457
1 1 5			1.0		1.0		0.12		0.52747	3.06	44.2189644299	8.5457
2 0 2			-0.56		0.44		0.28		0.52964	0.1	31.1263267788	5.5981
3 1 1			0.13		0.57		0.25		0.53012	0.22	51.2370468789	1.4731
0 1 7			-0.58		-0.01		0.59		0.52294	0.26	53.2385720724	8.4036
3 0 2			0.2		0.19		0.49		0.52293	0.46	45.0164041053	0.0
3 2 2			0.11		0.3		0.44		0.52417	0.0	71.9603042663	6.6617
2 0 0			-0.23		0.07		0.57		0.52417	0.07	28.2731138415	46.4355
1 2 7			0.12		0.19		0.51		0.52397	0.71	74.291810142	3.5836
2 0 4			-0.07		0.13		0.55		0.51277	0.23	38.5541558059	1.7476
4 1 5			0.08		0.21		0.5		0.51137	1.53	74.3771604481	7.6693
1 1 3			0.06		0.27		0.47		0.5128	0.54	35.3770121777	12.6586
0 0 3			0.08		0.35		0.44		0.5128	0.03	19.1797885945	0.0
2 1 2			0.06		0.41		0.41		0.51223	0.36	40.8238903893	0.1747
4 0 5			0.07		0.48		0.39		0.51223	0.26	68.3700248267	0.0
3 2 0			0.04		0.52		0.37		0.51223	0.67	70.467230504	2.2538
4 0 1			0.06		0.58		0.35		0.51223	0.27	58.8934376912	0.0
4 0 4			-0.0		0.58		0.35		0.50855	0.13	64.9051128666	1.7476
4 0 6			0.05		0.63		0.33		0.50948	0.38	72.4962488704	6.3028
-2 0 4			0.01		0.64		0.33		0.5076	0.22	38.5541558059	1.7476
-1 -1 -2			-0.05		0.59		0.35		0.5067	0.31	32.1995090242	11.6912
0 1 6			-0.24		0.35		0.46		0.4974	0.0	47.2608104201	2.0239
1 1 4			0.04		0.39		0.44		0.49734	0.3	39.4492672371	0.9567
1 -1 2			-0.0		0.39		0.44		0.4966	0.39	32.1995090242	11.6912
2 1 8			-0.03		0.35		0.46		0.49947	0.22	67.2524657177	7.5134
0 1 8			-0.01		0.34		0.47		0.50175	2.05	59.6041295708	7.5134