Number of epochs: 625e-01
5.670899887673341855e-01
-9.014456591061859037e-02
-2.937374744364000256e-01
5.342864755369658436e-02
-1.192959864233202327e-01
-3.282506746537025011e-01
-3.528418505987165193e-02
-4.244132036299487765e-01
-1.149088947115895210e-01
-1.749916253859999660e-01
-1.315718335527176208e-01
1.300989297221003815e-01
-2.967606705917692489e-01
1.504781925957373034e-01
-1.821934946179891157e-01
3.800498767292501828e-02
-3.945829435215722492e-02
6.787611169062640615e-02
-5.876780125940619243e-02
-3.648858611460742418e-01
-1.176923048063023905e-02
-3.514969682918865912e-01
-3.821400603276764452e-02
-2.539384215868062400e-01
-2.043745234280775480e-01
-3.489852360416641902e-02
-4.505131403252362055e-01
3.370330462337018940e-01
-1.586521588398294158e-01
5.416864915433278194e-02
-1.774166852154817620e-01
4.251783477417573481e-02
-2.492558389678825592e-01
8.171354702226966138e-01
-1.681309151279540004e-01
-1.261570905960118436e-02
-2.055214008886705468e-01
-3.718725106222848242e-01
-4.406222298849079011e-01
-1.237858801117742991e-01
-2.244351189630648391e-01
-2.423158991248731964e-01
-2.713210044685615552e-01
-1.234667301177687498e-01
-9.448868661474123243e-02
7.340949169572861255e-01
-3.359157911378422012e-01
2.951530127131806736e-01
-2.231256019628096998e-01
6.868311906303629921e-02
-2.051059173970028737e-01
1.015188792547931790e-01
-1.204066279674123607e-02
4.738589252849061129e-02
-1.173076397072700568e-02
-2.139200436486744794e-01
-1.805389434483647415e-01
-3.093728106486958174e-01
-1.078647480518852599e-02
-2.516652705916475052e-01
-2.072452487028404178e-01
-5.267579544798760283e-02
-3.619076938850280811e-01
-1.515391708824345429e-01
-3.586722195679429293e-01
-2.437303364720111165e-01
-4.494883201267244055e-01
6.647888438761424823e-02
-3.663757289897667802e-01
1.452768152823540604e-01
-8.655948544826508328e-02
5.430457940392269256e-02
-2.690806474600682674e-01
-8.854097098439339675e-02
-1.418902064210562572e-02
-1.056059396234713676e-01
-3.222463290387510559e-01
-3.599424252994731788e-02
-1.635780515785136835e-01
-4.215604747859612311e-02
-1.688505848746897908e-01
-9.943039337124627564e-02
-2.507194049294945160e-01
-9.637990739570211074e-02
