HKL Value		Reward		TotalReward	Chi Squared	Z Appr. 	Error	Two-Thetas	Sfs2
0 4 20			0.0		0.0		0.0		0.3	1.027	94.1654323607	18.6345
9 1 1			0.0		0.0		1.31		0.31337	0.8793	87.9915459652	19.6393
2 0 14			5.05		5.05		1.03		0.31289	0.2634	58.6945218607	7.3942
6 4 0			6.19		11.24		0.69		0.31289	1.8287	67.0910631577	58.6803
6 0 6			6.8		18.04		0.55		0.31296	1.0815	60.1501886982	39.9969
2 4 10			4.26		22.3		1.22		0.31387	0.607	57.0555982332	12.0937
0 6 8			3.99		26.29		1.49		0.31393	0.7694	64.1950429677	5.6946
4 6 2			4.34		30.63		1.36		0.31389	0.2349	67.657370766	5.5969
6 0 0			3.62		34.25		1.77		0.31389	0.7256	54.7363985401	55.434
1 3 9			3.84		38.08		1.72		0.31341	0.2622	45.3040218183	7.1674
5 1 13			1.35		39.43		5.76		0.32562	0.4567	71.2764535317	11.3258
6 4 2			2.26		41.69		5.32		0.32552	0.2211	67.6401768609	4.8049
5 1 1			2.09		43.77		5.53		0.32531	0.5346	46.1701152	26.7419
3 1 13			2.25		46.03		5.21		0.32718	0.3869	59.4126405656	11.7895
0 6 18			1.03		47.05		9.45		0.31939	0.7949	98.0280769063	1.8601
4 2 10			1.78		48.83		8.82		0.31939	1.1102	57.0442200735	11.3144
6 2 4			1.51		50.34		9.57		0.31924	0.8727	60.3342977717	77.9073
4 2 12			1.33		51.67		10.92		0.31778	0.2244	63.468523569	4.7972
3 1 15			1.64		53.31		10.31		0.31782	0.2871	67.3554895111	7.7692
6 0 8			1.65		54.96		9.91		0.31788	2.9234	64.163237895	5.3359
5 3 1			1.6		56.56		9.84		0.31786	0.5252	53.2386121167	32.835
0 2 20			1.59		58.15		9.88		0.31688	0.4494	86.0769303832	2.8517
3 1 9			1.66		59.81		9.56		0.31672	0.36	45.2950695798	8.7768
3 1 1			1.59		61.4		9.7		0.31669	0.5239	28.3131072915	41.7464
3 3 13			1.1		62.5		12.24		0.31818	0.5636	65.4922780779	9.1158
3 7 5			1.08		63.58		14.28		0.31823	1.0548	74.7470539899	89.5814