HKL Value		Reward		TotalReward	Chi Squared	Z Appr. 	Error	Two-Thetas	Sfs2
9 1 1			0.0		0.0		0.0		0.3	0.8793	87.9915459652	19.6393
2 0 14			0.0		0.0		0.0		0.28008	0.2634	58.6945218607	7.3942
4 0 6			0.0		0.0		120.73		0.3323	5.3963	42.900258124	488.2208
0 2 2			1.06		1.06		87.98		0.33187	0.4614	19.2417464495	36.8131
6 4 0			1.21		2.27		65.99		0.33186	1.8287	67.0910631577	58.6803
0 4 20			1.24		3.52		53.41		0.33511	1.027	94.1654323607	18.6345
2 0 8			1.19		4.7		45.68		0.3369	0.1665	35.7565424018	1.5727
4 6 2			1.21		5.91		39.44		0.33686	0.2349	67.657370766	5.5969
2 4 10			1.14		7.05		35.4		0.33695	0.607	57.0555982332	12.0937
4 4 10			0.98		8.03		33.8		0.33607	0.6886	66.23802526	47.6672
0 0 6			0.0		8.04		64.16		0.33571	7.4326	23.0169618987	709.6598
6 2 4			0.78		8.82		61.58		0.3351	0.8727	60.3342977717	77.9073
0 6 8			0.95		9.77		56.57		0.33486	0.7694	64.1950429677	5.6946
2 0 4			0.52		10.29		58.76		0.33524	1.3874	23.4143586184	109.347
1 5 13			0.9		11.2		54.88		0.33459	1.1973	71.2966048402	12.6128
6 4 2			0.92		12.11		51.31		0.33453	0.2211	67.6401768609	4.8049
0 2 8			0.89		13.01		48.59		0.33617	0.1155	35.7619852008	1.7384
0 4 4			0.77		13.77		47.9		0.33572	0.8482	39.0545896029	78.0016
1 5 5			0.57		14.34		50.09		0.33635	1.8923	50.2743192378	127.3636
6 0 0			0.88		15.22		47.69		0.33635	0.7256	54.7363985401	55.434
1 3 9			0.77		16.0		47.02		0.33713	0.2622	45.3040218183	7.1674
6 0 6			0.89		16.89		44.87		0.33719	1.0815	60.1501886982	39.9969
5 1 1			0.87		17.76		43.25		0.33713	0.5346	46.1701152	26.7419
3 1 15			0.8		18.55		42.79		0.33994	0.2871	67.3554895111	7.7692
3 7 1			0.89		19.45		41.2		0.3399	1.2822	71.5694631273	22.2453
3 1 13			0.89		20.34		39.81		0.33978	0.3869	59.4126405656	11.7895
4 2 10			0.9		21.24		38.5		0.3399	1.1102	57.0442200735	11.3144
7 3 1			0.91		22.15		37.24		0.33986	0.5095	71.5359286583	22.1332
3 3 13			0.92		23.07		36.07		0.33975	0.5636	65.4922780779	9.1158
6 0 8			0.94		24.01		34.91		0.33967	2.9234	64.163237895	5.3359
0 2 20			0.95		24.96		33.78		0.33954	0.4494	86.0769303832	2.8517
3 1 9			0.9		25.86		33.35		0.34058	0.36	45.2950695798	8.7768
5 3 1			0.93		26.79		32.67		0.34051	0.5252	53.2386121167	32.835
1 1 13			0.95		27.74		31.86		0.3404	0.3722	52.9310122384	10.9703
3 1 1			0.93		28.67		31.4		0.34032	0.5239	28.3131072915	41.7464
3 7 3			0.93		29.6		31.01		0.34026	0.8954	72.6346668965	71.6226
0 6 18			0.94		30.54		30.53		0.36011	0.7949	98.0280769063	1.8601
0 4 10			0.93		31.47		30.29		0.36051	0.9893	53.7871001638	44.1425
6 0 10			0.98		32.45		29.61		0.36042	1.0728	69.1331306246	8.9056
1 1 9			0.99		33.44		28.85		0.36038	0.2216	37.1193146943	1.1702
7 1 1			0.98		34.42		28.38		0.36035	0.5207	65.7483230412	25.2044
4 2 14			1.01		35.43		27.72		0.36025	1.2576	70.6282605877	19.9713
4 4 12			0.93		36.36		27.89		0.35868	1.9475	72.2035773977	130.2426
4 2 12			1.01		37.37		27.24		0.35859	0.2244	63.468523569	4.7972
6 0 2			1.02		38.39		26.67		0.35862	0.2214	55.354768557	5.4487
2 4 8			1.03		39.42		26.09		0.35844	0.1687	51.4325245866	2.4593
4 4 4			0.92		40.34		26.62		0.35832	0.8476	53.9354251327	76.9211
5 1 13			1.02		41.37		26.11		0.35863	0.4567	71.2764535317	11.3258
3 5 1			1.01		42.38		25.84		0.3586	0.5283	53.2544885252	31.9012
2 2 4			0.93		43.31		26.32		0.35848	0.7551	29.4672289371	73.6026
2 4 2			1.01		44.32		25.95		0.35849	0.3828	40.8766170199	13.2501
2 0 10			1.01		45.33		25.68		0.35836	0.6169	42.9543880851	20.236
3 5 7			1.04		46.37		25.22		0.35836	0.2309	60.5203777188	5.6046
4 0 4			0.94		47.31		25.7		0.35822	1.2165	39.0343929222	79.1487
1 7 1			1.02		48.33		25.42		0.35818	0.5219	65.7901743415	26.2984
0 2 18			1.04		49.37		24.98		0.35811	0.3755	76.3208597895	3.7538
3 1 11			0.82		50.19		26.65		0.35894	2.3814	52.0481274199	292.2152
0 2 10			1.0		51.19		26.4		0.35882	0.4317	42.9590557724	21.0204
1 1 1			0.98		52.17		26.36		0.35876	0.5749	13.0194761966	56.7652
7 1 7			1.02		53.19		25.94		0.35877	0.3505	72.2660298289	5.0526
2 4 6			1.02		54.2		25.62		0.35846	0.785	46.7364348384	64.2552
1 3 13			1.03		55.23		25.25		0.35875	0.3907	59.4200243294	11.5335
0 6 16			1.04		56.27		24.87		0.35905	0.4825	89.3859051251	7.6515
4 2 2			1.03		57.3		24.59		0.35906	0.457	40.8620305525	12.2524
1 7 3			1.0		58.31		24.64		0.35894	0.9932	66.8968211493	90.2271
1 3 5			0.9		59.2		25.66		0.35962	3.1323	34.189462707	190.138
3 3 9			1.03		60.23		25.3		0.35942	0.3816	52.4524123761	12.0632
0 0 4			0.97		61.2		25.54		0.35935	0.8482	15.2869714585	59.1035
2 6 4			0.95		62.15		25.89		0.35925	0.8772	60.3635846112	78.02
5 5 1			1.01		63.16		25.6		0.35921	0.5073	65.769247456	23.9531
1 1 3			1.0		64.17		25.45		0.35913	0.4514	16.9416048235	36.8187
2 4 14			1.03		65.19		25.1		0.3591	0.5221	70.6383718296	19.4111
2 4 0			1.02		66.21		24.94		0.35909	1.4359	40.0960076051	88.2765
5 1 9			1.03		67.25		24.64		0.35881	0.4583	58.9619928854	19.0838
0 4 18			1.04		68.29		24.31		0.35876	0.8369	84.5238780681	17.4513
0 2 14			1.05		69.34		24.0		0.35879	0.2479	58.6982494177	6.3292
0 2 16			1.05		70.39		23.75		0.35925	1.8687	67.2407114996	13.8307
2 0 16			1.06		71.45		23.49		0.35965	0.5935	67.2372591268	11.8907
0 6 2			1.06		72.51		23.22		0.35968	0.2356	55.3895592761	6.1752
4 2 0			1.05		73.56		23.09		0.35968	0.9287	40.0811891304	86.5118
0 0 16			1.04		74.61		23.06		0.36093	1.3342	64.286058028	116.6634
3 3 15			1.07		75.68		22.79		0.36097	0.3402	73.0835579415	3.8877
2 2 16			1.06		76.74		22.67		0.36173	1.1693	70.1293332912	108.6018
6 2 10			1.05		77.79		22.64		0.36192	0.7103	71.9901825081	43.9921
2 2 10			1.05		78.85		22.62		0.36213	0.6429	46.7739448495	44.8949
0 6 6			1.08		79.93		22.39		0.36203	1.0147	60.183190367	40.9583
1 1 15			1.07		81.0		22.25		0.36212	0.656	61.3839959686	20.6242
0 0 10			1.06		82.06		22.22		0.3623	0.8316	38.8438017949	41.7013
0 6 4			1.06		83.12		22.23		0.36234	0.6675	57.2171401797	42.9768
0 6 0			1.08		84.2		22.05		0.36234	1.4277	54.7714555341	59.4019
4 6 6			1.09		85.3		21.81		0.36234	1.1903	71.9781772466	41.9784
0 2 6			1.05		86.35		21.97		0.36205	1.1672	29.1471999487	131.5155
5 5 7			1.09		87.44		21.74		0.36205	0.6639	72.2860687267	4.3062
6 0 4			1.07		88.52		21.76		0.36207	0.7069	57.1830782131	42.6751
3 1 3			1.07		89.58		21.79		0.36203	1.2003	30.3814370344	67.5761
3 5 9			1.09		90.67		21.65		0.36188	0.4755	65.0802252419	19.5165
4 6 0			1.1		91.77		21.43		0.36188	0.7863	67.1083315067	59.4729
1 5 9			1.1		92.88		21.25		0.36172	0.4394	58.984264935	17.7365
2 6 10			1.09		93.96		21.24		0.36192	0.7069	72.0169435829	44.7171
6 4 6			1.11		95.07		21.03		0.36192	0.9247	71.9614498967	41.9809
1 3 1			1.09		96.16		21.01		0.36191	0.5324	28.3265170018	42.1271
4 2 6			1.11		97.27		20.89		0.36174	1.6049	46.7233273538	62.1975