HKL Value		Reward		TotalReward	Chi Squared	Z Appr. 	Error	Two-Thetas	Sfs2
2 0 14			0.0		0.0		0.0		0.3	0.2634	58.6945218607	7.3942
6 4 0			0.0		0.0		0.01		0.28012	1.8287	67.0910631577	58.6803
9 1 1			56.2		56.2		0.01		0.28008	0.8793	87.9915459652	19.6393
0 4 20			11.54		67.73		0.18		0.2866	1.027	94.1654323607	18.6345
2 0 8			5.51		73.25		0.74		0.28548	0.1665	35.7565424018	1.5727
4 6 2			6.51		79.76		0.6		0.2855	0.2349	67.657370766	5.5969
1 7 7			0.21		79.97		14.13		0.25917	0.4353	72.3061031614	6.1143
5 1 11			0.27		80.24		24.34		0.26041	3.2753	64.7131722767	203.727
2 4 10			1.28		81.52		22.12		0.26033	0.607	57.0555982332	12.0937
0 6 8			1.32		82.84		20.05		0.26056	0.7694	64.1950429677	5.6946
1 5 13			1.31		84.15		18.64		0.26039	1.1973	71.2966048402	12.6128
6 4 2			1.39		85.53		17.05		0.2604	0.2211	67.6401768609	4.8049
6 0 0			1.37		86.9		16.01		0.2604	0.7256	54.7363985401	55.434
1 3 9			1.4		88.3		15.07		0.26044	0.2622	45.3040218183	7.1674
6 0 6			1.13		89.42		16.12		0.26044	1.0815	60.1501886982	39.9969
5 1 1			1.4		90.83		15.12		0.26041	0.5346	46.1701152	26.7419
3 1 15			1.22		92.04		15.57		0.25868	0.2871	67.3554895111	7.7692
3 1 13			1.37		93.42		14.9		0.25847	0.3869	59.4126405656	11.7895
6 2 4			1.39		94.8		14.34		0.2585	0.8727	60.3342977717	77.9073
3 7 1			1.45		96.25		13.59		0.25853	1.2822	71.5694631273	22.2453
4 2 10			1.43		97.68		13.19		0.25844	1.1102	57.0442200735	11.3144
3 3 13			1.47		99.15		12.68		0.25825	0.5636	65.4922780779	9.1158
0 2 18			1.51		100.66		12.1		0.25822	0.3755	76.3208597895	3.7538
7 3 1			1.54		102.2		11.58		0.25822	0.5095	71.5359286583	22.1332
0 2 20			1.56		103.76		11.14		0.25814	0.4494	86.0769303832	2.8517
6 0 8			1.54		105.3		10.93		0.25837	2.9234	64.163237895	5.3359
3 1 9			1.56		106.86		10.69		0.25837	0.36	45.2950695798	8.7768
5 3 1			1.6		108.47		10.36		0.25835	0.5252	53.2386121167	32.835
3 7 3			1.29		109.75		11.67		0.25849	0.8954	72.6346668965	71.6226
0 6 18			1.54		111.3		11.27		0.25845	0.7949	98.0280769063	1.8601
0 4 10			1.41		112.71		11.67		0.25867	0.9893	53.7871001638	44.1425
1 1 13			1.51		114.22		11.42		0.25849	0.3722	52.9310122384	10.9703
3 1 1			1.53		115.75		11.19		0.25846	0.5239	28.3131072915	41.7464
6 0 10			1.54		117.29		10.97		0.25839	1.0728	69.1331306246	8.9056
1 1 9			1.58		118.87		10.64		0.25838	0.2216	37.1193146943	1.1702
7 1 1			1.6		120.46		10.35		0.25837	0.5207	65.7483230412	25.2044
4 2 14			1.58		122.04		10.24		0.2581	1.2576	70.6282605877	19.9713
4 4 12			1.62		123.66		10.0		0.25828	1.9475	72.2035773977	130.2426
4 2 12			1.17		124.82		12.09		0.2609	0.2244	63.468523569	4.7972
4 4 4			1.48		126.31		11.86		0.26092	0.8476	53.9354251327	76.9211
2 4 8			1.49		127.79		11.68		0.26106	0.1687	51.4325245866	2.4593
2 2 4			1.51		129.3		11.45		0.26109	0.7551	29.4672289371	73.6026
6 0 2			1.53		130.83		11.19		0.26109	0.2214	55.354768557	5.4487
0 6 16			1.54		132.38		10.94		0.26123	0.4825	89.3859051251	7.6515
1 7 1			1.56		133.93		10.72		0.26122	0.5219	65.7901743415	26.2984
2 4 2			1.57		135.5		10.53		0.26122	0.3828	40.8766170199	13.2501
0 2 10			1.53		137.03		10.59		0.26118	0.4317	42.9590557724	21.0204
1 1 15			1.58		138.62		10.36		0.26115	0.656	61.3839959686	20.6242
2 0 10			1.54		140.16		10.41		0.26111	0.6169	42.9543880851	20.236
1 1 1			1.57		141.73		10.33		0.26109	0.5749	13.0194761966	56.7652
2 4 6			1.39		143.12		11.12		0.26111	0.785	46.7364348384	64.2552
4 2 2			1.54		144.66		10.93		0.26111	0.457	40.8620305525	12.2524
1 3 13			1.53		146.19		10.83		0.26105	0.3907	59.4200243294	11.5335
1 1 3			1.46		147.65		11.13		0.26106	0.4514	16.9416048235	36.8187
5 5 1			1.54		149.19		10.92		0.26106	0.5073	65.769247456	23.9531
3 3 9			1.53		150.72		10.86		0.26108	0.3816	52.4524123761	12.0632
0 4 4			1.54		152.26		10.73		0.26111	0.8482	39.0545896029	78.0016
2 6 4			1.55		153.81		10.62		0.26113	0.8772	60.3635846112	78.02
0 6 4			1.54		155.35		10.59		0.26111	0.6675	57.2171401797	42.9768
4 0 4			1.56		156.91		10.47		0.26113	1.2165	39.0343929222	79.1487
0 4 18			1.53		158.44		10.56		0.26023	0.8369	84.5238780681	17.4513
5 1 13			1.56		160.0		10.46		0.26016	0.4567	71.2764535317	11.3258
2 4 0			1.53		161.53		10.52		0.26016	1.4359	40.0960076051	88.2765
5 1 9			1.54		163.07		10.54		0.26013	0.4583	58.9619928854	19.0838
3 5 11			1.33		164.4		11.59		0.26055	1.8915	70.5555824797	206.4699