HKL Value		Reward		TotalReward	Chi Squared	Z Appr. 	Error	Two-Thetas	Sfs2
0 4 20			0.0		0.0		0.0		0.3	1.027	94.1654323607	18.6345
2 0 14			0.0		0.0		0.45		0.28662	0.2634	58.6945218607	7.3942
6 0 6			0.49		0.49		9.8		0.28738	1.0815	60.1501886982	39.9969
0 6 18			0.35		0.84		19.14		0.29227	0.7949	98.0280769063	1.8601
9 1 1			1.85		2.7		14.41		0.29226	0.8793	87.9915459652	19.6393
6 4 0			1.85		4.55		11.53		0.29226	1.8287	67.0910631577	58.6803
2 4 10			1.4		5.95		11.9		0.29193	0.607	57.0555982332	12.0937
0 6 8			1.78		7.73		10.32		0.29198	0.7694	64.1950429677	5.6946
3 1 13			1.62		9.34		10.05		0.29145	0.3869	59.4126405656	11.7895
4 6 2			1.84		11.18		8.93		0.29145	0.2349	67.657370766	5.5969
1 3 9			1.82		13.01		8.34		0.29141	0.2622	45.3040218183	7.1674
6 0 0			1.82		14.83		8.01		0.29141	0.7256	54.7363985401	55.434
5 1 1			1.86		16.69		7.67		0.2914	0.5346	46.1701152	26.7419
4 2 10			1.67		18.36		8.16		0.29113	1.1102	57.0442200735	11.3144
3 3 13			1.71		20.07		8.33		0.29063	0.5636	65.4922780779	9.1158
6 4 2			1.88		21.95		7.78		0.29063	0.2211	67.6401768609	4.8049
4 2 12			1.9		23.85		7.42		0.29063	0.2244	63.468523569	4.7972
5 3 1			1.88		25.72		7.28		0.29063	0.5252	53.2386121167	32.835
3 1 1			1.83		27.55		7.36		0.2906	0.5239	28.3131072915	41.7464
6 0 8			1.94		29.5		7.03		0.29063	2.9234	64.163237895	5.3359
3 1 9			1.94		31.43		6.87		0.2906	0.36	45.2950695798	8.7768
0 2 20			2.0		33.43		6.6		0.2906	0.4494	86.0769303832	2.8517
4 0 0			0.04		33.46		27.93		0.2906	8.3901	35.6934066618	787.9925
1 1 13			1.05		34.52		26.94		0.29033	0.3722	52.9310122384	10.9703
6 0 10			0.99		35.51		26.67		0.29004	1.0728	69.1331306246	8.9056
2 4 6			0.96		36.47		26.73		0.29016	0.785	46.7364348384	64.2552
0 2 18			0.94		37.41		26.99		0.29137	0.3755	76.3208597895	3.7538
2 0 10			1.06		38.47		26.04		0.29133	0.6169	42.9543880851	20.236
0 2 10			1.08		39.55		25.15		0.2913	0.4317	42.9590557724	21.0204
4 2 2			1.08		40.63		24.38		0.2913	0.457	40.8620305525	12.2524
5 1 9			1.06		41.69		23.99		0.2913	0.4583	58.9619928854	19.0838
2 4 8			1.11		42.8		23.23		0.29127	0.1687	51.4325245866	2.4593
0 6 16			1.11		43.91		22.63		0.29126	0.4825	89.3859051251	7.6515
0 6 12			1.13		45.04		21.95		0.29126	0.3425	75.0250979777	1.887
0 0 10			1.07		46.11		21.97		0.29107	0.8316	38.8438017949	41.7013
3 3 7			0.14		46.24		35.33		0.29186	0.1558	47.1418707618	3.5073
0 2 16			0.91		47.15		34.59		0.29187	1.8687	67.2407114996	13.8307
6 2 10			0.87		48.02		34.33		0.29163	0.7103	71.9901825081	43.9921
5 3 7			0.3		48.32		42.12		0.2924	0.2523	60.5057581853	5.4388
4 2 14			0.85		49.18		41.1		0.29232	1.2576	70.6282605877	19.9713
2 0 6			0.75		49.92		41.52		0.29255	1.6278	29.1406672869	128.8477
1 5 9			0.84		50.76		40.79		0.29256	0.4394	58.984264935	17.7365
2 2 14			0.81		51.56		40.49		0.29231	1.0835	61.7979105177	101.9829
7 3 3			0.81		52.38		40.17		0.29236	1.9283	72.601334037	69.5466
2 4 2			0.86		53.23		39.34		0.29235	0.3828	40.8766170199	13.2501
0 4 4			0.87		54.1		38.5		0.29231	0.8482	39.0545896029	78.0016
0 4 10			0.83		54.93		38.23		0.29205	0.9893	53.7871001638	44.1425
1 5 1			0.87		55.8		37.5		0.29203	0.4978	46.196563203	27.3004
5 3 9			0.86		56.66		37.01		0.29201	0.4833	65.0662013285	20.8409
6 4 4			0.86		57.51		36.62		0.29197	0.6669	69.2748711385	33.991
3 3 1			0.88		58.4		35.98		0.29195	0.5106	38.1558496662	33.1617
2 6 10			0.85		59.25		35.75		0.2917	0.7069	72.0169435829	44.7171
2 0 16			0.89		60.13		35.2		0.2917	0.5935	67.2372591268	11.8907
4 6 0			0.9		61.04		34.53		0.2917	0.7863	67.1083315067	59.4729
0 6 2			0.91		61.94		33.92		0.2917	0.2356	55.3895592761	6.1752
0 2 2			0.89		62.83		33.57		0.29169	0.4614	19.2417464495	36.8131
4 6 4			0.89		63.72		33.27		0.29164	1.0731	69.291881243	33.3045
7 3 1			0.92		64.64		32.7		0.29164	0.5095	71.5359286583	22.1332
0 0 12			0.66		65.31		35.1		0.29163	3.2426	47.0346015839	274.3783
0 6 0			0.89		66.19		34.62		0.29163	1.4277	54.7714555341	59.4019
6 0 4			0.87		67.06		34.39		0.29158	0.7069	57.1830782131	42.6751
3 5 9			0.88		67.95		34.04		0.29156	0.4755	65.0802252419	19.5165
6 4 6			0.9		68.85		33.6		0.29165	0.9247	71.9614498967	41.9809
3 3 3			0.87		69.71		33.55		0.2917	0.8081	39.7679129272	70.9373
6 0 2			0.91		70.62		33.04		0.2917	0.2214	55.354768557	5.4487
2 0 2			0.9		71.52		32.75		0.29169	0.6502	19.2320929378	35.9547
0 0 16			0.85		72.37		33.0		0.29217	1.3342	64.286058028	116.6634
0 0 14			0.89		73.26		32.78		0.29197	0.8389	55.4890953336	74.9432
4 0 10			0.89		74.15		32.64		0.29171	0.6243	53.7713327333	45.2096
6 2 4			0.92		75.07		32.18		0.29168	0.8727	60.3342977717	77.9073
1 3 1			0.91		75.98		31.85		0.29166	0.5324	28.3265170018	42.1271
3 1 5			0.73		76.71		33.54		0.29164	2.8985	34.1781376955	186.2389
7 1 3			0.86		77.57		33.57		0.29169	1.4031	66.8553232335	91.2915
1 1 15			0.89		78.46		33.28		0.29176	0.656	61.3839959686	20.6242
1 1 9			0.91		79.37		32.86		0.29184	0.2216	37.1193146943	1.1702
3 7 5			0.83		80.2		33.31		0.29183	1.0548	74.7470539899	89.5814
1 3 13			0.9		81.09		32.98		0.29146	0.3907	59.4200243294	11.5335
3 3 15			0.91		82.0		32.57		0.29147	0.3402	73.0835579415	3.8877
0 2 12			0.9		82.9		32.3		0.29147	0.3827	50.6142203783	17.5707
0 0 18			0.9		83.8		32.09		0.29212	0.6609	73.530655613	37.988
1 3 15			0.92		84.72		31.74		0.29214	0.2862	67.3623786269	8.1809
1 3 3			0.89		85.61		31.71		0.29217	0.7045	30.3940112777	66.1614
0 2 6			0.85		86.46		32.06		0.29236	1.1672	29.1471999487	131.5155
4 2 6			0.89		87.36		31.95		0.29248	1.6049	46.7233273538	62.1975
5 5 3			0.89		88.25		31.91		0.29252	0.8107	66.8760743485	64.1048
0 6 10			0.89		89.13		31.88		0.29223	0.8527	69.1637693973	8.5049
2 0 12			0.91		90.04		31.63		0.29223	0.8079	50.6101057273	16.6151
0 6 14			0.92		90.96		31.32		0.29216	0.9096	81.7552219026	27.2955
4 2 8			0.93		91.89		30.97		0.29212	0.7605	51.4203212226	2.5419
0 2 14			0.93		92.82		30.62		0.29212	0.2479	58.6982494177	6.3292
4 6 6			0.93		93.75		30.35		0.29219	1.1903	71.9781772466	41.9784
5 5 1			0.94		94.69		30.02		0.29219	0.5073	65.769247456	23.9531
2 2 4			0.94		95.63		29.72		0.29216	0.7551	29.4672289371	73.6026
6 2 0			0.66		96.3		32.44		0.29216	4.3933	57.9728440251	566.5186
2 4 0			0.9		97.19		32.24		0.29216	1.4359	40.0960076051	88.2765
2 2 16			0.87		98.07		32.35		0.29255	1.1693	70.1293332912	108.6018
4 0 14			0.88		98.94		32.39		0.29232	1.986	67.7459682929	124.3248
2 0 8			0.89		99.83		32.23		0.29201	0.1665	35.7565424018	1.5727
2 2 0			0.39		100.22		38.53		0.29201	11.1953	25.0390113278	1035.9387
0 0 4			0.84		101.06		38.15		0.29199	0.8482	15.2869714585	59.1035
5 1 7			0.55		101.61		41.49		0.29279	0.2609	54.1000446603	4.252
1 5 13			0.8		102.41		41.18		0.29242	1.1973	71.2966048402	12.6128