HKL Value		Reward		TotalReward	Chi Squared	Z Appr. 	Error	Two-Thetas	Sfs2
2 0 14			0.0		0.0		0.0		0.3	0.2634	58.6945218607	7.3942
6 4 0			0.0		0.0		0.01		0.28012	1.8287	67.0910631577	58.6803
9 1 1			56.2		56.2		0.01		0.28008	0.8793	87.9915459652	19.6393
0 4 20			11.54		67.73		0.18		0.2866	1.027	94.1654323607	18.6345
2 0 8			5.51		73.25		0.74		0.28548	0.1665	35.7565424018	1.5727
4 6 2			6.51		79.76		0.6		0.2855	0.2349	67.657370766	5.5969
2 4 10			5.43		85.19		0.82		0.28433	0.607	57.0555982332	12.0937
4 4 10			4.91		90.1		1.0		0.28264	0.6886	66.23802526	47.6672
0 6 8			4.42		94.52		1.23		0.28262	0.7694	64.1950429677	5.6946
1 5 13			4.33		98.85		1.31		0.2838	1.1973	71.2966048402	12.6128
6 4 2			4.58		103.43		1.21		0.28384	0.2211	67.6401768609	4.8049
3 1 15			4.65		108.08		1.17		0.28313	0.2871	67.3554895111	7.7692
6 0 0			4.03		112.11		1.46		0.28313	0.7256	54.7363985401	55.434
1 3 9			4.18		116.29		1.44		0.283	0.2622	45.3040218183	7.1674
5 1 1			3.97		120.26		1.55		0.28289	0.5346	46.1701152	26.7419
6 0 6			2.55		122.81		2.94		0.28368	1.0815	60.1501886982	39.9969
3 7 1			3.05		125.86		2.77		0.28365	1.2822	71.5694631273	22.2453
4 0 10			3.0		128.86		2.78		0.2824	0.6243	53.7713327333	45.2096
3 1 13			3.03		131.89		2.74		0.28304	0.3869	59.4126405656	11.7895
6 2 4			3.14		135.03		2.6		0.28306	0.8727	60.3342977717	77.9073
7 3 1			3.21		138.24		2.48		0.28304	0.5095	71.5359286583	22.1332
4 2 10			3.26		141.49		2.39		0.28262	1.1102	57.0442200735	11.3144
3 3 13			3.3		144.8		2.32		0.28297	0.5636	65.4922780779	9.1158
6 0 8			3.27		148.07		2.33		0.28297	2.9234	64.163237895	5.3359
0 2 20			3.18		151.25		2.43		0.28444	0.4494	86.0769303832	2.8517
3 1 9			3.22		154.46		2.42		0.28439	0.36	45.2950695798	8.7768
5 3 1			3.15		157.61		2.49		0.28436	0.5252	53.2386121167	32.835
1 1 13			3.23		160.84		2.42		0.2845	0.3722	52.9310122384	10.9703
5 5 1			3.29		164.13		2.34		0.28449	0.5073	65.769247456	23.9531
0 4 10			3.16		167.29		2.46		0.28405	0.9893	53.7871001638	44.1425
3 1 1			3.04		170.32		2.63		0.28402	0.5239	28.3131072915	41.7464
6 0 10			3.04		173.37		2.68		0.28365	1.0728	69.1331306246	8.9056