HKL Value		Reward		TotalReward	Chi Squared	Z Appr. 	Error	Two-Thetas	Sfs2
0 6 18			0.0		0.0		0.0		0.3	0.7949	98.0280769063	1.8601
2 0 14			0.0		0.0		1.81		0.29629	0.2634	58.6945218607	7.3942
6 0 6			9.6		9.6		0.35		0.31207	1.0815	60.1501886982	39.9969
0 4 20			8.83		18.43		0.32		0.31308	1.027	94.1654323607	18.6345
9 1 1			6.51		24.94		0.56		0.31304	0.8793	87.9915459652	19.6393
2 4 10			4.27		29.21		1.21		0.31382	0.607	57.0555982332	12.0937
6 4 0			5.05		34.26		1.01		0.31382	1.8287	67.0910631577	58.6803
3 1 13			0.56		34.82		9.6		0.31795	0.3869	59.4126405656	11.7895
0 6 8			1.84		36.66		8.66		0.31803	0.7694	64.1950429677	5.6946
1 3 9			1.76		38.42		8.44		0.3175	0.2622	45.3040218183	7.1674
4 6 2			1.93		40.35		7.67		0.31748	0.2349	67.657370766	5.5969
2 0 6			1.59		41.94		8.49		0.31775	1.6278	29.1406672869	128.8477
6 0 0			1.8		43.74		8.17		0.31775	0.7256	54.7363985401	55.434
4 2 10			1.92		45.66		7.57		0.31785	1.1102	57.0442200735	11.3144
5 1 1			1.83		47.49		7.53		0.31783	0.5346	46.1701152	26.7419
3 3 13			1.11		48.6		10.63		0.31985	0.5636	65.4922780779	9.1158
6 4 2			1.67		50.27		10.0		0.31984	0.2211	67.6401768609	4.8049
4 2 12			1.25		51.51		11.65		0.31847	0.2244	63.468523569	4.7972
5 3 1			1.5		53.01		11.49		0.31844	0.5252	53.2386121167	32.835
1 5 5			0.74		53.75		16.18		0.31851	1.8923	50.2743192378	127.3636
3 1 1			1.27		55.02		16.02		0.31848	0.5239	28.3131072915	41.7464
6 0 8			1.35		56.37		15.37		0.31853	2.9234	64.163237895	5.3359
1 1 13			1.12		57.49		16.42		0.31965	0.3722	52.9310122384	10.9703
3 1 9			1.3		58.79		15.99		0.31946	0.36	45.2950695798	8.7768
2 4 6			1.35		60.13		15.37		0.31949	0.785	46.7364348384	64.2552
6 0 10			1.37		61.51		14.77		0.31955	1.0728	69.1331306246	8.9056
0 2 18			1.28		62.79		14.9		0.31859	0.3755	76.3208597895	3.7538
0 2 20			1.28		64.07		14.97		0.31789	0.4494	86.0769303832	2.8517
2 0 10			1.37		65.44		14.5		0.31782	0.6169	42.9543880851	20.236
0 2 10			1.39		66.82		14.07		0.31776	0.4317	42.9590557724	21.0204
4 2 2			1.38		68.21		13.78		0.31775	0.457	40.8620305525	12.2524
6 2 10			1.41		69.62		13.42		0.31786	0.7103	71.9901825081	43.9921
5 1 9			1.43		71.05		13.04		0.3178	0.4583	58.9619928854	19.0838
2 4 8			1.33		72.38		13.33		0.31791	0.1687	51.4325245866	2.4593
0 6 12			1.25		73.63		14.03		0.31704	0.3425	75.0250979777	1.887
5 3 7			1.19		74.83		14.89		0.31754	0.2523	60.5057581853	5.4388