HKL Value		Reward		TotalReward	Chi Squared	Z Appr. 	Error	Two-Thetas	Sfs2
2 0 14			0.0		0.0		0.0		0.3	0.2634	58.6945218607	7.3942
9 1 1			0.0		0.0		0.0		0.28008	0.8793	87.9915459652	19.6393
6 4 0			56.14		56.14		0.01		0.28008	1.8287	67.0910631577	58.6803
0 4 20			11.54		67.68		0.18		0.2866	1.027	94.1654323607	18.6345
2 0 8			5.51		73.19		0.74		0.28549	0.1665	35.7565424018	1.5727
4 6 2			6.51		79.71		0.6		0.2855	0.2349	67.657370766	5.5969
2 4 10			5.43		85.14		0.82		0.28433	0.607	57.0555982332	12.0937
0 0 6			0.0		85.14		71.14		0.28751	7.4326	23.0169618987	709.6598
0 6 8			1.05		86.18		62.52		0.28764	0.7694	64.1950429677	5.6946
6 4 2			1.05		87.23		55.59		0.28766	0.2211	67.6401768609	4.8049
1 5 13			1.04		88.26		50.04		0.28752	1.1973	71.2966048402	12.6128
6 0 6			0.91		89.18		47.18		0.2879	1.0815	60.1501886982	39.9969
6 0 0			0.99		90.17		43.63		0.28789	0.7256	54.7363985401	55.434
1 3 9			1.01		91.18		40.44		0.2878	0.2622	45.3040218183	7.1674
5 1 1			1.0		92.19		37.8		0.28776	0.5346	46.1701152	26.7419
1 3 11			0.29		92.47		45.62		0.28538	2.4293	52.0561920156	298.4303
3 1 13			0.96		93.43		42.78		0.28561	0.3869	59.4126405656	11.7895
2 0 4			0.59		94.02		45.09		0.28532	1.3874	23.4143586184	109.347
6 2 4			0.94		94.96		42.59		0.28528	0.8727	60.3342977717	77.9073
3 1 15			0.94		95.9		40.44		0.28478	0.2871	67.3554895111	7.7692
4 2 10			0.95		96.84		38.52		0.28407	1.1102	57.0442200735	11.3144
3 7 1			0.96		97.8		36.7		0.28404	1.2822	71.5694631273	22.2453
3 3 13			0.97		98.77		35.04		0.28424	0.5636	65.4922780779	9.1158
0 6 18			0.61		99.39		37.78		0.29002	0.7949	98.0280769063	1.8601
6 0 8			0.94		100.33		36.26		0.29004	2.9234	64.163237895	5.3359
0 2 20			0.95		101.29		34.86		0.29003	0.4494	86.0769303832	2.8517
3 1 9			0.96		102.24		33.66		0.29001	0.36	45.2950695798	8.7768
7 3 1			0.98		103.22		32.43		0.29001	0.5095	71.5359286583	22.1332
0 4 10			0.92		104.14		31.97		0.28975	0.9893	53.7871001638	44.1425
5 3 1			0.97		105.12		31.04		0.28973	0.5252	53.2386121167	32.835
3 1 1			0.97		106.09		30.29		0.28972	0.5239	28.3131072915	41.7464
1 1 13			1.0		107.08		29.41		0.28954	0.3722	52.9310122384	10.9703
4 4 12			0.81		107.89		30.58		0.28949	1.9475	72.2035773977	130.2426
4 2 14			0.99		108.88		29.69		0.28946	1.2576	70.6282605877	19.9713
4 2 12			1.0		109.88		28.88		0.28946	0.2244	63.468523569	4.7972
6 0 10			0.96		110.84		28.56		0.2892	1.0728	69.1331306246	8.9056
7 1 1			1.01		111.85		27.84		0.28919	0.5207	65.7483230412	25.2044
4 4 4			1.02		112.88		27.12		0.28916	0.8476	53.9354251327	76.9211
2 2 4			1.03		113.91		26.44		0.28914	0.7551	29.4672289371	73.6026
0 2 18			0.91		114.82		27.03		0.29052	0.3755	76.3208597895	3.7538
2 4 8			1.03		115.85		26.36		0.2905	0.1687	51.4325245866	2.4593
2 4 6			0.97		116.82		26.39		0.29059	0.785	46.7364348384	64.2552
2 0 10			1.04		117.86		25.78		0.29055	0.6169	42.9543880851	20.236
0 2 10			1.05		118.91		25.2		0.29053	0.4317	42.9590557724	21.0204
2 4 2			1.05		119.96		24.71		0.29053	0.3828	40.8766170199	13.2501
1 7 1			1.06		121.02		24.24		0.29052	0.5219	65.7901743415	26.2984
6 0 2			1.07		122.09		23.73		0.29052	0.2214	55.354768557	5.4487
1 1 1			1.06		123.15		23.47		0.29051	0.5749	13.0194761966	56.7652
1 1 3			1.04		124.19		23.39		0.29053	0.4514	16.9416048235	36.8187
0 4 18			0.93		125.13		24.26		0.29166	0.8369	84.5238780681	17.4513
3 3 9			1.06		126.18		23.91		0.29165	0.3816	52.4524123761	12.0632
5 1 13			1.06		127.24		23.61		0.29146	0.4567	71.2764535317	11.3258
4 2 2			1.08		128.31		23.22		0.29144	0.457	40.8620305525	12.2524
0 6 16			1.08		129.39		22.86		0.29144	0.4825	89.3859051251	7.6515
4 0 4			1.09		130.49		22.46		0.29143	1.2165	39.0343929222	79.1487
5 1 9			1.08		131.56		22.28		0.29143	0.4583	58.9619928854	19.0838
2 4 0			1.08		132.64		22.13		0.29143	1.4359	40.0960076051	88.2765
0 2 14			1.11		133.75		21.74		0.29143	0.2479	58.6982494177	6.3292
0 2 16			1.1		134.85		21.52		0.29143	1.8687	67.2407114996	13.8307
1 3 13			1.11		135.96		21.28		0.29126	0.3907	59.4200243294	11.5335
2 2 16			1.03		136.99		21.7		0.29146	1.1693	70.1293332912	108.6018
4 2 0			1.09		138.08		21.56		0.29146	0.9287	40.0811891304	86.5118
5 5 1			1.12		139.2		21.22		0.29146	0.5073	65.769247456	23.9531
0 4 4			1.13		140.33		20.9		0.29144	0.8482	39.0545896029	78.0016
2 6 4			1.13		141.46		20.59		0.29143	0.8772	60.3635846112	78.02
1 5 3			1.08		142.54		20.75		0.29146	0.9511	47.585042181	85.8034
0 0 4			1.14		143.68		20.45		0.29144	0.8482	15.2869714585	59.1035
6 2 10			1.1		144.78		20.51		0.29131	0.7103	71.9901825081	43.9921
0 6 6			1.11		145.89		20.44		0.29136	1.0147	60.183190367	40.9583
0 0 10			1.1		146.99		20.47		0.29123	0.8316	38.8438017949	41.7013
3 5 9			1.12		148.11		20.36		0.29122	0.4755	65.0802252419	19.5165
6 4 6			1.13		149.24		20.17		0.29127	0.9247	71.9614498967	41.9809
0 6 0			1.14		150.38		19.98		0.29127	1.4277	54.7714555341	59.4019
6 0 4			1.12		151.5		20.0		0.29124	0.7069	57.1830782131	42.6751
2 0 12			1.13		152.63		19.87		0.29124	0.8079	50.6101057273	16.6151
4 0 8			0.84		153.47		22.17		0.29114	2.9483	47.8850437629	244.3799
4 6 0			1.1		154.57		21.88		0.29114	0.7863	67.1083315067	59.4729
1 3 1			1.09		155.66		21.71		0.29114	0.5324	28.3265170018	42.1271
0 0 18			1.08		156.74		21.68		0.29153	0.6609	73.530655613	37.988
5 1 7			0.6		157.33		26.19		0.29193	0.2609	54.1000446603	4.252
1 5 9			1.0		158.33		26.0		0.29193	0.4394	58.984264935	17.7365
2 0 16			1.01		159.34		25.77		0.29193	0.5935	67.2372591268	11.8907
0 6 12			1.02		160.36		25.46		0.29193	0.3425	75.0250979777	1.887
2 6 10			0.99		161.35		25.44		0.29181	0.7069	72.0169435829	44.7171
0 6 2			1.02		162.37		25.15		0.29181	0.2356	55.3895592761	6.1752
0 0 20			0.93		163.3		25.8		0.29065	0.4542	83.3712939521	4.3689
4 6 6			1.01		164.3		25.59		0.29068	1.1903	71.9781772466	41.9784
4 4 10			1.0		165.31		25.48		0.2906	0.6886	66.23802526	47.6672
0 2 2			1.0		166.31		25.36		0.2906	0.4614	19.2417464495	36.8131
2 4 12			1.02		167.33		25.1		0.2906	0.2205	63.4791913795	4.8908
1 3 15			1.02		168.35		24.87		0.2906	0.2862	67.3623786269	8.1809
1 1 9			1.03		169.38		24.63		0.29063	0.2216	37.1193146943	1.1702
1 1 15			1.02		170.41		24.5		0.29066	0.656	61.3839959686	20.6242
1 5 1			1.03		171.44		24.28		0.29066	0.4978	46.196563203	27.3004
0 2 12			1.03		172.47		24.14		0.29066	0.3827	50.6142203783	17.5707
2 2 10			1.02		173.5		24.08		0.29056	0.6429	46.7739448495	44.8949
5 3 9			1.03		174.53		23.97		0.29056	0.4833	65.0662013285	20.8409
3 3 1			1.04		175.57		23.77		0.29054	0.5106	38.1558496662	33.1617
6 0 12			1.05		176.62		23.53		0.29054	0.5892	74.995462768	0.9301
7 3 3			1.03		177.65		23.57		0.29056	1.9283	72.601334037	69.5466
4 6 4			1.04		178.69		23.5		0.29055	1.0731	69.291881243	33.3045
0 4 16			1.01		179.7		23.66		0.29068	1.5557	75.7704700384	94.8658