HKL Value		Reward		TotalReward	Chi Squared	Z Appr. 	Error	Two-Thetas	Sfs2
0 4 20			0.0		0.0		0.0		0.3	1.027	94.1654323607	18.6345
2 0 14			0.0		0.0		0.45		0.28662	0.2634	58.6945218607	7.3942
9 1 1			9.85		9.85		0.27		0.2866	0.8793	87.9915459652	19.6393
6 0 6			0.94		10.79		6.57		0.28736	1.0815	60.1501886982	39.9969
6 4 0			2.59		13.37		4.93		0.28736	1.8287	67.0910631577	58.6803
0 6 18			0.68		14.05		11.53		0.29226	0.7949	98.0280769063	1.8601
4 2 4			0.7		14.76		16.57		0.29216	0.7624	43.1345383828	64.2766
5 5 3			0.99		15.75		18.26		0.29224	0.8107	66.8760743485	64.1048
2 4 10			1.25		17.0		17.69		0.29192	0.607	57.0555982332	12.0937
0 6 8			1.47		18.47		15.82		0.29197	0.7694	64.1950429677	5.6946
3 1 13			1.38		19.85		15.05		0.29143	0.3869	59.4126405656	11.7895
4 6 2			1.52		21.37		13.68		0.29143	0.2349	67.657370766	5.5969
1 3 9			1.51		22.88		12.79		0.2914	0.2622	45.3040218183	7.1674
5 1 1			1.53		24.4		12.11		0.29139	0.5346	46.1701152	26.7419
6 0 0			1.54		25.94		11.58		0.29139	0.7256	54.7363985401	55.434
4 2 10			1.44		27.38		11.74		0.29112	1.1102	57.0442200735	11.3144
6 4 2			1.61		28.99		11.01		0.29112	0.2211	67.6401768609	4.8049
4 2 12			1.62		30.61		10.49		0.29112	0.2244	63.468523569	4.7972
3 3 13			1.54		32.15		10.49		0.29062	0.5636	65.4922780779	9.1158
5 3 1			1.61		33.76		10.2		0.29061	0.5252	53.2386121167	32.835
6 0 8			1.67		35.42		9.75		0.29064	2.9234	64.163237895	5.3359
3 1 1			1.61		37.04		9.69		0.29062	0.5239	28.3131072915	41.7464
0 2 20			1.7		38.73		9.3		0.29063	0.4494	86.0769303832	2.8517
3 1 9			1.7		40.43		9.07		0.2906	0.36	45.2950695798	8.7768
1 1 13			1.7		42.13		8.9		0.29032	0.3722	52.9310122384	10.9703
6 0 10			1.57		43.7		9.36		0.29003	1.0728	69.1331306246	8.9056
2 4 6			1.47		45.17		10.08		0.29015	0.785	46.7364348384	64.2552
0 2 18			1.39		46.56		10.96		0.29136	0.3755	76.3208597895	3.7538