HKL Value		Reward		TotalReward	Chi Squared	Z Appr. 	Error	Two-Thetas	Sfs2
3 2 0			0.0		0.0		0.0		0.4	0.67	70.467230504	2.2538
2 1 6			0.0		0.0		0.23		0.46959	0.16	55.9883197776	2.0239
4 0 3			1.0		1.0		0.12		0.46959	0.29	62.1413926063	0.0
1 0 8			0.5		1.5		0.08		0.46959	0.24	54.8685935926	0.0
3 1 5			-0.85		0.65		0.5		0.45239	0.09	61.4399691436	8.5457
2 0 3			0.25		0.9		0.4		0.45239	0.09	34.3920319457	0.0
2 0 1			0.2		1.1		0.34		0.45239	0.15	29.01034049	0.0
3 0 0			0.17		1.27		0.29		0.45239	0.45	42.9814560157	0.0
1 1 2			0.14		1.41		0.25		0.45239	0.52	32.1995090242	11.6912
2 1 2			0.09		1.5		0.23		0.45291	0.36	40.8238903893	0.1747
3 0 4			0.11		1.62		0.21		0.4529	0.64	50.7360354343	0.0
3 2 3			-0.13		1.48		0.24		0.4529	1.08	73.8091166097	1.7896
2 0 2			-0.24		1.24		0.32		0.45188	0.1	31.1263267788	5.5981
1 0 0			0.08		1.33		0.29		0.45188	0.0	14.0285801003	0.0
4 0 0			-0.23		1.1		0.38		0.45188	0.08	58.4798162983	46.4355
0 0 3			0.07		1.17		0.35		0.45188	0.03	19.1797885945	0.0
3 0 2			0.07		1.24		0.33		0.45188	0.46	45.0164041053	0.0
1 1 4			0.06		1.3		0.31		0.4518	0.3	39.4492672371	0.9567
3 0 6			0.06		1.35		0.29		0.45179	0.11	59.366558438	0.0
1 0 4			0.06		1.41		0.28		0.45179	0.08	29.3672081998	0.0
0 0 2			-0.13		1.28		0.32		0.4508	0.15	12.7532192506	5.5981
2 0 7			0.05		1.33		0.31		0.4508	4.16	54.6555056564	0.0
4 0 1			0.05		1.37		0.29		0.4508	0.27	58.8934376912	0.0
0 0 7			0.05		1.42		0.28		0.4508	0.2	45.7499157105	0.0
2 0 5			0.04		1.46		0.27		0.4508	5.26	43.4052500519	0.0
4 0 5			0.04		1.5		0.26		0.4508	0.26	68.3700248267	0.0
1 1 5			-0.1		1.4		0.29		0.44508	3.06	44.2189644299	8.5457
1 0 6			0.04		1.44		0.28		0.44507	0.25	41.5701214249	0.0
1 0 5			0.01		1.45		0.27		0.44831	0.22	35.3149362404	7.049
1 1 3			-0.09		1.35		0.3		0.44779	0.54	35.3770121777	12.6586
3 0 8			0.03		1.39		0.29		0.44779	0.3	70.3147352648	0.0
0 0 -8			-0.02		1.36		0.3		0.44315	0.38	52.7511004195	15.5355
3 0 7			0.03		1.39		0.29		0.44323	0.18	64.5726747292	2.8781
3 1 2			0.03		1.42		0.28		0.44334	0.11	52.5840292854	11.6912
1 1 7			0.0		1.43		0.28		0.44212	0.15	55.34320722	1.1017
3 1 0			0.03		1.46		0.27		0.44212	0.86	50.7823995615	0.002
4 0 4			0.01		1.47		0.27		0.44175	0.13	64.9051128666	1.7476
0 1 4			-0.01		1.45		0.27		0.44213	0.09	36.6772811508	0.4076
2 0 6			-0.01		1.44		0.28		0.44091	0.73	48.8015573959	6.3028
4 1 1			0.02		1.46		0.27		0.44091	0.21	65.3342299592	0.4263
4 1 0			0.0		1.47		0.27		0.44091	0.2	64.9447604845	0.0084
0 1 8			-0.05		1.41		0.29		0.44287	2.05	59.6041295708	7.5134
3 1 3			-0.06		1.36		0.3		0.44262	0.4	54.7770496801	12.6586
0 1 7			0.02		1.38		0.3		0.44259	0.26	53.2385720724	8.4036
-1 -1 2			0.02		1.4		0.29		0.44266	0.13	32.1995090242	11.6912
4 1 3			0.02		1.42		0.28		0.44267	0.15	68.408649436	0.0043
3 2 1			-0.02		1.4		0.29		0.44269	0.17	70.8417473216	1.0468
1 0 7			0.02		1.42		0.28		0.44275	0.54	48.0896902272	2.8781
3 2 4			0.02		1.44		0.28		0.44254	0.0	76.369138646	3.3351
2 1 1			0.02		1.46		0.27		0.44254	0.13	39.1745550983	0.4263
3 1 4			0.02		1.48		0.27		0.44254	0.33	57.7518627408	0.9567
2 2 3			0.02		1.5		0.26		0.44251	0.31	64.6616050849	6.6891
2 1 7			0.02		1.52		0.26		0.44251	0.57	61.3678684761	8.4036
4 1 5			0.02		1.54		0.25		0.44243	1.53	74.3771604481	7.6693
2 2 6			-0.01		1.53		0.26		0.44233	0.0	74.8444416707	3.2648
1 2 7			0.01		1.54		0.25		0.4425	0.71	74.291810142	3.5836
2 2 5			-0.0		1.54		0.25		0.44303	0.26	70.7747179536	2.8196
1 1 6			0.01		1.55		0.25		0.44321	0.38	49.5460147793	8.8974
2 1 0			0.0		1.55		0.25		0.44321	0.16	38.6117414796	0.0084
0 0 8			0.0		1.55		0.25		0.44203	0.5	52.7511004195	15.5355
2 1 4			-0.01		1.54		0.25		0.44224	2.11	46.9440445598	0.4076
0 0 4			0.0		1.55		0.25		0.44203	0.08	25.6679215219	1.7476
1 -1 2			0.02		1.56		0.25		0.44207	0.39	32.1995090242	11.6912
-1 -1 -2			0.01		1.58		0.24		0.44211	0.31	32.1995090242	11.6912
0 1 5			0.02		1.59		0.24		0.44206	0.34	41.7114803244	7.6693
1 2 6			0.01		1.61		0.24		0.4422	0.11	69.4566609057	1.2895
2 0 4			0.0		1.61		0.24		0.442	0.23	38.5541558059	1.7476
0 2 7			-0.0		1.61		0.24		0.4427	0.0	72.5085769296	0.0094
-2 0 4			0.0		1.61		0.24		0.44253	0.22	38.5541558059	1.7476
3 0 5			-0.01		1.6		0.24		0.44329	0.2	54.7330754518	7.0489
3 0 1			0.01		1.6		0.24		0.44329	0.76	43.4972935008	0.0644
2 1 8			-0.03		1.58		0.24		0.44423	0.22	67.2524657177	7.5134
0 1 6			-0.06		1.52		0.26		0.44552	0.0	47.2608104201	2.0239
3 2 2			0.0		1.53		0.26		0.44549	0.0	71.9603042663	6.6617
3 0 3			0.01		1.53		0.26		0.44572	0.33	47.4629609511	3.2424
1 0 1			0.01		1.54		0.25		0.44572	0.06	15.4189733366	0.0644
2 0 -4			0.0		1.54		0.25		0.44556	0.31	38.5541558059	1.7476
4 0 6			-0.02		1.52		0.26		0.44491	0.38	72.4962488704	6.3028
4 1 4			-0.0		1.51		0.26		0.445	0.37	71.0458443611	0.4076
3 1 7			-0.01		1.51		0.26		0.44451	0.32	70.7276559911	1.1017