HKL Value		Reward		TotalReward	Chi Squared	Z Appr. 	Error	Two-Thetas	Sfs2
0 1 7			0.0		0.0		0.0		0.4	0.26	53.2385720724	8.4036
1 -1 2			0.0		0.0		0.21		0.47695	0.39	32.1995090242	11.6912
2 2 3			20.88		20.88		0.01		0.44303	0.31	64.6616050849	6.6891
4 0 3			0.5		21.38		0.01		0.44303	0.29	62.1413926063	0.0
1 0 8			0.33		21.71		0.0		0.44303	0.24	54.8685935926	0.0
4 1 3			0.2		21.91		0.0		0.44306	0.15	68.408649436	0.0043
2 0 3			0.2		22.11		0.0		0.44306	0.09	34.3920319457	0.0
3 0 8			0.17		22.27		0.0		0.44306	0.3	70.3147352648	0.0
2 0 1			0.14		22.42		0.0		0.44306	0.15	29.01034049	0.0
1 1 5			-0.94		21.47		0.05		0.43346	3.06	44.2189644299	8.5457
4 1 0			-0.3		21.17		0.07		0.43346	0.2	64.9447604845	0.0084
0 0 -8			0.04		21.2		0.06		0.43617	0.38	52.7511004195	15.5355
3 0 0			0.09		21.29		0.06		0.43617	0.45	42.9814560157	0.0
0 0 3			0.08		21.38		0.05		0.43617	0.03	19.1797885945	0.0
1 2 7			-0.18		21.2		0.06		0.43662	0.71	74.291810142	3.5836
3 0 4			0.07		21.27		0.06		0.43662	0.64	50.7360354343	0.0
3 1 4			0.06		21.33		0.06		0.43661	0.33	57.7518627408	0.9567
3 0 2			0.06		21.4		0.05		0.43661	0.46	45.0164041053	0.0
-2 0 4			-0.02		21.37		0.05		0.43599	0.22	38.5541558059	1.7476
1 0 4			0.06		21.43		0.05		0.43599	0.08	29.3672081998	0.0
4 1 5			0.05		21.48		0.05		0.43609	1.53	74.3771604481	7.6693
3 0 6			0.05		21.53		0.05		0.43609	0.11	59.366558438	0.0
2 1 1			0.03		21.55		0.05		0.43609	0.13	39.1745550983	0.4263
1 0 0			0.05		21.6		0.04		0.43609	0.0	14.0285801003	0.0
2 2 5			-0.3		21.3		0.06		0.43747	0.26	70.7747179536	2.8196
4 0 2			-0.37		20.93		0.1		0.43697	0.26	60.1237214722	5.5981
4 0 6			-0.01		20.92		0.1		0.43559	0.38	72.4962488704	6.3028