HKL Value		Reward		TotalReward	Chi Squared	Z Appr. 	Error	Two-Thetas	Sfs2
3 1 5			0.0		0.0		0.0		0.4	0.09	61.4399691436	8.5457
4 0 3			0.0		0.0		0.0		0.42322	0.29	62.1413926063	0.0
1 0 8			1.0		1.0		0.0		0.42322	0.24	54.8685935926	0.0
2 0 3			0.5		1.5		0.0		0.42322	0.09	34.3920319457	0.0
2 0 1			0.33		1.83		0.0		0.42322	0.15	29.01034049	0.0
2 1 2			-1.0		0.83		0.07		0.4279	0.36	40.8238903893	0.1747
3 0 0			0.2		1.03		0.06		0.4279	0.45	42.9814560157	0.0
1 0 0			0.17		1.2		0.05		0.4279	0.0	14.0285801003	0.0
1 1 7			0.08		1.28		0.05		0.42971	0.15	55.34320722	1.1017
0 0 3			0.12		1.41		0.04		0.42971	0.03	19.1797885945	0.0
3 0 4			0.11		1.52		0.04		0.42971	0.64	50.7360354343	0.0
3 0 2			0.1		1.62		0.03		0.42971	0.46	45.0164041053	0.0
3 0 6			0.09		1.71		0.03		0.42971	0.11	59.366558438	0.0
1 0 4			0.08		1.79		0.03		0.42971	0.08	29.3672081998	0.0
3 1 4			0.07		1.86		0.03		0.42966	0.33	57.7518627408	0.9567
2 0 7			0.07		1.93		0.03		0.42966	4.16	54.6555056564	0.0
4 0 1			0.07		2.0		0.02		0.42966	0.27	58.8934376912	0.0
0 0 7			0.06		2.06		0.02		0.42966	0.2	45.7499157105	0.0
2 0 5			0.06		2.12		0.02		0.42966	5.26	43.4052500519	0.0
4 0 5			0.06		2.18		0.02		0.42966	0.26	68.3700248267	0.0
3 0 8			0.05		2.23		0.02		0.42966	0.3	70.3147352648	0.0
1 0 6			0.05		2.28		0.02		0.42966	0.25	41.5701214249	0.0
3 0 7			-0.39		1.89		0.03		0.43512	0.18	64.5726747292	2.8781
3 1 2			-0.04		1.85		0.03		0.43546	0.11	52.5840292854	11.6912
4 1 1			0.02		1.87		0.03		0.43546	0.21	65.3342299592	0.4263
1 1 4			0.04		1.9		0.03		0.43546	0.3	39.4492672371	0.9567
4 0 0			-0.65		1.25		0.09		0.43545	0.08	58.4798162983	46.4355
3 1 0			0.04		1.29		0.08		0.43545	0.86	50.7823995615	0.002
-1 -1 2			0.01		1.3		0.08		0.43579	0.13	32.1995090242	11.6912
2 1 1			0.03		1.33		0.08		0.43579	0.13	39.1745550983	0.4263
1 0 7			-0.01		1.32		0.08		0.43728	0.54	48.0896902272	2.8781
4 1 3			0.03		1.35		0.08		0.4373	0.15	68.408649436	0.0043
2 2 3			0.03		1.38		0.08		0.43743	0.31	64.6616050849	6.6891
4 1 5			0.03		1.41		0.07		0.43748	1.53	74.3771604481	7.6693
1 2 7			-0.05		1.36		0.08		0.43796	0.71	74.291810142	3.5836
2 1 7			0.02		1.38		0.08		0.4384	0.57	61.3678684761	8.4036
0 1 7			0.02		1.41		0.07		0.43875	0.26	53.2385720724	8.4036
1 1 2			0.01		1.42		0.07		0.43894	0.52	32.1995090242	11.6912
1 1 6			-0.01		1.41		0.07		0.43952	0.38	49.5460147793	8.8974
-1 -1 -2			0.01		1.43		0.07		0.43971	0.31	32.1995090242	11.6912
1 -1 2			0.01		1.44		0.07		0.4399	0.39	32.1995090242	11.6912
0 1 5			0.02		1.46		0.07		0.43982	0.34	41.7114803244	7.6693
3 2 4			0.01		1.48		0.07		0.4395	0.0	76.369138646	3.3351
1 2 6			0.0		1.48		0.07		0.44027	0.11	69.4566609057	1.2895
2 2 5			-0.08		1.4		0.07		0.44139	0.26	70.7747179536	2.8196
4 0 4			-0.03		1.37		0.08		0.44082	0.13	64.9051128666	1.7476
2 0 4			-0.02		1.35		0.08		0.44027	0.23	38.5541558059	1.7476