Number of epochs: 258e-01
1.301589700844732744e-01
-2.661452408393844699e-02
-3.132080002163624699e-01
3.806919454605511843e-02
-1.521546747580193870e-01
-5.859300659482426926e-02
3.548035030236165732e-02
-1.136662007255818396e-01
1.741281556865107230e-02
9.048880027702357149e-04
-3.330332588190071386e-02
2.913887320461549385e-02
-5.083581522563541261e-02
1.048252894257708095e-01
2.650177747377390619e-02
4.124259598014339001e-02
-5.910330551769759494e-02
3.582149467732714254e-01
3.316089966780972481e-02
-3.058972877615209196e-01
2.606072152068136805e-02
-1.878036651458137030e-01
2.381307448897515902e-02
-3.924220497711431582e-02
-2.842870050028334719e-02
-8.110864943220764955e-02
-4.241704992418908193e-01
1.710477436867199330e-01
-3.924906124226272275e-01
2.622561081354897738e-01
-1.732909234257658249e-02
8.558583742338063405e-02
-8.145084250209616572e-02
3.561701412671498118e-02
-1.704790042150027274e-01
3.579788976255672550e-02
7.374839024105751470e-03
-6.783017560152894421e-02
-1.503867371191325852e-01
1.700595306723430220e-02
2.916587691023372637e-03
3.084753052994287231e-02
-1.446508979710365295e-01
5.376130466309470869e-03
-3.904194369423866218e-02
5.904320432674577818e-02
-1.082129892029332768e-01
6.210379539103087765e-02
-4.085038135338246029e-02
1.413837781067931454e-01
1.199831261210875357e-03
7.862555543686038095e-02
2.947144671412052150e-02
6.500967985193971399e-02
3.113201400544769390e-02
-2.785289579772446955e-01
2.926154359617192530e-02
-2.033650895358616872e-01
2.183345740906483118e-02
-1.317176325547086968e-01
-2.422253820472978214e-01
-2.514972345842765317e-03
-1.330844023459388792e-01
-7.875145683820497511e-02
-6.253796545964483700e-02
-3.675245825980354847e-02
-4.564357761834516580e-01
2.563058531446896215e-02
-1.139692066744380505e-01
4.730110883567049673e-01
-1.283333695235374869e-02
9.405890950008594098e-02
-2.015889738084907512e-01
-1.539677299984958392e-01
4.393608295684198889e-02
4.515885541158031757e-01
-5.515946153894514190e-03
2.304696523661832822e-02
-2.458245609605665127e-01
5.007852474160202905e-02
4.465082369931183681e-02
3.177676258960347722e-02
-1.846042700780006762e-01
-3.460763878139410527e-02
