HKL Value		Reward		TotalReward	Chi Squared	Z Appr. 	Error	Two-Thetas	Sfs2
2 4 12			0.0		0.0		0.0		0.3	0.2205	63.4791913795	4.8908
4 6 2			0.0		0.0		0.31		0.30881	0.2349	67.657370766	5.5969
3 7 1			4.5		4.5		1.07		0.30848	1.2822	71.5694631273	22.2453
1 3 3			0.74		5.24		8.24		0.30954	0.7045	30.3940112777	66.1614
3 1 9			2.36		7.6		6.24		0.3101	0.36	45.2950695798	8.7768
3 3 9			2.44		10.05		5.1		0.31069	0.3816	52.4524123761	12.0632
0 2 10			2.59		12.64		4.29		0.31097	0.4317	42.9590557724	21.0204
2 4 6			2.41		15.05		4.3		0.31158	0.785	46.7364348384	64.2552
0 2 18			2.68		17.72		3.81		0.31184	0.3755	76.3208597895	3.7538
6 0 8			2.58		20.31		3.77		0.3118	2.9234	64.163237895	5.3359
4 2 10			2.43		22.74		4.03		0.31303	1.1102	57.0442200735	11.3144
0 0 20			2.44		25.18		4.13		0.31447	0.4542	83.3712939521	4.3689
0 6 8			2.52		27.69		4.02		0.3145	0.7694	64.1950429677	5.6946
1 5 1			2.38		30.07		4.25		0.31447	0.4978	46.196563203	27.3004
6 4 0			2.59		32.66		3.94		0.31447	1.8287	67.0910631577	58.6803
6 0 10			2.41		35.07		4.14		0.31492	1.0728	69.1331306246	8.9056
4 2 12			2.32		37.39		4.41		0.31423	0.2244	63.468523569	4.7972
6 4 2			2.5		39.89		4.17		0.31423	0.2211	67.6401768609	4.8049
5 5 1			2.51		42.41		4.04		0.31421	0.5073	65.769247456	23.9531
0 0 16			2.59		45.0		3.86		0.31425	1.3342	64.286058028	116.6634
0 2 14			2.58		47.58		3.8		0.31404	0.2479	58.6982494177	6.3292
5 1 1			2.49		50.07		3.93		0.31402	0.5346	46.1701152	26.7419
0 6 12			2.39		52.46		4.18		0.3134	0.3425	75.0250979777	1.887
6 0 0			2.44		54.9		4.2		0.3134	0.7256	54.7363985401	55.434