HKL Value		Reward		TotalReward	Chi Squared	Z Appr. 	Error	Two-Thetas	Sfs2
2 4 12			0.0		0.0		0.0		0.3	0.2205	63.4791913795	4.8908
4 6 2			0.0		0.0		0.31		0.30881	0.2349	67.657370766	5.5969
3 1 9			8.45		8.45		0.35		0.30969	0.36	45.2950695798	8.7768
3 7 1			5.12		13.57		0.87		0.30953	1.2822	71.5694631273	22.2453
0 0 20			2.0		15.57		3.59		0.31414	0.4542	83.3712939521	4.3689
3 3 9			3.13		18.7		2.89		0.3141	0.3816	52.4524123761	12.0632
0 2 10			3.34		22.03		2.43		0.31404	0.4317	42.9590557724	21.0204
6 4 0			3.57		25.6		2.09		0.31404	1.8287	67.0910631577	58.6803
0 2 18			3.78		29.38		1.83		0.314	0.3755	76.3208597895	3.7538
2 4 6			3.55		32.93		1.94		0.3141	0.785	46.7364348384	64.2552
6 0 8			3.42		36.35		2.08		0.31412	2.9234	64.163237895	5.3359
0 6 8			3.38		39.74		2.15		0.31415	0.7694	64.1950429677	5.6946
4 2 10			3.29		43.02		2.27		0.31445	1.1102	57.0442200735	11.3144
1 5 1			2.99		46.01		2.62		0.31442	0.4978	46.196563203	27.3004
6 0 10			2.83		48.84		2.94		0.31487	1.0728	69.1331306246	8.9056