HKL Value		Reward		TotalReward	Chi Squared	Z Appr. 	Error	Two-Thetas	Sfs2
2 4 12			0.0		0.0		0.0		0.3	0.2205	63.4791913795	4.8908
4 6 2			0.0		0.0		0.31		0.30881	0.2349	67.657370766	5.5969
6 0 4			0.98		0.98		6.41		0.2733	0.7069	57.1830782131	42.6751
3 1 9			2.57		3.54		4.9		0.27361	0.36	45.2950695798	8.7768
3 7 1			2.89		6.44		3.69		0.27357	1.2822	71.5694631273	22.2453
3 3 9			2.52		8.96		3.83		0.27393	0.3816	52.4524123761	12.0632
0 2 10			2.2		11.16		4.52		0.28069	0.4317	42.9590557724	21.0204
2 4 6			1.05		12.21		8.85		0.2888	0.785	46.7364348384	64.2552
0 2 18			3.04		15.25		4.89		0.31136	0.3755	76.3208597895	3.7538
6 0 8			2.33		17.59		4.73		0.31128	2.9234	64.163237895	5.3359
6 4 0			2.53		20.11		4.26		0.31128	1.8287	67.0910631577	58.6803
4 2 10			2.3		22.41		4.52		0.31273	1.1102	57.0442200735	11.3144
0 6 8			2.42		24.83		4.38		0.31274	0.7694	64.1950429677	5.6946
0 0 20			2.34		27.16		4.49		0.3144	0.4542	83.3712939521	4.3689
1 5 1			2.28		29.44		4.66		0.31437	0.4978	46.196563203	27.3004
6 0 10			2.24		31.69		4.83		0.31483	1.0728	69.1331306246	8.9056