HKL Value		Reward		TotalReward	Chi Squared	Z Appr. 	Error	Two-Thetas	Sfs2
2 4 12			0.0		0.0		0.0		0.3	0.2205	63.4791913795	4.8908
4 6 2			0.0		0.0		0.31		0.30881	0.2349	67.657370766	5.5969
3 1 9			8.45		8.45		0.35		0.30969	0.36	45.2950695798	8.7768
3 7 1			5.12		13.57		0.87		0.30953	1.2822	71.5694631273	22.2453
3 3 9			5.47		19.04		0.84		0.31031	0.3816	52.4524123761	12.0632
0 2 10			5.89		24.93		0.73		0.31066	0.4317	42.9590557724	21.0204
0 2 18			5.88		30.81		0.72		0.311	0.3755	76.3208597895	3.7538
2 4 6			4.28		35.09		1.24		0.31161	0.785	46.7364348384	64.2552
6 0 8			3.96		39.05		1.51		0.31156	2.9234	64.163237895	5.3359
6 4 0			4.37		43.42		1.35		0.31156	1.8287	67.0910631577	58.6803
1 3 15			3.81		47.24		1.63		0.31191	0.2862	67.3623786269	8.1809
4 2 10			3.37		50.61		2.04		0.31324	1.1102	57.0442200735	11.3144
0 6 8			3.42		54.03		2.11		0.31327	0.7694	64.1950429677	5.6946
0 0 20			3.26		57.29		2.28		0.31462	0.4542	83.3712939521	4.3689
1 5 1			3.0		60.29		2.61		0.31459	0.4978	46.196563203	27.3004