HKL Value		Reward		TotalReward	Chi Squared	Z Appr. 	Error	Two-Thetas	Sfs2
2 4 12			0.0		0.0		0.0		0.3	0.2205	63.4791913795	4.8908
3 1 9			0.0		0.0		0.35		0.30978	0.36	45.2950695798	8.7768
4 6 2			8.48		8.48		0.35		0.30969	0.2349	67.657370766	5.5969
1 3 5			0.0		8.48		51.9		0.31026	3.1323	34.189462707	190.138
3 7 1			1.44		9.92		39.41		0.31012	1.2822	71.5694631273	22.2453
3 3 9			1.43		11.35		31.64		0.31074	0.3816	52.4524123761	12.0632
0 2 10			1.41		12.76		26.4		0.31102	0.4317	42.9590557724	21.0204
0 2 18			1.39		14.15		22.71		0.31135	0.3755	76.3208597895	3.7538
6 4 0			1.41		15.55		19.87		0.31135	1.8287	67.0910631577	58.6803
2 4 6			1.36		16.91		18.13		0.31191	0.785	46.7364348384	64.2552
6 0 8			1.39		18.3		16.66		0.31188	2.9234	64.163237895	5.3359
0 2 4			0.46		18.76		23.48		0.31185	1.326	23.4223631322	110.0283
4 2 12			1.26		20.02		21.62		0.31097	0.2244	63.468523569	4.7972
0 6 8			1.26		21.28		20.18		0.3109	0.7694	64.1950429677	5.6946
4 2 10			1.23		22.5		19.32		0.3121	1.1102	57.0442200735	11.3144
0 0 20			1.23		23.74		18.63		0.31389	0.4542	83.3712939521	4.3689
1 5 1			1.26		25.0		17.89		0.31387	0.4978	46.196563203	27.3004
6 0 10			1.26		26.26		17.33		0.31427	1.0728	69.1331306246	8.9056
6 4 2			1.34		27.6		16.38		0.31426	0.2211	67.6401768609	4.8049
2 0 14			1.36		28.96		15.6		0.31412	0.2634	58.6945218607	7.3942
0 0 12			0.83		29.79		18.75		0.31509	3.2426	47.0346015839	274.3783
4 6 0			1.28		31.07		17.86		0.31509	0.7863	67.1083315067	59.4729
5 1 9			1.3		32.37		17.05		0.31505	0.4583	58.9619928854	19.0838
0 4 4			1.21		33.58		17.06		0.31491	0.8482	39.0545896029	78.0016
5 5 1			1.3		34.88		16.43		0.3149	0.5073	65.769247456	23.9531
6 4 6			1.31		36.19		15.93		0.31478	0.9247	71.9614498967	41.9809
0 2 20			1.34		37.54		15.35		0.31459	0.4494	86.0769303832	2.8517
0 6 2			1.35		38.89		14.87		0.31459	0.2356	55.3895592761	6.1752
3 3 1			1.34		40.23		14.62		0.31456	0.5106	38.1558496662	33.1617
0 0 16			1.39		41.62		14.13		0.31459	1.3342	64.286058028	116.6634
5 1 1			1.37		42.99		13.88		0.31458	0.5346	46.1701152	26.7419
3 7 3			1.31		44.3		14.07		0.31461	0.8954	72.6346668965	71.6226
6 0 0			1.38		45.68		13.77		0.31461	0.7256	54.7363985401	55.434
5 3 1			1.38		47.06		13.61		0.31459	0.5252	53.2386121167	32.835
1 1 9			1.4		48.46		13.33		0.31438	0.2216	37.1193146943	1.1702
0 2 12			1.43		49.9		12.96		0.3143	0.3827	50.6142203783	17.5707
9 1 1			1.45		51.34		12.64		0.31429	0.8793	87.9915459652	19.6393
1 3 15			1.46		52.8		12.37		0.31438	0.2862	67.3623786269	8.1809
0 6 0			1.45		54.25		12.22		0.31438	1.4277	54.7714555341	59.4019
1 3 9			1.48		55.73		11.95		0.31427	0.2622	45.3040218183	7.1674
2 2 16			1.5		57.23		11.69		0.31431	1.1693	70.1293332912	108.6018
4 6 6			1.5		58.73		11.49		0.31422	1.1903	71.9781772466	41.9784
2 4 10			1.52		60.25		11.28		0.31436	0.607	57.0555982332	12.0937
6 0 2			1.53		61.78		11.07		0.31435	0.2214	55.354768557	5.4487
0 6 12			1.5		63.28		11.07		0.31384	0.3425	75.0250979777	1.887
0 4 20			1.55		64.84		10.83		0.3138	1.027	94.1654323607	18.6345
4 2 6			1.56		66.4		10.64		0.31384	1.6049	46.7233273538	62.1975
4 2 2			1.56		67.95		10.52		0.31383	0.457	40.8620305525	12.2524
0 6 18			1.59		69.54		10.3		0.31383	0.7949	98.0280769063	1.8601
1 7 3			1.49		71.04		10.61		0.31385	0.9932	66.8968211493	90.2271
1 7 1			1.55		72.59		10.51		0.31384	0.5219	65.7901743415	26.2984
2 0 10			1.59		74.18		10.31		0.31383	0.6169	42.9543880851	20.236
6 2 4			1.54		75.71		10.41		0.31375	0.8727	60.3342977717	77.9073
6 0 12			1.53		77.24		10.52		0.3132	0.5892	74.995462768	0.9301
4 4 6			0.99		78.23		13.59		0.3134	4.3817	57.0116572758	400.3855