HKL Value		Reward		TotalReward	Chi Squared	Z Appr. 	Error	Two-Thetas	Sfs2
2 0 3			0.0		0.0		0.0		0.5	0.09	34.3920319457	0.0
4 1 3			0.0		0.0		0.0		0.4491	0.15	68.408649436	0.0043
1 0 0			1.0		1.0		0.0		0.4491	0.0	14.0285801003	0.0
2 0 1			0.5		1.5		0.0		0.4491	0.15	29.01034049	0.0
0 1 4			-1.0		0.5		0.08		0.45111	0.09	36.6772811508	0.4076
3 0 6			0.25		0.75		0.06		0.45111	0.11	59.366558438	0.0
3 0 7			0.12		0.87		0.06		0.44874	0.18	64.5726747292	2.8781
4 0 3			0.17		1.04		0.05		0.44874	0.29	62.1413926063	0.0
3 0 0			0.14		1.18		0.04		0.44874	0.45	42.9814560157	0.0
0 0 3			0.13		1.31		0.04		0.44874	0.03	19.1797885945	0.0
3 0 4			0.11		1.42		0.03		0.44874	0.64	50.7360354343	0.0
0 0 7			0.1		1.52		0.03		0.44874	0.2	45.7499157105	0.0
4 0 1			0.09		1.61		0.03		0.44874	0.27	58.8934376912	0.0
1 0 8			0.08		1.69		0.03		0.44874	0.24	54.8685935926	0.0
4 0 5			0.08		1.77		0.02		0.44874	0.26	68.3700248267	0.0
2 0 7			0.07		1.84		0.02		0.44874	4.16	54.6555056564	0.0
2 1 4			-0.45		1.39		0.04		0.44949	2.11	46.9440445598	0.4076
3 2 3			-0.43		0.96		0.07		0.4496	1.08	73.8091166097	1.7896
2 0 6			-0.29		0.67		0.1		0.44022	0.73	48.8015573959	6.3028