HKL Value		Reward		TotalReward	Chi Squared	Z Appr. 	Error	Two-Thetas	Sfs2
2 0 3			0.0		0.0		0.0		0.5	0.09	34.3920319457	0.0
1 0 0			0.0		0.0		0.0		0.49953	0.0	14.0285801003	0.0
2 0 1			1.0		1.0		0.0		0.49953	0.15	29.01034049	0.0
3 0 6			0.43		1.43		0.0		0.49953	0.11	59.366558438	0.0
4 0 3			0.33		1.76		0.0		0.49961	0.29	62.1413926063	0.0
3 0 0			0.25		2.01		0.0		0.49961	0.45	42.9814560157	0.0
3 0 4			-0.35		1.65		0.0		0.49961	0.64	50.7360354343	0.0
4 0 1			-0.32		1.33		0.0		0.49961	0.27	58.8934376912	0.0
3 0 5			-1.0		0.33		0.0		0.53185	0.2	54.7330754518	7.0489
0 0 7			0.12		0.46		0.0		0.53185	0.2	45.7499157105	0.0
0 0 3			0.11		0.57		0.0		0.53185	0.03	19.1797885945	0.0
1 0 8			0.1		0.67		0.0		0.53185	0.24	54.8685935926	0.0
1 2 7			-1.0		-0.33		0.0		0.53085	0.71	74.291810142	3.5836
4 0 5			0.08		-0.25		0.0		0.53085	0.26	68.3700248267	0.0
4 1 5			-0.94		-1.19		0.04		0.52486	1.53	74.3771604481	7.6693
3 1 3			0.06		-1.13		0.04		0.52546	0.4	54.7770496801	12.6586
2 0 7			0.07		-1.07		0.04		0.52546	4.16	54.6555056564	0.0
3 0 8			0.06		-1.0		0.03		0.52546	0.3	70.3147352648	0.0
1 0 4			0.06		-0.94		0.03		0.52546	0.08	29.3672081998	0.0
3 0 2			0.06		-0.89		0.03		0.52546	0.46	45.0164041053	0.0
2 0 5			0.05		-0.84		0.03		0.52546	5.26	43.4052500519	0.0
1 0 6			0.05		-0.79		0.03		0.52546	0.25	41.5701214249	0.0
1 1 4			-0.12		-0.9		0.03		0.52543	0.3	39.4492672371	0.9567
3 1 0			0.04		-0.86		0.03		0.52543	0.86	50.7823995615	0.002
1 0 7			-0.92		-1.78		0.37		0.56829	0.54	48.0896902272	2.8781
3 1 4			0.03		-1.75		0.36		0.56838	0.33	57.7518627408	0.9567
4 1 1			0.04		-1.71		0.34		0.56838	0.21	65.3342299592	0.4263
3 0 7			-0.04		-1.74		0.36		0.57448	0.18	64.5726747292	2.8781
1 1 6			0.01		-1.73		0.35		0.57384	0.38	49.5460147793	8.8974
2 2 6			0.03		-1.7		0.34		0.57374	0.0	74.8444416707	3.2648
1 -1 2			-0.16		-1.86		0.4		0.57315	0.39	32.1995090242	11.6912
-1 -1 -2			-0.13		-1.99		0.47		0.57259	0.31	32.1995090242	11.6912
2 1 1			0.03		-1.95		0.45		0.57259	0.13	39.1745550983	0.4263
0 1 5			-0.09		-2.05		0.5		0.57287	0.34	41.7114803244	7.6693
4 1 3			-0.08		-2.13		0.54		0.57173	0.15	68.408649436	0.0043
2 1 7			0.02		-2.11		0.53		0.57303	0.57	61.3678684761	8.4036
1 1 2			-0.08		-2.2		0.58		0.57252	0.52	32.1995090242	11.6912
-1 -1 2			-0.07		-2.27		0.63		0.57201	0.13	32.1995090242	11.6912
3 0 3			-0.01		-2.28		0.64		0.57001	0.33	47.4629609511	3.2424