HKL Value		Reward		TotalReward	Chi Squared	Z Appr. 	Error	Two-Thetas	Sfs2
3 0 4			0.0		0.0		0.0		0.5	0.64	50.7360354343	0.0
2 0 3			0.0		0.0		0.0		0.50006	0.09	34.3920319457	0.0
2 0 5			-0.72		-0.72		0.0		0.49984	5.26	43.4052500519	0.0
1 0 0			0.5		-0.22		0.0		0.49984	0.0	14.0285801003	0.0
2 0 1			0.47		0.25		0.0		0.4996	0.15	29.01034049	0.0
3 1 3			-1.0		-0.75		0.0		0.52863	0.4	54.7770496801	12.6586
3 0 6			0.2		-0.55		0.0		0.52863	0.11	59.366558438	0.0
4 0 1			0.17		-0.38		0.0		0.52863	0.27	58.8934376912	0.0
3 0 8			0.14		-0.24		0.0		0.52863	0.3	70.3147352648	0.0
1 0 8			0.12		-0.12		0.0		0.52863	0.24	54.8685935926	0.0
0 0 7			0.11		-0.0		0.0		0.52863	0.2	45.7499157105	0.0
4 0 3			0.1		0.1		0.0		0.52863	0.29	62.1413926063	0.0
3 0 0			0.09		0.19		0.0		0.52863	0.45	42.9814560157	0.0
1 0 6			0.08		0.27		0.0		0.52863	0.25	41.5701214249	0.0
0 0 3			0.08		0.35		0.0		0.52863	0.03	19.1797885945	0.0
2 0 7			0.07		0.42		0.0		0.52863	4.16	54.6555056564	0.0
4 0 5			0.07		0.49		0.0		0.52863	0.26	68.3700248267	0.0
1 0 4			0.06		0.55		0.0		0.52863	0.08	29.3672081998	0.0
3 0 2			0.06		0.61		0.0		0.52863	0.46	45.0164041053	0.0
0 0 6			-1.0		-0.39		0.01		0.51428	0.27	38.9249808314	6.3028
1 0 7			-0.87		-1.26		0.06		0.43446	0.54	48.0896902272	2.8781
2 1 1			0.03		-1.23		0.05		0.43446	0.13	39.1745550983	0.4263
3 1 4			0.04		-1.19		0.05		0.43443	0.33	57.7518627408	0.9567
4 1 1			0.03		-1.16		0.05		0.43444	0.21	65.3342299592	0.4263
4 1 3			0.04		-1.12		0.05		0.43447	0.15	68.408649436	0.0043
1 -1 2			-0.01		-1.12		0.05		0.43486	0.39	32.1995090242	11.6912
3 1 0			0.04		-1.09		0.05		0.43486	0.86	50.7823995615	0.002
1 1 4			0.03		-1.05		0.05		0.43486	0.3	39.4492672371	0.9567
2 1 7			-0.01		-1.06		0.05		0.43599	0.57	61.3678684761	8.4036
0 1 5			0.03		-1.03		0.05		0.43616	0.34	41.7114803244	7.6693
-1 -1 2			-0.0		-1.03		0.05		0.43646	0.13	32.1995090242	11.6912
3 2 2			-0.06		-1.1		0.05		0.43615	0.0	71.9603042663	6.6617
-1 -1 -2			-0.0		-1.1		0.05		0.43648	0.31	32.1995090242	11.6912