HKL Value		Reward		TotalReward	Chi Squared	Z Appr. 	Error	Two-Thetas	Sfs2
2 0 5			0.0		0.0		0.0		0.5	5.26	43.4052500519	0.0
2 0 3			0.0		0.0		0.0		0.49979	0.09	34.3920319457	0.0
3 0 1			-1.0		-1.0		0.06		0.4362	0.76	43.4972935008	0.0644
1 0 0			0.5		-0.5		0.04		0.4362	0.0	14.0285801003	0.0
3 0 4			0.33		-0.17		0.03		0.4362	0.64	50.7360354343	0.0
2 0 1			0.25		0.08		0.02		0.4362	0.15	29.01034049	0.0
3 0 6			0.2		0.28		0.02		0.4362	0.11	59.366558438	0.0
4 0 3			0.17		0.45		0.02		0.4362	0.29	62.1413926063	0.0
3 0 0			0.14		0.59		0.02		0.4362	0.45	42.9814560157	0.0
-1 -1 -2			0.03		0.62		0.01		0.44877	0.31	32.1995090242	11.6912
0 0 3			0.11		0.74		0.01		0.44877	0.03	19.1797885945	0.0
0 0 7			0.1		0.84		0.01		0.44877	0.2	45.7499157105	0.0
1 1 6			0.09		0.92		0.01		0.44974	0.38	49.5460147793	8.8974
4 0 1			0.08		1.01		0.01		0.44974	0.27	58.8934376912	0.0
1 0 8			0.08		1.08		0.01		0.44974	0.24	54.8685935926	0.0
4 0 5			0.07		1.16		0.01		0.44974	0.26	68.3700248267	0.0
2 0 7			0.07		1.22		0.01		0.44974	4.16	54.6555056564	0.0
1 0 4			0.06		1.29		0.01		0.44974	0.08	29.3672081998	0.0
3 0 2			0.06		1.34		0.01		0.44974	0.46	45.0164041053	0.0
-1 -1 2			0.05		1.39		0.01		0.45005	0.13	32.1995090242	11.6912
4 1 3			0.05		1.44		0.01		0.45005	0.15	68.408649436	0.0043
3 0 8			0.05		1.49		0.01		0.45005	0.3	70.3147352648	0.0
1 0 6			0.05		1.54		0.01		0.45005	0.25	41.5701214249	0.0
1 0 7			-0.09		1.45		0.01		0.44867	0.54	48.0896902272	2.8781
4 1 1			-0.07		1.38		0.01		0.44867	0.21	65.3342299592	0.4263
3 1 0			0.03		1.41		0.01		0.44867	0.86	50.7823995615	0.002
1 1 4			-0.03		1.38		0.01		0.44853	0.3	39.4492672371	0.9567
2 1 1			-0.06		1.33		0.01		0.44853	0.13	39.1745550983	0.4263
3 1 4			-0.02		1.31		0.01		0.44838	0.33	57.7518627408	0.9567