HKL Value		Reward		TotalReward	Chi Squared	Z Appr. 	Error	Two-Thetas	Sfs2
2 0 3			0.0		0.0		0.0		0.5	0.09	34.3920319457	0.0
1 0 0			0.0		0.0		0.0		0.49953	0.0	14.0285801003	0.0
2 0 1			1.0		1.0		0.0		0.49953	0.15	29.01034049	0.0
3 0 6			0.43		1.43		0.0		0.49953	0.11	59.366558438	0.0
4 0 1			-0.43		1.0		0.0		0.49953	0.27	58.8934376912	0.0
3 0 4			0.3		1.3		0.0		0.49963	0.64	50.7360354343	0.0
4 0 3			-0.06		1.24		0.0		0.49963	0.29	62.1413926063	0.0
3 0 0			0.17		1.4		0.0		0.49963	0.45	42.9814560157	0.0
0 0 7			0.44		1.84		0.0		0.49964	0.2	45.7499157105	0.0
1 0 8			-0.7		1.14		0.0		0.49964	0.24	54.8685935926	0.0
0 0 3			0.11		1.25		0.0		0.49964	0.03	19.1797885945	0.0
3 0 8			-0.19		1.06		0.0		0.49964	0.3	70.3147352648	0.0
4 0 5			-0.24		0.82		0.0		0.49964	0.26	68.3700248267	0.0
2 0 5			-0.54		0.28		0.0		0.49964	5.26	43.4052500519	0.0
2 0 7			-0.04		0.24		0.0		0.49964	4.16	54.6555056564	0.0