Number of epochs: 675e-01
1.071750166529600312e-01
-1.130557973227589441e-01
-2.725743171627054706e-01
6.239667496782659584e-02
-2.815203011522522947e-01
-3.842983654220710754e-01
-3.959955021450551477e-02
-4.189014300406471158e-01
-9.124479222653529564e-02
-2.687614132483039375e-01
-6.013970801231971475e-02
7.333496413272349024e-01
-2.962698748444636543e-01
6.016831228390417952e-02
-8.251719163300036408e-02
3.288545616428055485e-02
-2.247969447476553390e-02
4.541704315445263540e-02
-3.400517550498722424e-02
-4.128342574769588436e-01
-2.147407051686002141e-02
-4.026908528246809782e-01
-3.163012161624711299e-02
-2.809819508338498029e-01
-7.107139253109032162e-02
-4.527619300068966290e-02
-4.996820684499948539e-01
6.529664472247862506e-01
-4.034050401845075129e-01
7.697902138834129548e-01
-2.538682109787568919e-01
4.454614730439754311e-02
-3.644095815121938253e-01
4.576107656129296819e-02
-2.942862953846615559e-01
-2.148241927784277916e-02
-2.466881103142065657e-01
-1.946232128884561596e-01
-4.942218591019127971e-01
-2.219761165708246040e-02
-2.628111448908698189e-01
-2.279289470119924554e-01
-4.041164513667519498e-01
-1.007321109179876856e-01
-1.715061456676943430e-01
1.619644573441304247e-01
-3.119327866380902647e-01
7.301105239291048876e-02
-2.471672356851200847e-01
7.233553202851450425e-02
-2.932541257667555246e-01
3.133163555220198626e-01
-2.628508470209926437e-02
4.485601369769288277e-02
-1.758646656303557154e-02
-2.803015308568800323e-01
-3.536403221791188656e-02
-4.290726535253602258e-01
-2.122283863662256798e-02
-3.873553845769497350e-01
-2.770176922155694332e-01
-2.851434395576619707e-01
-3.517635492069914327e-01
-3.219351461655443059e-01
-3.957630938744079452e-01
-1.050034690621832467e-01
-5.356790661909344164e-01
6.079682126743213982e-02
-4.033802584093525434e-01
1.912533315513323118e-01
-1.161421678714345679e-01
4.465224948836524904e-02
-3.070171130518606351e-01
-3.234601610565430163e-01
-2.134748450392686195e-02
-4.014023587358803158e-02
-3.713434492757762828e-01
-3.933912601891187411e-02
-2.149752904834156819e-01
-3.375297886621457522e-02
-4.065171913905109291e-02
-3.837066704556721386e-02
-1.337627767809002333e-01
-2.254579971066650590e-01
