HKL Value		Reward		TotalReward	Chi Squared	Z Appr. 	Error	Two-Thetas	Sfs2
3 5 3			0.0		0.0		0.0		0.3	0.9259	54.5093201099	87.7589
9 1 1			0.0		0.0		31.34		0.32824	0.8793	87.9915459652	19.6393
3 5 9			2.35		2.35		16.08		0.31863	0.4755	65.0802252419	19.5165
0 6 18			2.12		4.47		11.19		0.31483	0.7949	98.0280769063	1.8601
4 6 2			2.12		6.59		8.54		0.31477	0.2349	67.657370766	5.5969
3 7 1			2.06		8.65		7.3		0.31467	1.2822	71.5694631273	22.2453
5 5 1			2.14		10.78		6.4		0.31457	0.5073	65.769247456	23.9531
1 3 9			2.23		13.01		5.71		0.31329	0.2622	45.3040218183	7.1674
4 2 10			2.19		15.2		5.45		0.31478	1.1102	57.0442200735	11.3144
4 2 14			2.17		17.37		5.37		0.31528	1.2576	70.6282605877	19.9713
6 0 8			2.25		19.62		5.16		0.31537	2.9234	64.163237895	5.3359
6 0 10			2.22		21.83		5.12		0.31617	1.0728	69.1331306246	8.9056
3 3 3			1.73		23.56		6.46		0.31626	0.8081	39.7679129272	70.9373
0 6 10			2.03		25.59		6.27		0.31678	0.8527	69.1637693973	8.5049
0 6 0			1.99		27.58		6.29		0.31679	1.4277	54.7714555341	59.4019
5 5 7			1.1		28.68		9.82		0.31858	0.6639	72.2860687267	4.3062
3 3 13			1.11		29.79		12.29		0.32007	0.5636	65.4922780779	9.1158