HKL Value		Reward		TotalReward	Chi Squared	Z Appr. 	Error	Two-Thetas	Sfs2
2 4 10			0.0		0.0		0.0		0.3	0.607	57.0555982332	12.0937
9 1 1			0.0		0.0		0.01		0.28097	0.8793	87.9915459652	19.6393
0 6 18			3.03		3.03		1.88		0.31519	0.7949	98.0280769063	1.8601
3 5 9			4.47		7.51		1.37		0.31542	0.4755	65.0802252419	19.5165
3 7 1			3.84		11.34		1.62		0.31537	1.2822	71.5694631273	22.2453
7 1 3			1.17		12.51		6.38		0.31555	1.4031	66.8553232335	91.2915
4 2 4			0.56		13.07		13.75		0.31548	0.7624	43.1345383828	64.2766
4 6 2			1.7		14.77		11.88		0.31544	0.2349	67.657370766	5.5969
5 5 1			1.7		16.47		10.64		0.31538	0.5073	65.769247456	23.9531
4 2 10			1.75		18.22		9.67		0.31596	1.1102	57.0442200735	11.3144
1 3 9			1.76		19.98		9.03		0.31531	0.2622	45.3040218183	7.1674
4 2 14			1.77		21.75		8.61		0.31565	1.2576	70.6282605877	19.9713
3 1 5			0.23		21.99		20.32		0.31587	2.8985	34.1781376955	186.2389
0 0 18			1.31		23.3		18.82		0.31542	0.6609	73.530655613	37.988
0 4 18			1.27		24.56		18.01		0.31415	0.8369	84.5238780681	17.4513
6 0 10			1.28		25.84		17.31		0.3147	1.0728	69.1331306246	8.9056
6 0 8			1.33		27.17		16.43		0.31473	2.9234	64.163237895	5.3359
0 6 10			1.32		28.49		15.88		0.31517	0.8527	69.1637693973	8.5049
5 5 7			0.8		29.29		19.23		0.3166	0.6639	72.2860687267	4.3062
0 6 0			1.23		30.52		18.56		0.3166	1.4277	54.7714555341	59.4019
0 4 20			1.27		31.79		17.8		0.3164	1.027	94.1654323607	18.6345
3 3 13			0.83		32.62		20.55		0.31768	0.5636	65.4922780779	9.1158
1 5 9			1.21		33.84		19.7		0.3176	0.4394	58.984264935	17.7365
0 2 16			1.2		35.04		19.13		0.31778	1.8687	67.2407114996	13.8307
1 5 1			1.21		36.25		18.64		0.31777	0.4978	46.196563203	27.3004
2 0 4			0.8		37.05		21.52		0.31778	1.3874	23.4143586184	109.347
0 2 14			1.14		38.19		20.99		0.31766	0.2479	58.6982494177	6.3292
6 0 0			1.17		39.36		20.38		0.31766	0.7256	54.7363985401	55.434
1 1 9			1.15		40.51		20.06		0.31738	0.2216	37.1193146943	1.1702
0 6 14			1.16		41.67		19.71		0.31744	0.9096	81.7552219026	27.2955
3 1 15			1.21		42.89		19.06		0.31748	0.2871	67.3554895111	7.7692
0 2 12			1.21		44.09		18.62		0.31725	0.3827	50.6142203783	17.5707
0 6 2			1.23		45.32		18.11		0.31725	0.2356	55.3895592761	6.1752
1 7 1			1.22		46.55		17.76		0.31725	0.5219	65.7901743415	26.2984
7 1 1			1.24		47.78		17.4		0.31723	0.5207	65.7483230412	25.2044
5 1 11			0.66		48.45		21.81		0.31723	3.2753	64.7131722767	203.727
2 4 12			1.08		49.52		21.76		0.31665	0.2205	63.4791913795	4.8908
5 3 9			1.14		50.67		21.18		0.31667	0.4833	65.0662013285	20.8409
3 1 1			1.11		51.78		20.95		0.31666	0.5239	28.3131072915	41.7464
1 1 15			1.13		52.91		20.69		0.31677	0.656	61.3839959686	20.6242
2 0 10			1.16		54.07		20.2		0.31672	0.6169	42.9543880851	20.236
2 4 6			1.17		55.24		19.75		0.31675	0.785	46.7364348384	64.2552
7 1 7			1.05		56.29		20.32		0.31729	0.3505	72.2660298289	5.0526
0 6 6			1.17		57.46		19.85		0.31728	1.0147	60.183190367	40.9583
1 3 7			1.04		58.5		20.48		0.31778	0.1893	39.2755843192	5.3372
0 2 18			1.14		59.65		20.2		0.31745	0.3755	76.3208597895	3.7538
0 2 20			1.14		60.79		19.98		0.3171	0.4494	86.0769303832	2.8517
3 3 15			1.17		61.96		19.57		0.31706	0.3402	73.0835579415	3.8877
2 4 2			1.17		63.13		19.28		0.31705	0.3828	40.8766170199	13.2501
2 0 14			1.18		64.31		18.99		0.31699	0.2634	58.6945218607	7.3942
5 1 9			1.2		65.5		18.62		0.31696	0.4583	58.9619928854	19.0838
6 4 6			1.19		66.7		18.37		0.31692	0.9247	71.9614498967	41.9809
5 3 7			1.1		67.79		18.89		0.31727	0.2523	60.5057581853	5.4388
4 2 0			1.17		68.96		18.77		0.31727	0.9287	40.0811891304	86.5118
1 3 15			1.2		70.16		18.43		0.3173	0.2862	67.3623786269	8.1809
0 0 22			1.21		71.37		18.14		0.31731	2.2765	94.0325860765	137.6091
1 1 3			1.19		72.55		18.05		0.31732	0.4514	16.9416048235	36.8187
4 6 6			1.21		73.76		17.84		0.31728	1.1903	71.9781772466	41.9784
3 1 13			1.11		74.87		18.37		0.3177	0.3869	59.4126405656	11.7895
6 0 2			1.2		76.07		18.1		0.3177	0.2214	55.354768557	5.4487
0 6 16			1.17		77.25		18.11		0.31788	0.4825	89.3859051251	7.6515
3 5 7			1.13		78.38		18.43		0.31814	0.2309	60.5203777188	5.6046
2 4 14			1.2		79.58		18.18		0.31815	0.5221	70.6383718296	19.4111
2 4 0			1.18		80.76		18.11		0.31815	1.4359	40.0960076051	88.2765
6 0 12			1.07		81.83		18.88		0.31744	0.5892	74.995462768	0.9301
3 3 7			1.05		82.88		19.65		0.3178	0.1558	47.1418707618	3.5073
4 4 10			1.17		84.04		19.37		0.31784	0.6886	66.23802526	47.6672
3 3 1			1.16		85.2		19.2		0.31784	0.5106	38.1558496662	33.1617
4 6 0			1.18		86.38		18.92		0.31784	0.7863	67.1083315067	59.4729
0 6 8			1.18		87.56		18.68		0.31784	0.7694	64.1950429677	5.6946
3 3 3			1.15		88.72		18.71		0.31785	0.8081	39.7679129272	70.9373
2 0 16			1.17		89.89		18.58		0.31795	0.5935	67.2372591268	11.8907
0 2 22			1.16		91.05		18.58		0.31795	1.8317	96.7387030121	97.213
4 2 12			1.14		92.2		18.69		0.31769	0.2244	63.468523569	4.7972
2 2 16			1.19		93.39		18.44		0.31769	1.1693	70.1293332912	108.6018
5 1 13			1.11		94.49		18.86		0.318	0.4567	71.2764535317	11.3258
0 2 10			1.18		95.68		18.64		0.31798	0.4317	42.9590557724	21.0204
0 0 20			1.19		96.87		18.4		0.31798	0.4542	83.3712939521	4.3689
4 4 12			1.19		98.06		18.2		0.31802	1.9475	72.2035773977	130.2426
4 2 6			1.2		99.26		17.98		0.31802	1.6049	46.7233273538	62.1975
1 1 13			1.13		100.39		18.34		0.3183	0.3722	52.9310122384	10.9703
2 6 4			1.16		101.56		18.36		0.31827	0.8772	60.3635846112	78.02
3 3 9			1.19		102.75		18.16		0.31825	0.3816	52.4524123761	12.0632
5 3 1			1.19		103.94		18.05		0.31825	0.5252	53.2386121167	32.835
0 0 2			1.07		105.01		18.8		0.31825	1.161	7.62646333295	98.931
1 5 7			1.11		106.13		19.08		0.31844	0.6035	54.1236034243	4.2528
2 2 10			1.17		107.3		18.87		0.31847	0.6429	46.7739448495	44.8949
0 4 10			1.18		108.48		18.67		0.3185	0.9893	53.7871001638	44.1425
2 4 8			1.15		109.63		18.71		0.31854	0.1687	51.4325245866	2.4593
3 1 7			1.12		110.75		18.96		0.31872	0.257	39.2655360855	5.205
6 2 10			1.17		111.93		18.77		0.31875	0.7103	71.9901825081	43.9921
0 0 14			1.09		113.02		19.21		0.31875	0.8389	55.4890953336	74.9432
4 6 4			1.13		114.16		19.26		0.31875	1.0731	69.291881243	33.3045
4 0 12			1.14		115.3		19.23		0.31884	2.7435	60.4154589103	161.2613
4 0 10			1.17		116.47		19.03		0.31885	0.6243	53.7713327333	45.2096
2 0 2			1.15		117.61		19.03		0.31885	0.6502	19.2320929378	35.9547
1 5 13			1.13		118.74		19.18		0.31905	1.1973	71.2966048402	12.6128
2 0 12			1.15		119.89		19.11		0.31895	0.8079	50.6101057273	16.6151
0 2 0			1.11		121.0		19.4		0.31895	1.4407	17.6394681947	177.2483
2 6 10			1.16		122.16		19.21		0.31897	0.7069	72.0169435829	44.7171
0 4 14			1.03		123.19		20.03		0.31897	1.2337	67.7597167724	121.3788
3 1 9			1.14		124.33		19.89		0.31892	0.36	45.2950695798	8.7768