HKL Value		Reward		TotalReward	Chi Squared	Z Appr. 	Error	Two-Thetas	Sfs2
4 0 1			0.0		0.0		0.0		0.5	0.27	58.8934376912	0.0
3 0 6			0.0		0.0		0.0		0.49997	0.11	59.366558438	0.0
3 0 2			0.93		0.93		0.0		0.49997	0.46	45.0164041053	0.0
3 0 0			0.5		1.43		0.0		0.49997	0.45	42.9814560157	0.0
1 0 0			0.29		1.72		0.0		0.49997	0.0	14.0285801003	0.0
4 0 3			0.24		1.96		0.0		0.49997	0.29	62.1413926063	0.0
2 0 1			0.08		2.04		0.0		0.49997	0.15	29.01034049	0.0
0 0 7			-0.51		1.52		0.0		0.49997	0.2	45.7499157105	0.0
1 0 8			-0.16		1.36		0.0		0.49997	0.24	54.8685935926	0.0
2 0 7			-0.78		0.58		0.0		0.49997	4.16	54.6555056564	0.0
4 0 5			-0.39		0.18		0.0		0.49997	0.26	68.3700248267	0.0
1 2 6			-1.0		-0.82		0.0		0.49228	0.11	69.4566609057	1.2895
0 0 3			0.09		-0.73		0.0		0.49228	0.03	19.1797885945	0.0
2 0 5			0.08		-0.64		0.0		0.49228	5.26	43.4052500519	0.0
3 0 4			0.08		-0.57		0.0		0.49228	0.64	50.7360354343	0.0
1 0 6			0.07		-0.49		0.0		0.49228	0.25	41.5701214249	0.0
3 0 8			0.07		-0.43		0.0		0.49228	0.3	70.3147352648	0.0
1 0 4			0.06		-0.36		0.0		0.49228	0.08	29.3672081998	0.0
2 0 3			0.06		-0.31		0.0		0.49228	0.09	34.3920319457	0.0
3 1 4			-1.0		-1.31		0.0		0.49191	0.33	57.7518627408	0.9567
3 1 0			0.03		-1.27		0.0		0.4919	0.86	50.7823995615	0.002
1 1 4			-0.47		-1.74		0.01		0.49149	0.3	39.4492672371	0.9567
2 1 1			-0.07		-1.81		0.01		0.49149	0.13	39.1745550983	0.4263
4 1 3			-0.28		-2.09		0.01		0.48995	0.15	68.408649436	0.0043