HKL Value		Reward		TotalReward	Chi Squared	Z Appr. 	Error	Two-Thetas	Sfs2
2 1 4			0.0		0.0		0.0		0.5	2.11	46.9440445598	0.4076
4 0 1			0.0		0.0		0.31		0.45115	0.27	58.8934376912	0.0
3 0 6			1.0		1.0		0.16		0.45112	0.11	59.366558438	0.0
3 0 2			0.5		1.5		0.1		0.45112	0.46	45.0164041053	0.0
3 0 0			0.33		1.83		0.08		0.45112	0.45	42.9814560157	0.0
1 0 0			0.25		2.08		0.06		0.45112	0.0	14.0285801003	0.0
4 0 3			0.2		2.28		0.05		0.45112	0.29	62.1413926063	0.0
2 2 4			-0.71		1.57		0.18		0.44353	0.5	67.3692384702	10.6939
0 0 4			0.03		1.61		0.17		0.43682	0.08	25.6679215219	1.7476
-1 -1 -2			0.09		1.7		0.16		0.43825	0.31	32.1995090242	11.6912
2 0 1			0.11		1.81		0.14		0.43825	0.15	29.01034049	0.0
2 0 7			0.1		1.91		0.13		0.43825	4.16	54.6555056564	0.0
0 0 7			0.09		2.0		0.12		0.43825	0.2	45.7499157105	0.0
1 0 6			0.08		2.08		0.11		0.43825	0.25	41.5701214249	0.0
1 0 8			0.08		2.16		0.1		0.43825	0.24	54.8685935926	0.0
2 0 5			0.07		2.23		0.1		0.43825	5.26	43.4052500519	0.0
4 0 5			0.07		2.3		0.09		0.43825	0.26	68.3700248267	0.0
3 0 8			0.06		2.36		0.08		0.43825	0.3	70.3147352648	0.0
2 1 6			-0.26		2.11		0.11		0.45867	0.16	55.9883197776	2.0239
1 0 1			-0.02		2.09		0.12		0.45821	0.06	15.4189733366	0.0644
0 0 3			0.05		2.14		0.11		0.45821	0.03	19.1797885945	0.0
3 0 4			0.05		2.19		0.1		0.45821	0.64	50.7360354343	0.0
1 0 4			0.05		2.24		0.1		0.45821	0.08	29.3672081998	0.0
4 1 3			0.04		2.28		0.1		0.45821	0.15	68.408649436	0.0043
2 0 6			-0.35		1.94		0.15		0.44826	0.73	48.8015573959	6.3028
1 0 7			0.04		1.98		0.14		0.44804	0.54	48.0896902272	2.8781
2 0 3			0.04		2.02		0.14		0.44804	0.09	34.3920319457	0.0
4 1 1			0.03		2.05		0.13		0.44802	0.21	65.3342299592	0.4263
2 1 1			0.03		2.08		0.13		0.44802	0.13	39.1745550983	0.4263
1 1 4			0.03		2.11		0.12		0.44802	0.3	39.4492672371	0.9567
3 1 4			0.03		2.14		0.12		0.44794	0.33	57.7518627408	0.9567
1 1 2			0.03		2.18		0.12		0.44805	0.52	32.1995090242	11.6912
-1 -1 2			0.03		2.21		0.11		0.44815	0.13	32.1995090242	11.6912
3 1 0			0.03		2.24		0.11		0.44815	0.86	50.7823995615	0.002
0 1 7			0.02		2.26		0.11		0.44755	0.26	53.2385720724	8.4036
0 1 5			0.02		2.28		0.1		0.44718	0.34	41.7114803244	7.6693
1 -1 2			0.03		2.31		0.1		0.44726	0.39	32.1995090242	11.6912
2 0 2			-0.21		2.1		0.13		0.44672	0.1	31.1263267788	5.5981
3 0 1			0.0		2.1		0.13		0.44664	0.76	43.4972935008	0.0644
1 2 6			0.02		2.12		0.13		0.4463	0.11	69.4566609057	1.2895
2 2 3			0.02		2.14		0.12		0.44611	0.31	64.6616050849	6.6891
1 1 6			0.02		2.17		0.12		0.4464	0.38	49.5460147793	8.8974
3 1 2			0.02		2.19		0.12		0.44649	0.11	52.5840292854	11.6912
0 2 7			0.01		2.2		0.12		0.44724	0.0	72.5085769296	0.0094
0 0 -8			-0.08		2.12		0.13		0.44412	0.38	52.7511004195	15.5355
1 0 5			-0.04		2.08		0.13		0.44537	0.22	35.3149362404	7.049
2 1 7			0.02		2.1		0.13		0.44526	0.57	61.3678684761	8.4036
1 2 7			0.0		2.11		0.13		0.44546	0.71	74.291810142	3.5836
4 1 5			0.02		2.13		0.13		0.44534	1.53	74.3771604481	7.6693
1 1 3			-0.13		1.99		0.14		0.44514	0.54	35.3770121777	12.6586
3 0 7			0.02		2.01		0.14		0.44514	0.18	64.5726747292	2.8781
2 2 5			-0.01		2.01		0.14		0.44566	0.26	70.7747179536	2.8196
3 2 4			0.0		2.01		0.14		0.44539	0.0	76.369138646	3.3351
3 0 5			-0.02		2.0		0.14		0.44635	0.2	54.7330754518	7.0489
-2 0 4			-0.01		1.98		0.15		0.44608	0.22	38.5541558059	1.7476
3 2 0			-0.0		1.98		0.15		0.44608	0.67	70.467230504	2.2538