HKL Value		Reward		TotalReward	Chi Squared	Z Appr. 	Error	Two-Thetas	Sfs2
1 -1 2			0.0		0.0		0.0		0.5	0.39	32.1995090242	11.6912
1 1 2			0.0		0.0		0.0		0.45207	0.52	32.1995090242	11.6912
-1 -1 -2			0.85		0.85		0.0		0.45207	0.31	32.1995090242	11.6912
3 0 4			0.5		1.35		0.0		0.45207	0.64	50.7360354343	0.0
3 0 0			0.33		1.68		0.0		0.45207	0.45	42.9814560157	0.0
0 0 3			0.25		1.93		0.0		0.45207	0.03	19.1797885945	0.0
4 0 1			0.2		2.13		0.0		0.45207	0.27	58.8934376912	0.0
2 0 3			0.17		2.3		0.0		0.45207	0.09	34.3920319457	0.0
3 0 2			0.14		2.44		0.0		0.45207	0.46	45.0164041053	0.0
4 0 3			0.12		2.57		0.0		0.45207	0.29	62.1413926063	0.0
3 0 6			0.11		2.68		0.0		0.45207	0.11	59.366558438	0.0
2 0 7			0.1		2.78		0.0		0.45207	4.16	54.6555056564	0.0
4 0 5			0.09		2.87		0.0		0.45207	0.26	68.3700248267	0.0
1 0 6			0.08		2.95		0.0		0.45207	0.25	41.5701214249	0.0
1 1 3			-1.0		1.95		0.08		0.43132	0.54	35.3770121777	12.6586
2 0 5			0.07		2.03		0.07		0.43132	5.26	43.4052500519	0.0
1 0 0			0.07		2.09		0.07		0.43132	0.0	14.0285801003	0.0
1 0 8			0.06		2.16		0.06		0.43132	0.24	54.8685935926	0.0
2 0 0			-0.56		1.59		0.14		0.43132	0.07	28.2731138415	46.4355
2 0 1			0.06		1.65		0.13		0.43132	0.15	29.01034049	0.0
0 0 7			0.05		1.7		0.13		0.43132	0.2	45.7499157105	0.0
1 0 4			0.05		1.75		0.12		0.43132	0.08	29.3672081998	0.0
3 0 8			0.05		1.8		0.12		0.43132	0.3	70.3147352648	0.0
3 0 5			0.01		1.81		0.11		0.45362	0.2	54.7330754518	7.0489
4 1 3			0.04		1.86		0.11		0.45361	0.15	68.408649436	0.0043
3 2 0			-0.02		1.84		0.11		0.45361	0.67	70.467230504	2.2538
0 1 8			0.04		1.88		0.11		0.45481	2.05	59.6041295708	7.5134
3 1 0			0.04		1.91		0.1		0.45481	0.86	50.7823995615	0.002
3 1 2			0.04		1.95		0.1		0.45475	0.11	52.5840292854	11.6912
-1 -1 2			0.04		1.98		0.1		0.45468	0.13	32.1995090242	11.6912
0 0 -8			-0.3		1.69		0.14		0.44657	0.38	52.7511004195	15.5355
1 1 4			0.03		1.72		0.13		0.44657	0.3	39.4492672371	0.9567
3 0 7			0.03		1.75		0.13		0.4465	0.18	64.5726747292	2.8781
2 1 1			0.03		1.78		0.13		0.4465	0.13	39.1745550983	0.4263
0 1 7			0.03		1.8		0.12		0.44624	0.26	53.2385720724	8.4036
2 0 6			-0.11		1.69		0.14		0.4438	0.73	48.8015573959	6.3028
2 2 3			0.03		1.72		0.13		0.44374	0.31	64.6616050849	6.6891
4 1 1			0.02		1.74		0.13		0.44374	0.21	65.3342299592	0.4263
2 0 2			-0.16		1.58		0.16		0.44342	0.1	31.1263267788	5.5981
0 1 6			-0.15		1.43		0.18		0.44703	0.0	47.2608104201	2.0239
3 1 4			0.02		1.46		0.18		0.44703	0.33	57.7518627408	0.9567
0 1 5			0.02		1.48		0.18		0.44685	0.34	41.7114803244	7.6693
3 1 5			-0.09		1.38		0.19		0.44535	0.09	61.4399691436	8.5457
2 1 7			0.02		1.41		0.19		0.44522	0.57	61.3678684761	8.4036
3 2 4			0.01		1.42		0.19		0.44489	0.0	76.369138646	3.3351
2 1 8			-0.03		1.38		0.19		0.44665	0.22	67.2524657177	7.5134
1 0 7			0.02		1.41		0.19		0.44662	0.54	48.0896902272	2.8781
4 1 5			0.02		1.42		0.19		0.4465	1.53	74.3771604481	7.6693
1 1 6			0.02		1.44		0.18		0.44661	0.38	49.5460147793	8.8974
2 2 4			-0.08		1.37		0.2		0.44639	0.5	67.3692384702	10.6939
1 2 6			0.02		1.39		0.19		0.44627	0.11	69.4566609057	1.2895
2 1 2			0.01		1.4		0.19		0.44637	0.36	40.8238903893	0.1747
0 2 7			0.01		1.41		0.19		0.44675	0.0	72.5085769296	0.0094
2 2 5			0.0		1.41		0.19		0.44714	0.26	70.7747179536	2.8196
1 2 7			0.01		1.42		0.19		0.4473	0.71	74.291810142	3.5836
1 0 5			0.0		1.43		0.19		0.44798	0.22	35.3149362404	7.049
0 0 4			-0.01		1.42		0.19		0.44776	0.08	25.6679215219	1.7476
2 0 4			-0.01		1.41		0.19		0.44753	0.23	38.5541558059	1.7476
3 0 3			0.01		1.42		0.19		0.44781	0.33	47.4629609511	3.2424
-2 0 4			-0.01		1.41		0.19		0.4476	0.22	38.5541558059	1.7476
1 0 1			0.01		1.41		0.19		0.44757	0.06	15.4189733366	0.0644
2 0 -4			-0.01		1.4		0.19		0.44736	0.31	38.5541558059	1.7476
4 1 0			-0.0		1.4		0.19		0.44736	0.2	64.9447604845	0.0084
1 1 7			-0.03		1.37		0.2		0.44642	0.15	55.34320722	1.1017