HKL Value		Reward		TotalReward	Chi Squared	Z Appr. 	Error	Two-Thetas	Sfs2
3 1 7			0.0		0.0		0.0		0.5	0.32	70.7276559911	1.1017
1 1 2			0.0		0.0		1.24		0.52609	0.52	32.1995090242	11.6912
-1 -1 -2			0.06		0.06		1.18		0.52153	0.31	32.1995090242	11.6912
3 0 4			0.5		0.56		0.78		0.52153	0.64	50.7360354343	0.0
3 0 0			0.33		0.89		0.59		0.52153	0.45	42.9814560157	0.0
2 1 2			0.16		1.05		0.51		0.51962	0.36	40.8238903893	0.1747
0 0 3			0.2		1.25		0.42		0.51962	0.03	19.1797885945	0.0
4 0 1			0.17		1.42		0.36		0.51962	0.27	58.8934376912	0.0
3 2 1			-0.08		1.34		0.39		0.51938	0.17	70.8417473216	1.0468
3 0 2			0.13		1.46		0.35		0.51939	0.46	45.0164041053	0.0
4 0 3			0.11		1.57		0.31		0.51939	0.29	62.1413926063	0.0
3 0 6			0.1		1.67		0.29		0.51939	0.11	59.366558438	0.0
4 0 5			0.09		1.77		0.26		0.51939	0.26	68.3700248267	0.0
2 1 1			0.08		1.84		0.24		0.51939	0.13	39.1745550983	0.4263
0 1 8			0.05		1.89		0.23		0.51552	2.05	59.6041295708	7.5134
2 0 7			0.07		1.96		0.22		0.51552	4.16	54.6555056564	0.0
1 0 6			0.07		2.03		0.2		0.51552	0.25	41.5701214249	0.0
2 0 5			0.06		2.09		0.19		0.51552	5.26	43.4052500519	0.0
1 0 0			0.06		2.15		0.18		0.51552	0.0	14.0285801003	0.0
1 1 3			0.02		2.18		0.18		0.51637	0.54	35.3770121777	12.6586
2 0 1			0.05		2.23		0.17		0.51637	0.15	29.01034049	0.0
1 0 8			0.05		2.28		0.16		0.51637	0.24	54.8685935926	0.0
0 0 7			0.05		2.33		0.15		0.51637	0.2	45.7499157105	0.0
2 1 0			-0.03		2.3		0.16		0.51637	0.16	38.6117414796	0.0084
2 0 4			-0.11		2.19		0.18		0.51254	0.23	38.5541558059	1.7476
2 0 3			0.04		2.23		0.17		0.51254	0.09	34.3920319457	0.0
1 0 4			0.04		2.27		0.16		0.51254	0.08	29.3672081998	0.0
4 1 3			-0.03		2.24		0.17		0.51177	0.15	68.408649436	0.0043
3 0 8			0.04		2.28		0.16		0.51177	0.3	70.3147352648	0.0
3 2 4			-0.12		2.15		0.18		0.5129	0.0	76.369138646	3.3351
1 -1 2			-0.1		2.05		0.2		0.51169	0.39	32.1995090242	11.6912
3 1 2			-0.08		1.97		0.22		0.51043	0.11	52.5840292854	11.6912