HKL Value		Reward		TotalReward	Chi Squared	Z Appr. 	Error	Two-Thetas	Sfs2
1 1 2			0.0		0.0		0.0		0.5	0.52	32.1995090242	11.6912
-1 -1 -2			0.0		0.0		0.0		0.45207	0.31	32.1995090242	11.6912
3 0 4			1.0		1.0		0.0		0.45207	0.64	50.7360354343	0.0
1 0 0			0.5		1.5		0.0		0.45207	0.0	14.0285801003	0.0
3 0 0			0.33		1.83		0.0		0.45207	0.45	42.9814560157	0.0
0 0 3			0.25		2.08		0.0		0.45207	0.03	19.1797885945	0.0
4 0 1			0.2		2.28		0.0		0.45207	0.27	58.8934376912	0.0
1 1 5			-1.0		1.28		0.04		0.42745	3.06	44.2189644299	8.5457
3 0 2			0.14		1.43		0.03		0.42745	0.46	45.0164041053	0.0
4 0 3			0.12		1.55		0.03		0.42745	0.29	62.1413926063	0.0
3 0 6			0.11		1.66		0.03		0.42745	0.11	59.366558438	0.0
2 0 7			0.1		1.76		0.02		0.42745	4.16	54.6555056564	0.0
4 0 5			0.09		1.85		0.02		0.42745	0.26	68.3700248267	0.0
3 1 4			0.07		1.93		0.02		0.42742	0.33	57.7518627408	0.9567
3 1 7			-0.01		1.92		0.02		0.42947	0.32	70.7276559911	1.1017
1 0 6			0.07		1.99		0.02		0.42947	0.25	41.5701214249	0.0
2 0 5			0.07		2.06		0.02		0.42947	5.26	43.4052500519	0.0
1 0 8			0.06		2.12		0.02		0.42947	0.24	54.8685935926	0.0
2 0 1			0.06		2.18		0.02		0.42947	0.15	29.01034049	0.0
2 0 3			0.06		2.23		0.02		0.42947	0.09	34.3920319457	0.0
0 0 7			0.05		2.29		0.01		0.42947	0.2	45.7499157105	0.0
1 0 4			0.05		2.34		0.01		0.42947	0.08	29.3672081998	0.0
3 0 8			0.05		2.38		0.01		0.42947	0.3	70.3147352648	0.0
4 1 3			0.02		2.41		0.01		0.4296	0.15	68.408649436	0.0043
1 0 7			-0.46		1.94		0.02		0.43513	0.54	48.0896902272	2.8781
3 1 0			0.04		1.98		0.02		0.43513	0.86	50.7823995615	0.002
1 -1 2			-0.05		1.93		0.02		0.43548	0.39	32.1995090242	11.6912
3 1 2			-0.04		1.89		0.03		0.43582	0.11	52.5840292854	11.6912
3 0 7			-0.1		1.79		0.03		0.43731	0.18	64.5726747292	2.8781