HKL Value		Reward		TotalReward	Chi Squared	Z Appr. 	Error	Two-Thetas	Sfs2
0 2 7			0.0		0.0		0.0		0.5	0.0	72.5085769296	0.0094
4 0 3			0.0		0.0		0.0		0.45479	0.29	62.1413926063	0.0
3 0 0			1.0		1.0		0.0		0.45479	0.45	42.9814560157	0.0
1 0 0			0.5		1.5		0.0		0.45479	0.0	14.0285801003	0.0
2 0 1			0.33		1.83		0.0		0.45479	0.15	29.01034049	0.0
3 0 2			0.25		2.08		0.0		0.45479	0.46	45.0164041053	0.0
0 0 3			0.2		2.28		0.0		0.45479	0.03	19.1797885945	0.0
3 0 6			0.17		2.45		0.0		0.45479	0.11	59.366558438	0.0
3 0 4			0.14		2.59		0.0		0.45479	0.64	50.7360354343	0.0
0 0 7			0.13		2.72		0.0		0.45479	0.2	45.7499157105	0.0
1 0 4			0.11		2.83		0.0		0.45479	0.08	29.3672081998	0.0
1 0 8			0.1		2.93		0.0		0.45479	0.24	54.8685935926	0.0
2 0 3			0.09		3.02		0.0		0.45479	0.09	34.3920319457	0.0
4 0 5			0.08		3.1		0.0		0.45479	0.26	68.3700248267	0.0
4 1 3			-0.29		2.81		0.0		0.45461	0.15	68.408649436	0.0043
3 2 2			-0.99		1.82		0.02		0.45041	0.0	71.9603042663	6.6617
2 0 7			0.07		1.89		0.01		0.45041	4.16	54.6555056564	0.0
2 0 5			0.06		1.95		0.01		0.45041	5.26	43.4052500519	0.0
1 0 6			0.06		2.01		0.01		0.45041	0.25	41.5701214249	0.0
4 0 1			0.06		2.07		0.01		0.45041	0.27	58.8934376912	0.0
3 0 8			0.05		2.12		0.01		0.45041	0.3	70.3147352648	0.0
3 1 0			0.04		2.16		0.01		0.45041	0.86	50.7823995615	0.002
-1 -1 -2			0.05		2.21		0.01		0.45066	0.31	32.1995090242	11.6912
3 1 4			-0.01		2.2		0.01		0.45038	0.33	57.7518627408	0.9567
-1 -1 2			0.04		2.24		0.01		0.4506	0.13	32.1995090242	11.6912
2 1 0			-0.48		1.76		0.02		0.4506	0.16	38.6117414796	0.0084
4 1 1			0.0		1.76		0.02		0.45061	0.21	65.3342299592	0.4263
4 0 0			-0.74		1.03		0.07		0.45061	0.08	58.4798162983	46.4355
1 1 4			0.03		1.06		0.07		0.45036	0.3	39.4492672371	0.9567
1 1 6			0.04		1.09		0.07		0.45022	0.38	49.5460147793	8.8974
1 -1 2			0.03		1.13		0.07		0.45034	0.39	32.1995090242	11.6912
3 1 2			0.03		1.16		0.06		0.45045	0.11	52.5840292854	11.6912
1 0 7			0.02		1.18		0.06		0.44954	0.54	48.0896902272	2.8781
2 1 1			0.02		1.2		0.06		0.44954	0.13	39.1745550983	0.4263
3 0 7			0.02		1.22		0.06		0.44904	0.18	64.5726747292	2.8781
1 2 7			-0.0		1.22		0.06		0.4498	0.71	74.291810142	3.5836
2 1 7			0.01		1.23		0.06		0.44898	0.57	61.3678684761	8.4036
1 1 2			0.03		1.25		0.06		0.44908	0.52	32.1995090242	11.6912
0 1 7			0.01		1.26		0.06		0.44835	0.26	53.2385720724	8.4036
2 2 3			0.02		1.28		0.06		0.44792	0.31	64.6616050849	6.6891
4 1 5			0.01		1.29		0.06		0.44747	1.53	74.3771604481	7.6693
1 2 6			0.02		1.31		0.06		0.44696	0.11	69.4566609057	1.2895
4 1 0			-0.07		1.23		0.06		0.44696	0.2	64.9447604845	0.0084
3 0 3			-0.02		1.21		0.06		0.44802	0.33	47.4629609511	3.2424
3 2 0			-0.04		1.18		0.06		0.44802	0.67	70.467230504	2.2538