HKL Value		Reward		TotalReward	Chi Squared	Z Appr. 	Error	Two-Thetas	Sfs2
4 0 0			0.0		0.0		0.0		0.5	0.08	58.4798162983	46.4355
2 0 6			0.0		0.0		1.49		0.51185	0.73	48.8015573959	6.3028
4 0 3			1.0		1.0		0.74		0.51185	0.29	62.1413926063	0.0
1 0 8			0.5		1.5		0.5		0.51185	0.24	54.8685935926	0.0
3 0 4			0.33		1.83		0.37		0.51185	0.64	50.7360354343	0.0
3 0 0			0.25		2.08		0.3		0.51185	0.45	42.9814560157	0.0
1 0 0			0.2		2.28		0.25		0.51185	0.0	14.0285801003	0.0
3 0 2			0.17		2.45		0.21		0.51185	0.46	45.0164041053	0.0
2 0 1			0.14		2.59		0.19		0.51185	0.15	29.01034049	0.0
2 2 5			-0.22		2.38		0.24		0.43561	0.26	70.7747179536	2.8196
3 1 2			0.09		2.46		0.22		0.43672	0.11	52.5840292854	11.6912
0 0 3			0.1		2.56		0.2		0.43672	0.03	19.1797885945	0.0
3 0 6			0.09		2.65		0.18		0.43672	0.11	59.366558438	0.0
3 0 3			-0.06		2.59		0.19		0.44315	0.33	47.4629609511	3.2424
1 0 4			0.08		2.66		0.18		0.44315	0.08	29.3672081998	0.0
0 0 7			0.07		2.74		0.17		0.44315	0.2	45.7499157105	0.0
4 0 4			-0.0		2.73		0.17		0.44088	0.13	64.9051128666	1.7476
4 0 1			0.06		2.8		0.16		0.44088	0.27	58.8934376912	0.0
3 2 0			-0.0		2.79		0.16		0.44088	0.67	70.467230504	2.2538
2 0 7			0.06		2.85		0.15		0.44088	4.16	54.6555056564	0.0
0 1 6			-0.21		2.64		0.19		0.45206	0.0	47.2608104201	2.0239
1 0 6			0.05		2.69		0.18		0.45206	0.25	41.5701214249	0.0
2 0 5			0.05		2.74		0.17		0.45206	5.26	43.4052500519	0.0
1 0 7			0.03		2.77		0.17		0.45118	0.54	48.0896902272	2.8781
4 0 5			0.04		2.81		0.16		0.45118	0.26	68.3700248267	0.0
3 0 8			0.04		2.86		0.16		0.45118	0.3	70.3147352648	0.0
2 0 3			0.04		2.9		0.15		0.45118	0.09	34.3920319457	0.0
3 1 0			0.04		2.93		0.14		0.45118	0.86	50.7823995615	0.002
3 1 4			0.03		2.97		0.14		0.45114	0.33	57.7518627408	0.9567
2 1 2			0.02		2.99		0.14		0.45141	0.36	40.8238903893	0.1747
4 1 1			0.03		3.01		0.13		0.45141	0.21	65.3342299592	0.4263
1 1 4			0.03		3.04		0.13		0.45137	0.3	39.4492672371	0.9567
2 1 1			0.03		3.07		0.13		0.45137	0.13	39.1745550983	0.4263
1 -1 2			0.03		3.1		0.12		0.45137	0.39	32.1995090242	11.6912
0 1 7			0.01		3.12		0.12		0.45075	0.26	53.2385720724	8.4036
2 1 7			0.01		3.13		0.12		0.45016	0.57	61.3678684761	8.4036
3 0 7			0.02		3.15		0.12		0.4498	0.18	64.5726747292	2.8781
1 1 6			0.03		3.18		0.11		0.4498	0.38	49.5460147793	8.8974
-1 -1 2			0.03		3.21		0.11		0.44984	0.13	32.1995090242	11.6912
1 2 7			0.01		3.22		0.11		0.45022	0.71	74.291810142	3.5836
1 2 6			0.01		3.23		0.11		0.44958	0.11	69.4566609057	1.2895
1 1 7			-0.11		3.13		0.12		0.44687	0.15	55.34320722	1.1017
3 0 1			-0.0		3.13		0.12		0.44683	0.76	43.4972935008	0.0644
1 0 1			-0.0		3.13		0.12		0.4468	0.06	15.4189733366	0.0644