HKL Value		Reward		TotalReward	Chi Squared	Z Appr. 	Error	Two-Thetas	Sfs2
0 2 7			0.0		0.0		0.0		0.5	0.0	72.5085769296	0.0094
1 0 0			0.0		0.0		0.0		0.45479	0.0	14.0285801003	0.0
1 1 2			0.27		0.27		0.0		0.45357	0.52	32.1995090242	11.6912
2 1 8			-0.16		0.1		0.0		0.45545	0.22	67.2524657177	7.5134
4 0 3			0.33		0.43		0.0		0.45545	0.29	62.1413926063	0.0
3 0 0			0.25		0.68		0.0		0.45545	0.45	42.9814560157	0.0
2 0 1			0.2		0.88		0.0		0.45545	0.15	29.01034049	0.0
3 0 2			0.17		1.05		0.0		0.45545	0.46	45.0164041053	0.0
0 0 3			0.14		1.19		0.0		0.45545	0.03	19.1797885945	0.0
3 0 6			0.12		1.32		0.0		0.45545	0.11	59.366558438	0.0
2 0 4			-0.99		0.33		0.04		0.45455	0.23	38.5541558059	1.7476
3 0 4			0.1		0.43		0.04		0.45455	0.64	50.7360354343	0.0
0 0 7			0.09		0.52		0.03		0.45455	0.2	45.7499157105	0.0
1 0 4			0.08		0.61		0.03		0.45455	0.08	29.3672081998	0.0
2 0 3			0.08		0.68		0.03		0.45455	0.09	34.3920319457	0.0
4 0 5			0.07		0.75		0.03		0.45455	0.26	68.3700248267	0.0
1 0 8			0.07		0.82		0.02		0.45455	0.24	54.8685935926	0.0
4 0 6			-0.73		0.09		0.09		0.4474	0.38	72.4962488704	6.3028
2 0 7			0.06		0.15		0.09		0.4474	4.16	54.6555056564	0.0
2 0 5			0.06		0.2		0.08		0.4474	5.26	43.4052500519	0.0
4 0 1			0.05		0.26		0.08		0.4474	0.27	58.8934376912	0.0
1 0 6			0.05		0.31		0.07		0.4474	0.25	41.5701214249	0.0
3 0 8			0.05		0.35		0.07		0.4474	0.3	70.3147352648	0.0
3 1 0			0.04		0.4		0.07		0.4474	0.86	50.7823995615	0.002
3 1 4			0.04		0.43		0.06		0.44735	0.33	57.7518627408	0.9567
4 1 1			0.03		0.46		0.06		0.44735	0.21	65.3342299592	0.4263
1 1 4			0.03		0.5		0.06		0.44731	0.3	39.4492672371	0.9567
2 1 1			0.03		0.52		0.06		0.44731	0.13	39.1745550983	0.4263
3 2 2			-0.08		0.44		0.06		0.44697	0.0	71.9603042663	6.6617
0 0 2			-0.36		0.09		0.1		0.44634	0.15	12.7532192506	5.5981
0 1 7			0.03		0.11		0.1		0.44592	0.26	53.2385720724	8.4036
1 0 7			0.03		0.14		0.09		0.44592	0.54	48.0896902272	2.8781
3 0 7			0.03		0.17		0.09		0.44589	0.18	64.5726747292	2.8781
2 1 7			0.03		0.2		0.09		0.44558	0.57	61.3678684761	8.4036
1 1 6			0.02		0.22		0.09		0.44593	0.38	49.5460147793	8.8974
1 2 7			-0.0		0.22		0.09		0.44639	0.71	74.291810142	3.5836
0 0 4			-0.05		0.17		0.09		0.44565	0.08	25.6679215219	1.7476
-1 -1 2			0.03		0.19		0.09		0.44575	0.13	32.1995090242	11.6912
1 -1 2			0.02		0.22		0.09		0.44586	0.39	32.1995090242	11.6912
3 1 2			0.02		0.24		0.09		0.44595	0.11	52.5840292854	11.6912
4 0 4			-0.04		0.2		0.09		0.44526	0.13	64.9051128666	1.7476
2 2 3			0.02		0.22		0.09		0.44512	0.31	64.6616050849	6.6891
4 1 5			0.02		0.24		0.09		0.44491	1.53	74.3771604481	7.6693
-1 -1 -2			0.02		0.26		0.08		0.445	0.31	32.1995090242	11.6912
1 2 6			0.02		0.28		0.08		0.44496	0.11	69.4566609057	1.2895
2 2 5			-0.03		0.26		0.08		0.44591	0.26	70.7747179536	2.8196
0 1 4			-0.06		0.19		0.09		0.44619	0.09	36.6772811508	0.4076
3 2 0			-0.02		0.18		0.09		0.4462	0.67	70.467230504	2.2538