Number of epochs: 00e+00
1.000000000000000000e+00
1.000000000000000000e+00
1.000000000000000000e+00
1.000000000000000000e+00
1.000000000000000000e+00
1.000000000000000000e+00
1.000000000000000000e+00
1.000000000000000000e+00
1.000000000000000000e+00
1.000000000000000000e+00
1.000000000000000000e+00
1.000000000000000000e+00
-9.999999999998651079e-01
1.000000000000000000e+00
1.000000000000000000e+00
1.000000000000000000e+00
1.000000000000000000e+00
1.000000000000000000e+00
1.000000000000000000e+00
1.000000000000000000e+00
1.000000000000000000e+00
-2.556196601090116038e-01
1.000000000000000000e+00
1.000000000000000000e+00
1.000000000000000000e+00
1.000000000000000000e+00
1.000000000000000000e+00
1.000000000000000000e+00
1.000000000000000000e+00
1.000000000000000000e+00
1.000000000000000000e+00
1.000000000000000000e+00
-4.899088813280170207e-01
1.000000000000000000e+00
-1.147654422427599012e-02
1.000000000000000000e+00
1.109508293394335238e-01
1.000000000000000000e+00
1.085477570139121051e+00
-1.485542666418838108e-02
1.000000000000000000e+00
1.000000000000000000e+00
1.000000000000000000e+00
9.693687375195389477e-02
1.000000000000000000e+00
1.000000000000000000e+00
1.000000000000000000e+00
9.999999999999993616e-02
1.000000000000000000e+00
1.000000000000000000e+00
1.000000000000000000e+00
1.000000000000000000e+00
-1.684833256348815811e-01
5.000000000000000000e-01
1.000000000000000000e+00
1.000000000000000000e+00
1.000000000000000000e+00
1.000000000000000000e+00
1.000000000000000000e+00
1.000000000000000000e+00
1.000000000000000000e+00
1.000000000000000000e+00
1.000000000000000000e+00
1.000000000000000000e+00
1.000000000000000000e+00
1.000000000000000000e+00
1.000000000000000000e+00
1.000000000000000000e+00
1.000000000000000000e+00
1.000000000000000000e+00
1.000000000000000000e+00
1.000000000000000000e+00
1.000000000000000000e+00
1.000000000000000000e+00
1.000000000000000000e+00
1.000000000000000000e+00
-6.568737524046508285e-03
1.000000000000000000e+00
1.000000000000000000e+00
9.090896342003167152e-02
1.000000000000000000e+00
1.000000000000000000e+00
1.000000000000000000e+00
-2.437288655855269770e-01
