HKL Value		Reward		TotalReward	Chi Squared	Z Appr. 	Error	Two-Thetas	Sfs2
6 4 0			0.0		0.0		0.0		0.3	1.8287	67.0910631577	58.6803
0 6 12			0.0		0.0		0.01		0.27572	0.3425	75.0250979777	1.887
1 5 7			6.88		6.88		0.48		0.22477	0.6035	54.1236034243	4.2528
3 1 9			0.67		7.56		8.31		0.22803	0.36	45.2950695798	8.7768
6 0 0			1.99		9.55		7.4		0.22803	0.7256	54.7363985401	55.434
0 0 18			0.34		9.88		17.34		0.23491	0.6609	73.530655613	37.988
3 3 15			1.64		11.52		14.53		0.23489	0.3402	73.0835579415	3.8877
1 5 1			1.68		13.2		12.46		0.23489	0.4978	46.196563203	27.3004
2 4 6			0.74		13.94		16.99		0.23483	0.785	46.7364348384	64.2552
2 4 10			1.38		15.32		15.91		0.23483	0.607	57.0555982332	12.0937
0 4 20			1.49		16.81		14.44		0.23511	1.027	94.1654323607	18.6345
1 3 15			1.5		18.32		13.35		0.23508	0.2862	67.3623786269	8.1809
1 5 9			1.5		19.81		12.64		0.23533	0.4394	58.984264935	17.7365
2 0 10			1.39		21.21		12.7		0.23535	0.6169	42.9543880851	20.236
9 1 1			1.53		22.74		12.03		0.23538	0.8793	87.9915459652	19.6393
3 5 1			1.6		24.34		11.23		0.23538	0.5283	53.2544885252	31.9012
0 2 20			1.63		25.97		10.57		0.23558	0.4494	86.0769303832	2.8517
5 3 1			1.67		27.64		9.96		0.23558	0.5252	53.2386121167	32.835
4 2 14			1.55		29.2		10.1		0.23568	1.2576	70.6282605877	19.9713
2 0 2			1.56		30.76		10.15		0.23569	0.6502	19.2320929378	35.9547
0 6 14			1.47		32.23		10.59		0.23576	0.9096	81.7552219026	27.2955