HKL Value		Reward		TotalReward	Chi Squared	Z Appr. 	Error	Two-Thetas	Sfs2
1 3 5			0.0		0.0		0.0		0.3	3.1323	34.189462707	190.138
1 1 7			0.0		0.0		54.67		0.38361	0.2012	29.7561292971	6.5386
3 3 13			0.31		0.31		41.6		0.36537	0.5636	65.4922780779	9.1158
5 3 5			0.02		0.33		40.96		0.36686	2.2247	56.9473208346	134.0256
1 3 13			0.31		0.64		31.24		0.36565	0.3907	59.4200243294	11.5335
6 4 0			0.25		0.89		24.99		0.36565	1.8287	67.0910631577	58.6803
0 6 8			0.16		1.05		21.52		0.3652	0.7694	64.1950429677	5.6946
0 2 22			0.02		1.07		21.18		0.36465	1.8317	96.7387030121	97.213
4 6 0			0.14		1.21		18.53		0.36465	0.7863	67.1083315067	59.4729
6 4 2			0.11		1.32		16.72		0.36466	0.2211	67.6401768609	4.8049
0 2 14			0.11		1.43		15.05		0.36462	0.2479	58.6982494177	6.3292
2 0 14			0.1		1.53		13.7		0.36453	0.2634	58.6945218607	7.3942
4 6 2			0.07		1.6		12.78		0.36454	0.2349	67.657370766	5.5969
6 0 2			0.07		1.67		11.91		0.36457	0.2214	55.354768557	5.4487
0 6 2			0.06		1.74		11.2		0.3646	0.2356	55.3895592761	6.1752
5 5 7			0.07		1.8		10.51		0.36463	0.6639	72.2860687267	4.3062
9 1 1			0.03		1.83		10.19		0.36461	0.8793	87.9915459652	19.6393
0 4 20			0.06		1.89		9.62		0.36427	1.027	94.1654323607	18.6345
0 2 16			0.06		1.95		9.08		0.36432	1.8687	67.2407114996	13.8307
7 3 1			0.01		1.97		8.96		0.36429	0.5095	71.5359286583	22.1332
4 2 10			0.01		1.98		8.84		0.36426	1.1102	57.0442200735	11.3144
6 0 8			0.03		2.01		8.6		0.36405	2.9234	64.163237895	5.3359
3 7 1			0.01		2.02		8.52		0.36402	1.2822	71.5694631273	22.2453
4 4 10			-0.05		1.96		9.01		0.36443	0.6886	66.23802526	47.6672
4 2 2			0.01		1.97		8.93		0.36445	0.457	40.8620305525	12.2524
5 5 1			0.01		1.98		8.83		0.36442	0.5073	65.769247456	23.9531
2 4 10			0.01		1.99		8.77		0.3644	0.607	57.0555982332	12.0937
6 0 6			0.02		2.01		8.62		0.36419	1.0815	60.1501886982	39.9969
2 2 0			-0.73		1.28		31.52		0.36419	11.1953	25.0390113278	1035.9387
0 6 14			0.03		1.31		30.59		0.36392	0.9096	81.7552219026	27.2955
1 3 9			0.03		1.34		29.66		0.3638	0.2622	45.3040218183	7.1674
2 0 12			0.02		1.37		28.94		0.3636	0.8079	50.6101057273	16.6151
0 4 10			0.01		1.38		28.58		0.36398	0.9893	53.7871001638	44.1425
2 4 2			0.02		1.4		27.95		0.364	0.3828	40.8766170199	13.2501
0 6 16			0.03		1.43		27.15		0.36372	0.4825	89.3859051251	7.6515
4 2 14			0.03		1.46		26.45		0.36355	1.2576	70.6282605877	19.9713
4 2 8			0.02		1.48		25.83		0.36335	0.7605	51.4203212226	2.5419
2 4 8			0.02		1.51		25.24		0.36315	0.1687	51.4325245866	2.4593
7 1 1			0.02		1.52		24.85		0.36313	0.5207	65.7483230412	25.2044
3 3 15			0.03		1.55		24.23		0.36316	0.3402	73.0835579415	3.8877
1 5 13			0.03		1.57		23.63		0.36322	1.1973	71.2966048402	12.6128
6 0 10			0.02		1.59		23.17		0.3632	1.0728	69.1331306246	8.9056
1 3 15			0.02		1.61		22.69		0.36325	0.2862	67.3623786269	8.1809
3 5 1			0.01		1.62		22.48		0.36322	0.5283	53.2544885252	31.9012
1 5 7			0.02		1.65		21.99		0.36324	0.6035	54.1236034243	4.2528
5 1 13			0.02		1.67		21.51		0.36324	0.4567	71.2764535317	11.3258
0 0 10			0.0		1.67		21.43		0.36348	0.8316	38.8438017949	41.7013
1 1 13			0.02		1.69		20.97		0.36346	0.3722	52.9310122384	10.9703
2 4 6			0.01		1.7		20.77		0.36326	0.785	46.7364348384	64.2552
3 1 13			0.02		1.72		20.34		0.36328	0.3869	59.4126405656	11.7895
2 4 14			0.02		1.74		19.98		0.36319	0.5221	70.6383718296	19.4111
0 2 2			-0.01		1.74		20.11		0.36318	0.4614	19.2417464495	36.8131
5 3 9			0.01		1.74		19.92		0.36304	0.4833	65.0662013285	20.8409
0 6 6			0.02		1.76		19.63		0.36292	1.0147	60.183190367	40.9583
4 0 2			-0.06		1.7		20.88		0.36302	1.7854	36.5531212028	138.5255
5 3 7			0.02		1.72		20.53		0.36303	0.2523	60.5057581853	5.4388
4 4 4			-0.03		1.69		21.08		0.363	0.8476	53.9354251327	76.9211
5 1 1			0.01		1.7		20.92		0.36298	0.5346	46.1701152	26.7419
1 7 7			0.02		1.71		20.6		0.36299	0.4353	72.3061031614	6.1143
3 5 7			0.02		1.73		20.28		0.363	0.2309	60.5203777188	5.6046
3 1 7			0.02		1.75		19.97		0.36302	0.257	39.2655360855	5.205
3 1 9			0.01		1.76		19.69		0.36293	0.36	45.2950695798	8.7768
6 0 0			0.01		1.77		19.45		0.36293	0.7256	54.7363985401	55.434
0 2 18			0.02		1.79		19.16		0.36294	0.3755	76.3208597895	3.7538
0 6 10			0.01		1.8		18.93		0.36292	0.8527	69.1637693973	8.5049
3 1 15			0.01		1.81		18.68		0.36297	0.2871	67.3554895111	7.7692
0 6 0			0.01		1.82		18.5		0.36297	1.4277	54.7714555341	59.4019
1 3 1			-0.0		1.82		18.51		0.36295	0.5324	28.3265170018	42.1271
2 0 0			-0.02		1.8		18.92		0.36295	2.02	17.6289686615	175.6782
5 1 9			0.01		1.81		18.75		0.36279	0.4583	58.9619928854	19.0838
2 2 8			-0.06		1.75		19.92		0.36314	1.8488	40.1384116224	216.1995
2 0 16			0.01		1.76		19.64		0.36318	0.5935	67.2372591268	11.8907
6 4 6			0.01		1.78		19.37		0.36317	0.9247	71.9614498967	41.9809
0 0 20			0.01		1.79		19.2		0.36385	0.4542	83.3712939521	4.3689
6 2 10			0.0		1.79		19.17		0.36399	0.7103	71.9901825081	43.9921
0 0 16			0.01		1.8		19.01		0.36427	1.3342	64.286058028	116.6634
7 3 5			0.0		1.8		18.91		0.36437	1.0496	74.7140851895	88.0788
3 5 9			0.01		1.81		18.8		0.3643	0.4755	65.0802252419	19.5165
5 1 7			0.01		1.82		18.58		0.36431	0.2609	54.1000446603	4.252
1 3 7			0.01		1.83		18.36		0.36431	0.1893	39.2755843192	5.3372
0 2 8			0.01		1.85		18.14		0.3643	0.1155	35.7619852008	1.7384
4 2 0			0.0		1.85		18.07		0.3643	0.9287	40.0811891304	86.5118
3 3 9			0.01		1.86		17.91		0.36424	0.3816	52.4524123761	12.0632
5 5 5			0.0		1.86		17.91		0.36436	1.5862	69.0631626084	104.8873
3 3 1			0.0		1.86		17.86		0.36435	0.5106	38.1558496662	33.1617
3 3 3			-0.01		1.86		17.95		0.36431	0.8081	39.7679129272	70.9373
6 2 8			-0.04		1.81		18.73		0.3645	3.3751	67.1207225085	222.106
2 2 10			0.0		1.81		18.71		0.36464	0.6429	46.7739448495	44.8949
1 1 15			0.01		1.82		18.6		0.36467	0.656	61.3839959686	20.6242
1 5 9			0.01		1.83		18.47		0.36459	0.4394	58.984264935	17.7365
5 3 1			0.0		1.83		18.43		0.36459	0.5252	53.2386121167	32.835
0 0 22			0.01		1.84		18.25		0.36455	2.2765	94.0325860765	137.6091
1 7 1			0.0		1.84		18.18		0.36454	0.5219	65.7901743415	26.2984
0 6 18			0.01		1.85		17.99		0.36454	0.7949	98.0280769063	1.8601
1 1 3			0.0		1.86		17.97		0.36452	0.4514	16.9416048235	36.8187
1 1 9			0.01		1.87		17.78		0.36452	0.2216	37.1193146943	1.1702
0 2 20			0.01		1.88		17.6		0.36442	0.4494	86.0769303832	2.8517
1 5 3			-0.0		1.87		17.69		0.36438	0.9511	47.585042181	85.8034
2 0 8			0.01		1.88		17.51		0.36436	0.1665	35.7565424018	1.5727
4 0 10			0.0		1.88		17.51		0.36449	0.6243	53.7713327333	45.2096
3 3 7			0.01		1.89		17.34		0.36449	0.1558	47.1418707618	3.5073
1 5 1			0.0		1.89		17.29		0.36449	0.4978	46.196563203	27.3004