HKL Value		Reward		TotalReward	Chi Squared	Z Appr. 	Error	Two-Thetas	Sfs2
1 7 5			0.0		0.0		0.0		0.3	1.0841	69.0835930101	99.7513
2 4 0			0.0		0.0		17.65		0.39999	1.4359	40.0960076051	88.2765
1 1 7			0.5		0.5		11.73		0.38137	0.2012	29.7561292971	6.5386
6 4 0			0.5		1.0		7.82		0.38137	1.8287	67.0910631577	58.6803
1 3 13			-0.19		0.81		9.72		0.36576	0.3907	59.4200243294	11.5335
3 3 13			0.19		1.0		8.14		0.36412	0.5636	65.4922780779	9.1158
0 6 8			0.12		1.12		7.28		0.36352	0.7694	64.1950429677	5.6946
5 5 3			-0.24		0.88		9.64		0.36317	0.8107	66.8760743485	64.1048
7 3 1			0.04		0.92		9.26		0.36308	0.5095	71.5359286583	22.1332
4 6 0			0.12		1.04		8.24		0.36308	0.7863	67.1083315067	59.4729
2 0 14			0.11		1.15		7.41		0.36305	0.2634	58.6945218607	7.3942
2 4 14			0.07		1.23		6.9		0.36256	0.5221	70.6383718296	19.4111
1 3 11			-0.57		0.65		16.17		0.36285	2.4293	52.0561920156	298.4303
0 2 14			0.08		0.74		14.93		0.36292	0.2479	58.6982494177	6.3292
6 4 2			0.06		0.8		14.02		0.36293	0.2211	67.6401768609	4.8049
5 5 7			0.07		0.87		13.15		0.36298	0.6639	72.2860687267	4.3062
4 6 2			0.05		0.92		12.5		0.36298	0.2349	67.657370766	5.5969
6 0 8			0.05		0.97		11.93		0.36256	2.9234	64.163237895	5.3359
6 0 2			0.05		1.02		11.36		0.36262	0.2214	55.354768557	5.4487
0 6 2			0.04		1.06		10.87		0.36265	0.2356	55.3895592761	6.1752
9 1 1			0.03		1.09		10.58		0.36261	0.8793	87.9915459652	19.6393
0 2 16			0.05		1.14		10.11		0.36302	1.8687	67.2407114996	13.8307
5 5 1			0.02		1.15		9.94		0.36298	0.5073	65.769247456	23.9531
3 7 1			0.01		1.17		9.8		0.36294	1.2822	71.5694631273	22.2453
1 1 9			0.04		1.21		9.4		0.36291	0.2216	37.1193146943	1.1702
4 2 2			0.01		1.22		9.31		0.36294	0.457	40.8620305525	12.2524
2 0 12			0.01		1.23		9.2		0.36251	0.8079	50.6101057273	16.6151
4 2 10			0.01		1.24		9.1		0.36241	1.1102	57.0442200735	11.3144
0 4 20			0.04		1.28		8.79		0.36282	1.027	94.1654323607	18.6345
0 6 16			0.04		1.31		8.49		0.36273	0.4825	89.3859051251	7.6515
6 0 6			0.02		1.33		8.33		0.36257	1.0815	60.1501886982	39.9969
4 2 14			0.03		1.36		8.12		0.36244	1.2576	70.6282605877	19.9713
1 1 17			-0.25		1.11		10.8		0.36079	2.447	70.2810461715	248.4175
3 1 13			0.03		1.14		10.51		0.36096	0.3869	59.4126405656	11.7895
2 4 10			0.01		1.15		10.39		0.3609	0.607	57.0555982332	12.0937
3 3 5			-0.12		1.03		11.77		0.3613	1.3995	42.8396693434	151.0913
2 4 8			0.02		1.05		11.51		0.36114	0.1687	51.4325245866	2.4593
1 1 13			0.03		1.08		11.22		0.36127	0.3722	52.9310122384	10.9703
5 1 13			0.03		1.11		10.94		0.36139	0.4567	71.2764535317	11.3258
4 2 8			0.02		1.13		10.72		0.36124	0.7605	51.4203212226	2.5419
1 5 13			0.02		1.15		10.48		0.36139	1.1973	71.2966048402	12.6128
2 4 2			0.01		1.16		10.42		0.36139	0.3828	40.8766170199	13.2501
1 5 7			0.02		1.18		10.2		0.3614	0.6035	54.1236034243	4.2528
0 6 14			0.02		1.19		10.03		0.3613	0.9096	81.7552219026	27.2955
1 5 11			-0.1		1.09		11.19		0.36144	1.8219	64.7342781598	204.7444
6 0 10			0.01		1.1		11.04		0.3614	1.0728	69.1331306246	8.9056
3 1 7			0.02		1.12		10.84		0.36141	0.257	39.2655360855	5.205
3 5 7			0.02		1.14		10.65		0.36142	0.2309	60.5203777188	5.6046
0 6 6			0.01		1.16		10.49		0.36131	1.0147	60.183190367	40.9583
2 6 8			-0.13		1.03		12.06		0.36171	4.3291	67.1483383839	218.3417
5 3 7			0.02		1.04		11.86		0.36172	0.2523	60.5057581853	5.4388
2 4 6			0.0		1.05		11.81		0.36155	0.785	46.7364348384	64.2552
7 1 1			0.0		1.05		11.78		0.36154	0.5207	65.7483230412	25.2044
1 3 9			0.02		1.07		11.59		0.36146	0.2622	45.3040218183	7.1674
5 1 7			0.02		1.08		11.4		0.36146	0.2609	54.1000446603	4.252
1 7 7			0.01		1.1		11.24		0.36147	0.4353	72.3061031614	6.1143
6 0 0			0.01		1.11		11.12		0.36147	0.7256	54.7363985401	55.434
0 0 8			-0.12		0.99		12.62		0.3618	2.1948	30.8548203523	183.9052
1 3 15			0.01		1.0		12.46		0.36185	0.2862	67.3623786269	8.1809
0 2 22			-0.01		0.99		12.58		0.36205	1.8317	96.7387030121	97.213
3 3 15			0.02		1.01		12.39		0.36208	0.3402	73.0835579415	3.8877
1 5 1			0.0		1.01		12.38		0.36206	0.4978	46.196563203	27.3004
0 2 12			0.01		1.02		12.29		0.36193	0.3827	50.6142203783	17.5707
1 3 7			0.01		1.03		12.12		0.36193	0.1893	39.2755843192	5.3372
7 1 7			0.01		1.04		11.96		0.36195	0.3505	72.2660298289	5.0526
5 3 9			0.0		1.05		11.92		0.36182	0.4833	65.0662013285	20.8409
3 5 1			-0.0		1.04		11.94		0.3618	0.5283	53.2544885252	31.9012
2 6 0			-0.25		0.8		15.88		0.3618	4.3567	58.0028534629	558.9791
0 0 2			-0.05		0.75		16.69		0.36185	1.161	7.62646333295	98.931