HKL Value		Reward		TotalReward	Chi Squared	Z Appr. 	Error	Two-Thetas	Sfs2
1 1 7			0.0		0.0		0.0		0.3	0.2012	29.7561292971	6.5386
4 2 4			0.0		0.0		37.39		0.37598	0.7624	43.1345383828	64.2766
1 5 7			1.0		1.0		18.7		0.37635	0.6035	54.1236034243	4.2528
3 3 13			0.34		1.34		13.91		0.36293	0.5636	65.4922780779	9.1158
6 4 0			0.33		1.68		10.44		0.36293	1.8287	67.0910631577	58.6803
6 2 10			-0.11		1.57		11.73		0.36516	0.7103	71.9901825081	43.9921
1 3 13			0.19		1.76		9.84		0.36445	0.3907	59.4200243294	11.5335
2 0 8			0.16		1.91		8.51		0.36426	0.1665	35.7565424018	1.5727
0 6 10			0.06		1.97		8.03		0.36422	0.8527	69.1637693973	8.5049
0 6 8			0.07		2.05		7.48		0.36355	0.7694	64.1950429677	5.6946
3 3 5			-0.38		1.67		12.05		0.36501	1.3995	42.8396693434	151.0913
4 6 0			0.1		1.77		10.95		0.36501	0.7863	67.1083315067	59.4729
2 4 2			0.03		1.79		10.68		0.36506	0.3828	40.8766170199	13.2501
2 0 14			0.08		1.88		9.88		0.36486	0.2634	58.6945218607	7.3942
0 2 14			0.08		1.95		9.18		0.36478	0.2479	58.6982494177	6.3292
6 4 2			0.05		2.01		8.71		0.3648	0.2211	67.6401768609	4.8049
5 5 7			0.06		2.07		8.22		0.36484	0.6639	72.2860687267	4.3062
4 6 2			0.04		2.11		7.89		0.36486	0.2349	67.657370766	5.5969
6 0 2			0.05		2.15		7.54		0.36491	0.2214	55.354768557	5.4487
5 3 3			-0.17		1.98		9.13		0.36462	0.9351	54.4936931553	89.9375
0 6 2			0.04		2.02		8.77		0.36467	0.2356	55.3895592761	6.1752
5 5 3			-0.08		1.94		9.51		0.36443	0.8107	66.8760743485	64.1048
6 0 8			0.03		1.97		9.25		0.36388	2.9234	64.163237895	5.3359
9 1 1			0.02		1.99		9.08		0.36383	0.8793	87.9915459652	19.6393
4 2 2			0.01		2.0		8.99		0.36387	0.457	40.8620305525	12.2524
0 2 16			0.04		2.04		8.63		0.36405	1.8687	67.2407114996	13.8307
0 4 20			0.04		2.08		8.31		0.36383	1.027	94.1654323607	18.6345
3 7 1			0.01		2.09		8.25		0.3638	1.2822	71.5694631273	22.2453
4 2 10			0.01		2.09		8.19		0.36376	1.1102	57.0442200735	11.3144
5 5 1			0.01		2.1		8.13		0.36373	0.5073	65.769247456	23.9531
7 3 1			0.01		2.11		8.08		0.36369	0.5095	71.5359286583	22.1332
1 7 7			0.02		2.13		7.89		0.36372	0.4353	72.3061031614	6.1143
6 0 6			0.01		2.15		7.78		0.36346	1.0815	60.1501886982	39.9969
2 0 4			-0.2		1.95		9.73		0.36356	1.3874	23.4143586184	109.347
2 4 10			0.01		1.95		9.65		0.36352	0.607	57.0555982332	12.0937
4 2 14			0.02		1.98		9.45		0.36328	1.2576	70.6282605877	19.9713
0 6 16			0.03		2.0		9.19		0.3631	0.4825	89.3859051251	7.6515
2 4 8			0.02		2.02		9.05		0.36285	0.1687	51.4325245866	2.4593
0 6 14			0.02		2.04		8.91		0.36265	0.9096	81.7552219026	27.2955
2 4 6			-0.0		2.03		8.94		0.36237	0.785	46.7364348384	64.2552
6 0 10			0.01		2.04		8.84		0.36233	1.0728	69.1331306246	8.9056
3 1 13			0.02		2.07		8.63		0.36243	0.3869	59.4126405656	11.7895
2 2 16			0.0		2.07		8.63		0.36314	1.1693	70.1293332912	108.6018
4 2 8			0.01		2.08		8.51		0.36296	0.7605	51.4203212226	2.5419
1 5 13			0.02		2.1		8.32		0.36302	1.1973	71.2966048402	12.6128
1 1 13			0.02		2.13		8.14		0.36304	0.3722	52.9310122384	10.9703
1 3 7			0.02		2.14		7.99		0.36306	0.1893	39.2755843192	5.3372
3 5 7			0.02		2.16		7.86		0.36307	0.2309	60.5203777188	5.6046
1 3 9			0.02		2.18		7.74		0.36299	0.2622	45.3040218183	7.1674
0 0 16			-0.0		2.17		7.78		0.36354	1.3342	64.286058028	116.6634
5 1 13			0.02		2.19		7.62		0.36352	0.4567	71.2764535317	11.3258
7 1 1			-0.01		2.18		7.68		0.36351	0.5207	65.7483230412	25.2044
3 3 15			0.02		2.2		7.54		0.36353	0.3402	73.0835579415	3.8877
1 3 15			0.01		2.21		7.45		0.36356	0.2862	67.3623786269	8.1809
1 7 1			-0.01		2.21		7.53		0.36355	0.5219	65.7901743415	26.2984
0 6 6			0.01		2.21		7.47		0.36344	1.0147	60.183190367	40.9583
3 5 3			-0.06		2.15		7.97		0.36337	0.9259	54.5093201099	87.7589
6 0 0			0.01		2.16		7.92		0.36337	0.7256	54.7363985401	55.434
6 4 4			-0.01		2.15		8.0		0.3634	0.6669	69.2748711385	33.991
3 1 7			0.01		2.16		7.89		0.36341	0.257	39.2655360855	5.205
5 3 7			0.01		2.17		7.79		0.36342	0.2523	60.5057581853	5.4388
5 1 7			0.01		2.19		7.68		0.36343	0.2609	54.1000446603	4.252
3 3 7			0.01		2.2		7.57		0.36344	0.1558	47.1418707618	3.5073
1 1 5			-0.18		2.03		9.18		0.36377	1.9661	22.8949597146	247.5537
5 3 9			-0.0		2.02		9.21		0.36365	0.4833	65.0662013285	20.8409
2 4 14			0.01		2.04		9.1		0.36356	0.5221	70.6383718296	19.4111
3 5 1			-0.01		2.03		9.17		0.36354	0.5283	53.2544885252	31.9012
5 1 1			-0.0		2.02		9.21		0.36353	0.5346	46.1701152	26.7419
3 1 9			0.01		2.03		9.12		0.36346	0.36	45.2950695798	8.7768
0 0 10			-0.01		2.02		9.24		0.36365	0.8316	38.8438017949	41.7013
3 3 9			0.01		2.03		9.18		0.36356	0.3816	52.4524123761	12.0632
0 0 20			0.01		2.03		9.13		0.36413	0.4542	83.3712939521	4.3689
2 4 12			0.01		2.04		9.03		0.36411	0.2205	63.4791913795	4.8908
1 3 1			-0.02		2.03		9.17		0.3641	0.5324	28.3265170018	42.1271
1 1 15			0.0		2.03		9.17		0.36413	0.656	61.3839959686	20.6242
3 1 15			0.01		2.04		9.08		0.36415	0.2871	67.3554895111	7.7692
0 2 12			0.0		2.04		9.07		0.36408	0.3827	50.6142203783	17.5707
3 5 9			-0.0		2.04		9.09		0.364	0.4755	65.0802252419	19.5165
0 6 0			0.0		2.04		9.05		0.364	1.4277	54.7714555341	59.4019
2 0 16			0.01		2.05		8.94		0.36398	0.5935	67.2372591268	11.8907
5 3 1			-0.01		2.05		9.01		0.36397	0.5252	53.2386121167	32.835
0 2 20			0.01		2.06		8.9		0.36392	0.4494	86.0769303832	2.8517
5 1 9			0.0		2.06		8.88		0.36384	0.4583	58.9619928854	19.0838
2 6 4			-0.05		2.01		9.38		0.36382	0.8772	60.3635846112	78.02
4 2 0			-0.0		2.0		9.42		0.36382	0.9287	40.0811891304	86.5118
0 4 10			-0.01		1.99		9.52		0.36395	0.9893	53.7871001638	44.1425