HKL Value		Reward		TotalReward	Chi Squared	Z Appr. 	Error	Two-Thetas	Sfs2
1 1 7			0.0		0.0		0.0		0.3	0.2012	29.7561292971	6.5386
3 3 13			0.0		0.0		2.17		0.33276	0.5636	65.4922780779	9.1158
1 3 13			0.26		0.26		1.72		0.33108	0.3907	59.4200243294	11.5335
6 4 0			0.49		0.75		1.15		0.33108	1.8287	67.0910631577	58.6803
2 0 12			-0.93		-0.18		16.88		0.32671	0.8079	50.6101057273	16.6151
2 6 6			-0.56		-0.74		38.72		0.32727	5.383	63.2392339525	346.2148
0 0 22			0.09		-0.65		35.53		0.32494	2.2765	94.0325860765	137.6091
0 6 8			0.17		-0.49		30.49		0.32499	0.7694	64.1950429677	5.6946
4 6 0			0.14		-0.34		26.68		0.32499	0.7863	67.1083315067	59.4729
1 1 11			-0.54		-0.89		58.63		0.32549	2.144	44.8525636461	378.5934
1 3 7			0.09		-0.8		53.76		0.32627	0.1893	39.2755843192	5.3372
2 0 0			0.01		-0.79		53.08		0.32627	2.02	17.6289686615	175.6782
0 4 8			-0.18		-0.97		64.91		0.32666	4.1351	47.9021960727	235.0989
6 4 2			0.08		-0.89		59.99		0.32664	0.2211	67.6401768609	4.8049
0 2 14			0.07		-0.82		56.07		0.32723	0.2479	58.6982494177	6.3292
4 4 12			0.07		-0.75		52.51		0.3269	1.9475	72.2035773977	130.2426
2 0 14			0.06		-0.69		49.43		0.32736	0.2634	58.6945218607	7.3942
4 4 0			-0.25		-0.93		65.71		0.32736	4.9852	51.3853572345	648.027
5 3 3			0.03		-0.9		63.76		0.3274	0.9351	54.4936931553	89.9375
4 6 2			0.05		-0.85		60.47		0.32738	0.2349	67.657370766	5.5969
4 2 6			0.05		-0.8		57.45		0.32738	1.6049	46.7233273538	62.1975
0 0 18			-0.02		-0.82		58.86		0.32277	0.6609	73.530655613	37.988
6 0 2			0.05		-0.77		56.29		0.32277	0.2214	55.354768557	5.4487
0 2 10			0.04		-0.73		54.14		0.32258	0.4317	42.9590557724	21.0204
2 0 16			0.04		-0.69		51.9		0.32268	0.5935	67.2372591268	11.8907
0 6 2			0.04		-0.65		49.93		0.32268	0.2356	55.3895592761	6.1752
5 5 7			0.02		-0.63		48.98		0.32337	0.6639	72.2860687267	4.3062
4 0 4			0.02		-0.62		48.13		0.32323	1.2165	39.0343929222	79.1487
0 0 2			-0.02		-0.64		49.29		0.32325	1.161	7.62646333295	98.931
9 1 1			0.03		-0.6		47.66		0.32325	0.8793	87.9915459652	19.6393
0 2 8			-0.01		-0.62		48.17		0.32416	0.1155	35.7619852008	1.7384
0 4 20			0.03		-0.59		46.96		0.32414	1.027	94.1654323607	18.6345
0 2 16			0.03		-0.56		45.5		0.32406	1.8687	67.2407114996	13.8307
6 0 8			0.03		-0.53		44.14		0.3241	2.9234	64.163237895	5.3359
7 3 1			0.03		-0.5		42.93		0.32408	0.5095	71.5359286583	22.1332
4 2 10			0.03		-0.47		41.76		0.32398	1.1102	57.0442200735	11.3144
3 7 1			0.03		-0.44		40.68		0.32397	1.2822	71.5694631273	22.2453
4 2 2			0.02		-0.42		39.75		0.32396	0.457	40.8620305525	12.2524
5 5 1			0.03		-0.4		38.77		0.32394	0.5073	65.769247456	23.9531
4 0 10			0.03		-0.37		37.8		0.32384	0.6243	53.7713327333	45.2096
2 4 10			0.02		-0.35		36.91		0.32374	0.607	57.0555982332	12.0937
1 3 9			0.01		-0.33		36.5		0.32338	0.2622	45.3040218183	7.1674
6 0 6			0.02		-0.31		35.66		0.32336	1.0815	60.1501886982	39.9969
6 2 6			-0.06		-0.37		37.82		0.32353	3.9921	63.2107357729	344.5633
0 6 14			0.02		-0.35		37.16		0.32349	0.9096	81.7552219026	27.2955
3 3 9			0.02		-0.33		36.54		0.32329	0.3816	52.4524123761	12.0632
1 5 5			-0.04		-0.37		37.88		0.32336	1.8923	50.2743192378	127.3636
0 6 12			-0.04		-0.41		39.4		0.32127	0.3425	75.0250979777	1.887
5 1 9			0.02		-0.39		38.67		0.32115	0.4583	58.9619928854	19.0838
1 1 13			0.01		-0.38		38.31		0.32175	0.3722	52.9310122384	10.9703
2 4 2			0.02		-0.36		37.67		0.32175	0.3828	40.8766170199	13.2501
0 6 16			0.02		-0.34		37.01		0.32197	0.4825	89.3859051251	7.6515
4 2 14			0.02		-0.33		36.35		0.32196	1.2576	70.6282605877	19.9713
4 2 8			0.01		-0.31		35.94		0.32211	0.7605	51.4203212226	2.5419
2 4 8			0.01		-0.3		35.56		0.32228	0.1687	51.4325245866	2.4593
1 5 13			0.01		-0.29		35.13		0.32265	1.1973	71.2966048402	12.6128
5 3 7			0.01		-0.28		34.8		0.32294	0.2523	60.5057581853	5.4388
7 1 1			0.01		-0.27		34.3		0.32294	0.5207	65.7483230412	25.2044
3 1 13			0.01		-0.26		33.89		0.32327	0.3869	59.4126405656	11.7895
2 6 0			-0.11		-0.36		37.98		0.32327	4.3567	58.0028534629	558.9791
3 3 15			0.01		-0.36		37.78		0.32266	0.3402	73.0835579415	3.8877
6 0 10			0.02		-0.34		37.16		0.32264	1.0728	69.1331306246	8.9056
1 3 15			0.01		-0.33		36.64		0.32247	0.2862	67.3623786269	8.1809
5 1 13			0.01		-0.32		36.29		0.32277	0.4567	71.2764535317	11.3258
1 5 7			0.01		-0.31		36.02		0.323	0.6035	54.1236034243	4.2528
2 4 14			0.01		-0.29		35.5		0.32299	0.5221	70.6383718296	19.4111
3 5 1			0.01		-0.28		35.1		0.32298	0.5283	53.2544885252	31.9012
0 0 10			0.02		-0.27		34.58		0.32296	0.8316	38.8438017949	41.7013
2 4 6			0.01		-0.25		34.07		0.32296	0.785	46.7364348384	64.2552
5 3 9			0.01		-0.24		33.6		0.32293	0.4833	65.0662013285	20.8409
0 6 6			0.01		-0.23		33.13		0.32293	1.0147	60.183190367	40.9583
3 1 7			0.01		-0.22		32.93		0.32314	0.257	39.2655360855	5.205
5 1 3			0.01		-0.21		32.76		0.32314	0.9592	47.5591860667	88.1873
5 1 7			0.01		-0.21		32.56		0.32335	0.2609	54.1000446603	4.252
3 1 1			0.01		-0.2		32.3		0.32335	0.5239	28.3131072915	41.7464
3 3 5			-0.03		-0.23		33.39		0.32338	1.3995	42.8396693434	151.0913
5 1 1			0.01		-0.22		33.05		0.32338	0.5346	46.1701152	26.7419
3 5 7			0.01		-0.21		32.8		0.32355	0.2309	60.5203777188	5.6046
1 7 7			0.01		-0.21		32.5		0.32367	0.4353	72.3061031614	6.1143
6 0 0			0.01		-0.19		32.15		0.32367	0.7256	54.7363985401	55.434
7 1 5			-0.02		-0.21		32.65		0.3237	1.5264	69.0427278305	98.726
3 1 9			0.01		-0.2		32.42		0.3236	0.36	45.2950695798	8.7768
0 6 10			0.01		-0.19		32.03		0.32358	0.8527	69.1637693973	8.5049
3 1 15			0.01		-0.18		31.76		0.32337	0.2871	67.3554895111	7.7692
1 3 1			0.01		-0.18		31.54		0.32337	0.5324	28.3265170018	42.1271
0 6 0			0.01		-0.17		31.25		0.32337	1.4277	54.7714555341	59.4019
3 5 9			0.01		-0.15		30.91		0.32334	0.4755	65.0802252419	19.5165
2 2 16			0.01		-0.14		30.61		0.32323	1.1693	70.1293332912	108.6018
1 1 15			0.01		-0.13		30.28		0.32326	0.656	61.3839959686	20.6242
4 4 10			0.01		-0.12		29.95		0.32323	0.6886	66.23802526	47.6672
1 7 3			0.0		-0.12		29.88		0.32324	0.9932	66.8968211493	90.2271
0 0 20			0.01		-0.11		29.57		0.32323	0.4542	83.3712939521	4.3689
6 2 10			0.01		-0.1		29.25		0.32321	0.7103	71.9901825081	43.9921
0 0 4			0.0		-0.1		29.17		0.32318	0.8482	15.2869714585	59.1035
4 2 0			0.01		-0.09		29.0		0.32317	0.9287	40.0811891304	86.5118
3 3 1			0.01		-0.08		28.79		0.32317	0.5106	38.1558496662	33.1617
1 5 9			0.01		-0.08		28.58		0.3231	0.4394	58.984264935	17.7365
1 5 11			-0.05		-0.12		30.04		0.32313	1.8219	64.7342781598	204.7444
0 4 14			-0.02		-0.15		30.78		0.32313	1.2337	67.7597167724	121.3788
0 4 10			0.01		-0.14		30.47		0.32311	0.9893	53.7871001638	44.1425
4 6 4			0.0		-0.14		30.4		0.32311	1.0731	69.291881243	33.3045
5 3 1			0.01		-0.13		30.19		0.32311	0.5252	53.2386121167	32.835