HKL Value		Reward		TotalReward	Chi Squared	Z Appr. 	Error	Two-Thetas	Sfs2
1 1 7			0.0		0.0		0.0		0.3	0.2012	29.7561292971	6.5386
2 2 10			0.0		0.0		12.56		0.32871	0.6429	46.7739448495	44.8949
3 3 13			0.97		0.97		6.38		0.32952	0.5636	65.4922780779	9.1158
1 3 13			0.49		1.46		4.27		0.32931	0.3907	59.4200243294	11.5335
6 4 0			0.33		1.79		3.21		0.32931	1.8287	67.0910631577	58.6803
0 6 8			0.24		2.03		2.59		0.32923	0.7694	64.1950429677	5.6946
4 6 0			0.2		2.23		2.16		0.32923	0.7863	67.1083315067	59.4729
7 3 1			-0.08		2.15		2.36		0.32916	0.5095	71.5359286583	22.1332
1 3 15			-0.57		1.57		5.54		0.32631	0.2862	67.3623786269	8.1809
1 3 11			-0.83		0.74		32.49		0.32703	2.4293	52.0561920156	298.4303
2 4 10			0.1		0.84		29.66		0.32667	0.607	57.0555982332	12.0937
0 4 20			0.06		0.9		27.93		0.32682	1.027	94.1654323607	18.6345
0 2 16			0.08		0.98		25.82		0.32621	1.8687	67.2407114996	13.8307
7 1 1			0.06		1.04		24.35		0.32617	0.5207	65.7483230412	25.2044
6 4 2			0.07		1.12		22.68		0.32614	0.2211	67.6401768609	4.8049
0 0 16			0.03		1.14		22.08		0.3249	1.3342	64.286058028	116.6634
3 3 15			-0.03		1.11		22.8		0.32294	0.3402	73.0835579415	3.8877
4 2 2			0.05		1.16		21.81		0.32292	0.457	40.8620305525	12.2524
4 2 10			0.06		1.21		20.65		0.32283	1.1102	57.0442200735	11.3144
1 5 1			0.03		1.25		19.98		0.32281	0.4978	46.196563203	27.3004
1 3 9			0.01		1.25		19.87		0.32241	0.2622	45.3040218183	7.1674
0 6 14			0.03		1.28		19.34		0.32238	0.9096	81.7552219026	27.2955
1 3 1			0.01		1.29		19.1		0.32236	0.5324	28.3265170018	42.1271
9 1 1			0.04		1.33		18.35		0.32235	0.8793	87.9915459652	19.6393
0 6 2			0.04		1.37		17.7		0.32235	0.2356	55.3895592761	6.1752
0 0 10			0.04		1.41		17.0		0.3223	0.8316	38.8438017949	41.7013
4 6 2			0.04		1.45		16.38		0.32229	0.2349	67.657370766	5.5969
6 0 2			0.03		1.48		15.86		0.32229	0.2214	55.354768557	5.4487
2 4 2			0.02		1.5		15.53		0.32228	0.3828	40.8766170199	13.2501
3 7 1			0.03		1.53		15.1		0.32226	1.2822	71.5694631273	22.2453
6 2 10			0.03		1.57		14.6		0.32224	0.7103	71.9901825081	43.9921
0 0 4			-0.01		1.55		14.81		0.32212	0.8482	15.2869714585	59.1035
2 0 14			0.02		1.57		14.58		0.32216	0.2634	58.6945218607	7.3942
2 4 8			-0.0		1.57		14.59		0.32243	0.1687	51.4325245866	2.4593
5 5 7			-0.02		1.54		14.94		0.32312	0.6639	72.2860687267	4.3062
5 1 1			0.01		1.56		14.73		0.3231	0.5346	46.1701152	26.7419
5 5 1			0.02		1.58		14.39		0.3231	0.5073	65.769247456	23.9531
0 2 14			0.01		1.59		14.27		0.32319	0.2479	58.6982494177	6.3292
0 6 0			0.01		1.6		14.06		0.32319	1.4277	54.7714555341	59.4019
2 0 16			0.03		1.63		13.7		0.32324	0.5935	67.2372591268	11.8907
4 0 10			0.02		1.66		13.37		0.32317	0.6243	53.7713327333	45.2096
5 3 9			0.02		1.68		13.08		0.3231	0.4833	65.0662013285	20.8409
6 0 10			0.02		1.7		12.77		0.32307	1.0728	69.1331306246	8.9056
0 4 10			0.02		1.73		12.48		0.32302	0.9893	53.7871001638	44.1425
4 2 14			0.02		1.74		12.26		0.32299	1.2576	70.6282605877	19.9713
6 0 6			0.02		1.76		12.0		0.32297	1.0815	60.1501886982	39.9969
5 1 9			0.01		1.77		11.88		0.32282	0.4583	58.9619928854	19.0838
1 5 9			0.01		1.78		11.8		0.32265	0.4394	58.984264935	17.7365
0 4 16			0.02		1.8		11.57		0.32255	1.5557	75.7704700384	94.8658
1 5 13			0.0		1.8		11.55		0.32299	1.1973	71.2966048402	12.6128
2 0 10			0.01		1.81		11.45		0.32288	0.6169	42.9543880851	20.236
1 1 15			0.02		1.83		11.26		0.32298	0.656	61.3839959686	20.6242
4 2 0			-0.0		1.83		11.29		0.32298	0.9287	40.0811891304	86.5118
5 3 1			0.0		1.83		11.25		0.32297	0.5252	53.2386121167	32.835
0 6 16			0.02		1.85		11.07		0.32312	0.4825	89.3859051251	7.6515
1 7 1			0.01		1.85		11.0		0.32311	0.5219	65.7901743415	26.2984
1 3 3			-0.01		1.84		11.15		0.32311	0.7045	30.3940112777	66.1614
5 3 3			-0.03		1.81		11.5		0.32313	0.9351	54.4936931553	89.9375
3 1 15			0.01		1.81		11.43		0.32282	0.2871	67.3554895111	7.7692
4 2 8			-0.0		1.81		11.47		0.32298	0.7605	51.4203212226	2.5419
6 0 8			0.02		1.83		11.29		0.323	2.9234	64.163237895	5.3359
3 5 9			0.01		1.84		11.13		0.32295	0.4755	65.0802252419	19.5165
3 1 9			-0.0		1.84		11.16		0.32279	0.36	45.2950695798	8.7768
3 5 1			0.0		1.84		11.12		0.32277	0.5283	53.2544885252	31.9012
3 3 9			0.0		1.85		11.08		0.32265	0.3816	52.4524123761	12.0632
5 1 13			-0.0		1.84		11.11		0.32304	0.4567	71.2764535317	11.3258
0 2 10			0.01		1.85		11.05		0.32296	0.4317	42.9590557724	21.0204
2 4 14			0.01		1.86		10.92		0.32294	0.5221	70.6383718296	19.4111
0 6 6			0.01		1.88		10.76		0.32293	1.0147	60.183190367	40.9583
1 5 11			-0.18		1.7		13.09		0.32298	1.8219	64.7342781598	204.7444
0 2 8			-0.05		1.64		13.84		0.32344	0.1155	35.7619852008	1.7384
0 0 22			0.01		1.65		13.77		0.32322	2.2765	94.0325860765	137.6091
0 6 4			-0.02		1.63		14.03		0.32321	0.6675	57.2171401797	42.9768
0 2 18			-0.06		1.57		14.86		0.32168	0.3755	76.3208597895	3.7538
2 2 0			-0.37		1.21		23.44		0.32168	11.1953	25.0390113278	1035.9387