HKL Value		Reward		TotalReward	Chi Squared	Z Appr. 	Error	Two-Thetas	Sfs2
1 1 7			0.0		0.0		0.0		0.3	0.2012	29.7561292971	6.5386
1 3 13			0.0		0.0		3.2		0.33191	0.3907	59.4200243294	11.5335
3 3 13			0.86		0.86		1.72		0.33107	0.5636	65.4922780779	9.1158
6 4 0			0.49		1.35		1.15		0.33107	1.8287	67.0910631577	58.6803
1 3 1			-0.75		0.6		4.68		0.33085	0.5324	28.3265170018	42.1271
3 1 7			0.13		0.73		4.12		0.33199	0.257	39.2655360855	5.205
2 0 14			0.2		0.93		3.44		0.33199	0.2634	58.6945218607	7.3942
0 6 8			0.14		1.07		3.02		0.33175	0.7694	64.1950429677	5.6946
4 6 0			0.14		1.21		2.65		0.33175	0.7863	67.1083315067	59.4729
7 3 1			-0.04		1.17		2.77		0.33166	0.5095	71.5359286583	22.1332
0 2 16			-0.16		1.01		3.29		0.33106	1.8687	67.2407114996	13.8307
2 4 10			-0.08		0.93		3.59		0.33065	0.607	57.0555982332	12.0937
0 4 20			-0.06		0.87		3.8		0.33374	1.027	94.1654323607	18.6345
1 3 9			-0.39		0.47		6.28		0.33609	0.2622	45.3040218183	7.1674
4 2 10			-0.0		0.47		6.31		0.33635	1.1102	57.0442200735	11.3144