HKL Value		Reward		TotalReward	Chi Squared	Z Appr. 	Error	Two-Thetas	Sfs2
1 1 7			0.0		0.0		0.0		0.3	0.2012	29.7561292971	6.5386
6 4 0			0.0		0.0		0.01		0.33798	1.8287	67.0910631577	58.6803
3 3 13			-0.99		-0.99		1.09		0.33277	0.5636	65.4922780779	9.1158
1 3 13			-0.05		-1.04		1.15		0.33107	0.3907	59.4200243294	11.5335
1 1 11			-0.97		-2.01		40.62		0.36312	2.144	44.8525636461	378.5934
2 2 8			-0.22		-2.24		52.36		0.36433	1.8488	40.1384116224	216.1995
0 6 8			0.19		-2.05		44.17		0.36395	0.7694	64.1950429677	5.6946
2 2 14			0.06		-1.99		41.74		0.36277	1.0835	61.7979105177	101.9829
4 6 0			0.14		-1.85		36.53		0.36277	0.7863	67.1083315067	59.4729
2 0 14			0.12		-1.73		32.47		0.36277	0.2634	58.6945218607	7.3942
0 2 14			0.11		-1.62		29.23		0.36284	0.2479	58.6982494177	6.3292
6 4 2			0.09		-1.52		26.78		0.36285	0.2211	67.6401768609	4.8049
5 5 7			0.09		-1.44		24.63		0.36288	0.6639	72.2860687267	4.3062
7 3 3			0.01		-1.43		24.4		0.3627	1.9283	72.601334037	69.5466
4 6 2			0.07		-1.36		22.85		0.3627	0.2349	67.657370766	5.5969
6 4 6			0.07		-1.29		21.33		0.36267	0.9247	71.9614498967	41.9809
6 0 2			0.06		-1.23		20.1		0.3627	0.2214	55.354768557	5.4487
0 4 4			-0.08		-1.31		21.9		0.36259	0.8482	39.0545896029	78.0016
0 6 2			0.05		-1.26		20.8		0.36263	0.2356	55.3895592761	6.1752
6 0 8			0.05		-1.21		19.84		0.36229	2.9234	64.163237895	5.3359
9 1 1			0.04		-1.17		19.11		0.36225	0.8793	87.9915459652	19.6393
5 1 11			-0.09		-1.26		21.04		0.36244	3.2753	64.7131722767	203.727
2 0 4			-0.1		-1.36		23.38		0.36257	1.3874	23.4143586184	109.347
0 2 16			0.04		-1.32		22.4		0.36287	1.8687	67.2407114996	13.8307
0 4 20			0.04		-1.27		21.47		0.36303	1.027	94.1654323607	18.6345
3 7 1			0.03		-1.25		20.88		0.36301	1.2822	71.5694631273	22.2453
1 1 5			-0.14		-1.39		24.29		0.36354	1.9661	22.8949597146	247.5537
5 5 1			0.03		-1.36		23.63		0.36352	0.5073	65.769247456	23.9531
0 0 20			0.03		-1.33		22.96		0.36433	0.4542	83.3712939521	4.3689
7 3 1			0.03		-1.3		22.4		0.36432	0.5095	71.5359286583	22.1332
1 1 3			0.01		-1.29		22.19		0.36429	0.4514	16.9416048235	36.8187
4 2 10			0.02		-1.27		21.69		0.36427	1.1102	57.0442200735	11.3144
4 2 2			0.02		-1.25		21.23		0.36428	0.457	40.8620305525	12.2524
6 0 6			0.02		-1.23		20.73		0.36417	1.0815	60.1501886982	39.9969
6 2 8			-0.08		-1.31		22.61		0.36446	3.3751	67.1207225085	222.106
0 4 12			-0.07		-1.38		24.31		0.36397	1.4889	60.4300914167	161.7651
2 4 10			0.02		-1.36		23.83		0.36395	0.607	57.0555982332	12.0937
0 6 4			0.0		-1.36		23.81		0.36398	0.6675	57.2171401797	42.9768
0 6 16			0.03		-1.33		23.21		0.36382	0.4825	89.3859051251	7.6515
1 7 7			0.02		-1.31		22.67		0.36383	0.4353	72.3061031614	6.1143
4 2 14			0.02		-1.29		22.17		0.36374	1.2576	70.6282605877	19.9713
3 1 13			0.02		-1.26		21.63		0.36373	0.3869	59.4126405656	11.7895
3 5 9			0.01		-1.25		21.35		0.36364	0.4755	65.0802252419	19.5165
2 6 4			-0.03		-1.28		22.03		0.36361	0.8772	60.3635846112	78.02
2 4 8			0.02		-1.26		21.63		0.36351	0.1687	51.4325245866	2.4593
4 2 8			0.02		-1.24		21.24		0.3634	0.7605	51.4203212226	2.5419
0 2 18			0.02		-1.22		20.81		0.36341	0.3755	76.3208597895	3.7538
1 5 7			0.02		-1.2		20.39		0.36342	0.6035	54.1236034243	4.2528
2 4 2			0.01		-1.19		20.13		0.36342	0.3828	40.8766170199	13.2501
4 6 6			0.02		-1.17		19.72		0.36341	1.1903	71.9781772466	41.9784
0 6 14			0.02		-1.15		19.41		0.36331	0.9096	81.7552219026	27.2955
4 4 0			-0.24		-1.39		25.42		0.36331	4.9852	51.3853572345	648.027
1 5 13			0.02		-1.37		24.94		0.36334	1.1973	71.2966048402	12.6128
5 1 13			0.02		-1.35		24.47		0.36334	0.4567	71.2764535317	11.3258
1 1 13			0.02		-1.33		24.01		0.36332	0.3722	52.9310122384	10.9703
3 3 15			0.02		-1.31		23.59		0.36334	0.3402	73.0835579415	3.8877
0 2 2			-0.0		-1.31		23.65		0.36334	0.4614	19.2417464495	36.8131
1 3 3			-0.0		-1.31		23.66		0.3633	0.7045	30.3940112777	66.1614
1 3 9			0.02		-1.3		23.29		0.36325	0.2622	45.3040218183	7.1674
6 0 10			0.01		-1.29		22.98		0.36325	1.0728	69.1331306246	8.9056
7 1 5			-0.0		-1.29		23.01		0.36337	1.5264	69.0427278305	98.726
7 1 1			0.01		-1.28		22.8		0.36337	0.5207	65.7483230412	25.2044
2 4 6			0.01		-1.27		22.62		0.36326	0.785	46.7364348384	64.2552
3 5 7			0.01		-1.25		22.29		0.36326	0.2309	60.5203777188	5.6046
0 6 6			0.01		-1.24		22.01		0.36319	1.0147	60.183190367	40.9583
1 3 15			0.01		-1.23		21.71		0.36321	0.2862	67.3623786269	8.1809
5 1 7			0.01		-1.21		21.4		0.36321	0.2609	54.1000446603	4.252
6 0 0			0.01		-1.2		21.15		0.36321	0.7256	54.7363985401	55.434
2 2 4			-0.02		-1.22		21.59		0.3632	0.7551	29.4672289371	73.6026
3 3 7			0.01		-1.21		21.28		0.36321	0.1558	47.1418707618	3.5073
3 1 7			0.01		-1.19		21.0		0.36321	0.257	39.2655360855	5.205
5 3 7			0.01		-1.18		20.73		0.36322	0.2523	60.5057581853	5.4388
5 3 9			0.01		-1.17		20.58		0.36314	0.4833	65.0662013285	20.8409
3 5 1			0.0		-1.17		20.49		0.36313	0.5283	53.2544885252	31.9012
1 3 7			0.01		-1.16		20.23		0.36314	0.1893	39.2755843192	5.3372
2 4 14			0.01		-1.14		19.99		0.36308	0.5221	70.6383718296	19.4111
0 6 10			0.01		-1.13		19.78		0.36308	0.8527	69.1637693973	8.5049
5 1 1			0.01		-1.13		19.68		0.36306	0.5346	46.1701152	26.7419
0 0 10			0.0		-1.13		19.66		0.36318	0.8316	38.8438017949	41.7013
4 4 6			-0.11		-1.24		22.02		0.36285	4.3817	57.0116572758	400.3855
6 0 4			-0.0		-1.24		22.03		0.36286	0.7069	57.1830782131	42.6751
0 4 8			-0.04		-1.28		22.99		0.36307	4.1351	47.9021960727	235.0989