HKL Value		Reward		TotalReward	Chi Squared	Z Appr. 	Error	Two-Thetas	Sfs2
1 1 7			0.0		0.0		0.0		0.3	0.2012	29.7561292971	6.5386
6 0 8			0.0		0.0		1.59		0.33476	2.9234	64.163237895	5.3359
3 3 13			0.17		0.17		1.36		0.33205	0.5636	65.4922780779	9.1158
1 3 13			0.1		0.27		1.23		0.33083	0.3907	59.4200243294	11.5335
6 4 0			0.33		0.6		0.93		0.33083	1.8287	67.0910631577	58.6803
4 0 14			-0.86		-0.26		6.85		0.35964	1.986	67.7459682929	124.3248
0 6 8			0.18		-0.08		5.81		0.35908	0.7694	64.1950429677	5.6946
4 6 0			0.17		0.08		4.99		0.35908	0.7863	67.1083315067	59.4729
6 4 2			0.07		0.16		4.65		0.35909	0.2211	67.6401768609	4.8049
0 6 2			0.06		0.21		4.39		0.35919	0.2356	55.3895592761	6.1752
6 0 2			0.06		0.27		4.15		0.35931	0.2214	55.354768557	5.4487
0 0 4			-0.45		-0.17		7.49		0.35899	0.8482	15.2869714585	59.1035
5 5 7			0.08		-0.1		6.96		0.35902	0.6639	72.2860687267	4.3062
0 4 20			0.03		-0.07		6.77		0.36184	1.027	94.1654323607	18.6345
4 4 6			-0.67		-0.74		20.59		0.36068	4.3817	57.0116572758	400.3855
0 2 16			0.06		-0.68		19.4		0.36111	1.8687	67.2407114996	13.8307
7 3 1			0.04		-0.64		18.58		0.36107	0.5095	71.5359286583	22.1332
0 2 14			0.06		-0.57		17.52		0.36116	0.2479	58.6982494177	6.3292
4 2 10			0.04		-0.54		16.89		0.36108	1.1102	57.0442200735	11.3144
4 6 2			0.05		-0.49		16.14		0.36108	0.2349	67.657370766	5.5969
2 4 10			0.03		-0.46		15.67		0.36101	0.607	57.0555982332	12.0937
4 2 2			0.03		-0.43		15.26		0.36102	0.457	40.8620305525	12.2524
0 6 14			0.04		-0.4		14.69		0.36087	0.9096	81.7552219026	27.2955
2 0 14			0.05		-0.35		14.06		0.36091	0.2634	58.6945218607	7.3942
3 7 1			0.02		-0.33		13.74		0.36088	1.2822	71.5694631273	22.2453
1 3 9			0.04		-0.29		13.24		0.36075	0.2622	45.3040218183	7.1674
4 2 0			0.0		-0.29		13.22		0.36074	0.9287	40.0811891304	86.5118
0 2 4			-0.14		-0.43		15.46		0.36085	1.326	23.4223631322	110.0283
4 0 4			-0.08		-0.51		16.74		0.36076	1.2165	39.0343929222	79.1487
2 2 16			0.01		-0.5		16.62		0.36186	1.1693	70.1293332912	108.6018
9 1 1			0.02		-0.48		16.24		0.36184	0.8793	87.9915459652	19.6393
0 0 14			0.0		-0.48		16.22		0.36152	0.8389	55.4890953336	74.9432
2 4 2			0.02		-0.46		15.96		0.36154	0.3828	40.8766170199	13.2501
3 3 15			0.03		-0.43		15.5		0.36159	0.3402	73.0835579415	3.8877
7 1 1			0.01		-0.42		15.35		0.36157	0.5207	65.7483230412	25.2044
0 0 16			0.0		-0.42		15.31		0.36245	1.3342	64.286058028	116.6634
5 5 1			0.02		-0.4		15.06		0.36243	0.5073	65.769247456	23.9531
1 3 1			-0.01		-0.41		15.18		0.36241	0.5324	28.3265170018	42.1271
6 0 6			0.02		-0.39		14.87		0.36227	1.0815	60.1501886982	39.9969
1 3 15			0.02		-0.37		14.57		0.36233	0.2862	67.3623786269	8.1809
2 4 8			0.02		-0.35		14.29		0.36216	0.1687	51.4325245866	2.4593
5 3 9			0.01		-0.34		14.17		0.36197	0.4833	65.0662013285	20.8409
6 2 10			-0.01		-0.35		14.3		0.36222	0.7103	71.9901825081	43.9921
4 2 14			0.02		-0.33		14.0		0.36212	1.2576	70.6282605877	19.9713
4 2 8			0.02		-0.31		13.75		0.36196	0.7605	51.4203212226	2.5419
6 2 4			-0.06		-0.37		14.56		0.36191	0.8727	60.3342977717	77.9073
5 1 1			0.0		-0.36		14.5		0.36189	0.5346	46.1701152	26.7419
3 5 1			0.0		-0.36		14.47		0.36187	0.5283	53.2544885252	31.9012
0 0 10			-0.01		-0.37		14.58		0.3621	0.8316	38.8438017949	41.7013
0 6 16			0.02		-0.35		14.28		0.36211	0.4825	89.3859051251	7.6515
3 1 15			0.02		-0.33		14.05		0.36217	0.2871	67.3554895111	7.7692
6 0 10			0.01		-0.32		13.87		0.36214	1.0728	69.1331306246	8.9056
0 2 22			-0.01		-0.32		13.97		0.36233	1.8317	96.7387030121	97.213
1 5 13			0.02		-0.31		13.72		0.36242	1.1973	71.2966048402	12.6128
0 6 0			0.01		-0.3		13.58		0.36242	1.4277	54.7714555341	59.4019
3 5 9			0.01		-0.29		13.5		0.36228	0.4755	65.0802252419	19.5165
1 5 9			0.01		-0.28		13.35		0.36215	0.4394	58.984264935	17.7365
5 3 1			-0.0		-0.28		13.36		0.36213	0.5252	53.2386121167	32.835
0 4 10			-0.01		-0.29		13.47		0.36232	0.9893	53.7871001638	44.1425
2 4 14			0.02		-0.27		13.26		0.36225	0.5221	70.6383718296	19.4111
5 1 9			0.01		-0.26		13.14		0.3621	0.4583	58.9619928854	19.0838
2 4 6			0.0		-0.26		13.09		0.36194	0.785	46.7364348384	64.2552
3 1 9			0.01		-0.25		12.92		0.36185	0.36	45.2950695798	8.7768
1 1 13			0.02		-0.23		12.72		0.36192	0.3722	52.9310122384	10.9703
5 1 13			0.02		-0.21		12.52		0.36199	0.4567	71.2764535317	11.3258
3 1 7			0.01		-0.2		12.35		0.36199	0.257	39.2655360855	5.205
3 3 1			-0.0		-0.2		12.37		0.36198	0.5106	38.1558496662	33.1617
6 0 0			0.01		-0.19		12.26		0.36198	0.7256	54.7363985401	55.434
0 2 10			-0.0		-0.19		12.28		0.36193	0.4317	42.9590557724	21.0204
6 2 0			-0.24		-0.44		16.19		0.36193	4.3933	57.9728440251	566.5186
1 5 7			0.01		-0.42		15.98		0.36194	0.6035	54.1236034243	4.2528
3 3 9			0.01		-0.41		15.81		0.36184	0.3816	52.4524123761	12.0632
7 3 3			-0.0		-0.42		15.88		0.36179	1.9283	72.601334037	69.5466
1 7 1			0.0		-0.41		15.82		0.36177	0.5219	65.7901743415	26.2984
0 0 20			0.0		-0.41		15.81		0.3629	0.4542	83.3712939521	4.3689
1 7 5			-0.01		-0.42		15.95		0.36301	1.0841	69.0835930101	99.7513
5 5 5			-0.0		-0.42		15.99		0.36313	1.5862	69.0631626084	104.8873
1 5 1			0.0		-0.42		15.94		0.36312	0.4978	46.196563203	27.3004
1 3 7			0.01		-0.41		15.75		0.36313	0.1893	39.2755843192	5.3372
0 2 8			0.01		-0.4		15.56		0.36312	0.1155	35.7619852008	1.7384
2 0 10			0.0		-0.39		15.53		0.3631	0.6169	42.9543880851	20.236
3 1 13			0.01		-0.38		15.34		0.36311	0.3869	59.4126405656	11.7895
0 6 18			0.01		-0.37		15.16		0.36311	0.7949	98.0280769063	1.8601
3 1 1			-0.0		-0.37		15.21		0.3631	0.5239	28.3131072915	41.7464
0 2 20			0.01		-0.36		15.03		0.36311	0.4494	86.0769303832	2.8517
5 3 7			0.01		-0.35		14.87		0.36312	0.2523	60.5057581853	5.4388
1 1 3			-0.0		-0.35		14.88		0.36309	0.4514	16.9416048235	36.8187
4 0 0			-0.26		-0.61		20.19		0.36309	8.3901	35.6934066618	787.9925
0 6 6			0.01		-0.6		20.0		0.36304	1.0147	60.183190367	40.9583
6 4 6			0.01		-0.59		19.78		0.36303	0.9247	71.9614498967	41.9809
2 0 8			0.01		-0.58		19.56		0.36301	0.1665	35.7565424018	1.5727
4 6 4			0.0		-0.58		19.49		0.36303	1.0731	69.291881243	33.3045
0 6 10			0.01		-0.57		19.33		0.36303	0.8527	69.1637693973	8.5049
1 1 5			-0.05		-0.62		20.3		0.36321	1.9661	22.8949597146	247.5537
1 1 15			0.01		-0.61		20.19		0.36325	0.656	61.3839959686	20.6242
0 2 2			-0.0		-0.62		20.26		0.36325	0.4614	19.2417464495	36.8131
0 4 0			-0.2		-0.82		25.3		0.36325	6.137	35.7152072575	818.959
3 5 3			-0.0		-0.82		25.41		0.36321	0.9259	54.5093201099	87.7589