Number of epochs: 400e-02
-3.826565480216718718e-01
1.082767008451174413e-02
-9.947545522436922194e-02
-4.589451583971390081e-01
8.183863119544106807e-03
-3.204278914970727921e-01
-3.623143468961055325e-01
-1.530507931322137513e-02
-3.341611737805182392e-01
2.931827981420460638e-01
1.267822785492331815e-02
-2.853999730410680113e-01
1.419558881952397711e-01
-1.105102947488757759e-02
3.260615311590106275e-03
1.410491308055853224e-02
2.104266996968409686e-02
2.963527028966343041e-02
1.266082671831395695e-02
7.812992196188939600e-03
6.429511417779070620e-03
2.879138299142726051e-02
2.787117538315256500e-03
1.649352174887733571e-02
2.712100776964653653e-02
8.005640993467897856e-03
2.741870917357771414e-02
-1.063423201168316318e-01
-1.027881873186238179e-02
-1.040971675320449263e-01
3.670740018628382978e-02
-2.171609280485029686e-02
-1.766852037936968156e-01
2.583509760684318118e-02
-2.254187383325169380e-01
-2.050873211089148107e-01
2.201174904670280194e-02
-1.090927380963026827e-01
6.295199233698743624e-02
3.476698871523510592e-02
-1.037928126434508186e-01
3.449048092175154012e-02
4.730614835206049459e-03
-6.132025174238860815e-02
-6.300085887227103998e-02
-4.443867440936402624e-02
-6.457547190276383131e-02
-4.087855160871575744e-02
-5.745374114675604743e-02
-4.110832462794295622e-02
-8.780849905241996933e-02
-6.838624301442386422e-02
-1.096515758740250063e-01
-1.097246905677889788e-02
-2.273367599006902856e-02
-3.352213934333907186e-02
-1.598283874493377776e-01
-7.826994616817010975e-03
1.623127774396940920e-03
-1.163541897837511024e-01
-9.540159631298701995e-03
-6.980694061420461560e-02
-3.785682872371627650e-02
-7.953478036138633689e-03
-4.423850556996777178e-02
-5.468440201333424344e-02
-1.212758279444593572e-02
-9.549221018360792151e-03
-7.215727025133050754e-02
1.768698024370028319e-03
-1.546731552701359480e-01
-1.445860153511668023e-01
-1.160639143535255463e-01
-6.100196125317404461e-02
-1.995254544001684449e-01
-1.315441279468208824e-01
-1.070061447726677467e-01
-2.549709875219353418e-03
-1.262401947398940905e-01
-1.026247428699728903e-01
-4.238735069153234253e-02
-1.596277096999764999e-01
-3.576490973884477453e-02
-3.856754019730341820e-01
-4.043378469778360906e-02
-3.139333802259662298e-01
1.553334605859302969e-02
-2.260569172771018445e-02
-3.358682441903293459e-01
-2.499683690778346443e-02
-2.153601794163184091e-01
-3.059038501501410434e-01
1.547021521101705696e-02
-2.861654803168007799e-01
9.775146764578693942e-03
7.637578286228159999e-03
-2.554623187346646285e-01
-3.533639855733008636e-03
2.883261411337284308e+00
1.108303119347884419e-02
-3.759122721829007314e-03
-1.863448217296785614e-02
8.331766228775216651e-03
-8.647559092695721083e-04
7.523842646096495085e-03
1.313057176304165997e-02
8.660570459762154810e-03
3.045382357943418258e-02
-8.663853484121422643e-03
-2.271021262944955543e-01
2.265906877940016082e-03
-2.813463665245634071e-01
2.607210091927697829e-02
7.725949250709888798e-03
-2.346858730255941827e-01
1.939899389102735933e-02
-1.703098753443355318e-01
-2.101439300156560663e-01
1.915757135599109942e-02
-1.333544616337348221e-01
1.545364751407100612e-01
-1.587095138428163688e-01
-9.699266730075834647e-03
1.238642342080155216e-02
1.075674319671527865e-02
2.038947285165367690e-02
8.934314996052289751e-03
1.740121477066134195e-02
6.403747201380006852e-03
1.178887635607476884e-02
1.734612698285649054e-02
-1.368473489774295815e-03
2.311257907361054069e-03
1.610169945479891090e-02
4.634255872260637302e-03
-1.184544448623232535e-02
2.892935358980252072e-02
1.401703211119592792e-02
8.669159085038142393e-03
2.673872875497696963e-02
-3.091441459878106063e-02
9.332934135988167970e-03
-2.735287456718555124e-02
-2.516830196543748399e-01
-1.459346980020962692e-01
-1.283200618226602030e-01
-2.106970758265497290e-01
-1.762365809961775609e-01
-1.225426197668499084e-01
-1.324278636806941467e-01
-1.342347706894284898e-01
-1.553854428583675285e-01
-9.368025905003022485e-03
2.572695561060760628e-03
-1.195951956161956098e-01
-3.748174197223604759e-02
-4.108483102064669490e-02
-9.456274253920066153e-02
-1.866930300136708867e-02
-7.035770338910936339e-02
-1.072673144607368470e-02
-9.833837590563790365e-02
1.422062032927516248e-02
7.708869155015564759e-03
1.174853926151749224e-02
3.264021691373472089e-01
3.620919843469257993e-01
1.641623470507864654e-02
-4.698951394551756366e-02
4.556290413440187981e-02
-1.208929657688115472e-01
5.026067989750240828e-02
-9.241092737609835073e-02
2.050171664840692159e-02
-6.733447788134933054e-02
1.304330295200027169e-02
2.467435392903763458e-02
6.519348037924217916e-03
1.688311727100209880e-02
1.898430672043393413e-02
1.907473684025948885e-02
-4.506596732999186387e-03
5.748667050933743174e-03
3.091576686713544062e-02
-3.178652479619849258e-02
-5.364456239318654389e-03
1.809414657203223253e-02
-1.974653561157258819e-01
-1.479622377485396711e-01
-9.916830968229309318e-02
-1.376117657796525895e-01
5.536471549215504079e-03
1.016932747833106804e-02
3.480611639458741375e-03
3.095202170000292338e-02
-5.376089960778076410e-02
-7.815959275784243460e-03
