HKL Value		Reward		TotalReward	Chi Squared	Z Appr. 	Error	Two-Thetas	Sfs2
4 0 3			0.0		0.0		0.0		0.5	0.29	62.1413926063	0.0
3 0 0			0.0		0.0		0.0		0.50694	0.45	42.9814560157	0.0
2 0 1			-0.93		-0.93		0.0		0.50699	0.15	29.01034049	0.0
1 0 8			-0.93		-1.86		0.0		0.50699	0.24	54.8685935926	0.0
1 0 0			2.9		1.03		0.0		0.507	0.0	14.0285801003	0.0
0 0 3			0.43		1.47		0.0		0.50699	0.03	19.1797885945	0.0
3 0 2			0.17		1.63		0.0		0.50699	0.46	45.0164041053	0.0
3 0 6			-0.17		1.46		0.0		0.50699	0.11	59.366558438	0.0
3 0 4			-0.84		0.63		0.0		0.50699	0.64	50.7360354343	0.0
1 0 4			0.04		0.67		0.0		0.50699	0.08	29.3672081998	0.0
2 0 3			-0.15		0.52		0.0		0.50699	0.09	34.3920319457	0.0
4 0 1			-0.14		0.39		0.0		0.50699	0.27	58.8934376912	0.0
2 0 7			1.16		1.55		0.0		0.50699	4.16	54.6555056564	0.0
0 0 7			-0.73		0.81		0.0		0.50699	0.2	45.7499157105	0.0
3 0 8			-0.77		0.05		0.0		0.50701	0.3	70.3147352648	0.0
4 0 5			1.19		1.24		0.0		0.50697	0.26	68.3700248267	0.0
2 0 5			-0.04		1.2		0.0		0.50697	5.26	43.4052500519	0.0
1 0 6			-0.69		0.52		0.0		0.50697	0.25	41.5701214249	0.0
3 0 7			-1.0		-0.48		0.0		0.44563	0.18	64.5726747292	2.8781