HKL Value		Reward		TotalReward	Chi Squared	Z Appr. 	Error	Two-Thetas	Sfs2
2 0 2			0.0		0.0		0.0		0.5	0.1	31.1263267788	5.5981
4 0 3			0.0		0.0		0.0		0.58213	0.29	62.1413926063	0.0
3 0 0			1.0		1.0		0.0		0.58213	0.45	42.9814560157	0.0
1 0 0			0.5		1.5		0.0		0.58213	0.0	14.0285801003	0.0
3 1 7			-1.0		0.5		0.0		0.57602	0.32	70.7276559911	1.1017
2 0 1			0.25		0.75		0.0		0.57602	0.15	29.01034049	0.0
1 0 8			0.2		0.95		0.0		0.57602	0.24	54.8685935926	0.0
0 0 3			0.17		1.12		0.0		0.57602	0.03	19.1797885945	0.0
2 2 3			-0.99		0.12		0.3		0.5837	0.31	64.6616050849	6.6891
3 0 2			0.12		0.25		0.26		0.5837	0.46	45.0164041053	0.0
3 0 6			0.11		0.36		0.24		0.5837	0.11	59.366558438	0.0
1 0 4			0.1		0.46		0.22		0.5837	0.08	29.3672081998	0.0
4 0 1			0.09		0.55		0.2		0.5837	0.27	58.8934376912	0.0
1 1 7			0.04		0.59		0.19		0.57982	0.15	55.34320722	1.1017
3 0 4			0.08		0.67		0.18		0.57982	0.64	50.7360354343	0.0
2 0 3			0.07		0.74		0.16		0.57982	0.09	34.3920319457	0.0
3 1 5			-0.37		0.37		0.26		0.58215	0.09	61.4399691436	8.5457
0 1 7			0.06		0.43		0.25		0.58286	0.26	53.2385720724	8.4036
2 0 7			0.06		0.49		0.23		0.58286	4.16	54.6555056564	0.0
4 0 5			0.06		0.55		0.22		0.58286	0.26	68.3700248267	0.0
0 0 7			0.05		0.6		0.21		0.58286	0.2	45.7499157105	0.0
1 2 7			0.01		0.61		0.21		0.58396	0.71	74.291810142	3.5836
3 2 1			-0.11		0.5		0.23		0.58358	0.17	70.8417473216	1.0468
0 0 6			-0.02		0.48		0.24		0.58822	0.27	38.9249808314	6.3028
3 0 8			0.04		0.52		0.23		0.58822	0.3	70.3147352648	0.0
2 0 5			0.04		0.56		0.22		0.58822	5.26	43.4052500519	0.0
1 0 6			0.04		0.6		0.21		0.58822	0.25	41.5701214249	0.0
3 1 0			0.04		0.64		0.2		0.58822	0.86	50.7823995615	0.002
3 1 4			0.03		0.67		0.2		0.58831	0.33	57.7518627408	0.9567
2 0 4			-0.63		0.04		0.53		0.58985	0.23	38.5541558059	1.7476
2 1 1			0.03		0.08		0.51		0.58985	0.13	39.1745550983	0.4263
3 0 7			0.03		0.11		0.49		0.58973	0.18	64.5726747292	2.8781
1 1 4			0.03		0.14		0.48		0.58982	0.3	39.4492672371	0.9567
2 1 7			0.03		0.17		0.47		0.58914	0.57	61.3678684761	8.4036
4 1 1			0.03		0.2		0.45		0.58913	0.21	65.3342299592	0.4263
-1 -1 -2			-0.11		0.09		0.51		0.5885	0.31	32.1995090242	11.6912
4 1 5			-0.05		0.03		0.54		0.59242	1.53	74.3771604481	7.6693
1 -1 2			-0.09		-0.05		0.59		0.59193	0.39	32.1995090242	11.6912