HKL Value		Reward		TotalReward	Chi Squared	Z Appr. 	Error	Two-Thetas	Sfs2
4 0 3			0.0		0.0		0.0		0.5	0.29	62.1413926063	0.0
1 0 8			0.0		0.0		0.0		0.49996	0.24	54.8685935926	0.0
3 0 0			1.0		1.0		0.0		0.49996	0.45	42.9814560157	0.0
2 0 1			0.5		1.5		0.0		0.49996	0.15	29.01034049	0.0
0 1 7			-1.0		0.5		0.0		0.48632	0.26	53.2385720724	8.4036
0 0 3			0.25		0.75		0.0		0.48632	0.03	19.1797885945	0.0
1 0 0			0.2		0.95		0.0		0.48632	0.0	14.0285801003	0.0
3 0 2			0.17		1.11		0.0		0.48632	0.46	45.0164041053	0.0
3 0 4			0.14		1.26		0.0		0.48632	0.64	50.7360354343	0.0
1 0 4			0.12		1.38		0.0		0.48632	0.08	29.3672081998	0.0
3 0 6			0.11		1.49		0.0		0.48632	0.11	59.366558438	0.0
2 0 3			0.1		1.59		0.0		0.48632	0.09	34.3920319457	0.0
4 0 1			0.09		1.68		0.0		0.48632	0.27	58.8934376912	0.0
0 0 7			0.08		1.77		0.0		0.48632	0.2	45.7499157105	0.0
2 0 7			0.08		1.84		0.0		0.48632	4.16	54.6555056564	0.0
1 1 5			-1.0		0.84		0.09		0.5076	3.06	44.2189644299	8.5457
4 0 5			0.07		0.91		0.09		0.5076	0.26	68.3700248267	0.0
2 0 5			0.06		0.97		0.08		0.5076	5.26	43.4052500519	0.0
3 0 8			0.06		1.03		0.08		0.5076	0.3	70.3147352648	0.0
1 0 6			0.06		1.09		0.07		0.5076	0.25	41.5701214249	0.0
3 1 0			0.05		1.14		0.07		0.5076	0.86	50.7823995615	0.002
2 1 1			0.04		1.18		0.07		0.5076	0.13	39.1745550983	0.4263
3 1 4			-0.02		1.16		0.07		0.5073	0.33	57.7518627408	0.9567
1 1 4			-0.01		1.15		0.07		0.50695	0.3	39.4492672371	0.9567
4 0 0			-0.46		0.69		0.13		0.50695	0.08	58.4798162983	46.4355