HKL Value		Reward		TotalReward	Chi Squared	Z Appr. 	Error	Two-Thetas	Sfs2
0 0 8			0.0		0.0		0.0		0.5	0.5	52.7511004195	15.5355
0 1 8			0.0		0.0		0.52		0.50399	2.05	59.6041295708	7.5134
2 1 2			0.8		0.8		0.29		0.50379	0.36	40.8238903893	0.1747
3 0 7			-0.26		0.54		0.39		0.44411	0.18	64.5726747292	2.8781
1 2 6			0.33		0.87		0.29		0.44419	0.11	69.4566609057	1.2895
0 0 4			0.06		0.93		0.28		0.4435	0.08	25.6679215219	1.7476
4 0 3			0.2		1.13		0.23		0.4435	0.29	62.1413926063	0.0
3 1 2			0.15		1.28		0.2		0.44361	0.11	52.5840292854	11.6912
2 1 7			0.14		1.42		0.17		0.44352	0.57	61.3678684761	8.4036
-2 0 4			-0.02		1.4		0.18		0.44286	0.22	38.5541558059	1.7476
4 0 4			-0.01		1.4		0.18		0.44224	0.13	64.9051128666	1.7476
1 2 7			0.02		1.42		0.18		0.44263	0.71	74.291810142	3.5836
2 0 -4			-0.0		1.41		0.18		0.44204	0.31	38.5541558059	1.7476
3 0 8			0.08		1.5		0.16		0.44204	0.3	70.3147352648	0.0
3 0 0			0.08		1.57		0.15		0.44204	0.45	42.9814560157	0.0
4 0 6			-0.1		1.48		0.17		0.44015	0.38	72.4962488704	6.3028
2 0 4			0.01		1.49		0.17		0.43969	0.23	38.5541558059	1.7476
1 0 0			0.06		1.55		0.16		0.43969	0.0	14.0285801003	0.0
1 0 6			0.06		1.61		0.15		0.43969	0.25	41.5701214249	0.0
3 1 7			0.01		1.62		0.14		0.43891	0.32	70.7276559911	1.1017
2 1 8			-0.24		1.38		0.19		0.44151	0.22	67.2524657177	7.5134
2 1 0			-0.01		1.36		0.19		0.44151	0.16	38.6117414796	0.0084
4 0 1			0.05		1.41		0.19		0.44151	0.27	58.8934376912	0.0
2 2 6			-0.03		1.38		0.19		0.44133	0.0	74.8444416707	3.2648
1 -1 2			0.04		1.42		0.18		0.4414	0.39	32.1995090242	11.6912
1 1 5			-0.08		1.34		0.2		0.44015	3.06	44.2189644299	8.5457
3 0 6			0.04		1.38		0.19		0.44015	0.11	59.366558438	0.0
0 2 7			-0.03		1.35		0.2		0.44181	0.0	72.5085769296	0.0094
2 0 7			0.04		1.39		0.19		0.44181	4.16	54.6555056564	0.0
2 0 3			0.04		1.42		0.18		0.44181	0.09	34.3920319457	0.0
0 0 7			0.03		1.46		0.18		0.44181	0.2	45.7499157105	0.0
1 1 7			-0.0		1.45		0.18		0.44114	0.15	55.34320722	1.1017
1 0 4			0.03		1.49		0.17		0.44114	0.08	29.3672081998	0.0
0 1 7			0.03		1.52		0.17		0.44118	0.26	53.2385720724	8.4036
3 2 1			-0.07		1.45		0.18		0.44119	0.17	70.8417473216	1.0468
0 1 6			-0.19		1.26		0.22		0.44356	0.0	47.2608104201	2.0239
0 0 2			-0.09		1.16		0.25		0.44342	0.15	12.7532192506	5.5981