HKL Value		Reward		TotalReward	Chi Squared	Z Appr. 	Error	Two-Thetas	Sfs2
1 0 8			0.0		0.0		0.0		0.5	0.24	54.8685935926	0.0
4 0 3			0.0		0.0		0.0		0.49996	0.29	62.1413926063	0.0
3 0 2			0.09		0.09		0.0		0.49996	0.46	45.0164041053	0.0
3 2 0			-1.0		-0.91		0.05		0.49996	0.67	70.467230504	2.2538
3 0 0			0.33		-0.58		0.04		0.49996	0.45	42.9814560157	0.0
1 1 5			0.25		-0.33		0.03		0.52747	3.06	44.2189644299	8.5457
4 0 6			-0.58		-0.91		0.08		0.51771	0.38	72.4962488704	6.3028
2 0 1			0.17		-0.75		0.07		0.51771	0.15	29.01034049	0.0
0 0 7			0.14		-0.6		0.06		0.51771	0.2	45.7499157105	0.0
0 0 3			0.12		-0.48		0.05		0.51771	0.03	19.1797885945	0.0
1 0 4			0.11		-0.37		0.05		0.51771	0.08	29.3672081998	0.0
1 1 2			-0.63		-1.0		0.13		0.51506	0.52	32.1995090242	11.6912
3 0 4			0.09		-0.91		0.11		0.51506	0.64	50.7360354343	0.0
2 0 7			0.08		-0.82		0.11		0.51506	4.16	54.6555056564	0.0
1 1 4			0.0		-0.82		0.11		0.51498	0.3	39.4492672371	0.9567
4 0 5			0.07		-0.75		0.1		0.51498	0.26	68.3700248267	0.0
2 0 3			0.07		-0.68		0.09		0.51498	0.09	34.3920319457	0.0
3 0 8			0.06		-0.62		0.09		0.51498	0.3	70.3147352648	0.0
3 0 6			0.06		-0.56		0.08		0.51498	0.11	59.366558438	0.0
1 0 7			1.13		0.57		0.04		0.43373	0.54	48.0896902272	2.8781
4 0 1			0.05		0.62		0.04		0.43373	0.27	58.8934376912	0.0
2 0 5			0.05		0.67		0.03		0.43373	5.26	43.4052500519	0.0
2 1 7			-0.06		0.61		0.04		0.43475	0.57	61.3678684761	8.4036
3 1 0			0.04		0.65		0.04		0.43475	0.86	50.7823995615	0.002
3 1 4			0.04		0.69		0.03		0.43474	0.33	57.7518627408	0.9567
1 0 0			0.04		0.73		0.03		0.43474	0.0	14.0285801003	0.0
1 -1 2			-0.03		0.7		0.03		0.43501	0.39	32.1995090242	11.6912
3 2 2			-0.1		0.6		0.04		0.43476	0.0	71.9603042663	6.6617
2 0 2			-0.46		0.14		0.07		0.43416	0.1	31.1263267788	5.5981