HKL Value		Reward		TotalReward	Chi Squared	Z Appr. 	Error	Two-Thetas	Sfs2
2 1 2			0.0		0.0		0.0		0.5	0.36	40.8238903893	0.1747
1 2 6			0.0		0.0		0.03		0.49192	0.11	69.4566609057	1.2895
0 0 2			-0.95		-0.95		0.57		0.4941	0.15	12.7532192506	5.5981
0 0 4			0.5		-0.46		0.38		0.49449	0.08	25.6679215219	1.7476
4 0 3			0.33		-0.12		0.29		0.49449	0.29	62.1413926063	0.0
3 1 2			-0.07		-0.19		0.31		0.4917	0.11	52.5840292854	11.6912
1 0 1			-0.01		-0.2		0.31		0.49006	0.06	15.4189733366	0.0644
2 1 7			0.16		-0.04		0.27		0.48883	0.57	61.3678684761	8.4036
4 0 1			0.14		0.1		0.23		0.48882	0.27	58.8934376912	0.0
3 0 7			0.38		0.48		0.17		0.44196	0.18	64.5726747292	2.8781
3 0 2			0.11		0.59		0.15		0.44196	0.46	45.0164041053	0.0
1 2 7			0.01		0.6		0.15		0.44316	0.71	74.291810142	3.5836
3 0 0			0.09		0.69		0.14		0.44316	0.45	42.9814560157	0.0
0 1 7			0.08		0.77		0.13		0.44296	0.26	53.2385720724	8.4036
-1 -1 -2			0.07		0.84		0.12		0.44327	0.31	32.1995090242	11.6912
-2 0 4			-0.04		0.8		0.13		0.44179	0.22	38.5541558059	1.7476
3 2 0			-0.02		0.78		0.13		0.44179	0.67	70.467230504	2.2538
4 0 6			-0.08		0.7		0.14		0.43858	0.38	72.4962488704	6.3028