HKL Value		Reward		TotalReward	Chi Squared	Z Appr. 	Error	Two-Thetas	Sfs2
3 0 6			0.0		0.0		0.0		0.5	0.11	59.366558438	0.0
4 0 3			0.0		0.0		0.0		0.56307	0.29	62.1413926063	0.0
1 0 8			0.02		0.02		0.0		0.56311	0.24	54.8685935926	0.0
3 0 0			0.5		0.52		0.0		0.56311	0.45	42.9814560157	0.0
2 0 1			0.33		0.85		0.0		0.56311	0.15	29.01034049	0.0
1 0 0			0.23		1.08		0.0		0.56311	0.0	14.0285801003	0.0
0 0 3			0.2		1.27		0.0		0.56311	0.03	19.1797885945	0.0
3 0 2			0.16		1.43		0.0		0.56311	0.46	45.0164041053	0.0
1 0 5			-1.0		0.43		0.0		0.53185	0.22	35.3149362404	7.049
3 0 4			0.12		0.56		0.0		0.53185	0.64	50.7360354343	0.0
1 0 4			0.11		0.67		0.0		0.53185	0.08	29.3672081998	0.0
2 0 3			0.1		0.77		0.0		0.53185	0.09	34.3920319457	0.0
4 0 1			0.09		0.86		0.0		0.53185	0.27	58.8934376912	0.0
0 0 7			0.08		0.94		0.0		0.53185	0.2	45.7499157105	0.0
2 0 7			0.08		1.02		0.0		0.53185	4.16	54.6555056564	0.0
4 0 5			0.07		1.09		0.0		0.53185	0.26	68.3700248267	0.0
2 0 5			0.07		1.16		0.0		0.53185	5.26	43.4052500519	0.0
1 0 6			0.06		1.22		0.0		0.53185	0.25	41.5701214249	0.0
3 0 8			0.06		1.28		0.0		0.53185	0.3	70.3147352648	0.0
3 1 0			-1.0		0.28		0.0		0.53185	0.86	50.7823995615	0.002
1 1 4			-0.99		-0.71		0.01		0.53187	0.3	39.4492672371	0.9567
4 1 1			-0.08		-0.79		0.01		0.53188	0.21	65.3342299592	0.4263