HKL Value		Reward		TotalReward	Chi Squared	Z Appr. 	Error	Two-Thetas	Sfs2
3 3 7			0.0		0.0		0.0		0.3	0.1558	47.1418707618	3.5073
6 2 10			0.0		0.0		14.21		0.33049	0.7103	71.9901825081	43.9921
6 0 8			3.51		3.51		7.18		0.33015	2.9234	64.163237895	5.3359
1 1 3			-1.67		1.84		8.85		0.33021	0.4514	16.9416048235	36.8187
4 6 0			1.1		2.94		6.65		0.33021	0.7863	67.1083315067	59.4729
7 1 7			0.53		3.48		5.58		0.33151	0.3505	72.2660298289	5.0526
0 6 8			0.43		3.91		4.72		0.3311	0.7694	64.1950429677	5.6946
6 4 0			0.34		4.24		4.05		0.33111	1.8287	67.0910631577	58.6803
4 6 2			0.15		4.4		3.75		0.331	0.2349	67.657370766	5.5969
6 4 2			0.14		4.54		3.46		0.3309	0.2211	67.6401768609	4.8049
0 6 2			0.02		4.56		3.42		0.33087	0.2356	55.3895592761	6.1752
2 0 14			0.15		4.71		3.12		0.33124	0.2634	58.6945218607	7.3942
0 2 14			0.12		4.83		2.89		0.33166	0.2479	58.6982494177	6.3292
5 1 13			0.08		4.9		2.73		0.33116	0.4567	71.2764535317	11.3258
3 3 3			-1.18		3.72		3.91		0.33118	0.8081	39.7679129272	70.9373
4 4 6			-9.66		-5.94		13.57		0.33138	4.3817	57.0116572758	400.3855
3 3 1			0.11		-5.83		13.35		0.33129	0.5106	38.1558496662	33.1617
6 0 2			0.32		-5.51		12.72		0.33128	0.2214	55.354768557	5.4487
1 7 7			0.34		-5.17		12.03		0.33148	0.4353	72.3061031614	6.1143
4 0 12			0.3		-4.87		11.43		0.33155	2.7435	60.4154589103	161.2613
3 5 7			0.26		-4.6		10.9		0.33183	0.2309	60.5203777188	5.6046
5 3 7			0.24		-4.37		10.43		0.33211	0.2523	60.5057581853	5.4388
5 1 7			0.21		-4.16		10.01		0.33241	0.2609	54.1000446603	4.252
1 5 7			0.2		-3.96		9.62		0.33267	0.6035	54.1236034243	4.2528
2 4 8			0.18		-3.78		9.25		0.33292	0.1687	51.4325245866	2.4593
4 2 8			0.17		-3.61		8.91		0.33314	0.7605	51.4203212226	2.5419
0 6 16			0.09		-3.52		8.73		0.33316	0.4825	89.3859051251	7.6515
0 6 6			0.13		-3.39		8.47		0.33316	1.0147	60.183190367	40.9583
7 3 1			0.08		-3.31		8.31		0.33311	0.5095	71.5359286583	22.1332
3 3 13			0.13		-3.18		8.05		0.3328	0.5636	65.4922780779	9.1158
4 2 6			0.13		-3.05		7.79		0.3328	1.6049	46.7233273538	62.1975
6 0 6			0.09		-2.96		7.61		0.3328	1.0815	60.1501886982	39.9969
3 1 13			0.09		-2.87		7.43		0.33242	0.3869	59.4126405656	11.7895
1 3 13			0.09		-2.78		7.26		0.3321	0.3907	59.4200243294	11.5335
1 1 13			0.09		-2.69		7.08		0.33183	0.3722	52.9310122384	10.9703
1 5 13			0.08		-2.62		6.93		0.33156	1.1973	71.2966048402	12.6128
9 1 1			0.06		-2.56		6.81		0.33154	0.8793	87.9915459652	19.6393
0 6 10			0.04		-2.52		6.73		0.33143	0.8527	69.1637693973	8.5049
2 0 16			0.0		-2.52		6.73		0.33125	0.5935	67.2372591268	11.8907
0 2 16			-0.03		-2.55		6.76		0.33103	1.8687	67.2407114996	13.8307
6 0 10			0.03		-2.51		6.69		0.3309	1.0728	69.1331306246	8.9056
6 0 0			0.02		-2.49		6.64		0.3309	0.7256	54.7363985401	55.434
1 1 15			0.06		-2.42		6.51		0.3308	0.656	61.3839959686	20.6242
2 4 14			-0.01		-2.43		6.53		0.33048	0.5221	70.6383718296	19.4111
4 2 10			0.01		-2.43		6.51		0.33035	1.1102	57.0442200735	11.3144
5 3 9			0.02		-2.41		6.47		0.33027	0.4833	65.0662013285	20.8409
4 2 14			-0.01		-2.41		6.48		0.32999	1.2576	70.6282605877	19.9713
3 1 7			0.04		-2.38		6.4		0.33026	0.257	39.2655360855	5.205
2 4 6			0.07		-2.31		6.27		0.33026	0.785	46.7364348384	64.2552
5 5 1			0.03		-2.28		6.21		0.33024	0.5073	65.769247456	23.9531
3 7 1			0.03		-2.26		6.16		0.33022	1.2822	71.5694631273	22.2453
0 6 0			-0.01		-2.26		6.17		0.33022	1.4277	54.7714555341	59.4019
2 4 10			-0.0		-2.26		6.17		0.33011	0.607	57.0555982332	12.0937
4 2 2			-0.01		-2.27		6.18		0.33009	0.457	40.8620305525	12.2524