HKL Value		Reward		TotalReward	Chi Squared	Z Appr. 	Error	Two-Thetas	Sfs2
5 1 13			0.0		0.0		0.0		0.3	0.4567	71.2764535317	11.3258
3 3 7			0.0		0.0		4.52		0.33344	0.1558	47.1418707618	3.5073
0 6 2			0.35		0.35		3.81		0.33338	0.2356	55.3895592761	6.1752
6 2 10			-2.0		-1.65		5.81		0.32975	0.7103	71.9901825081	43.9921
6 0 8			0.72		-0.93		4.37		0.32962	2.9234	64.163237895	5.3359
4 6 0			0.43		-0.5		3.51		0.32962	0.7863	67.1083315067	59.4729
7 1 7			0.14		-0.36		3.23		0.33056	0.3505	72.2660298289	5.0526
0 6 8			0.21		-0.15		2.81		0.33036	0.7694	64.1950429677	5.6946
6 4 0			0.17		0.03		2.46		0.33036	1.8287	67.0910631577	58.6803
0 4 14			-3.91		-3.88		6.37		0.35976	1.2337	67.7597167724	121.3788
4 6 2			0.18		-3.7		6.01		0.35978	0.2349	67.657370766	5.5969
6 4 2			0.17		-3.53		5.67		0.35979	0.2211	67.6401768609	4.8049
2 0 14			0.23		-3.3		5.21		0.36006	0.2634	58.6945218607	7.3942
0 2 14			0.18		-3.13		4.86		0.36051	0.2479	58.6982494177	6.3292
1 7 7			0.09		-3.04		4.69		0.36058	0.4353	72.3061031614	6.1143
6 0 2			0.1		-2.95		4.5		0.36072	0.2214	55.354768557	5.4487
3 5 7			0.08		-2.87		4.34		0.36078	0.2309	60.5203777188	5.6046
5 3 7			0.07		-2.79		4.19		0.36086	0.2523	60.5057581853	5.4388
1 5 7			0.08		-2.71		4.04		0.36092	0.6035	54.1236034243	4.2528
5 1 7			0.07		-2.64		3.9		0.36098	0.2609	54.1000446603	4.252
2 4 8			0.05		-2.59		3.8		0.35974	0.1687	51.4325245866	2.4593
4 2 8			0.06		-2.53		3.67		0.35871	0.7605	51.4203212226	2.5419
0 6 6			0.05		-2.48		3.57		0.3578	1.0147	60.183190367	40.9583
3 3 13			0.04		-2.44		3.49		0.359	0.5636	65.4922780779	9.1158
3 1 13			0.03		-2.41		3.43		0.36009	0.3869	59.4126405656	11.7895
1 5 13			0.03		-2.38		3.36		0.36086	1.1973	71.2966048402	12.6128
1 3 13			0.05		-2.33		3.27		0.36131	0.3907	59.4200243294	11.5335
6 0 6			0.01		-2.32		3.24		0.36096	1.0815	60.1501886982	39.9969
1 1 13			0.04		-2.27		3.15		0.36131	0.3722	52.9310122384	10.9703
4 2 6			-0.16		-2.44		3.32		0.36079	1.6049	46.7233273538	62.1975
4 4 8			-3.14		-5.58		6.46		0.36192	3.9407	61.1479986878	218.5721
3 1 7			0.08		-5.5		6.3		0.36194	0.257	39.2655360855	5.205
0 6 16			0.1		-5.4		6.1		0.36199	0.4825	89.3859051251	7.6515
1 3 7			0.07		-5.33		5.97		0.36201	0.1893	39.2755843192	5.3372
9 1 1			0.01		-5.32		5.94		0.36198	0.8793	87.9915459652	19.6393
7 3 1			-0.02		-5.33		5.96		0.36196	0.5095	71.5359286583	22.1332
2 4 6			-0.1		-5.44		6.06		0.36161	0.785	46.7364348384	64.2552
2 0 16			0.07		-5.37		5.92		0.36188	0.5935	67.2372591268	11.8907
1 1 15			-0.11		-5.48		6.03		0.36206	0.656	61.3839959686	20.6242
0 6 10			0.02		-5.46		5.99		0.36201	0.8527	69.1637693973	8.5049
6 0 10			0.02		-5.44		5.96		0.36196	1.0728	69.1331306246	8.9056
6 0 0			0.02		-5.43		5.93		0.36196	0.7256	54.7363985401	55.434
5 5 1			-0.01		-5.43		5.93		0.36193	0.5073	65.769247456	23.9531
4 2 10			-0.01		-5.44		5.94		0.36187	1.1102	57.0442200735	11.3144
3 7 1			-0.01		-5.46		5.96		0.36185	1.2822	71.5694631273	22.2453