HKL Value		Reward		TotalReward	Chi Squared	Z Appr. 	Error	Two-Thetas	Sfs2
2 0 5			0.0		0.0		0.0		0.5	5.26	43.4052500519	0.0
1 0 6			0.0		0.0		0.0		0.49974	0.25	41.5701214249	0.0
0 0 7			0.68		0.68		0.0		0.49974	0.2	45.7499157105	0.0
2 0 7			0.47		1.14		0.0		0.49974	4.16	54.6555056564	0.0
3 0 0			0.33		1.48		0.0		0.49974	0.45	42.9814560157	0.0
1 0 4			0.25		1.72		0.0		0.49974	0.08	29.3672081998	0.0
1 0 8			0.35		2.07		0.0		0.49981	0.24	54.8685935926	0.0
4 0 3			0.16		2.24		0.0		0.49981	0.29	62.1413926063	0.0
3 0 6			0.14		2.38		0.0		0.49981	0.11	59.366558438	0.0
2 0 1			0.12		2.5		0.0		0.49981	0.15	29.01034049	0.0
4 0 5			0.05		2.55		0.0		0.49981	0.26	68.3700248267	0.0
3 0 2			0.1		2.65		0.0		0.49981	0.46	45.0164041053	0.0
1 0 0			0.09		2.74		0.0		0.49981	0.0	14.0285801003	0.0
3 0 4			0.08		2.82		0.0		0.49981	0.64	50.7360354343	0.0
2 2 5			-1.0		1.82		0.0		0.45597	0.26	70.7747179536	2.8196
2 0 3			0.07		1.89		0.0		0.45597	0.09	34.3920319457	0.0
4 0 1			0.07		1.96		0.0		0.45597	0.27	58.8934376912	0.0
0 0 3			0.06		2.02		0.0		0.45597	0.03	19.1797885945	0.0
0 1 6			-1.0		1.02		0.01		0.46075	0.0	47.2608104201	2.0239
3 0 8			0.06		1.08		0.01		0.46075	0.3	70.3147352648	0.0
3 1 0			0.05		1.12		0.01		0.46075	0.86	50.7823995615	0.002
4 1 1			-0.04		1.08		0.01		0.46075	0.21	65.3342299592	0.4263
3 0 7			-0.52		0.56		0.02		0.45604	0.18	64.5726747292	2.8781
3 1 4			0.01		0.57		0.02		0.45598	0.33	57.7518627408	0.9567
2 1 1			0.01		0.57		0.02		0.45598	0.13	39.1745550983	0.4263
4 1 0			-0.3		0.28		0.03		0.45598	0.2	64.9447604845	0.0084
1 1 4			0.02		0.29		0.03		0.45592	0.3	39.4492672371	0.9567
3 1 2			0.03		0.33		0.03		0.45583	0.11	52.5840292854	11.6912
4 1 3			0.04		0.36		0.03		0.45583	0.15	68.408649436	0.0043
-1 -1 2			0.03		0.39		0.03		0.45575	0.13	32.1995090242	11.6912
-1 -1 -2			0.03		0.42		0.03		0.45567	0.31	32.1995090242	11.6912
1 0 7			-0.1		0.32		0.03		0.45428	0.54	48.0896902272	2.8781
0 1 7			-0.07		0.25		0.03		0.45385	0.26	53.2385720724	8.4036
1 2 6			-0.08		0.17		0.03		0.45298	0.11	69.4566609057	1.2895