HKL Value		Reward		TotalReward	Chi Squared	Z Appr. 	Error	Two-Thetas	Sfs2
2 0 5			0.0		0.0		0.0		0.5	5.26	43.4052500519	0.0
1 0 6			0.0		0.0		0.0		0.49974	0.25	41.5701214249	0.0
2 1 8			-1.0		-1.0		0.0		0.51305	0.22	67.2524657177	7.5134
1 1 2			-1.0		-2.0		0.27		0.51055	0.52	32.1995090242	11.6912
1 1 7			-0.32		-2.32		0.39		0.51782	0.15	55.34320722	1.1017
1 0 7			-0.23		-2.54		0.5		0.57996	0.54	48.0896902272	2.8781
2 0 4			-0.75		-3.29		2.02		0.57711	0.23	38.5541558059	1.7476
2 0 7			0.17		-3.13		1.73		0.57711	4.16	54.6555056564	0.0
2 1 4			-0.63		-3.76		4.67		0.62642	2.11	46.9440445598	0.4076
3 1 7			0.03		-3.73		4.55		0.62724	0.32	70.7276559911	1.1017
3 1 4			0.11		-3.62		4.1		0.62724	0.33	57.7518627408	0.9567
0 1 6			0.1		-3.52		3.74		0.62844	0.0	47.2608104201	2.0239
2 2 6			0.08		-3.44		3.45		0.62887	0.0	74.8444416707	3.2648
1 0 5			0.04		-3.4		3.31		0.63884	0.22	35.3149362404	7.049
0 0 7			0.08		-3.32		3.07		0.63884	0.2	45.7499157105	0.0
2 1 6			0.07		-3.25		2.87		0.63867	0.16	55.9883197776	2.0239
3 2 4			0.04		-3.21		2.76		0.64142	0.0	76.369138646	3.3351
3 1 0			0.06		-3.15		2.6		0.64142	0.86	50.7823995615	0.002
2 0 -4			0.16		-2.99		2.24		0.68788	0.31	38.5541558059	1.7476
1 0 8			0.06		-2.93		2.12		0.68788	0.24	54.8685935926	0.0
0 1 4			0.04		-2.89		2.04		0.68908	0.09	36.6772811508	0.4076
3 0 6			0.05		-2.84		1.94		0.68908	0.11	59.366558438	0.0
2 0 0			0.01		-2.83		1.92		0.68908	0.07	28.2731138415	46.4355
4 0 5			0.05		-2.79		1.84		0.68908	0.26	68.3700248267	0.0
4 0 3			0.04		-2.74		1.76		0.68908	0.29	62.1413926063	0.0
3 0 0			0.04		-2.7		1.69		0.68908	0.45	42.9814560157	0.0
1 0 4			0.04		-2.66		1.62		0.68908	0.08	29.3672081998	0.0
1 0 0			0.04		-2.62		1.56		0.68908	0.0	14.0285801003	0.0
2 2 5			-0.01		-2.63		1.58		0.68456	0.26	70.7747179536	2.8196
3 2 2			-0.02		-2.65		1.61		0.68343	0.0	71.9603042663	6.6617
2 1 0			0.03		-2.62		1.57		0.68343	0.16	38.6117414796	0.0084
4 0 2			-0.01		-2.63		1.58		0.68245	0.26	60.1237214722	5.5981
1 1 4			0.03		-2.6		1.53		0.68245	0.3	39.4492672371	0.9567
3 0 4			0.03		-2.57		1.48		0.68245	0.64	50.7360354343	0.0
3 0 7			-0.12		-2.69		1.69		0.70623	0.18	64.5726747292	2.8781
4 1 4			0.02		-2.67		1.65		0.70595	0.37	71.0458443611	0.4076
4 1 1			0.03		-2.64		1.6		0.70595	0.21	65.3342299592	0.4263
0 1 8			0.03		-2.61		1.56		0.70586	2.05	59.6041295708	7.5134
3 0 2			0.03		-2.58		1.52		0.70586	0.46	45.0164041053	0.0
1 -1 2			0.02		-2.56		1.49		0.7063	0.39	32.1995090242	11.6912
0 0 3			0.03		-2.54		1.46		0.7063	0.03	19.1797885945	0.0
3 1 3			0.02		-2.52		1.42		0.70684	0.4	54.7770496801	12.6586
3 0 8			0.02		-2.49		1.39		0.70684	0.3	70.3147352648	0.0
0 2 7			0.05		-2.44		1.32		0.74557	0.0	72.5085769296	0.0094
2 0 1			0.02		-2.42		1.29		0.74557	0.15	29.01034049	0.0
4 0 4			0.02		-2.4		1.26		0.74557	0.13	64.9051128666	1.7476
4 0 6			0.01		-2.39		1.26		0.74674	0.38	72.4962488704	6.3028
1 1 6			0.02		-2.37		1.23		0.74663	0.38	49.5460147793	8.8974
2 0 3			0.02		-2.35		1.21		0.74663	0.09	34.3920319457	0.0
4 0 1			0.02		-2.33		1.18		0.74663	0.27	58.8934376912	0.0
1 2 7			0.02		-2.31		1.16		0.74663	0.71	74.291810142	3.5836
-2 0 4			0.02		-2.29		1.14		0.74661	0.22	38.5541558059	1.7476
3 0 3			-0.02		-2.31		1.17		0.74809	0.33	47.4629609511	3.2424
2 1 2			-0.24		-2.55		1.53		0.74872	0.36	40.8238903893	0.1747
0 0 4			0.02		-2.53		1.5		0.74864	0.08	25.6679215219	1.7476
2 1 1			0.02		-2.51		1.47		0.74864	0.13	39.1745550983	0.4263
1 2 6			-0.01		-2.53		1.49		0.75017	0.11	69.4566609057	1.2895
0 0 -8			0.02		-2.51		1.47		0.75013	0.38	52.7511004195	15.5355
2 2 3			0.02		-2.49		1.45		0.75021	0.31	64.6616050849	6.6891
0 1 5			-0.0		-2.49		1.45		0.74992	0.34	41.7114803244	7.6693
4 1 0			0.01		-2.48		1.43		0.74992	0.2	64.9447604845	0.0084
0 0 6			0.01		-2.47		1.41		0.75044	0.27	38.9249808314	6.3028
2 2 4			0.01		-2.46		1.4		0.75057	0.5	67.3692384702	10.6939
-1 -1 -2			0.02		-2.45		1.38		0.75057	0.31	32.1995090242	11.6912
-1 -1 2			0.02		-2.43		1.36		0.75056	0.13	32.1995090242	11.6912
0 0 8			0.02		-2.42		1.34		0.75049	0.5	52.7511004195	15.5355
4 1 3			0.02		-2.4		1.32		0.75049	0.15	68.408649436	0.0043
3 1 2			0.02		-2.39		1.3		0.75049	0.11	52.5840292854	11.6912
1 0 1			-0.27		-2.65		1.77		0.74885	0.06	15.4189733366	0.0644
2 1 7			0.01		-2.64		1.74		0.74885	0.57	61.3678684761	8.4036
1 1 5			0.01		-2.63		1.73		0.74844	3.06	44.2189644299	8.5457
2 0 6			0.01		-2.62		1.71		0.74897	0.73	48.8015573959	6.3028
4 0 0			0.0		-2.62		1.71		0.74897	0.08	58.4798162983	46.4355
3 1 5			0.01		-2.61		1.7		0.74859	0.09	61.4399691436	8.5457
3 2 0			0.01		-2.6		1.68		0.74859	0.67	70.467230504	2.2538
3 2 1			-0.0		-2.6		1.68		0.74851	0.17	70.8417473216	1.0468
1 1 3			0.01		-2.59		1.67		0.74835	0.54	35.3770121777	12.6586
4 1 5			0.0		-2.59		1.66		0.74806	1.53	74.3771604481	7.6693
2 0 2			-0.0		-2.59		1.67		0.74815	0.1	31.1263267788	5.5981
3 0 5			0.01		-2.59		1.66		0.74736	0.2	54.7330754518	7.0489
3 0 1			-0.19		-2.78		2.04		0.74533	0.76	43.4972935008	0.0644
3 2 3			0.01		-2.77		2.03		0.74543	1.08	73.8091166097	1.7896
0 1 7			0.01		-2.76		2.01		0.74541	0.26	53.2385720724	8.4036
3 1 1			0.01		-2.75		1.99		0.7454	0.22	51.2370468789	1.4731
0 0 2			-0.0		-2.75		1.99		0.7455	0.15	12.7532192506	5.5981