HKL Value		Reward		TotalReward	Chi Squared	Z Appr. 	Error	Two-Thetas	Sfs2
1 0 7			0.0		0.0		0.0		0.5	0.54	48.0896902272	2.8781
0 0 3			0.0		0.0		0.01		0.44563	0.03	19.1797885945	0.0
2 0 5			1.0		1.0		0.01		0.44563	5.26	43.4052500519	0.0
3 2 2			-0.91		0.09		0.06		0.44193	0.0	71.9603042663	6.6617
1 0 8			0.33		0.42		0.05		0.44193	0.24	54.8685935926	0.0
4 0 5			0.25		0.67		0.04		0.44193	0.26	68.3700248267	0.0
0 1 6			-0.66		0.01		0.12		0.45574	0.0	47.2608104201	2.0239
3 1 0			0.16		0.17		0.1		0.45574	0.86	50.7823995615	0.002
1 0 6			0.14		0.31		0.09		0.45574	0.25	41.5701214249	0.0
3 0 6			0.13		0.44		0.08		0.45574	0.11	59.366558438	0.0
2 0 1			0.11		0.55		0.07		0.45574	0.15	29.01034049	0.0
2 1 4			-0.26		0.29		0.09		0.45524	2.11	46.9440445598	0.4076
0 0 7			0.09		0.38		0.09		0.45524	0.2	45.7499157105	0.0
1 0 0			0.08		0.47		0.08		0.45524	0.0	14.0285801003	0.0
3 0 2			0.08		0.54		0.07		0.45524	0.46	45.0164041053	0.0
3 0 4			0.07		0.62		0.07		0.45524	0.64	50.7360354343	0.0
3 0 8			0.07		0.68		0.06		0.45524	0.3	70.3147352648	0.0
1 1 2			0.06		0.74		0.06		0.45516	0.52	32.1995090242	11.6912
2 1 2			0.01		0.75		0.06		0.45536	0.36	40.8238903893	0.1747
3 0 0			0.06		0.81		0.06		0.45536	0.45	42.9814560157	0.0
2 0 7			0.05		0.86		0.05		0.45536	4.16	54.6555056564	0.0
2 0 3			0.05		0.91		0.05		0.45536	0.09	34.3920319457	0.0
2 0 2			-0.5		0.41		0.1		0.45494	0.1	31.1263267788	5.5981
4 0 1			0.05		0.46		0.1		0.45494	0.27	58.8934376912	0.0
1 0 4			0.04		0.5		0.09		0.45494	0.08	29.3672081998	0.0
4 0 3			0.04		0.54		0.09		0.45494	0.29	62.1413926063	0.0
4 1 3			0.04		0.58		0.09		0.45494	0.15	68.408649436	0.0043
-1 -1 -2			0.04		0.62		0.08		0.45486	0.31	32.1995090242	11.6912
3 1 4			0.03		0.65		0.08		0.45481	0.33	57.7518627408	0.9567
1 1 4			0.03		0.68		0.08		0.45475	0.3	39.4492672371	0.9567
3 1 2			0.03		0.71		0.08		0.4547	0.11	52.5840292854	11.6912
1 -1 2			0.03		0.74		0.07		0.45464	0.39	32.1995090242	11.6912
0 2 7			0.03		0.78		0.07		0.45464	0.0	72.5085769296	0.0094
1 0 1			-0.03		0.75		0.07		0.45452	0.06	15.4189733366	0.0644
-1 -1 2			0.03		0.78		0.07		0.45447	0.13	32.1995090242	11.6912
2 2 3			-0.0		0.77		0.07		0.45379	0.31	64.6616050849	6.6891
1 2 6			-0.02		0.76		0.07		0.45271	0.11	69.4566609057	1.2895
0 1 7			-0.0		0.75		0.07		0.45215	0.26	53.2385720724	8.4036