HKL Value		Reward		TotalReward	Chi Squared	Z Appr. 	Error	Two-Thetas	Sfs2
4 1 5			0.0		0.0		0.0		0.5	1.53	74.3771604481	7.6693
1 0 7			0.0		0.0		0.03		0.44259	0.54	48.0896902272	2.8781
0 0 3			1.0		1.0		0.01		0.44259	0.03	19.1797885945	0.0
2 0 5			0.5		1.5		0.01		0.44259	5.26	43.4052500519	0.0
1 0 8			0.33		1.83		0.01		0.44259	0.24	54.8685935926	0.0
4 0 5			0.25		2.08		0.01		0.44259	0.26	68.3700248267	0.0
3 1 0			0.14		2.23		0.0		0.44259	0.86	50.7823995615	0.002
1 0 6			0.17		2.39		0.0		0.44259	0.25	41.5701214249	0.0
4 1 4			-0.91		1.48		0.05		0.44673	0.37	71.0458443611	0.4076
4 0 4			-0.29		1.19		0.07		0.44229	0.13	64.9051128666	1.7476
3 0 6			0.11		1.3		0.06		0.44228	0.11	59.366558438	0.0
2 0 1			0.1		1.4		0.05		0.44228	0.15	29.01034049	0.0
0 0 7			0.09		1.49		0.05		0.44228	0.2	45.7499157105	0.0
3 0 5			-0.17		1.31		0.06		0.45026	0.2	54.7330754518	7.0489
1 0 0			0.08		1.39		0.06		0.45026	0.0	14.0285801003	0.0
3 0 2			0.07		1.46		0.05		0.45026	0.46	45.0164041053	0.0
3 0 4			0.07		1.53		0.05		0.45026	0.64	50.7360354343	0.0
1 1 5			-0.53		1.0		0.1		0.44416	3.06	44.2189644299	8.5457
2 0 3			0.06		1.06		0.1		0.44416	0.09	34.3920319457	0.0
3 0 8			0.06		1.11		0.09		0.44416	0.3	70.3147352648	0.0
3 0 0			0.05		1.17		0.09		0.44416	0.45	42.9814560157	0.0
2 0 7			0.05		1.22		0.08		0.44416	4.16	54.6555056564	0.0
3 1 2			0.04		1.26		0.08		0.44439	0.11	52.5840292854	11.6912
4 1 0			-0.08		1.18		0.09		0.44439	0.2	64.9447604845	0.0084
2 0 -4			-0.05		1.12		0.09		0.44301	0.31	38.5541558059	1.7476
0 0 4			-0.04		1.09		0.1		0.44174	0.08	25.6679215219	1.7476