HKL Value		Reward		TotalReward	Chi Squared	Z Appr. 	Error	Two-Thetas	Sfs2
1 0 7			0.0		0.0		0.0		0.5	0.54	48.0896902272	2.8781
0 0 3			0.0		0.0		0.01		0.44563	0.03	19.1797885945	0.0
2 0 5			1.0		1.0		0.01		0.44563	5.26	43.4052500519	0.0
1 0 8			0.5		1.5		0.0		0.44563	0.24	54.8685935926	0.0
4 0 5			0.33		1.83		0.0		0.44563	0.26	68.3700248267	0.0
4 0 6			-0.94		0.89		0.05		0.43577	0.38	72.4962488704	6.3028
1 -1 2			-0.0		0.88		0.05		0.43618	0.39	32.1995090242	11.6912
3 1 0			0.16		1.05		0.04		0.43618	0.86	50.7823995615	0.002
1 0 6			0.14		1.19		0.04		0.43618	0.25	41.5701214249	0.0
3 0 6			0.12		1.31		0.03		0.43618	0.11	59.366558438	0.0
2 0 1			0.11		1.42		0.03		0.43618	0.15	29.01034049	0.0
0 0 7			0.1		1.52		0.03		0.43618	0.2	45.7499157105	0.0
1 0 0			0.09		1.62		0.03		0.43618	0.0	14.0285801003	0.0
3 0 2			0.08		1.7		0.02		0.43618	0.46	45.0164041053	0.0
3 0 4			0.08		1.78		0.02		0.43618	0.64	50.7360354343	0.0
3 0 8			0.07		1.85		0.02		0.43618	0.3	70.3147352648	0.0
3 0 1			-0.24		1.61		0.03		0.43618	0.76	43.4972935008	0.0644
3 0 0			0.06		1.67		0.02		0.43618	0.45	42.9814560157	0.0
1 2 7			-0.29		1.38		0.04		0.43701	0.71	74.291810142	3.5836
2 0 7			0.06		1.43		0.03		0.43701	4.16	54.6555056564	0.0
4 0 1			0.05		1.49		0.03		0.43701	0.27	58.8934376912	0.0
2 0 3			0.05		1.54		0.03		0.43701	0.09	34.3920319457	0.0
1 0 4			0.05		1.58		0.03		0.43701	0.08	29.3672081998	0.0
4 0 3			0.05		1.63		0.03		0.43701	0.29	62.1413926063	0.0
4 1 3			0.04		1.67		0.03		0.43701	0.15	68.408649436	0.0043
-1 -1 2			-0.03		1.64		0.03		0.43747	0.13	32.1995090242	11.6912
3 1 2			-0.02		1.62		0.03		0.43791	0.11	52.5840292854	11.6912
1 1 4			0.03		1.66		0.03		0.43788	0.3	39.4492672371	0.9567
3 1 4			0.03		1.68		0.03		0.43784	0.33	57.7518627408	0.9567
1 1 2			-0.02		1.67		0.03		0.4383	0.52	32.1995090242	11.6912
-1 -1 -2			-0.01		1.65		0.03		0.43873	0.31	32.1995090242	11.6912
2 1 1			0.01		1.66		0.03		0.43873	0.13	39.1745550983	0.4263
2 2 3			0.03		1.69		0.03		0.43889	0.31	64.6616050849	6.6891
0 1 6			-0.59		1.11		0.06		0.45	0.0	47.2608104201	2.0239
0 1 7			0.01		1.11		0.06		0.44934	0.26	53.2385720724	8.4036
4 1 1			0.02		1.13		0.06		0.44935	0.21	65.3342299592	0.4263
1 2 6			0.01		1.15		0.06		0.44857	0.11	69.4566609057	1.2895
2 1 7			0.01		1.16		0.06		0.44811	0.57	61.3678684761	8.4036
3 0 7			0.02		1.18		0.06		0.44797	0.18	64.5726747292	2.8781
0 0 8			-0.19		0.99		0.07		0.44387	0.5	52.7511004195	15.5355
1 1 6			0.01		1.0		0.07		0.44412	0.38	49.5460147793	8.8974
0 1 5			0.02		1.02		0.07		0.44399	0.34	41.7114803244	7.6693
4 1 5			0.02		1.04		0.07		0.44388	1.53	74.3771604481	7.6693
1 0 1			-0.02		1.02		0.07		0.44388	0.06	15.4189733366	0.0644
-2 0 4			-0.04		0.98		0.07		0.44348	0.22	38.5541558059	1.7476
2 2 5			-0.05		0.93		0.08		0.44418	0.26	70.7747179536	2.8196