HKL Value		Reward		TotalReward	Chi Squared	Z Appr. 	Error	Two-Thetas	Sfs2
1 0 7			0.0		0.0		0.0		0.5	0.54	48.0896902272	2.8781
0 0 3			0.0		0.0		0.01		0.44563	0.03	19.1797885945	0.0
3 1 7			-0.84		-0.84		0.07		0.43757	0.32	70.7276559911	1.1017
2 0 5			0.5		-0.34		0.05		0.43757	5.26	43.4052500519	0.0
1 1 7			0.02		-0.32		0.05		0.43621	0.15	55.34320722	1.1017
1 0 8			0.25		-0.07		0.04		0.43621	0.24	54.8685935926	0.0
4 0 5			0.2		0.13		0.03		0.43621	0.26	68.3700248267	0.0
3 1 0			0.16		0.29		0.03		0.43621	0.86	50.7823995615	0.002
2 1 6			-0.9		-0.61		0.26		0.44557	0.16	55.9883197776	2.0239
1 0 6			0.12		-0.49		0.23		0.44557	0.25	41.5701214249	0.0
3 0 6			0.11		-0.38		0.21		0.44557	0.11	59.366558438	0.0
2 0 1			0.1		-0.28		0.19		0.44557	0.15	29.01034049	0.0
0 0 7			0.09		-0.19		0.17		0.44557	0.2	45.7499157105	0.0
0 0 8			-0.08		-0.26		0.19		0.44228	0.5	52.7511004195	15.5355
1 0 0			0.08		-0.18		0.17		0.44228	0.0	14.0285801003	0.0
3 0 2			0.07		-0.11		0.16		0.44228	0.46	45.0164041053	0.0
3 0 4			0.07		-0.05		0.15		0.44228	0.64	50.7360354343	0.0
3 0 8			0.06		0.02		0.14		0.44228	0.3	70.3147352648	0.0
3 0 0			0.06		0.08		0.13		0.44228	0.45	42.9814560157	0.0
2 1 8			-0.18		-0.11		0.16		0.44471	0.22	67.2524657177	7.5134
2 0 7			0.05		-0.06		0.16		0.44471	4.16	54.6555056564	0.0
2 0 3			0.05		-0.01		0.15		0.44471	0.09	34.3920319457	0.0
4 0 1			0.05		0.04		0.14		0.44471	0.27	58.8934376912	0.0
1 0 4			0.05		0.09		0.14		0.44471	0.08	29.3672081998	0.0
4 0 3			0.04		0.13		0.13		0.44471	0.29	62.1413926063	0.0
4 1 3			0.04		0.17		0.13		0.44471	0.15	68.408649436	0.0043
1 1 4			0.04		0.21		0.12		0.44471	0.3	39.4492672371	0.9567
-1 -1 2			0.03		0.24		0.12		0.44476	0.13	32.1995090242	11.6912
3 1 4			0.03		0.28		0.11		0.44476	0.33	57.7518627408	0.9567
3 0 3			-0.02		0.26		0.11		0.44538	0.33	47.4629609511	3.2424
1 1 2			0.03		0.29		0.11		0.44544	0.52	32.1995090242	11.6912
-1 -1 -2			0.03		0.32		0.11		0.44549	0.31	32.1995090242	11.6912
3 1 2			0.03		0.35		0.1		0.44555	0.11	52.5840292854	11.6912
2 2 6			-0.07		0.29		0.11		0.44543	0.0	74.8444416707	3.2648
1 -1 2			0.03		0.31		0.11		0.44548	0.39	32.1995090242	11.6912
3 2 3			-0.11		0.21		0.12		0.44553	1.08	73.8091166097	1.7896
2 2 3			0.03		0.23		0.12		0.44545	0.31	64.6616050849	6.6891
4 1 1			0.02		0.26		0.12		0.44545	0.21	65.3342299592	0.4263
1 2 6			0.03		0.28		0.11		0.44538	0.11	69.4566609057	1.2895
0 1 7			0.02		0.31		0.11		0.44527	0.26	53.2385720724	8.4036
2 1 7			0.02		0.33		0.11		0.44516	0.57	61.3678684761	8.4036
2 1 1			0.02		0.35		0.11		0.44516	0.13	39.1745550983	0.4263
4 1 5			0.02		0.37		0.1		0.44506	1.53	74.3771604481	7.6693
0 1 5			0.02		0.39		0.1		0.44496	0.34	41.7114803244	7.6693
3 0 7			0.02		0.41		0.1		0.44496	0.18	64.5726747292	2.8781
1 1 6			0.02		0.43		0.1		0.44512	0.38	49.5460147793	8.8974
4 1 4			-0.05		0.38		0.1		0.44531	0.37	71.0458443611	0.4076
1 0 1			-0.0		0.37		0.1		0.44529	0.06	15.4189733366	0.0644
-2 0 4			-0.03		0.35		0.11		0.445	0.22	38.5541558059	1.7476