HKL Value		Reward		TotalReward	Chi Squared	Z Appr. 	Error	Two-Thetas	Sfs2
0 0 4			0.0		0.0		0.0		0.5	0.08	25.6679215219	1.7476
1 0 7			0.0		0.0		0.17		0.43867	0.54	48.0896902272	2.8781
0 0 3			1.0		1.0		0.09		0.43867	0.03	19.1797885945	0.0
2 0 5			0.5		1.5		0.06		0.43867	5.26	43.4052500519	0.0
1 0 8			0.33		1.83		0.04		0.43867	0.24	54.8685935926	0.0
2 0 4			-0.2		1.63		0.05		0.43653	0.23	38.5541558059	1.7476
4 0 5			0.2		1.83		0.05		0.43652	0.26	68.3700248267	0.0
3 1 0			0.16		2.0		0.04		0.43652	0.86	50.7823995615	0.002
2 2 3			0.11		2.1		0.04		0.43688	0.31	64.6616050849	6.6891
1 0 6			0.13		2.23		0.03		0.43688	0.25	41.5701214249	0.0
0 0 6			-0.19		2.04		0.04		0.43443	0.27	38.9249808314	6.3028
3 0 6			0.1		2.14		0.04		0.43443	0.11	59.366558438	0.0
2 0 1			0.09		2.23		0.03		0.43443	0.15	29.01034049	0.0
0 0 7			0.08		2.31		0.03		0.43443	0.2	45.7499157105	0.0
1 0 0			0.08		2.39		0.03		0.43443	0.0	14.0285801003	0.0
3 0 2			0.07		2.46		0.03		0.43443	0.46	45.0164041053	0.0
3 0 4			0.07		2.53		0.02		0.43443	0.64	50.7360354343	0.0
3 0 8			0.06		2.59		0.02		0.43443	0.3	70.3147352648	0.0
3 0 0			0.06		2.65		0.02		0.43443	0.45	42.9814560157	0.0
2 0 7			0.06		2.7		0.02		0.43443	4.16	54.6555056564	0.0
4 0 1			0.05		2.76		0.02		0.43443	0.27	58.8934376912	0.0
2 0 3			0.05		2.81		0.02		0.43443	0.09	34.3920319457	0.0
1 0 4			0.05		2.85		0.02		0.43443	0.08	29.3672081998	0.0
4 0 3			0.05		2.9		0.02		0.43443	0.29	62.1413926063	0.0
4 1 3			0.04		2.94		0.02		0.43445	0.15	68.408649436	0.0043
3 1 4			0.03		2.97		0.02		0.43444	0.33	57.7518627408	0.9567
-1 -1 2			-0.1		2.87		0.02		0.43475	0.13	32.1995090242	11.6912
1 -1 2			-0.08		2.79		0.02		0.43507	0.39	32.1995090242	11.6912
-1 -1 -2			-0.07		2.72		0.02		0.43539	0.31	32.1995090242	11.6912