HKL Value		Reward		TotalReward	Chi Squared	Z Appr. 	Error	Two-Thetas	Sfs2
2 1 4			0.0		0.0		0.0		0.5	2.11	46.9440445598	0.4076
1 2 7			0.0		0.0		0.35		0.45447	0.71	74.291810142	3.5836
1 0 7			0.75		0.75		0.2		0.45071	0.54	48.0896902272	2.8781
0 0 3			0.5		1.25		0.13		0.45071	0.03	19.1797885945	0.0
2 0 5			0.33		1.59		0.1		0.45071	5.26	43.4052500519	0.0
1 0 8			0.25		1.84		0.08		0.45071	0.24	54.8685935926	0.0
3 1 0			0.2		2.03		0.07		0.45071	0.86	50.7823995615	0.002
4 0 5			0.17		2.2		0.06		0.45071	0.26	68.3700248267	0.0
1 0 6			0.14		2.34		0.05		0.45071	0.25	41.5701214249	0.0
3 2 3			-0.53		1.81		0.11		0.45076	1.08	73.8091166097	1.7896
3 0 6			0.11		1.93		0.1		0.45076	0.11	59.366558438	0.0
2 0 1			0.1		2.03		0.09		0.45076	0.15	29.01034049	0.0
4 1 5			0.03		2.05		0.08		0.44932	1.53	74.3771604481	7.6693
2 1 1			0.06		2.12		0.08		0.44932	0.13	39.1745550983	0.4263
0 0 2			-0.48		1.63		0.15		0.44721	0.15	12.7532192506	5.5981
4 0 0			-0.37		1.27		0.24		0.44721	0.08	58.4798162983	46.4355
3 1 7			-0.0		1.27		0.24		0.43995	0.32	70.7276559911	1.1017