HKL Value		Reward		TotalReward	Chi Squared	Z Appr. 	Error	Two-Thetas	Sfs2
1 0 7			0.0		0.0		0.0		0.5	0.54	48.0896902272	2.8781
0 0 3			0.0		0.0		0.01		0.44563	0.03	19.1797885945	0.0
2 0 5			1.0		1.0		0.01		0.44563	5.26	43.4052500519	0.0
1 0 8			0.5		1.5		0.0		0.44563	0.24	54.8685935926	0.0
3 1 0			0.19		1.69		0.0		0.44563	0.86	50.7823995615	0.002
4 0 5			0.25		1.94		0.0		0.44563	0.26	68.3700248267	0.0
3 0 2			0.2		2.14		0.0		0.44563	0.46	45.0164041053	0.0
3 0 6			0.17		2.31		0.0		0.44563	0.11	59.366558438	0.0
0 1 5			-0.49		1.81		0.0		0.44258	0.34	41.7114803244	7.6693
2 0 4			-0.82		1.0		0.02		0.43861	0.23	38.5541558059	1.7476
3 2 3			-0.74		0.25		0.08		0.43924	1.08	73.8091166097	1.7896
1 0 6			0.1		0.35		0.07		0.43924	0.25	41.5701214249	0.0
2 0 1			0.09		0.44		0.06		0.43924	0.15	29.01034049	0.0
0 0 7			0.08		0.53		0.06		0.43924	0.2	45.7499157105	0.0
4 0 3			0.08		0.6		0.05		0.43924	0.29	62.1413926063	0.0
4 1 0			-0.19		0.41		0.07		0.43924	0.2	64.9447604845	0.0084
2 1 2			-0.07		0.34		0.07		0.44095	0.36	40.8238903893	0.1747
1 0 0			0.06		0.41		0.07		0.44095	0.0	14.0285801003	0.0
3 1 4			0.05		0.46		0.06		0.44085	0.33	57.7518627408	0.9567
3 0 4			0.06		0.51		0.06		0.44085	0.64	50.7360354343	0.0
3 0 8			0.05		0.57		0.06		0.44085	0.3	70.3147352648	0.0
4 0 2			-0.44		0.13		0.1		0.43879	0.26	60.1237214722	5.5981
3 0 0			0.05		0.17		0.1		0.43879	0.45	42.9814560157	0.0
4 0 1			0.05		0.22		0.09		0.43879	0.27	58.8934376912	0.0
2 0 7			0.04		0.26		0.09		0.43879	4.16	54.6555056564	0.0
3 0 3			-0.07		0.19		0.1		0.44573	0.33	47.4629609511	3.2424
2 0 3			0.04		0.23		0.09		0.44573	0.09	34.3920319457	0.0
1 0 5			-0.0		0.23		0.09		0.45104	0.22	35.3149362404	7.049
3 0 7			0.02		0.25		0.09		0.45036	0.18	64.5726747292	2.8781
1 0 4			0.04		0.29		0.09		0.45036	0.08	29.3672081998	0.0
-1 -1 -2			0.03		0.32		0.09		0.45041	0.31	32.1995090242	11.6912
3 1 2			0.03		0.35		0.08		0.45045	0.11	52.5840292854	11.6912
4 1 3			0.03		0.39		0.08		0.45045	0.15	68.408649436	0.0043
3 2 0			-0.03		0.36		0.08		0.45045	0.67	70.467230504	2.2538
1 1 2			0.03		0.39		0.08		0.45049	0.52	32.1995090242	11.6912
-1 -1 2			0.03		0.42		0.08		0.45054	0.13	32.1995090242	11.6912
1 -1 2			0.03		0.44		0.08		0.45057	0.39	32.1995090242	11.6912
2 2 3			0.01		0.46		0.08		0.45007	0.31	64.6616050849	6.6891
1 1 6			0.03		0.48		0.07		0.45007	0.38	49.5460147793	8.8974
2 1 7			0.01		0.49		0.07		0.44952	0.57	61.3678684761	8.4036
4 1 1			0.02		0.51		0.07		0.44952	0.21	65.3342299592	0.4263
1 1 4			0.02		0.53		0.07		0.44948	0.3	39.4492672371	0.9567
1 2 6			0.01		0.54		0.07		0.44877	0.11	69.4566609057	1.2895
2 1 1			0.02		0.56		0.07		0.44877	0.13	39.1745550983	0.4263
4 1 5			0.01		0.57		0.07		0.44842	1.53	74.3771604481	7.6693
1 2 7			-0.0		0.57		0.07		0.44886	0.71	74.291810142	3.5836
2 2 5			-0.0		0.56		0.07		0.44977	0.26	70.7747179536	2.8196
3 0 5			0.0		0.56		0.07		0.45075	0.2	54.7330754518	7.0489
-2 0 4			-0.07		0.49		0.07		0.45032	0.22	38.5541558059	1.7476
3 2 2			-0.04		0.45		0.08		0.45016	0.0	71.9603042663	6.6617
1 0 1			-0.01		0.44		0.08		0.45011	0.06	15.4189733366	0.0644