HKL Value		Reward		TotalReward	Chi Squared	Z Appr. 	Error	Two-Thetas	Sfs2
6 0 4			0.0		0.0		0.0		0.3	0.7069	57.1830782131	42.6751
1 3 9			0.0		0.0		8.03		0.24585	0.2622	45.3040218183	7.1674
4 4 0			-159.07		-159.07		167.11		0.24585	4.9852	51.3853572345	648.027
0 4 16			27.61		-131.46		111.88		0.24285	1.5557	75.7704700384	94.8658
5 5 1			13.8		-117.66		84.29		0.24303	0.5073	65.769247456	23.9531
6 0 2			8.41		-109.25		67.46		0.24303	0.2214	55.354768557	5.4487
2 2 6			-74.63		-183.88		142.09		0.24185	8.3224	34.2684003079	615.2447
4 6 0			10.15		-173.74		121.8		0.24185	0.7863	67.1083315067	59.4729
1 5 1			7.6		-166.14		106.6		0.2418	0.4978	46.196563203	27.3004
9 1 1			5.8		-160.34		95.01		0.242	0.8793	87.9915459652	19.6393
5 1 13			4.55		-155.79		85.91		0.25883	0.4567	71.2764535317	11.3258
4 6 2			3.88		-151.91		78.15		0.25885	0.2349	67.657370766	5.5969
0 2 8			3.23		-148.68		71.7		0.25953	0.1155	35.7619852008	1.7384
0 6 16			2.71		-145.98		66.28		0.26147	0.4825	89.3859051251	7.6515
6 4 2			2.33		-143.65		61.62		0.26149	0.2211	67.6401768609	4.8049
6 0 8			1.95		-141.7		57.72		0.26212	2.9234	64.163237895	5.3359
6 4 0			1.8		-139.89		54.11		0.26212	1.8287	67.0910631577	58.6803
5 3 1			1.54		-138.36		51.04		0.26205	0.5252	53.2386121167	32.835
0 4 10			0.89		-137.47		49.26		0.26326	0.9893	53.7871001638	44.1425
3 5 9			0.96		-136.51		47.34		0.26346	0.4755	65.0802252419	19.5165
2 2 16			0.99		-135.52		45.37		0.26097	1.1693	70.1293332912	108.6018
3 7 1			1.08		-134.44		43.21		0.26098	1.2822	71.5694631273	22.2453
2 6 6			-10.73		-145.17		53.95		0.26151	5.383	63.2392339525	346.2148
0 0 18			1.13		-144.05		51.69		0.26045	0.6609	73.530655613	37.988
2 0 16			1.07		-142.98		49.55		0.26059	0.5935	67.2372591268	11.8907
6 4 6			0.41		-142.56		48.72		0.26065	0.9247	71.9614498967	41.9809
0 6 2			0.93		-141.63		46.86		0.26065	0.2356	55.3895592761	6.1752
0 6 8			0.81		-140.83		45.25		0.26085	0.7694	64.1950429677	5.6946
0 2 16			0.81		-140.02		43.63		0.2608	1.8687	67.2407114996	13.8307
7 3 1			0.75		-139.27		42.13		0.2608	0.5095	71.5359286583	22.1332
6 0 0			0.62		-138.64		40.88		0.2608	0.7256	54.7363985401	55.434
2 4 10			0.55		-138.09		39.78		0.26074	0.607	57.0555982332	12.0937
0 6 14			0.37		-137.72		39.04		0.26048	0.9096	81.7552219026	27.2955
2 0 10			0.4		-137.32		38.23		0.2604	0.6169	42.9543880851	20.236
5 3 9			0.36		-136.96		37.52		0.26039	0.4833	65.0662013285	20.8409
2 4 14			0.42		-136.54		36.68		0.2601	0.5221	70.6383718296	19.4111
1 3 15			0.23		-136.31		36.21		0.25867	0.2862	67.3623786269	8.1809
0 2 10			0.32		-135.99		35.57		0.25857	0.4317	42.9590557724	21.0204
3 5 1			0.45		-135.54		34.67		0.25854	0.5283	53.2544885252	31.9012
2 4 6			-0.39		-135.93		35.06		0.25857	0.785	46.7364348384	64.2552
0 0 14			-0.63		-136.55		35.69		0.25857	0.8389	55.4890953336	74.9432
7 1 1			0.43		-136.12		34.83		0.25856	0.5207	65.7483230412	25.2044
3 3 9			0.33		-135.8		34.17		0.25853	0.3816	52.4524123761	12.0632
6 0 10			0.35		-135.44		33.47		0.25845	1.0728	69.1331306246	8.9056
4 2 10			0.32		-135.13		32.83		0.25837	1.1102	57.0442200735	11.3144
1 1 15			0.36		-134.76		32.11		0.25848	0.656	61.3839959686	20.6242
0 4 6			-8.17		-142.93		40.27		0.25868	3.7688	42.9189471786	481.9509
1 7 1			0.42		-142.51		39.43		0.25866	0.5219	65.7901743415	26.2984
5 5 5			-0.22		-142.73		39.65		0.25824	1.5862	69.0631626084	104.8873
4 2 2			0.39		-142.34		38.87		0.25824	0.457	40.8620305525	12.2524
0 2 14			0.37		-141.97		38.13		0.25851	0.2479	58.6982494177	6.3292
4 4 10			0.12		-141.85		37.89		0.25874	0.6886	66.23802526	47.6672
3 3 1			0.35		-141.5		37.19		0.25872	0.5106	38.1558496662	33.1617
2 0 14			0.35		-141.15		36.5		0.25886	0.2634	58.6945218607	7.3942
2 4 2			0.32		-140.83		35.86		0.25885	0.3828	40.8766170199	13.2501
0 0 10			0.12		-140.71		35.61		0.25906	0.8316	38.8438017949	41.7013
5 1 1			0.31		-140.4		35.0		0.25904	0.5346	46.1701152	26.7419
0 6 0			0.25		-140.15		34.5		0.25904	1.4277	54.7714555341	59.4019
3 1 9			0.26		-139.9		33.99		0.25904	0.36	45.2950695798	8.7768
3 5 7			-0.62		-140.52		34.61		0.25651	0.2309	60.5203777188	5.6046
6 2 10			0.09		-140.43		34.44		0.25671	0.7103	71.9901825081	43.9921
1 5 9			0.21		-140.23		34.03		0.2565	0.4394	58.984264935	17.7365
3 1 15			0.23		-140.0		33.57		0.25514	0.2871	67.3554895111	7.7692
2 4 0			0.16		-139.84		33.26		0.25514	1.4359	40.0960076051	88.2765
3 1 1			0.23		-139.61		32.79		0.25508	0.5239	28.3131072915	41.7464
1 1 9			0.25		-139.36		32.29		0.25509	0.2216	37.1193146943	1.1702
6 2 4			0.2		-139.16		31.88		0.25515	0.8727	60.3342977717	77.9073
5 1 9			0.17		-138.99		31.54		0.25468	0.4583	58.9619928854	19.0838
3 3 15			1.04		-137.95		29.47		0.24105	0.3402	73.0835579415	3.8877
2 0 12			-0.11		-138.06		29.58		0.24006	0.8079	50.6101057273	16.6151
6 0 6			-0.0		-138.06		29.58		0.24006	1.0815	60.1501886982	39.9969
0 0 12			-0.08		-138.14		29.66		0.24056	3.2426	47.0346015839	274.3783