HKL Value		Reward		TotalReward	Chi Squared	Z Appr. 	Error	Two-Thetas	Sfs2
1 3 9			0.0		0.0		0.0		0.3	0.2622	45.3040218183	7.1674
0 4 16			0.0		0.0		1.81		0.30484	1.5557	75.7704700384	94.8658
5 5 1			0.15		0.15		1.51		0.30469	0.5073	65.769247456	23.9531
6 0 2			0.01		0.16		1.48		0.30457	0.2214	55.354768557	5.4487
4 6 0			0.18		0.34		1.12		0.30457	0.7863	67.1083315067	59.4729
9 1 1			0.03		0.38		1.05		0.30446	0.8793	87.9915459652	19.6393
4 6 2			0.07		0.45		0.9		0.30439	0.2349	67.657370766	5.5969
0 6 16			-0.32		0.14		1.22		0.30181	0.4825	89.3859051251	7.6515
6 4 2			0.08		0.21		1.07		0.30181	0.2211	67.6401768609	4.8049
6 0 8			0.02		0.23		1.03		0.3016	2.9234	64.163237895	5.3359
6 4 0			0.05		0.28		0.93		0.3016	1.8287	67.0910631577	58.6803
2 2 16			-0.24		0.04		1.17		0.30277	1.1693	70.1293332912	108.6018
5 3 1			-0.46		-0.41		1.63		0.30271	0.5252	53.2386121167	32.835
3 5 9			-0.64		-1.05		2.26		0.3031	0.4755	65.0802252419	19.5165
3 7 1			0.03		-1.02		2.2		0.30306	1.2822	71.5694631273	22.2453
3 5 5			-6.98		-8.0		9.18		0.3031	1.2751	56.9624934876	133.7285
6 4 6			0.28		-7.72		8.62		0.30318	0.9247	71.9614498967	41.9809
2 0 16			0.23		-7.49		8.16		0.30273	0.5935	67.2372591268	11.8907
1 5 1			0.07		-7.42		8.01		0.30268	0.4978	46.196563203	27.3004
0 6 2			0.17		-7.25		7.68		0.30266	0.2356	55.3895592761	6.1752
0 6 8			0.17		-7.08		7.34		0.30255	0.7694	64.1950429677	5.6946
0 2 16			0.17		-6.91		6.99		0.30247	1.8687	67.2407114996	13.8307
6 0 0			0.05		-6.85		6.89		0.30247	0.7256	54.7363985401	55.434
5 1 9			-0.03		-6.89		6.92		0.30275	0.4583	58.9619928854	19.0838
7 3 1			0.12		-6.77		6.69		0.30273	0.5095	71.5359286583	22.1332
2 4 10			-0.6		-7.37		7.29		0.30307	0.607	57.0555982332	12.0937
2 0 10			0.06		-7.31		7.17		0.30321	0.6169	42.9543880851	20.236
2 4 14			-0.2		-7.51		7.37		0.30308	0.5221	70.6383718296	19.4111
1 3 15			0.08		-7.43		7.21		0.30298	0.2862	67.3623786269	8.1809
6 0 10			-1.06		-8.49		8.26		0.30379	1.0728	69.1331306246	8.9056
4 0 2			-3.4		-11.89		11.67		0.30391	1.7854	36.5531212028	138.5255
0 2 10			0.14		-11.75		11.39		0.30414	0.4317	42.9590557724	21.0204
3 5 1			0.08		-11.68		11.23		0.30408	0.5283	53.2544885252	31.9012
7 1 1			0.1		-11.57		11.02		0.30401	0.5207	65.7483230412	25.2044
4 2 10			-0.33		-11.9		11.36		0.30516	1.1102	57.0442200735	11.3144
3 3 9			0.11		-11.79		11.13		0.30598	0.3816	52.4524123761	12.0632
5 3 9			1.15		-10.64		8.83		0.31987	0.4833	65.0662013285	20.8409
1 1 15			0.04		-10.6		8.74		0.32021	0.656	61.3839959686	20.6242
0 2 14			-0.03		-10.63		8.78		0.32008	0.2479	58.6982494177	6.3292
1 7 1			0.03		-10.6		8.72		0.32006	0.5219	65.7901743415	26.2984
4 2 2			0.04		-10.57		8.65		0.32004	0.457	40.8620305525	12.2524
3 3 1			0.0		-10.56		8.64		0.32001	0.5106	38.1558496662	33.1617
2 0 14			0.02		-10.55		8.61		0.31988	0.2634	58.6945218607	7.3942
0 6 14			-0.01		-10.55		8.61		0.31994	0.9096	81.7552219026	27.2955
2 4 2			0.03		-10.53		8.56		0.31991	0.3828	40.8766170199	13.2501
0 0 10			0.09		-10.44		8.38		0.32002	0.8316	38.8438017949	41.7013
5 1 1			0.01		-10.42		8.35		0.32001	0.5346	46.1701152	26.7419
7 3 5			-1.12		-11.54		9.47		0.32013	1.0496	74.7140851895	88.0788
4 4 10			0.1		-11.44		9.28		0.32013	0.6886	66.23802526	47.6672
0 6 0			0.03		-11.41		9.22		0.32013	1.4277	54.7714555341	59.4019
3 1 9			0.02		-11.39		9.18		0.31977	0.36	45.2950695798	8.7768
1 5 9			0.05		-11.34		9.08		0.31951	0.4394	58.984264935	17.7365
1 3 5			-2.72		-14.06		11.8		0.31964	3.1323	34.189462707	190.138
6 2 10			0.11		-13.96		11.59		0.31979	0.7103	71.9901825081	43.9921
2 2 14			-1.35		-15.31		12.94		0.31979	1.0835	61.7979105177	101.9829
3 1 15			0.11		-15.19		12.71		0.31964	0.2871	67.3554895111	7.7692
2 4 0			-0.02		-15.21		12.73		0.31964	1.4359	40.0960076051	88.2765
2 4 8			-0.12		-15.33		12.85		0.31994	0.1687	51.4325245866	2.4593
3 1 1			-0.01		-15.34		12.86		0.31991	0.5239	28.3131072915	41.7464