HKL Value		Reward		TotalReward	Chi Squared	Z Appr. 	Error	Two-Thetas	Sfs2
3 3 13			0.0		0.0		0.0		0.3	0.5636	65.4922780779	9.1158
1 3 9			0.0		0.0		1.49		0.2847	0.2622	45.3040218183	7.1674
0 4 16			-24.4		-24.4		25.89		0.28956	1.5557	75.7704700384	94.8658
5 5 1			4.25		-20.15		17.38		0.2895	0.5073	65.769247456	23.9531
6 0 2			2.08		-18.07		13.22		0.28944	0.2214	55.354768557	5.4487
4 6 0			1.32		-16.75		10.59		0.28944	0.7863	67.1083315067	59.4729
2 2 8			-5.57		-22.32		16.16		0.25353	1.8488	40.1384116224	216.1995
0 6 16			0.41		-21.91		15.34		0.2593	0.4825	89.3859051251	7.6515
6 4 6			-1.72		-23.63		17.06		0.25943	0.9247	71.9614498967	41.9809
5 3 1			0.85		-22.78		15.35		0.25937	0.5252	53.2386121167	32.835
3 5 9			0.12		-22.66		15.1		0.25927	0.4755	65.0802252419	19.5165
9 1 1			0.66		-21.99		13.78		0.25932	0.8793	87.9915459652	19.6393
4 6 2			0.55		-21.45		12.68		0.25933	0.2349	67.657370766	5.5969
1 5 1			0.44		-21.0		11.8		0.25927	0.4978	46.196563203	27.3004
0 4 6			-28.23		-49.23		40.03		0.25987	3.7688	42.9189471786	481.9509
3 1 11			-6.5		-55.73		46.53		0.26307	2.3814	52.0481274199	292.2152
6 4 2			1.42		-54.31		43.68		0.26309	0.2211	67.6401768609	4.8049
6 0 8			1.23		-53.08		41.23		0.2636	2.9234	64.163237895	5.3359
5 3 9			0.76		-52.32		39.71		0.26376	0.4833	65.0662013285	20.8409
3 7 1			1.04		-51.28		37.62		0.26377	1.2822	71.5694631273	22.2453
0 0 20			0.88		-50.39		35.85		0.26535	0.4542	83.3712939521	4.3689
6 4 0			0.85		-49.54		34.14		0.26535	1.8287	67.0910631577	58.6803
6 0 0			0.67		-48.87		32.8		0.26535	0.7256	54.7363985401	55.434
2 0 16			0.65		-48.22		31.5		0.26489	0.5935	67.2372591268	11.8907
4 2 10			0.52		-47.7		30.47		0.26488	1.1102	57.0442200735	11.3144
0 6 2			0.6		-47.1		29.27		0.26488	0.2356	55.3895592761	6.1752
0 0 16			0.2		-46.9		28.87		0.26367	1.3342	64.286058028	116.6634
6 0 10			0.44		-46.46		27.98		0.26366	1.0728	69.1331306246	8.9056
0 6 8			0.47		-45.99		27.04		0.26377	0.7694	64.1950429677	5.6946
0 6 14			0.14		-45.84		26.75		0.26366	0.9096	81.7552219026	27.2955
2 4 10			0.33		-45.52		26.1		0.26363	0.607	57.0555982332	12.0937
2 0 10			0.21		-45.31		25.68		0.26359	0.6169	42.9543880851	20.236
3 5 1			0.37		-44.94		24.94		0.26357	0.5283	53.2544885252	31.9012
1 1 15			0.36		-44.57		24.21		0.26348	0.656	61.3839959686	20.6242
2 4 0			0.15		-44.42		23.9		0.26348	1.4359	40.0960076051	88.2765
4 0 12			0.17		-44.25		23.57		0.26299	2.7435	60.4154589103	161.2613
4 0 0			-12.57		-56.82		36.14		0.26299	8.3901	35.6934066618	787.9925
2 4 14			0.34		-56.48		35.45		0.26282	0.5221	70.6383718296	19.4111
2 0 12			0.25		-56.23		34.96		0.26367	0.8079	50.6101057273	16.6151
0 0 10			0.23		-56.0		34.5		0.26394	0.8316	38.8438017949	41.7013
2 6 0			-6.03		-62.03		40.53		0.26394	4.3567	58.0028534629	558.9791
0 2 10			0.32		-61.71		39.88		0.26391	0.4317	42.9590557724	21.0204
2 6 2			-1.68		-63.39		41.56		0.26392	1.2892	58.5985395934	134.3564
2 6 10			0.28		-63.11		41.0		0.26424	0.7069	72.0169435829	44.7171
4 6 4			0.39		-62.72		40.23		0.26419	1.0731	69.291881243	33.3045
7 1 1			0.44		-62.28		39.35		0.26418	0.5207	65.7483230412	25.2044
1 1 13			0.36		-61.92		38.63		0.26414	0.3722	52.9310122384	10.9703
4 4 12			0.4		-61.52		37.83		0.26392	1.9475	72.2035773977	130.2426
0 6 12			-0.08		-61.61		37.92		0.26718	0.3425	75.0250979777	1.887
7 3 1			0.39		-61.22		37.14		0.26719	0.5095	71.5359286583	22.1332
4 2 6			-0.18		-61.4		37.32		0.26732	1.6049	46.7233273538	62.1975
2 4 8			0.36		-61.04		36.6		0.26746	0.1687	51.4325245866	2.4593
0 2 22			0.1		-60.94		36.41		0.26915	1.8317	96.7387030121	97.213
0 2 14			0.31		-60.63		35.78		0.26912	0.2479	58.6982494177	6.3292
0 6 6			0.05		-60.57		35.67		0.26921	1.0147	60.183190367	40.9583
4 4 8			-1.36		-61.93		37.03		0.26788	3.9407	61.1479986878	218.5721
2 4 6			-0.19		-62.12		37.22		0.26802	0.785	46.7364348384	64.2552
6 2 4			0.3		-61.82		36.61		0.26812	0.8727	60.3342977717	77.9073
1 7 1			0.3		-61.51		36.0		0.2681	0.5219	65.7901743415	26.2984
2 4 2			0.29		-61.23		35.43		0.26809	0.3828	40.8766170199	13.2501
6 2 10			0.21		-61.02		35.02		0.26879	0.7103	71.9901825081	43.9921
6 0 6			0.05		-60.97		34.92		0.26887	1.0815	60.1501886982	39.9969
0 2 16			0.22		-60.75		34.48		0.26855	1.8687	67.2407114996	13.8307
3 1 15			-0.08		-60.83		34.56		0.27336	0.2871	67.3554895111	7.7692
1 3 15			0.15		-60.69		34.27		0.27573	0.2862	67.3623786269	8.1809
1 5 9			0.18		-60.5		33.9		0.27575	0.4394	58.984264935	17.7365
4 0 10			0.25		-60.26		33.41		0.276	0.6243	53.7713327333	45.2096
5 1 1			0.23		-60.02		32.94		0.27598	0.5346	46.1701152	26.7419
5 1 9			0.16		-59.87		32.63		0.27598	0.4583	58.9619928854	19.0838
3 3 9			0.21		-59.66		32.21		0.27601	0.3816	52.4524123761	12.0632
4 4 10			0.22		-59.44		31.78		0.27628	0.6886	66.23802526	47.6672
0 6 0			0.18		-59.26		31.42		0.27628	1.4277	54.7714555341	59.4019
4 6 6			0.07		-59.19		31.28		0.2765	1.1903	71.9781772466	41.9784
4 2 2			0.2		-58.99		30.89		0.27649	0.457	40.8620305525	12.2524
2 0 14			0.2		-58.79		30.48		0.2766	0.2634	58.6945218607	7.3942
3 3 15			0.06		-58.73		30.36		0.27827	0.3402	73.0835579415	3.8877
3 1 1			0.16		-58.58		30.05		0.27824	0.5239	28.3131072915	41.7464
1 1 3			0.04		-58.53		29.96		0.27829	0.4514	16.9416048235	36.8187
3 3 1			0.17		-58.36		29.62		0.27827	0.5106	38.1558496662	33.1617
1 7 7			-2.93		-61.29		32.55		0.27663	0.4353	72.3061031614	6.1143
4 2 14			0.17		-61.12		32.2		0.27685	1.2576	70.6282605877	19.9713
1 1 9			0.09		-61.02		32.01		0.27679	0.2216	37.1193146943	1.1702
1 1 17			-1.49		-62.51		33.5		0.27844	2.447	70.2810461715	248.4175
1 1 1			0.14		-62.37		33.21		0.2784	0.5749	13.0194761966	56.7652
3 1 9			0.19		-62.18		32.84		0.2784	0.36	45.2950695798	8.7768
3 3 3			-0.05		-62.23		32.89		0.27853	0.8081	39.7679129272	70.9373
0 2 12			0.15		-62.08		32.58		0.27831	0.3827	50.6142203783	17.5707
2 2 16			-0.39		-62.47		32.97		0.27799	1.1693	70.1293332912	108.6018
0 4 20			0.13		-62.34		32.71		0.27813	1.027	94.1654323607	18.6345
6 4 4			0.12		-62.22		32.47		0.27803	0.6669	69.2748711385	33.991
1 5 13			0.15		-62.07		32.18		0.27817	1.1973	71.2966048402	12.6128
0 4 4			0.18		-61.9		31.83		0.2782	0.8482	39.0545896029	78.0016
0 4 10			0.17		-61.72		31.48		0.27821	0.9893	53.7871001638	44.1425
3 1 7			-1.64		-63.37		33.12		0.26156	0.257	39.2655360855	5.205
0 0 18			0.16		-63.21		32.81		0.2613	0.6609	73.530655613	37.988
6 0 4			0.13		-63.08		32.56		0.26129	0.7069	57.1830782131	42.6751
4 0 4			0.15		-62.93		32.25		0.26129	1.2165	39.0343929222	79.1487
1 5 3			-0.19		-63.12		32.44		0.26135	0.9511	47.585042181	85.8034
5 5 7			-1.1		-64.23		33.55		0.2603	0.6639	72.2860687267	4.3062
0 6 4			0.12		-64.1		33.3		0.26029	0.6675	57.2171401797	42.9768
0 2 8			0.16		-63.94		32.97		0.2603	0.1155	35.7619852008	1.7384
7 1 3			-0.24		-64.17		33.21		0.26034	1.4031	66.8553232335	91.2915