HKL Value		Reward		TotalReward	Chi Squared	Z Appr. 	Error	Two-Thetas	Sfs2
1 3 9			0.0		0.0		0.0		0.3	0.2622	45.3040218183	7.1674
5 1 7			0.0		0.0		1.44		0.35653	0.2609	54.1000446603	4.252
0 4 16			-0.74		-0.74		2.18		0.36601	1.5557	75.7704700384	94.8658
5 5 1			-1.47		-2.21		3.65		0.36583	0.5073	65.769247456	23.9531
0 2 8			0.38		-1.83		2.9		0.3654	0.1155	35.7619852008	1.7384
6 0 2			0.14		-1.69		2.61		0.36554	0.2214	55.354768557	5.4487
4 6 0			0.21		-1.47		2.18		0.36554	0.7863	67.1083315067	59.4729
9 1 1			-0.46		-1.93		2.64		0.3654	0.8793	87.9915459652	19.6393
4 6 2			-0.0		-1.93		2.64		0.36545	0.2349	67.657370766	5.5969
6 4 2			0.03		-1.91		2.59		0.36551	0.2211	67.6401768609	4.8049
6 4 0			0.13		-1.78		2.33		0.36551	1.8287	67.0910631577	58.6803
6 0 8			-0.18		-1.96		2.51		0.36415	2.9234	64.163237895	5.3359
0 6 16			0.08		-1.88		2.35		0.36323	0.4825	89.3859051251	7.6515
3 7 1			-0.33		-2.21		2.68		0.36317	1.2822	71.5694631273	22.2453
2 0 16			0.09		-2.11		2.49		0.36332	0.5935	67.2372591268	11.8907
0 6 8			-0.0		-2.12		2.5		0.36297	0.7694	64.1950429677	5.6946
4 0 2			-5.27		-7.39		7.77		0.36328	1.7854	36.5531212028	138.5255
0 2 16			0.22		-7.17		7.33		0.36353	1.8687	67.2407114996	13.8307
1 3 1			-0.69		-7.86		8.02		0.36348	0.5324	28.3265170018	42.1271
0 6 2			0.16		-7.7		7.71		0.36352	0.2356	55.3895592761	6.1752
4 4 10			-0.64		-8.34		8.35		0.3641	0.6886	66.23802526	47.6672
7 3 1			0.04		-8.3		8.27		0.36406	0.5095	71.5359286583	22.1332
6 0 0			0.08		-8.22		8.1		0.36406	0.7256	54.7363985401	55.434
1 5 1			-0.18		-8.41		8.28		0.36402	0.4978	46.196563203	27.3004
5 1 13			0.17		-8.23		7.94		0.3639	0.4567	71.2764535317	11.3258
1 1 5			-3.98		-12.22		11.93		0.36464	1.9661	22.8949597146	247.5537
3 5 9			0.03		-12.19		11.87		0.36442	0.4755	65.0802252419	19.5165
3 3 9			0.12		-12.07		11.63		0.36423	0.3816	52.4524123761	12.0632
5 3 1			-0.1		-12.17		11.73		0.36419	0.5252	53.2386121167	32.835
0 2 14			0.2		-11.96		11.32		0.36418	0.2479	58.6982494177	6.3292
4 2 2			0.07		-11.89		11.18		0.3642	0.457	40.8620305525	12.2524
0 2 10			-0.09		-11.98		11.27		0.36415	0.4317	42.9590557724	21.0204
2 0 10			-0.07		-12.05		11.34		0.3641	0.6169	42.9543880851	20.236
2 4 14			0.13		-11.92		11.07		0.36385	0.5221	70.6383718296	19.4111
2 2 8			-2.57		-14.49		13.64		0.36446	1.8488	40.1384116224	216.1995
1 3 15			0.16		-14.33		13.33		0.36452	0.2862	67.3623786269	8.1809
2 4 2			0.08		-14.25		13.17		0.36454	0.3828	40.8766170199	13.2501
7 1 1			0.03		-14.22		13.1		0.36452	0.5207	65.7483230412	25.2044
6 0 6			0.11		-14.11		12.88		0.36429	1.0815	60.1501886982	39.9969
0 6 10			0.1		-14.0		12.67		0.36427	0.8527	69.1637693973	8.5049
6 4 6			0.16		-13.85		12.36		0.3642	0.9247	71.9614498967	41.9809
2 0 14			0.15		-13.7		12.06		0.36416	0.2634	58.6945218607	7.3942
2 2 16			0.09		-13.61		11.88		0.36472	1.1693	70.1293332912	108.6018
0 6 6			0.07		-13.53		11.73		0.36453	1.0147	60.183190367	40.9583
0 0 12			-3.07		-16.6		14.8		0.36335	3.2426	47.0346015839	274.3783
3 5 3			-0.46		-17.06		15.26		0.36322	0.9259	54.5093201099	87.7589
5 3 9			0.05		-17.01		15.15		0.36297	0.4833	65.0662013285	20.8409
3 1 15			0.13		-16.88		14.89		0.36305	0.2871	67.3554895111	7.7692
2 2 0			-13.23		-30.1		28.11		0.36305	11.1953	25.0390113278	1035.9387
3 5 1			0.15		-29.95		27.81		0.36302	0.5283	53.2544885252	31.9012
0 0 8			-1.32		-31.27		29.13		0.36354	2.1948	30.8548203523	183.9052
0 2 6			-0.18		-31.45		29.31		0.36302	1.1672	29.1471999487	131.5155
6 0 10			0.23		-31.22		28.84		0.36298	1.0728	69.1331306246	8.9056
1 7 1			0.17		-31.05		28.51		0.36296	0.5219	65.7901743415	26.2984
4 2 10			0.2		-30.85		28.1		0.36291	1.1102	57.0442200735	11.3144
5 1 9			0.2		-30.65		27.71		0.36262	0.4583	58.9619928854	19.0838
1 5 9			0.2		-30.45		27.31		0.36233	0.4394	58.984264935	17.7365
2 4 10			0.18		-30.27		26.95		0.36226	0.607	57.0555982332	12.0937
5 1 1			0.13		-30.14		26.69		0.36223	0.5346	46.1701152	26.7419
1 1 15			0.14		-30.0		26.41		0.36242	0.656	61.3839959686	20.6242
3 1 9			0.2		-29.8		26.01		0.36224	0.36	45.2950695798	8.7768
5 5 7			0.21		-29.6		25.6		0.36224	0.6639	72.2860687267	4.3062
2 0 8			0.21		-29.39		25.19		0.36222	0.1665	35.7565424018	1.5727
3 3 1			0.09		-29.3		25.01		0.36218	0.5106	38.1558496662	33.1617
0 6 14			0.17		-29.13		24.67		0.36196	0.9096	81.7552219026	27.2955
0 6 0			0.14		-28.99		24.39		0.36196	1.4277	54.7714555341	59.4019
3 5 7			0.17		-28.82		24.05		0.36198	0.2309	60.5203777188	5.6046
0 2 12			0.13		-28.69		23.78		0.36165	0.3827	50.6142203783	17.5707
1 1 9			0.17		-28.51		23.44		0.36161	0.2216	37.1193146943	1.1702
3 3 15			0.16		-28.35		23.11		0.36167	0.3402	73.0835579415	3.8877
2 4 0			0.07		-28.29		22.98		0.36167	1.4359	40.0960076051	88.2765
2 0 12			0.12		-28.16		22.73		0.36132	0.8079	50.6101057273	16.6151
0 4 20			0.14		-28.02		22.44		0.36204	1.027	94.1654323607	18.6345
0 0 6			-5.26		-33.28		27.71		0.36104	7.4326	23.0169618987	709.6598
6 2 10			0.05		-33.23		27.61		0.36128	0.7103	71.9901825081	43.9921
4 2 14			0.18		-33.06		27.26		0.36122	1.2576	70.6282605877	19.9713
0 0 4			-0.19		-33.24		27.45		0.36118	0.8482	15.2869714585	59.1035
0 0 16			0.08		-33.17		27.29		0.36204	1.3342	64.286058028	116.6634
4 2 6			0.12		-33.05		27.05		0.36185	1.6049	46.7233273538	62.1975
0 0 10			0.05		-33.0		26.95		0.36207	0.8316	38.8438017949	41.7013
4 6 6			0.17		-32.83		26.62		0.36207	1.1903	71.9781772466	41.9784
4 0 10			0.04		-32.79		26.54		0.36231	0.6243	53.7713327333	45.2096
3 1 1			0.04		-32.75		26.45		0.36229	0.5239	28.3131072915	41.7464
1 1 3			0.06		-32.68		26.32		0.36224	0.4514	16.9416048235	36.8187
0 4 10			0.04		-32.64		26.24		0.36248	0.9893	53.7871001638	44.1425
2 4 6			0.09		-32.55		26.05		0.36228	0.785	46.7364348384	64.2552
2 6 10			0.04		-32.51		25.98		0.36251	0.7069	72.0169435829	44.7171
5 1 5			-0.24		-32.75		26.22		0.36283	1.1901	50.2495039981	127.1383
0 0 20			0.1		-32.65		26.02		0.3638	0.4542	83.3712939521	4.3689
0 0 18			0.12		-32.53		25.78		0.36389	0.6609	73.530655613	37.988
0 2 18			0.14		-32.4		25.51		0.36391	0.3755	76.3208597895	3.7538
6 2 4			-0.27		-32.67		25.78		0.36388	0.8727	60.3342977717	77.9073
4 2 0			0.07		-32.6		25.64		0.36388	0.9287	40.0811891304	86.5118
0 6 18			0.13		-32.47		25.37		0.36388	0.7949	98.0280769063	1.8601
6 2 6			-1.61		-34.08		26.99		0.36347	3.9921	63.2107357729	344.5633
4 0 4			-0.26		-34.34		27.25		0.36344	1.2165	39.0343929222	79.1487
2 2 4			-0.24		-34.58		27.49		0.36342	0.7551	29.4672289371	73.6026