HKL Value		Reward		TotalReward	Chi Squared	Z Appr. 	Error	Two-Thetas	Sfs2
0 4 14			0.0		0.0		0.0		0.3	1.2337	67.7597167724	121.3788
0 4 2			0.0		0.0		138.0		0.28601	3.2657	36.5744795411	137.7475
1 3 9			34.09		34.09		69.82		0.28549	0.2622	45.3040218183	7.1674
0 4 16			5.34		39.43		59.14		0.29727	1.5557	75.7704700384	94.8658
4 4 12			2.17		41.6		54.8		0.31897	1.9475	72.2035773977	130.2426
5 5 1			5.25		46.85		44.29		0.31886	0.5073	65.769247456	23.9531
6 0 2			3.51		50.36		37.27		0.3188	0.2214	55.354768557	5.4487
4 6 0			2.66		53.02		31.95		0.3188	0.7863	67.1083315067	59.4729
4 4 2			-8.57		44.45		40.52		0.31912	1.2125	52.0311030722	128.6454
9 1 1			2.16		46.61		36.21		0.31904	0.8793	87.9915459652	19.6393
0 0 20			1.78		48.39		32.64		0.31845	0.4542	83.3712939521	4.3689
3 7 3			0.62		49.02		31.4		0.31869	0.8954	72.6346668965	71.6226
4 6 2			1.27		50.29		28.85		0.31862	0.2349	67.657370766	5.5969
6 4 2			1.09		51.38		26.67		0.31855	0.2211	67.6401768609	4.8049
6 4 0			0.95		52.33		24.76		0.31855	1.8287	67.0910631577	58.6803
0 2 6			0.26		52.6		24.24		0.31958	1.1672	29.1471999487	131.5155
6 0 8			0.7		53.29		22.84		0.31999	2.9234	64.163237895	5.3359
0 6 16			0.52		53.81		21.81		0.32232	0.4825	89.3859051251	7.6515
2 0 16			0.59		54.4		20.62		0.3227	0.5935	67.2372591268	11.8907
0 6 8			0.52		54.93		19.57		0.32281	0.7694	64.1950429677	5.6946
3 7 1			0.41		55.34		18.74		0.32277	1.2822	71.5694631273	22.2453
3 1 9			0.17		55.51		18.41		0.32193	0.36	45.2950695798	8.7768
0 2 16			0.41		55.92		17.59		0.32211	1.8687	67.2407114996	13.8307
0 0 16			0.31		56.23		16.97		0.32154	1.3342	64.286058028	116.6634
5 5 3			-0.09		56.14		17.06		0.32158	0.8107	66.8760743485	64.1048
0 2 18			-0.43		55.71		17.49		0.31864	0.3755	76.3208597895	3.7538
0 6 2			0.29		55.99		16.92		0.31863	0.2356	55.3895592761	6.1752
7 3 1			0.27		56.26		16.39		0.31861	0.5095	71.5359286583	22.1332
6 0 0			0.21		56.47		15.97		0.31861	0.7256	54.7363985401	55.434
1 3 7			-0.74		55.73		16.71		0.31958	0.1893	39.2755843192	5.3372
1 5 1			0.15		55.88		16.4		0.31956	0.4978	46.196563203	27.3004
5 3 1			0.12		56.01		16.16		0.31954	0.5252	53.2386121167	32.835
3 5 9			0.25		56.25		15.66		0.3195	0.4755	65.0802252419	19.5165
2 2 16			0.24		56.49		15.19		0.31947	1.1693	70.1293332912	108.6018
6 0 6			0.22		56.71		14.75		0.31945	1.0815	60.1501886982	39.9969
4 2 2			0.13		56.84		14.49		0.31944	0.457	40.8620305525	12.2524
6 4 6			0.1		56.94		14.3		0.31933	0.9247	71.9614498967	41.9809
1 3 15			0.19		57.13		13.92		0.31928	0.2862	67.3623786269	8.1809
3 3 9			0.14		57.26		13.64		0.31914	0.3816	52.4524123761	12.0632
0 2 14			0.06		57.32		13.53		0.31902	0.2479	58.6982494177	6.3292
2 4 6			0.16		57.48		13.22		0.31905	0.785	46.7364348384	64.2552
1 3 3			-0.17		57.31		13.38		0.31907	0.7045	30.3940112777	66.1614
2 0 10			0.13		57.44		13.13		0.31896	0.6169	42.9543880851	20.236
2 4 14			0.12		57.56		12.88		0.31899	0.5221	70.6383718296	19.4111
7 1 1			0.08		57.64		12.72		0.31898	0.5207	65.7483230412	25.2044
2 4 2			0.07		57.71		12.58		0.31897	0.3828	40.8766170199	13.2501
3 5 1			0.05		57.76		12.48		0.31895	0.5283	53.2544885252	31.9012
0 2 10			0.1		57.86		12.28		0.31883	0.4317	42.9590557724	21.0204
2 4 10			0.13		57.99		12.02		0.31883	0.607	57.0555982332	12.0937
2 0 14			0.06		58.05		11.91		0.31872	0.2634	58.6945218607	7.3942
0 0 4			-0.13		57.92		12.04		0.31861	0.8482	15.2869714585	59.1035
6 0 10			0.11		58.03		11.82		0.31872	1.0728	69.1331306246	8.9056
5 3 9			0.11		58.14		11.59		0.31871	0.4833	65.0662013285	20.8409
0 0 12			-0.8		57.34		12.39		0.3193	3.2426	47.0346015839	274.3783
0 6 10			0.11		57.45		12.18		0.31938	0.8527	69.1637693973	8.5049
3 1 15			0.11		57.56		11.96		0.31932	0.2871	67.3554895111	7.7692
4 2 10			0.11		57.66		11.75		0.31932	1.1102	57.0442200735	11.3144
1 7 1			0.04		57.71		11.66		0.31932	0.5219	65.7901743415	26.2984
1 1 9			-0.09		57.62		11.75		0.31895	0.2216	37.1193146943	1.1702
5 1 9			0.08		57.7		11.58		0.31887	0.4583	58.9619928854	19.0838
2 0 12			0.01		57.71		11.57		0.3185	0.8079	50.6101057273	16.6151
3 1 11			-3.88		53.83		15.45		0.3185	2.3814	52.0481274199	292.2152
0 6 6			0.12		53.95		15.21		0.3185	1.0147	60.183190367	40.9583
1 5 9			0.1		54.05		15.01		0.3184	0.4394	58.984264935	17.7365
1 1 15			0.05		54.1		14.9		0.31855	0.656	61.3839959686	20.6242
3 3 1			0.05		54.15		14.8		0.31854	0.5106	38.1558496662	33.1617
2 4 0			0.01		54.16		14.78		0.31854	1.4359	40.0960076051	88.2765
1 5 13			-0.28		53.88		15.06		0.31923	1.1973	71.2966048402	12.6128
0 6 14			0.04		53.92		14.97		0.31926	0.9096	81.7552219026	27.2955
5 1 1			0.06		53.98		14.86		0.31925	0.5346	46.1701152	26.7419
0 6 0			0.06		54.04		14.74		0.31925	1.4277	54.7714555341	59.4019
3 3 15			0.08		54.12		14.59		0.31902	0.3402	73.0835579415	3.8877
1 7 7			-0.13		53.98		14.72		0.31934	0.4353	72.3061031614	6.1143
0 0 10			0.1		54.08		14.53		0.31939	0.8316	38.8438017949	41.7013
6 2 10			0.09		54.17		14.35		0.31944	0.7103	71.9901825081	43.9921
0 4 20			0.04		54.22		14.26		0.31936	1.027	94.1654323607	18.6345
4 4 10			0.09		54.31		14.07		0.31938	0.6886	66.23802526	47.6672
2 0 2			-0.07		54.24		14.14		0.31936	0.6502	19.2320929378	35.9547
4 6 6			0.04		54.28		14.05		0.31931	1.1903	71.9781772466	41.9784
0 2 12			0.02		54.3		14.01		0.31907	0.3827	50.6142203783	17.5707
4 0 10			0.08		54.39		13.85		0.31911	0.6243	53.7713327333	45.2096
4 2 6			0.08		54.47		13.69		0.31912	1.6049	46.7233273538	62.1975
4 2 0			0.01		54.47		13.67		0.31912	0.9287	40.0811891304	86.5118
4 4 0			-3.77		50.71		17.44		0.31912	4.9852	51.3853572345	648.027
1 1 3			0.03		50.74		17.39		0.31913	0.4514	16.9416048235	36.8187
4 2 14			0.09		50.82		17.21		0.31915	1.2576	70.6282605877	19.9713
0 6 18			0.01		50.83		17.2		0.31859	0.7949	98.0280769063	1.8601
4 0 6			-2.74		48.09		19.94		0.31871	5.3963	42.900258124	488.2208
4 4 4			-0.03		48.06		19.96		0.31865	0.8476	53.9354251327	76.9211
6 2 4			-0.0		48.06		19.97		0.3186	0.8727	60.3342977717	77.9073