HKL Value		Reward		TotalReward	Chi Squared	Z Appr. 	Error	Two-Thetas	Sfs2
3 3 7			0.0		0.0		0.0		0.3	0.1558	47.1418707618	3.5073
6 2 10			0.0		0.0		14.21		0.33049	0.7103	71.9901825081	43.9921
6 0 8			3.51		3.51		7.18		0.33015	2.9234	64.163237895	5.3359
3 1 11			-37.46		-33.95		44.64		0.36541	2.3814	52.0481274199	292.2152
4 6 0			5.57		-28.37		33.49		0.36541	0.7863	67.1083315067	59.4729
7 1 7			3.2		-25.17		27.1		0.36568	0.3505	72.2660298289	5.0526
0 6 8			1.96		-23.21		23.18		0.36369	0.7694	64.1950429677	5.6946
6 4 0			1.65		-21.56		19.87		0.36369	1.8287	67.0910631577	58.6803
4 6 2			1.07		-20.49		17.72		0.36375	0.2349	67.657370766	5.5969
6 4 2			0.86		-19.62		16.0		0.36381	0.2211	67.6401768609	4.8049
2 0 14			0.8		-18.83		14.4		0.36357	0.2634	58.6945218607	7.3942
0 2 14			0.65		-18.17		13.09		0.36365	0.2479	58.6982494177	6.3292
1 7 7			0.45		-17.72		12.19		0.36376	0.4353	72.3061031614	6.1143
0 6 2			0.39		-17.33		11.41		0.36389	0.2356	55.3895592761	6.1752
2 4 14			0.33		-17.0		10.74		0.36299	0.5221	70.6383718296	19.4111
3 5 7			0.3		-16.7		10.15		0.36309	0.2309	60.5203777188	5.6046
5 3 7			0.26		-16.44		9.62		0.36318	0.2523	60.5057581853	5.4388
1 5 7			0.25		-16.19		9.13		0.36326	0.6035	54.1236034243	4.2528
6 0 6			0.15		-16.04		8.83		0.36235	1.0815	60.1501886982	39.9969
5 1 7			0.2		-15.84		8.44		0.36241	0.2609	54.1000446603	4.252
6 0 2			0.17		-15.67		8.1		0.36252	0.2214	55.354768557	5.4487
4 2 8			0.12		-15.55		7.85		0.36146	0.7605	51.4203212226	2.5419
0 0 4			-1.52		-17.07		9.37		0.36124	0.8482	15.2869714585	59.1035
2 4 8			0.16		-16.92		9.06		0.36029	0.1687	51.4325245866	2.4593
3 3 13			0.18		-16.74		8.7		0.3608	0.5636	65.4922780779	9.1158
5 1 13			0.16		-16.58		8.38		0.36135	0.4567	71.2764535317	11.3258
1 5 13			0.14		-16.43		8.09		0.36182	1.1973	71.2966048402	12.6128
1 3 13			0.14		-16.29		7.81		0.36208	0.3907	59.4200243294	11.5335
3 1 13			0.13		-16.16		7.54		0.3623	0.3869	59.4126405656	11.7895
1 1 13			0.13		-16.03		7.28		0.36242	0.3722	52.9310122384	10.9703
0 6 6			0.06		-15.97		7.17		0.36218	1.0147	60.183190367	40.9583
4 4 4			-1.43		-17.4		8.59		0.36209	0.8476	53.9354251327	76.9211
4 2 6			-0.0		-17.4		8.59		0.36169	1.6049	46.7233273538	62.1975
3 1 7			0.11		-17.29		8.38		0.36172	0.257	39.2655360855	5.205
1 3 7			0.1		-17.19		8.18		0.36174	0.1893	39.2755843192	5.3372
2 4 6			-0.03		-17.23		8.21		0.36129	0.785	46.7364348384	64.2552
0 6 16			0.11		-17.11		7.99		0.36146	0.4825	89.3859051251	7.6515
9 1 1			0.04		-17.07		7.91		0.36143	0.8793	87.9915459652	19.6393
1 1 15			-0.06		-17.14		7.98		0.36166	0.656	61.3839959686	20.6242
2 2 12			-1.93		-19.07		9.91		0.34733	1.9766	54.0147953295	208.0279
0 6 10			0.09		-18.98		9.73		0.34749	0.8527	69.1637693973	8.5049
3 7 1			0.05		-18.93		9.62		0.34732	1.2822	71.5694631273	22.2453
5 5 1			0.06		-18.87		9.51		0.34713	0.5073	65.769247456	23.9531
7 3 1			0.05		-18.82		9.41		0.34693	0.5095	71.5359286583	22.1332
6 0 10			0.07		-18.75		9.26		0.34712	1.0728	69.1331306246	8.9056
6 0 0			0.05		-18.7		9.16		0.34712	0.7256	54.7363985401	55.434
2 0 16			0.05		-18.64		9.05		0.34648	0.5935	67.2372591268	11.8907
5 3 9			0.09		-18.55		8.87		0.34679	0.4833	65.0662013285	20.8409
4 2 10			0.05		-18.5		8.77		0.34696	1.1102	57.0442200735	11.3144
0 2 16			0.03		-18.47		8.71		0.34651	1.8687	67.2407114996	13.8307
4 2 14			0.03		-18.44		8.65		0.3478	1.2576	70.6282605877	19.9713
2 4 10			0.04		-18.4		8.57		0.34788	0.607	57.0555982332	12.0937
0 6 0			0.02		-18.38		8.53		0.34788	1.4277	54.7714555341	59.4019
5 5 7			0.07		-18.31		8.38		0.3478	0.6639	72.2860687267	4.3062
3 5 9			0.08		-18.23		8.23		0.34795	0.4755	65.0802252419	19.5165
4 2 2			0.01		-18.22		8.22		0.34795	0.457	40.8620305525	12.2524
2 4 2			0.0		-18.22		8.21		0.34795	0.3828	40.8766170199	13.2501
0 4 20			0.02		-18.21		8.18		0.3314	1.027	94.1654323607	18.6345
0 0 20			0.07		-18.14		8.05		0.33161	0.4542	83.3712939521	4.3689
7 1 1			0.01		-18.14		8.04		0.33157	0.5207	65.7483230412	25.2044
1 7 1			0.0		-18.14		8.04		0.33151	0.5219	65.7901743415	26.2984
1 5 1			-0.01		-18.15		8.05		0.33146	0.4978	46.196563203	27.3004
5 1 1			-0.01		-18.16		8.06		0.3314	0.5346	46.1701152	26.7419
4 4 12			0.02		-18.14		8.02		0.33122	1.9475	72.2035773977	130.2426
0 4 10			-0.02		-18.16		8.04		0.33059	0.9893	53.7871001638	44.1425
2 6 10			-0.01		-18.17		8.05		0.33011	0.7069	72.0169435829	44.7171
0 0 10			0.0		-18.17		8.05		0.32972	0.8316	38.8438017949	41.7013
2 2 10			-0.01		-18.18		8.06		0.32938	0.6429	46.7739448495	44.8949
3 3 1			-0.02		-18.2		8.08		0.32935	0.5106	38.1558496662	33.1617
4 0 10			0.0		-18.2		8.07		0.32905	0.6243	53.7713327333	45.2096
4 4 10			-0.01		-18.21		8.08		0.32878	0.6886	66.23802526	47.6672
3 5 1			-0.02		-18.23		8.1		0.32875	0.5283	53.2544885252	31.9012
5 3 1			-0.03		-18.25		8.13		0.32873	0.5252	53.2386121167	32.835