HKL Value		Reward		TotalReward	Chi Squared	Z Appr. 	Error	Two-Thetas	Sfs2
1 0 8			0.0		0.0		0.0		0.5	0.24	54.8685935926	0.0
0 0 7			0.0		0.0		0.0		0.50004	0.2	45.7499157105	0.0
3 0 4			0.01		0.01		0.0		0.50003	0.64	50.7360354343	0.0
1 0 0			0.49		0.5		0.0		0.50003	0.0	14.0285801003	0.0
3 0 0			0.33		0.83		0.0		0.50003	0.45	42.9814560157	0.0
1 0 4			0.04		0.88		0.0		0.50003	0.08	29.3672081998	0.0
3 0 2			0.19		1.07		0.0		0.50003	0.46	45.0164041053	0.0
4 0 3			0.12		1.19		0.0		0.50003	0.29	62.1413926063	0.0
1 2 7			-1.0		0.19		0.0		0.5226	0.71	74.291810142	3.5836
2 0 1			0.12		0.31		0.0		0.5226	0.15	29.01034049	0.0
-1 -1 2			-1.0		-0.69		0.0		0.45874	0.13	32.1995090242	11.6912
0 0 3			0.1		-0.59		0.0		0.45874	0.03	19.1797885945	0.0
2 0 3			0.09		-0.5		0.0		0.45874	0.09	34.3920319457	0.0
3 0 6			0.08		-0.41		0.0		0.45874	0.11	59.366558438	0.0
4 0 1			0.08		-0.33		0.0		0.45874	0.27	58.8934376912	0.0
2 0 7			0.07		-0.26		0.0		0.45874	4.16	54.6555056564	0.0
4 0 5			0.07		-0.2		0.0		0.45874	0.26	68.3700248267	0.0
3 0 3			0.04		-0.16		0.0		0.45817	0.33	47.4629609511	3.2424
1 0 6			0.06		-0.1		0.0		0.45817	0.25	41.5701214249	0.0
2 0 5			0.06		-0.04		0.0		0.45817	5.26	43.4052500519	0.0
3 0 8			0.05		0.01		0.0		0.45817	0.3	70.3147352648	0.0
0 0 2			-0.99		-0.98		0.06		0.45592	0.15	12.7532192506	5.5981
1 1 4			0.03		-0.94		0.06		0.45556	0.3	39.4492672371	0.9567
4 1 1			0.03		-0.91		0.05		0.45557	0.21	65.3342299592	0.4263
3 1 0			0.04		-0.87		0.05		0.45557	0.86	50.7823995615	0.002
2 1 1			0.03		-0.85		0.05		0.45557	0.13	39.1745550983	0.4263
3 1 4			0.03		-0.82		0.05		0.45523	0.33	57.7518627408	0.9567
3 0 7			-0.01		-0.83		0.05		0.45127	0.18	64.5726747292	2.8781
0 1 7			-0.01		-0.83		0.05		0.44953	0.26	53.2385720724	8.4036
4 1 3			0.04		-0.8		0.05		0.44953	0.15	68.408649436	0.0043
2 1 2			-0.02		-0.81		0.05		0.45033	0.36	40.8238903893	0.1747
1 0 7			0.02		-0.8		0.05		0.44944	0.54	48.0896902272	2.8781
2 2 3			0.01		-0.79		0.05		0.4486	0.31	64.6616050849	6.6891
4 1 5			0.0		-0.78		0.05		0.44777	1.53	74.3771604481	7.6693
0 1 5			0.01		-0.78		0.05		0.44697	0.34	41.7114803244	7.6693
3 2 4			-0.04		-0.82		0.05		0.44521	0.0	76.369138646	3.3351
1 -1 2			0.02		-0.8		0.05		0.44546	0.39	32.1995090242	11.6912
-1 -1 -2			0.02		-0.77		0.05		0.4457	0.31	32.1995090242	11.6912
4 0 6			-0.21		-0.99		0.06		0.44099	0.38	72.4962488704	6.3028
3 1 2			0.02		-0.97		0.06		0.44119	0.11	52.5840292854	11.6912
1 1 2			0.02		-0.96		0.06		0.4414	0.52	32.1995090242	11.6912
1 2 6			0.02		-0.94		0.06		0.442	0.11	69.4566609057	1.2895
0 0 4			-0.05		-0.99		0.06		0.44128	0.08	25.6679215219	1.7476
2 2 5			-0.09		-1.07		0.07		0.44268	0.26	70.7747179536	2.8196
2 0 4			-0.04		-1.11		0.07		0.44194	0.23	38.5541558059	1.7476