HKL Value		Reward		TotalReward	Chi Squared	Z Appr. 	Error	Two-Thetas	Sfs2
1 0 8			0.0		0.0		0.0		0.5	0.24	54.8685935926	0.0
3 0 4			0.0		0.0		0.0		0.50001	0.64	50.7360354343	0.0
0 0 7			1.01		1.01		0.0		0.5	0.2	45.7499157105	0.0
1 0 0			0.49		1.5		0.0		0.5	0.0	14.0285801003	0.0
1 0 4			0.11		1.61		0.0		0.5	0.08	29.3672081998	0.0
3 0 0			0.25		1.86		0.0		0.5	0.45	42.9814560157	0.0
0 0 3			0.14		2.0		0.0		0.5	0.03	19.1797885945	0.0
2 0 3			-0.2		1.8		0.0		0.5	0.09	34.3920319457	0.0
3 0 2			0.14		1.94		0.0		0.5	0.46	45.0164041053	0.0
2 0 1			0.12		2.06		0.0		0.5	0.15	29.01034049	0.0
1 -1 2			-1.0		1.06		0.0		0.45207	0.39	32.1995090242	11.6912
4 0 3			0.1		1.16		0.0		0.45207	0.29	62.1413926063	0.0
4 0 1			0.09		1.25		0.0		0.45207	0.27	58.8934376912	0.0
4 0 5			0.08		1.33		0.0		0.45207	0.26	68.3700248267	0.0
1 1 4			-1.0		0.33		0.0		0.45021	0.3	39.4492672371	0.9567
3 0 6			0.07		0.41		0.0		0.45021	0.11	59.366558438	0.0
2 0 5			0.07		0.47		0.0		0.45021	5.26	43.4052500519	0.0
-1 -1 2			0.03		0.51		0.0		0.45111	0.13	32.1995090242	11.6912
2 0 7			0.06		0.57		0.0		0.45111	4.16	54.6555056564	0.0
0 2 7			-0.17		0.4		0.0		0.45264	0.0	72.5085769296	0.0094
1 0 6			0.05		0.45		0.0		0.45264	0.25	41.5701214249	0.0
3 0 8			0.05		0.5		0.0		0.45264	0.3	70.3147352648	0.0
3 1 0			-0.03		0.47		0.0		0.45264	0.86	50.7823995615	0.002
3 1 3			-0.98		-0.51		0.05		0.44971	0.4	54.7770496801	12.6586
1 1 5			-0.41		-0.91		0.08		0.44239	3.06	44.2189644299	8.5457