HKL Value		Reward		TotalReward	Chi Squared	Z Appr. 	Error	Two-Thetas	Sfs2
3 2 3			0.0		0.0		0.0		0.5	1.08	73.8091166097	1.7896
1 2 7			0.0		0.0		0.57		0.45932	0.71	74.291810142	3.5836
2 0 4			0.28		0.28		0.44		0.43719	0.23	38.5541558059	1.7476
1 0 8			0.5		0.78		0.3		0.43719	0.24	54.8685935926	0.0
3 0 4			0.33		1.11		0.22		0.43719	0.64	50.7360354343	0.0
2 0 2			-0.38		0.74		0.36		0.42671	0.1	31.1263267788	5.5981
0 0 7			0.2		0.94		0.3		0.42671	0.2	45.7499157105	0.0
3 2 0			0.07		1.01		0.28		0.42671	0.67	70.467230504	2.2538
1 1 3			-0.12		0.89		0.31		0.41763	0.54	35.3770121777	12.6586
1 0 0			0.13		1.01		0.28		0.41763	0.0	14.0285801003	0.0
0 0 2			-0.11		0.9		0.32		0.41333	0.15	12.7532192506	5.5981
2 0 3			0.1		1.0		0.29		0.41333	0.09	34.3920319457	0.0
1 0 4			0.09		1.09		0.26		0.41333	0.08	29.3672081998	0.0
3 0 0			0.08		1.18		0.24		0.41333	0.45	42.9814560157	0.0
3 0 2			0.08		1.25		0.23		0.41333	0.46	45.0164041053	0.0
4 0 1			0.07		1.33		0.21		0.41333	0.27	58.8934376912	0.0
2 1 7			-0.12		1.21		0.24		0.4286	0.57	61.3678684761	8.4036
0 0 3			0.06		1.27		0.22		0.4286	0.03	19.1797885945	0.0
2 0 1			0.06		1.33		0.21		0.4286	0.15	29.01034049	0.0
4 0 3			0.06		1.38		0.2		0.4286	0.29	62.1413926063	0.0
3 0 7			-0.01		1.37		0.2		0.43657	0.18	64.5726747292	2.8781
4 0 5			0.05		1.42		0.19		0.43657	0.26	68.3700248267	0.0
2 0 7			0.05		1.47		0.18		0.43657	4.16	54.6555056564	0.0
2 0 5			0.05		1.52		0.18		0.43657	5.26	43.4052500519	0.0
3 0 6			0.04		1.56		0.17		0.43657	0.11	59.366558438	0.0
1 0 6			0.04		1.6		0.16		0.43657	0.25	41.5701214249	0.0
3 0 8			0.04		1.64		0.16		0.43657	0.3	70.3147352648	0.0
3 1 0			0.04		1.68		0.15		0.43657	0.86	50.7823995615	0.002
1 1 4			0.04		1.72		0.15		0.43654	0.3	39.4492672371	0.9567
2 1 1			0.03		1.75		0.14		0.43654	0.13	39.1745550983	0.4263
4 1 1			0.03		1.78		0.14		0.43654	0.21	65.3342299592	0.4263
3 1 4			0.03		1.81		0.13		0.43654	0.33	57.7518627408	0.9567
0 1 5			0.03		1.84		0.13		0.4367	0.34	41.7114803244	7.6693
4 1 5			0.03		1.87		0.12		0.43684	1.53	74.3771604481	7.6693
1 -1 2			0.02		1.89		0.12		0.43728	0.39	32.1995090242	11.6912
0 2 7			-0.05		1.84		0.13		0.44382	0.0	72.5085769296	0.0094
4 1 3			0.03		1.87		0.13		0.44383	0.15	68.408649436	0.0043
3 1 2			0.02		1.89		0.12		0.44402	0.11	52.5840292854	11.6912
0 1 6			-0.14		1.75		0.14		0.4521	0.0	47.2608104201	2.0239
0 1 7			0.01		1.77		0.14		0.45126	0.26	53.2385720724	8.4036
1 1 2			0.03		1.79		0.14		0.45128	0.52	32.1995090242	11.6912
-1 -1 -2			0.02		1.82		0.13		0.45131	0.31	32.1995090242	11.6912
1 0 7			0.02		1.84		0.13		0.4507	0.54	48.0896902272	2.8781
3 2 4			-0.01		1.82		0.13		0.44959	0.0	76.369138646	3.3351
2 2 5			0.01		1.84		0.13		0.45052	0.26	70.7747179536	2.8196
3 1 5			-0.14		1.69		0.15		0.44768	0.09	61.4399691436	8.5457
2 1 2			0.01		1.7		0.15		0.44791	0.36	40.8238903893	0.1747
0 1 4			-0.02		1.68		0.16		0.44812	0.09	36.6772811508	0.4076
3 0 3			0.01		1.69		0.15		0.4488	0.33	47.4629609511	3.2424
2 2 3			0.02		1.7		0.15		0.44856	0.31	64.6616050849	6.6891
2 2 6			-0.03		1.68		0.16		0.44845	0.0	74.8444416707	3.2648
0 0 4			-0.02		1.66		0.16		0.44791	0.08	25.6679215219	1.7476
1 1 6			0.02		1.68		0.16		0.44804	0.38	49.5460147793	8.8974
-2 0 4			-0.02		1.66		0.16		0.44752	0.22	38.5541558059	1.7476
2 1 4			-0.02		1.64		0.16		0.44771	2.11	46.9440445598	0.4076
4 0 4			-0.01		1.63		0.16		0.44721	0.13	64.9051128666	1.7476