HKL Value		Reward		TotalReward	Chi Squared	Z Appr. 	Error	Two-Thetas	Sfs2
3 1 3			0.0		0.0		0.0		0.5	0.4	54.7770496801	12.6586
4 0 4			0.0		0.0		0.44		0.50271	0.13	64.9051128666	1.7476
1 1 3			0.19		0.19		0.37		0.50744	0.54	35.3770121777	12.6586
2 2 5			-0.43		-0.24		0.65		0.41011	0.26	70.7747179536	2.8196
1 0 8			0.33		0.09		0.49		0.41011	0.24	54.8685935926	0.0
0 0 -8			0.01		0.1		0.48		0.43635	0.38	52.7511004195	15.5355
2 2 4			-0.09		0.01		0.53		0.43532	0.5	67.3692384702	10.6939
2 0 5			0.17		0.18		0.45		0.43532	5.26	43.4052500519	0.0
3 1 0			0.14		0.32		0.4		0.43532	0.86	50.7823995615	0.002
1 0 6			0.12		0.44		0.35		0.43532	0.25	41.5701214249	0.0
3 0 4			0.11		0.55		0.32		0.43532	0.64	50.7360354343	0.0
1 1 7			0.09		0.65		0.29		0.43472	0.15	55.34320722	1.1017
0 0 7			0.09		0.74		0.27		0.43472	0.2	45.7499157105	0.0
3 0 7			0.04		0.78		0.26		0.43628	0.18	64.5726747292	2.8781
4 0 1			0.08		0.85		0.24		0.43628	0.27	58.8934376912	0.0
4 1 1			0.07		0.92		0.22		0.43628	0.21	65.3342299592	0.4263
1 0 0			0.07		0.99		0.21		0.43628	0.0	14.0285801003	0.0
4 1 4			-0.08		0.9		0.23		0.43735	0.37	71.0458443611	0.4076
1 0 7			0.04		0.94		0.22		0.43801	0.54	48.0896902272	2.8781
1 0 4			0.06		1.0		0.21		0.43801	0.08	29.3672081998	0.0
4 0 5			0.05		1.05		0.2		0.43801	0.26	68.3700248267	0.0
1 -1 2			0.04		1.09		0.19		0.43817	0.39	32.1995090242	11.6912
1 0 1			0.02		1.11		0.19		0.43816	0.06	15.4189733366	0.0644
3 0 0			0.05		1.15		0.18		0.43815	0.45	42.9814560157	0.0
2 0 3			0.04		1.2		0.17		0.43815	0.09	34.3920319457	0.0
3 1 2			0.03		1.23		0.17		0.43831	0.11	52.5840292854	11.6912
3 0 2			0.04		1.27		0.16		0.4383	0.46	45.0164041053	0.0
0 1 5			0.04		1.31		0.15		0.4383	0.34	41.7114803244	7.6693
0 0 3			0.04		1.34		0.15		0.4383	0.03	19.1797885945	0.0
1 2 6			0.01		1.36		0.15		0.43907	0.11	69.4566609057	1.2895
3 1 7			0.01		1.37		0.14		0.43842	0.32	70.7276559911	1.1017
0 1 7			0.03		1.4		0.14		0.43861	0.26	53.2385720724	8.4036
3 2 2			-0.0		1.4		0.14		0.43849	0.0	71.9603042663	6.6617
3 2 0			-0.0		1.39		0.14		0.43849	0.67	70.467230504	2.2538
1 1 4			0.03		1.42		0.14		0.43849	0.3	39.4492672371	0.9567
0 2 7			-0.07		1.35		0.15		0.44055	0.0	72.5085769296	0.0094
2 0 7			0.03		1.38		0.14		0.44055	4.16	54.6555056564	0.0
4 0 3			0.03		1.41		0.14		0.44055	0.29	62.1413926063	0.0
3 0 3			-0.03		1.37		0.14		0.44117	0.33	47.4629609511	3.2424
3 1 4			0.02		1.4		0.14		0.44117	0.33	57.7518627408	0.9567
2 1 1			0.02		1.42		0.14		0.44117	0.13	39.1745550983	0.4263
3 0 8			0.02		1.45		0.14		0.44117	0.3	70.3147352648	0.0
3 2 3			-0.07		1.37		0.15		0.44122	1.08	73.8091166097	1.7896
1 1 2			0.02		1.39		0.14		0.44129	0.52	32.1995090242	11.6912
2 0 6			-0.04		1.36		0.15		0.44038	0.73	48.8015573959	6.3028
-1 -1 2			0.02		1.38		0.15		0.44045	0.13	32.1995090242	11.6912
3 2 1			-0.06		1.31		0.16		0.44045	0.17	70.8417473216	1.0468
0 0 4			0.0		1.31		0.16		0.44022	0.08	25.6679215219	1.7476
1 2 7			-0.0		1.31		0.16		0.44038	0.71	74.291810142	3.5836
0 1 4			-0.03		1.28		0.16		0.44066	0.09	36.6772811508	0.4076
2 1 8			-0.09		1.19		0.18		0.44221	0.22	67.2524657177	7.5134