HKL Value		Reward		TotalReward	Chi Squared	Z Appr. 	Error	Two-Thetas	Sfs2
0 0 -8			0.0		0.0		0.0		0.5	0.38	52.7511004195	15.5355
1 0 0			0.0		0.0		0.0		0.49986	0.0	14.0285801003	0.0
3 0 7			-1.0		-1.0		0.04		0.43839	0.18	64.5726747292	2.8781
1 1 6			-0.4		-1.4		0.06		0.43907	0.38	49.5460147793	8.8974
-2 0 4			-0.2		-1.6		0.07		0.43833	0.22	38.5541558059	1.7476
3 2 0			-0.19		-1.79		0.09		0.43833	0.67	70.467230504	2.2538
2 0 3			0.2		-1.59		0.08		0.43833	0.09	34.3920319457	0.0
3 2 3			-0.49		-2.08		0.15		0.43851	1.08	73.8091166097	1.7896
1 0 5			-0.31		-2.39		0.22		0.44249	0.22	35.3149362404	7.049
1 0 8			0.13		-2.27		0.19		0.44248	0.24	54.8685935926	0.0
3 0 0			0.11		-2.15		0.17		0.44248	0.45	42.9814560157	0.0
4 0 3			0.1		-2.05		0.16		0.44248	0.29	62.1413926063	0.0
0 0 8			0.01		-2.05		0.16		0.44047	0.5	52.7511004195	15.5355
3 0 3			-0.07		-2.12		0.17		0.44135	0.33	47.4629609511	3.2424
2 1 8			-0.21		-2.33		0.22		0.4437	0.22	67.2524657177	7.5134
3 2 2			0.01		-2.32		0.21		0.44359	0.0	71.9603042663	6.6617
4 0 4			0.0		-2.32		0.21		0.4432	0.13	64.9051128666	1.7476
1 0 6			0.06		-2.26		0.2		0.4432	0.25	41.5701214249	0.0
3 2 4			0.04		-2.22		0.19		0.44292	0.0	76.369138646	3.3351
0 0 6			-0.07		-2.29		0.21		0.4416	0.27	38.9249808314	6.3028
2 1 0			-0.01		-2.3		0.21		0.4416	0.16	38.6117414796	0.0084
2 1 4			-0.04		-2.34		0.22		0.44194	2.11	46.9440445598	0.4076