Number of epochs: 475e-01
8.962000426448596402e-02
-7.823745019270159085e-02
-3.265335876390854652e-01
5.719651661224218753e-01
-2.717654161926159051e-01
-3.810802205173748902e-01
-3.696836633469401806e-02
-4.281398249666644729e-01
-3.047821537955674315e-02
-2.479767329297828116e-01
-1.557164401206835580e-01
3.608027254774264780e-01
-3.457041170413026054e-01
1.557953474446074627e-01
-2.990735369973082647e-01
5.189119657028078147e-02
-2.452376879059336989e-02
6.746594447178758669e-01
-4.819626379751474482e-02
-3.382366886548364149e-01
-2.219931306720128797e-02
-4.032728193251620685e-01
-1.365832196710684565e-01
-2.434042161342565569e-01
-1.734825758167130028e-01
-3.799989301251913143e-02
-4.705612629104402034e-01
9.686924666321874988e-02
-4.584007298586673662e-01
1.072116828585172321e-01
-8.485342384930574799e-02
5.204579399452446964e-02
-2.570785466033440603e-01
5.117508012459481143e-02
-2.928710364526955212e-01
-2.353946281508395577e-02
-1.290959495295432857e-01
-2.441926678194496492e-01
-3.909266299132457267e-01
-1.392739212662491843e-01
-2.283227778775460126e-01
-4.803371986499492541e-02
-3.214842148249424381e-01
-7.320572245682353818e-02
-1.670961957148655863e-01
1.573223155795155648e-01
-3.410441797723006152e-01
1.214237579658890703e-01
-1.038550957091704252e-01
5.894007354757101469e-01
-2.920955314910318457e-01
5.322104745938985998e-02
-2.878768081567178658e-02
4.283115706161383374e-02
-1.753848238959999570e-02
-3.372497332773441991e-01
-5.494532510348079657e-02
-4.408411236881005224e-01
-2.756301184077301208e-02
-3.131969012283610798e-01
-1.745675116240114344e-01
-1.932332843627725116e-01
-2.749655019393246747e-01
-2.153857235995522423e-01
-3.359651856446372875e-01
-4.807623227129027843e-02
-4.872508835361135660e-01
6.396675440996400785e-02
-4.355331036558277580e-01
8.141449504549956584e-02
-1.501932202687982221e-01
5.311801221390536482e-02
-3.349493195434941617e-01
-1.908489079718724835e-01
-1.920197677953066479e-02
-3.791085249942233865e-02
-2.888276664618699141e-01
-3.641341019541856350e-02
-2.543816302806558016e-01
-2.260302799325220879e-01
-4.057756438187032355e-02
-4.254022466614037351e-02
-2.220349592161979246e-01
-2.809084363867870304e-01
