Number of epochs: 200e-01
7.602426693765135246e-02
-3.953042692242107053e-02
-3.006489544249851820e-01
3.826570418548111419e-01
-3.540271740126352817e-01
-3.310589673273652833e-01
-1.499048262440035723e-02
-3.966943183260208117e-01
-3.042776606210235296e-02
-1.494482137062717042e-01
-1.134447914107427069e-01
2.454484418045050076e-01
-2.810629966237955801e-01
1.243365294326837373e-01
-2.890289393460443446e-01
4.777837068592264563e-02
-2.609404538485274663e-02
6.089492722765506016e-01
-2.434825535784533590e-02
-2.509923692523039485e-01
-1.509830903565473857e-02
-2.642179819663478813e-01
-8.381235021396728213e-02
-2.002604682491817278e-01
-1.751913904046897286e-01
-3.993700616139438109e-02
-4.146444488555608987e-01
7.133963005629280485e-02
-3.788806810637563305e-01
1.650833620933823132e-01
-3.319774429311887765e-02
7.689024285124723690e-02
-2.745357771506853339e-01
5.740234415624463626e-02
-2.191094097203239999e-01
2.963848947624780125e-03
-1.164568656067227898e-01
-2.478167896793943281e-01
-2.924155732847972256e-01
-8.753340982095152156e-02
-1.395816378774578925e-01
-3.732095573426591484e-02
-2.668867034415812745e-01
-3.354754476164415605e-02
-1.310033589301988488e-01
1.099125782187540257e-01
-2.226408939724932590e-01
1.003898450978908397e-01
-5.862649705288734692e-02
4.991013184013607384e-01
-1.684261035108520210e-01
6.499657479290656126e-02
-9.041580629131337754e-03
4.622764635336330807e-02
3.100443494438165706e-02
-2.200983055132459121e-01
-1.016102780687650614e-02
-2.731416340032719048e-01
-7.915042773733751286e-03
-2.341084596644987526e-01
-1.855312614070739052e-01
-1.915614333798307811e-01
-3.124241350204712275e-01
-1.088968467350782815e-01
-3.005086763807223171e-01
-2.861527633461485517e-02
-4.542310940264654984e-01
9.558990276241198514e-02
-3.910984923582845330e-01
7.185047370059566285e-02
-8.736766699385563328e-02
5.815018310615743813e-02
-3.164292293310400073e-01
-1.635935481405806635e-01
2.205654875042860688e-03
-1.115774597158338856e-02
-2.664549524759269317e-01
-1.808599826204833338e-02
-2.878578757200529470e-01
-1.350432935558344705e-01
-3.256313853547648102e-02
-1.559588964568412416e-02
-7.695699927761592840e-02
-1.827932751770258157e-01
