HKL Value		Reward		TotalReward	Chi Squared	Z Appr. 	Error	Two-Thetas	Sfs2
4 0 5			0.0		0.0		0.0		0.5	0.26	68.3700248267	0.0
2 0 3			0.0		0.0		0.0		0.5	0.09	34.3920319457	0.0
3 0 4			0.9		0.9		0.0		0.5	0.64	50.7360354343	0.0
3 0 6			0.46		1.35		0.0		0.5	0.11	59.366558438	0.0
4 0 3			0.29		1.65		0.0		0.5	0.29	62.1413926063	0.0
2 0 7			-0.17		1.48		0.0		0.49999	4.16	54.6555056564	0.0
2 0 1			0.2		1.68		0.0		0.49999	0.15	29.01034049	0.0
0 0 7			0.11		1.79		0.0		0.49999	0.2	45.7499157105	0.0
3 0 0			0.14		1.93		0.0		0.49999	0.45	42.9814560157	0.0
1 0 4			0.08		2.01		0.0		0.49999	0.08	29.3672081998	0.0
1 0 0			0.11		2.12		0.0		0.49999	0.0	14.0285801003	0.0
0 0 3			0.1		2.22		0.0		0.49999	0.03	19.1797885945	0.0
3 0 2			0.21		2.43		0.0		0.49999	0.46	45.0164041053	0.0
4 0 1			-0.15		2.28		0.0		0.49999	0.27	58.8934376912	0.0
2 0 5			-0.5		1.78		0.0		0.49999	5.26	43.4052500519	0.0
3 0 8			-0.77		1.01		0.0		0.50005	0.3	70.3147352648	0.0