Number of epochs: 400e-01
6.682227287309758235e-02
-1.976446663142278348e-01
-2.760709113574894569e-01
1.414299885913038735e-01
-1.636890528689567414e-01
-2.794183875025658126e-01
-2.615542537262524614e-03
-3.978639000666105985e-01
-1.206411766912540880e-02
-2.408400288387974320e-01
-1.901154237595185925e-01
8.494167865493590375e-02
-2.248106076815704069e-01
1.003040166802627309e-01
-1.704981201172650618e-01
3.929611654259080461e-02
3.414782018760151999e-02
4.621655150478871238e-02
-1.529374138293989639e-02
-4.737369000170749134e-01
-1.429983791101525068e-04
-3.672969304758149089e-01
-2.247237224405919040e-02
-2.015907339246836016e-01
-1.511569075632837600e-02
-1.147256132307172827e-01
-4.113552044390880735e-01
1.354222916818393352e-01
-3.865423746314696207e-01
9.800505829502707822e-02
-6.499484657628440409e-02
4.959103650900304611e-02
-2.785329669591370960e-01
2.186743690368779247e-01
-1.099974758238654871e-01
-5.850372764285034083e-04
-1.005287006788167931e-01
-2.637956398836568961e-01
-3.796251949462299269e-01
-1.428467111252921737e-02
-3.240905889129606643e-01
-5.497256227603200887e-03
-4.422410032209662667e-01
-1.220933097360157593e-01
-2.180867926382045463e-01
1.012016587050655753e-01
-1.701776014141619942e-01
5.412897884216957833e-02
-2.662567290745875281e-01
5.094237322812382729e-01
-2.545069935675496886e-01
3.355574588839371764e-01
-2.275789015705367499e-02
4.852214811714764681e-02
9.721273468508810633e-03
-2.854929534732464913e-01
-2.097889245538840045e-03
-3.594465387129447964e-01
-3.159247968251575390e-04
-2.613996536490754141e-01
-2.457837246193910474e-01
-6.832544223738774847e-02
-2.827066084411303803e-01
-6.153743423189793338e-02
-3.419605703309052114e-01
-7.537598101980048926e-02
-5.056082856648963508e-01
5.091346108005669752e-02
-3.481290331358766754e-01
1.974706324068427055e-01
-7.733602190110575036e-02
6.033677998498029327e-01
-2.532101969893095772e-01
-1.487041637742331224e-01
-4.597056204306602749e-05
-2.799328038660176422e-03
-3.322876756981166246e-01
-8.049418305618435965e-03
-1.636332283085870642e-01
4.131964244680129579e-03
-3.374412991123511198e-03
-3.242460280417395427e-03
-1.660439136832786433e-01
-1.952491644929882642e-01
