HKL Value		Reward		TotalReward	Chi Squared	Z Appr. 	Error	Two-Thetas	Sfs2
3 3 7			0.0		0.0		0.0		0.3	0.1558	47.1418707618	3.5073
6 2 10			0.0		0.0		14.21		0.33049	0.7103	71.9901825081	43.9921
6 0 8			3.51		3.51		7.18		0.33015	2.9234	64.163237895	5.3359
0 2 16			0.25		3.77		6.68		0.32773	1.8687	67.2407114996	13.8307
4 6 0			0.83		4.6		5.02		0.32773	0.7863	67.1083315067	59.4729
7 1 7			0.19		4.78		4.64		0.32975	0.3505	72.2660298289	5.0526
0 6 8			0.38		5.16		3.89		0.32951	0.7694	64.1950429677	5.6946
6 4 0			0.28		5.44		3.34		0.32951	1.8287	67.0910631577	58.6803
7 3 1			-0.03		5.41		3.36		0.32936	0.5095	71.5359286583	22.1332
0 6 2			0.02		5.43		3.32		0.32931	0.2356	55.3895592761	6.1752
4 6 2			0.09		5.52		3.14		0.3292	0.2349	67.657370766	5.5969
6 4 2			0.09		5.61		2.96		0.32911	0.2211	67.6401768609	4.8049
0 6 16			0.04		5.66		2.87		0.32803	0.4825	89.3859051251	7.6515
2 0 16			0.0		5.66		2.86		0.32706	0.5935	67.2372591268	11.8907
6 0 2			0.01		5.68		2.83		0.32704	0.2214	55.354768557	5.4487
5 3 9			-0.02		5.65		2.86		0.3267	0.4833	65.0662013285	20.8409
2 0 14			-0.03		5.63		2.88		0.32746	0.2634	58.6945218607	7.3942
0 2 14			-0.04		5.59		2.92		0.32868	0.2479	58.6982494177	6.3292