HKL Value		Reward		TotalReward	Chi Squared	Z Appr. 	Error	Two-Thetas	Sfs2
3 3 7			0.0		0.0		0.0		0.3	0.1558	47.1418707618	3.5073
6 2 10			0.0		0.0		14.21		0.33049	0.7103	71.9901825081	43.9921
6 0 8			3.51		3.51		7.18		0.33015	2.9234	64.163237895	5.3359
0 2 12			-12.53		-9.01		19.71		0.32291	0.3827	50.6142203783	17.5707
4 6 0			2.46		-6.55		14.79		0.3229	0.7863	67.1083315067	59.4729
7 1 7			0.29		-6.26		14.21		0.32509	0.3505	72.2660298289	5.0526
0 6 8			1.17		-5.1		11.87		0.32522	0.7694	64.1950429677	5.6946
1 7 5			-8.53		-13.62		20.4		0.32582	1.0841	69.0835930101	99.7513
6 4 0			1.27		-12.35		17.85		0.32582	1.8287	67.0910631577	58.6803
4 6 2			0.92		-11.43		16.01		0.32577	0.2349	67.657370766	5.5969
6 4 2			0.76		-10.67		14.5		0.3257	0.2211	67.6401768609	4.8049
2 0 14			0.47		-10.2		13.55		0.32703	0.2634	58.6945218607	7.3942
0 2 14			0.42		-9.78		12.71		0.32932	0.2479	58.6982494177	6.3292
0 6 2			0.37		-9.4		11.96		0.3293	0.2356	55.3895592761	6.1752
1 7 7			0.39		-9.01		11.18		0.33033	0.4353	72.3061031614	6.1143
6 0 2			0.29		-8.73		10.61		0.33031	0.2214	55.354768557	5.4487
3 5 7			0.29		-8.44		10.03		0.33154	0.2309	60.5203777188	5.6046
5 3 7			0.27		-8.17		9.49		0.33283	0.2523	60.5057581853	5.4388
1 5 7			3.55		-4.62		2.39		0.38093	0.6035	54.1236034243	4.2528
5 1 7			0.05		-4.57		2.29		0.3807	0.2609	54.1000446603	4.252
2 4 8			-0.37		-4.94		2.66		0.38123	0.1687	51.4325245866	2.4593
4 0 6			-16.99		-21.93		19.65		0.37826	5.3963	42.900258124	488.2208
1 1 13			1.6		-20.33		16.45		0.35223	0.3722	52.9310122384	10.9703
4 2 8			0.35		-19.97		15.74		0.35241	0.7605	51.4203212226	2.5419
1 5 13			0.19		-19.79		15.37		0.35289	1.1973	71.2966048402	12.6128
3 3 13			0.22		-19.57		14.93		0.35358	0.5636	65.4922780779	9.1158
5 1 13			0.19		-19.38		14.55		0.35826	0.4567	71.2764535317	11.3258
1 3 13			0.23		-19.14		14.08		0.36031	0.3907	59.4200243294	11.5335
3 1 13			0.23		-18.91		13.62		0.36106	0.3869	59.4126405656	11.7895
6 0 6			0.19		-18.72		13.24		0.36059	1.0815	60.1501886982	39.9969
0 6 6			0.18		-18.54		12.88		0.36	1.0147	60.183190367	40.9583
2 0 6			-0.41		-18.96		13.3		0.35246	1.6278	29.1406672869	128.8477
4 2 6			0.18		-18.78		12.94		0.3517	1.6049	46.7233273538	62.1975
3 1 7			0.17		-18.61		12.59		0.35158	0.257	39.2655360855	5.205
0 6 16			0.14		-18.47		12.32		0.35086	0.4825	89.3859051251	7.6515
1 3 7			0.15		-18.31		12.01		0.35075	0.1893	39.2755843192	5.3372
9 1 1			0.11		-18.2		11.79		0.35062	0.8793	87.9915459652	19.6393
7 3 1			0.09		-18.12		11.62		0.35049	0.5095	71.5359286583	22.1332
2 4 6			0.13		-17.99		11.36		0.35003	0.785	46.7364348384	64.2552
1 1 15			0.02		-17.97		11.31		0.34819	0.656	61.3839959686	20.6242
2 0 16			0.08		-17.88		11.15		0.34765	0.5935	67.2372591268	11.8907
0 6 10			0.1		-17.78		10.94		0.34774	0.8527	69.1637693973	8.5049
1 1 3			-0.05		-17.83		10.99		0.3476	0.4514	16.9416048235	36.8187
6 0 10			0.09		-17.74		10.8		0.34768	1.0728	69.1331306246	8.9056
5 5 1			0.07		-17.67		10.67		0.34759	0.5073	65.769247456	23.9531
6 0 0			0.07		-17.6		10.54		0.34759	0.7256	54.7363985401	55.434
4 2 10			0.07		-17.54		10.4		0.34769	1.1102	57.0442200735	11.3144
3 7 1			0.05		-17.48		10.29		0.3476	1.2822	71.5694631273	22.2453
5 3 9			0.11		-17.37		10.08		0.34766	0.4833	65.0662013285	20.8409
0 2 16			0.04		-17.33		9.99		0.34728	1.8687	67.2407114996	13.8307
4 2 14			0.05		-17.28		9.9		0.34817	1.2576	70.6282605877	19.9713
2 4 14			0.06		-17.22		9.78		0.34891	0.5221	70.6383718296	19.4111
0 6 0			0.03		-17.19		9.72		0.34891	1.4277	54.7714555341	59.4019
2 4 10			0.05		-17.15		9.62		0.34894	0.607	57.0555982332	12.0937
4 2 2			0.02		-17.12		9.58		0.34894	0.457	40.8620305525	12.2524
3 5 9			0.09		-17.04		9.41		0.34896	0.4755	65.0802252419	19.5165
5 5 7			0.08		-16.96		9.25		0.34891	0.6639	72.2860687267	4.3062
2 4 2			0.01		-16.95		9.23		0.3489	0.3828	40.8766170199	13.2501
0 4 20			-0.4		-17.36		9.64		0.33037	1.027	94.1654323607	18.6345
0 0 20			0.07		-17.28		9.49		0.33052	0.4542	83.3712939521	4.3689
1 5 1			0.01		-17.28		9.48		0.33049	0.4978	46.196563203	27.3004
3 3 1			-0.01		-17.28		9.48		0.33044	0.5106	38.1558496662	33.1617
7 1 1			0.02		-17.26		9.45		0.3304	0.5207	65.7483230412	25.2044
1 7 1			0.01		-17.25		9.42		0.33036	0.5219	65.7901743415	26.2984
5 1 1			0.01		-17.24		9.41		0.33032	0.5346	46.1701152	26.7419
2 6 10			0.01		-17.24		9.39		0.32982	0.7069	72.0169435829	44.7171
4 6 6			-0.07		-17.31		9.46		0.32974	1.1903	71.9781772466	41.9784
4 0 10			0.01		-17.3		9.44		0.32935	0.6243	53.7713327333	45.2096
2 2 10			0.01		-17.29		9.42		0.32901	0.6429	46.7739448495	44.8949
0 0 10			0.02		-17.26		9.38		0.32874	0.8316	38.8438017949	41.7013
4 4 10			0.01		-17.26		9.36		0.32847	0.6886	66.23802526	47.6672
0 4 10			0.03		-17.23		9.31		0.32825	0.9893	53.7871001638	44.1425
5 1 9			-0.05		-17.28		9.36		0.3281	0.4583	58.9619928854	19.0838
3 5 1			-0.0		-17.28		9.36		0.32808	0.5283	53.2544885252	31.9012
0 6 14			-0.04		-17.31		9.39		0.32795	0.9096	81.7552219026	27.2955