HKL Value		Reward		TotalReward	Chi Squared	Z Appr. 	Error	Two-Thetas	Sfs2
0 6 18			0.0		0.0		0.0		0.3	0.7949	98.0280769063	1.8601
4 6 6			0.0		0.0		0.62		0.30487	1.1903	71.9781772466	41.9784
2 0 16			6.88		6.88		0.54		0.30161	0.5935	67.2372591268	11.8907
3 3 15			6.93		13.81		0.52		0.30151	0.3402	73.0835579415	3.8877
3 1 15			4.93		18.74		0.95		0.30135	0.2871	67.3554895111	7.7692
1 1 7			0.2		18.94		14.6		0.31816	0.2012	29.7561292971	6.5386
6 0 2			1.68		20.62		12.52		0.31816	0.2214	55.354768557	5.4487
6 4 6			1.58		22.2		11.66		0.31801	0.9247	71.9614498967	41.9809
2 2 8			0.03		22.23		33.64		0.31805	1.8488	40.1384116224	216.1995
7 3 1			1.19		23.42		30.19		0.31803	0.5095	71.5359286583	22.1332
2 0 14			1.16		24.57		27.73		0.31783	0.2634	58.6945218607	7.3942
0 2 16			1.16		25.74		25.74		0.31822	1.8687	67.2407114996	13.8307
2 0 2			1.05		26.78		25.17		0.31818	0.6502	19.2320929378	35.9547
3 5 9			1.22		28.0		23.24		0.31816	0.4755	65.0802252419	19.5165
4 6 0			1.24		29.24		21.58		0.31816	0.7863	67.1083315067	59.4729
1 3 1			1.15		30.39		21.03		0.31814	0.5324	28.3265170018	42.1271
3 1 1			1.15		31.54		20.53		0.31811	0.5239	28.3131072915	41.7464
0 4 16			1.25		32.79		19.42		0.31829	1.5557	75.7704700384	94.8658
6 0 6			1.28		34.07		18.36		0.31827	1.0815	60.1501886982	39.9969
4 2 10			1.3		35.37		17.4		0.31832	1.1102	57.0442200735	11.3144
2 4 2			1.28		36.65		16.84		0.3183	0.3828	40.8766170199	13.2501
2 2 10			1.33		37.98		16.09		0.31843	0.6429	46.7739448495	44.8949
0 0 10			1.35		39.33		15.42		0.31856	0.8316	38.8438017949	41.7013
6 2 10			1.37		40.7		14.82		0.31869	0.7103	71.9901825081	43.9921
0 0 20			1.4		42.1		14.22		0.31863	0.4542	83.3712939521	4.3689
0 6 10			1.41		43.52		13.71		0.31875	0.8527	69.1637693973	8.5049
0 2 12			1.38		44.9		13.51		0.31836	0.3827	50.6142203783	17.5707
3 5 1			1.4		46.3		13.31		0.31835	0.5283	53.2544885252	31.9012
0 6 14			1.4		47.69		13.17		0.31841	0.9096	81.7552219026	27.2955
3 3 1			1.41		49.1		13.0		0.31839	0.5106	38.1558496662	33.1617
2 4 0			1.38		50.48		13.03		0.31839	1.4359	40.0960076051	88.2765
1 5 9			1.45		51.93		12.69		0.31827	0.4394	58.984264935	17.7365
4 4 2			0.96		52.89		15.44		0.31831	1.2125	52.0311030722	128.6454
7 3 3			1.26		54.15		15.51		0.31833	1.9283	72.601334037	69.5466
6 2 4			1.25		55.4		15.63		0.31822	0.8727	60.3342977717	77.9073