HKL Value		Reward		TotalReward	Chi Squared	Z Appr. 	Error	Two-Thetas	Sfs2
3 3 15			0.0		0.0		0.0		0.3	0.3402	73.0835579415	3.8877
2 0 16			0.0		0.0		0.47		0.30113	0.5935	67.2372591268	11.8907
6 0 12			8.59		8.59		0.35		0.3011	0.5892	74.995462768	0.9301
4 6 6			7.77		16.36		0.41		0.30161	1.1903	71.9781772466	41.9784
0 6 18			7.45		23.81		0.45		0.3015	0.7949	98.0280769063	1.8601
0 2 18			6.69		30.5		0.55		0.30107	0.3755	76.3208597895	3.7538
3 1 15			5.38		35.88		0.82		0.30093	0.2871	67.3554895111	7.7692
6 0 2			5.3		41.17		0.88		0.30084	0.2214	55.354768557	5.4487
7 3 1			5.18		46.36		0.92		0.30071	0.5095	71.5359286583	22.1332
0 6 0			3.8		50.16		1.54		0.30071	1.4277	54.7714555341	59.4019
6 4 6			4.18		54.34		1.45		0.30127	0.9247	71.9614498967	41.9809
3 3 13			1.18		55.51		6.25		0.29447	0.5636	65.4922780779	9.1158
0 2 16			1.97		57.49		6.33		0.29466	1.8687	67.2407114996	13.8307
6 4 2			2.16		59.64		5.85		0.29466	0.2211	67.6401768609	4.8049
2 0 14			2.21		61.85		5.48		0.29456	0.2634	58.6945218607	7.3942
0 6 2			2.25		64.1		5.2		0.29455	0.2356	55.3895592761	6.1752
4 6 0			2.33		66.43		4.88		0.29455	0.7863	67.1083315067	59.4729
0 6 8			2.39		68.82		4.61		0.29459	0.7694	64.1950429677	5.6946
5 1 1			2.34		71.16		4.59		0.29456	0.5346	46.1701152	26.7419
0 4 4			2.39		73.55		4.47		0.29448	0.8482	39.0545896029	78.0016
5 3 1			2.34		75.88		4.53		0.29445	0.5252	53.2386121167	32.835
3 5 9			2.17		78.05		4.93		0.29445	0.4755	65.0802252419	19.5165
0 6 12			2.35		80.4		4.71		0.29444	0.3425	75.0250979777	1.887
4 2 2			2.33		82.73		4.65		0.29442	0.457	40.8620305525	12.2524
1 3 1			2.23		84.96		4.85		0.29439	0.5324	28.3265170018	42.1271
3 1 13			2.04		87.01		5.4		0.29343	0.3869	59.4126405656	11.7895
0 6 16			2.18		89.18		5.34		0.29347	0.4825	89.3859051251	7.6515
4 6 2			2.24		91.43		5.14		0.29347	0.2349	67.657370766	5.5969
3 3 9			2.18		93.6		5.21		0.29346	0.3816	52.4524123761	12.0632
0 4 18			1.96		95.57		5.8		0.29475	0.8369	84.5238780681	17.4513
1 7 1			2.1		97.66		5.74		0.29473	0.5219	65.7901743415	26.2984
2 0 10			2.12		99.78		5.66		0.29466	0.6169	42.9543880851	20.236
6 0 6			2.03		101.82		5.84		0.2948	1.0815	60.1501886982	39.9969
2 6 4			2.11		103.93		5.73		0.29474	0.8772	60.3635846112	78.02
3 1 1			2.05		105.98		5.84		0.29472	0.5239	28.3131072915	41.7464
0 4 16			1.91		107.89		6.3		0.29531	1.5557	75.7704700384	94.8658
2 4 2			2.01		109.9		6.23		0.2953	0.3828	40.8766170199	13.2501
5 5 1			2.06		111.96		6.08		0.29529	0.5073	65.769247456	23.9531
0 6 6			1.98		113.93		6.23		0.29545	1.0147	60.183190367	40.9583
1 1 9			2.06		115.99		6.07		0.29548	0.2216	37.1193146943	1.1702
1 3 9			2.05		118.04		6.01		0.29546	0.2622	45.3040218183	7.1674
6 4 0			2.09		120.13		5.87		0.29546	1.8287	67.0910631577	58.6803
3 7 1			2.11		122.24		5.75		0.29546	1.2822	71.5694631273	22.2453
2 2 16			1.92		124.16		6.23		0.29624	1.1693	70.1293332912	108.6018
0 2 10			2.03		126.18		6.16		0.29617	0.4317	42.9590557724	21.0204
4 2 14			2.01		128.2		6.16		0.29596	1.2576	70.6282605877	19.9713
0 0 4			2.04		130.24		6.08		0.2959	0.8482	15.2869714585	59.1035
5 1 9			1.98		132.22		6.2		0.29595	0.4583	58.9619928854	19.0838
3 5 1			2.01		134.24		6.19		0.29593	0.5283	53.2544885252	31.9012
3 3 1			2.02		136.25		6.17		0.29591	0.5106	38.1558496662	33.1617
7 1 1			2.03		138.29		6.11		0.2959	0.5207	65.7483230412	25.2044
4 2 10			1.91		140.2		6.44		0.29564	1.1102	57.0442200735	11.3144
6 0 8			2.01		142.21		6.32		0.29564	2.9234	64.163237895	5.3359
5 3 7			0.83		143.04		11.47		0.29893	0.2523	60.5057581853	5.4388
0 4 20			1.23		144.27		12.79		0.29555	1.027	94.1654323607	18.6345
0 2 12			1.4		145.67		12.76		0.29555	0.3827	50.6142203783	17.5707
0 0 18			1.44		147.11		12.54		0.29578	0.6609	73.530655613	37.988
1 5 9			1.42		148.53		12.51		0.29584	0.4394	58.984264935	17.7365
0 6 14			1.43		149.96		12.44		0.29558	0.9096	81.7552219026	27.2955
2 2 10			1.37		151.32		12.73		0.29529	0.6429	46.7739448495	44.8949
4 2 6			1.38		152.7		12.84		0.2955	1.6049	46.7233273538	62.1975
0 6 10			1.32		154.03		13.25		0.2951	0.8527	69.1637693973	8.5049