HKL Value		Reward		TotalReward	Chi Squared	Z Appr. 	Error	Two-Thetas	Sfs2
0 6 18			0.0		0.0		0.0		0.3	0.7949	98.0280769063	1.8601
4 6 6			0.0		0.0		0.62		0.30487	1.1903	71.9781772466	41.9784
1 7 5			0.0		0.0		39.58		0.30605	1.0841	69.0835930101	99.7513
2 0 16			1.77		1.77		26.62		0.30165	0.5935	67.2372591268	11.8907
6 2 0			0.0		1.77		90.51		0.30165	4.3933	57.9728440251	566.5186
3 3 15			1.13		2.9		72.51		0.30155	0.3402	73.0835579415	3.8877
1 3 3			1.01		3.91		64.6		0.30214	0.7045	30.3940112777	66.1614
3 1 15			1.12		5.03		55.7		0.30193	0.2871	67.3554895111	7.7692
6 0 2			1.11		6.14		48.9		0.30186	0.2214	55.354768557	5.4487
6 4 6			1.1		7.24		43.5		0.30218	0.9247	71.9614498967	41.9809
7 3 1			1.09		8.33		39.28		0.30209	0.5095	71.5359286583	22.1332
2 0 14			1.07		9.4		36.07		0.30214	0.2634	58.6945218607	7.3942
0 2 16			1.1		10.5		33.07		0.3021	1.8687	67.2407114996	13.8307
3 5 9			1.04		11.54		31.31		0.30274	0.4755	65.0802252419	19.5165
4 6 0			1.11		12.65		29.08		0.30274	0.7863	67.1083315067	59.4729
1 3 1			1.05		13.7		27.86		0.30259	0.5324	28.3265170018	42.1271
3 1 1			1.06		14.77		26.78		0.30245	0.5239	28.3131072915	41.7464
3 5 5			0.53		15.3		31.49		0.3025	1.2751	56.9624934876	133.7285
0 4 16			1.06		16.36		29.76		0.30298	1.5557	75.7704700384	94.8658
5 1 9			1.04		17.39		28.57		0.30352	0.4583	58.9619928854	19.0838
6 0 6			1.06		18.46		27.33		0.30395	1.0815	60.1501886982	39.9969
3 1 11			0.25		18.71		36.78		0.30176	2.3814	52.0481274199	292.2152
1 5 3			0.87		19.58		36.27		0.30208	0.9511	47.585042181	85.8034
4 2 10			0.87		20.45		35.78		0.30283	1.1102	57.0442200735	11.3144
2 4 2			0.95		21.4		34.49		0.30276	0.3828	40.8766170199	13.2501
0 0 10			0.85		22.25		34.48		0.30447	0.8316	38.8438017949	41.7013
2 2 10			1.06		23.31		32.22		0.31756	0.6429	46.7739448495	44.8949
6 2 10			0.99		24.3		31.12		0.31781	0.7103	71.9901825081	43.9921
4 6 2			1.0		25.3		30.04		0.3178	0.2349	67.657370766	5.5969
0 0 20			1.02		26.31		29.01		0.31774	0.4542	83.3712939521	4.3689
3 3 11			0.42		26.74		35.04		0.31773	2.1204	58.6030846927	249.5822
0 6 10			0.94		27.68		33.98		0.31793	0.8527	69.1637693973	8.5049
0 2 12			0.94		28.61		33.11		0.3175	0.3827	50.6142203783	17.5707
3 5 1			0.94		29.55		32.35		0.31748	0.5283	53.2544885252	31.9012
0 6 14			0.94		30.5		31.69		0.31757	0.9096	81.7552219026	27.2955
3 3 1			0.95		31.45		31.02		0.31756	0.5106	38.1558496662	33.1617
2 4 0			0.94		32.39		30.54		0.31756	1.4359	40.0960076051	88.2765
7 3 3			0.94		33.33		30.2		0.31758	1.9283	72.601334037	69.5466
1 5 9			0.98		34.32		29.45		0.31746	0.4394	58.984264935	17.7365
7 1 5			0.81		35.12		30.61		0.31752	1.5264	69.0427278305	98.726
2 0 2			0.93		36.06		30.32		0.31749	0.6502	19.2320929378	35.9547
6 2 4			0.94		36.99		30.04		0.31734	0.8727	60.3342977717	77.9073
2 0 12			0.97		37.96		29.47		0.31693	0.8079	50.6101057273	16.6151
0 4 10			0.98		38.94		28.86		0.31715	0.9893	53.7871001638	44.1425
6 0 0			0.99		39.93		28.31		0.31715	0.7256	54.7363985401	55.434
4 2 2			0.99		40.92		27.8		0.31714	0.457	40.8620305525	12.2524
4 2 8			0.96		41.88		27.69		0.31731	0.7605	51.4203212226	2.5419
9 1 1			1.01		42.89		27.13		0.3173	0.8793	87.9915459652	19.6393
2 4 14			1.01		43.9		26.63		0.31736	0.5221	70.6383718296	19.4111
1 5 1			1.01		44.92		26.23		0.31735	0.4978	46.196563203	27.3004
6 0 10			1.03		45.94		25.75		0.3175	1.0728	69.1331306246	8.9056
2 2 4			0.99		46.94		25.67		0.31738	0.7551	29.4672289371	73.6026
5 1 7			0.94		47.88		26.07		0.3182	0.2609	54.1000446603	4.252
4 2 12			0.98		48.86		26.08		0.31742	0.2244	63.468523569	4.7972
7 1 7			0.95		49.81		26.33		0.31801	0.3505	72.2660298289	5.0526