HKL Value		Reward		TotalReward	Chi Squared	Z Appr. 	Error	Two-Thetas	Sfs2
3 3 7			0.0		0.0		0.0		0.3	0.1558	47.1418707618	3.5073
6 2 10			0.0		0.0		14.21		0.33049	0.7103	71.9901825081	43.9921
6 0 8			3.51		3.51		7.18		0.33015	2.9234	64.163237895	5.3359
4 6 0			1.19		4.7		4.8		0.33015	0.7863	67.1083315067	59.4729
7 1 7			0.43		5.14		3.93		0.33148	0.3505	72.2660298289	5.0526
0 6 8			0.35		5.49		3.23		0.33108	0.7694	64.1950429677	5.6946
6 4 0			0.27		5.76		2.7		0.33109	1.8287	67.0910631577	58.6803
0 6 2			-0.05		5.71		2.75		0.33104	0.2356	55.3895592761	6.1752
7 3 1			-0.12		5.59		2.86		0.33089	0.5095	71.5359286583	22.1332
4 6 2			0.07		5.66		2.73		0.33078	0.2349	67.657370766	5.5969
6 4 2			0.08		5.73		2.57		0.33069	0.2211	67.6401768609	4.8049
6 0 2			-0.0		5.73		2.57		0.33065	0.2214	55.354768557	5.4487
0 6 16			-0.05		5.69		2.62		0.32957	0.4825	89.3859051251	7.6515
4 6 6			-0.87		4.81		3.49		0.32903	1.1903	71.9781772466	41.9784
2 0 14			0.09		4.91		3.3		0.33006	0.2634	58.6945218607	7.3942
0 2 16			-0.19		4.72		3.5		0.32861	1.8687	67.2407114996	13.8307
2 0 16			0.01		4.72		3.49		0.32748	0.5935	67.2372591268	11.8907
0 2 14			0.0		4.72		3.49		0.32873	0.2479	58.6982494177	6.3292
5 3 9			-0.03		4.69		3.51		0.32828	0.4833	65.0662013285	20.8409
3 5 7			0.01		4.7		3.5		0.32941	0.2309	60.5203777188	5.6046
4 2 4			-2.31		2.4		5.8		0.32969	0.7624	43.1345383828	64.2766
2 6 8			-2.59		-0.19		8.39		0.36411	4.3291	67.1483383839	218.3417
1 7 7			0.14		-0.05		8.11		0.36414	0.4353	72.3061031614	6.1143
1 5 7			0.15		0.1		7.81		0.36417	0.6035	54.1236034243	4.2528
5 3 7			0.13		0.23		7.56		0.3642	0.2523	60.5057581853	5.4388
4 2 8			0.06		0.28		7.44		0.36379	0.7605	51.4203212226	2.5419
5 1 7			0.12		0.4		7.2		0.36381	0.2609	54.1000446603	4.252
2 4 8			0.05		0.45		7.1		0.36338	0.1687	51.4325245866	2.4593
0 6 10			0.04		0.5		7.01		0.36334	0.8527	69.1637693973	8.5049
6 0 10			0.04		0.53		6.94		0.36328	1.0728	69.1331306246	8.9056
6 0 0			0.04		0.57		6.86		0.36328	0.7256	54.7363985401	55.434
4 2 10			0.0		0.58		6.85		0.36321	1.1102	57.0442200735	11.3144
0 2 10			-0.22		0.36		7.07		0.36309	0.4317	42.9590557724	21.0204
4 2 2			0.0		0.36		7.07		0.36312	0.457	40.8620305525	12.2524
2 4 14			0.08		0.44		6.92		0.36282	0.5221	70.6383718296	19.4111
4 2 14			0.07		0.51		6.77		0.36253	1.2576	70.6282605877	19.9713
2 4 10			-0.01		0.5		6.78		0.36243	0.607	57.0555982332	12.0937
6 0 6			0.05		0.55		6.69		0.36207	1.0815	60.1501886982	39.9969
0 6 0			0.0		0.55		6.68		0.36207	1.4277	54.7714555341	59.4019
0 4 20			0.08		0.63		6.53		0.36263	1.027	94.1654323607	18.6345
9 1 1			0.02		0.64		6.49		0.3626	0.8793	87.9915459652	19.6393
2 4 2			-0.03		0.61		6.53		0.36262	0.3828	40.8766170199	13.2501
0 0 20			-0.03		0.58		6.56		0.36396	0.4542	83.3712939521	4.3689
1 1 15			-0.06		0.52		6.62		0.36402	0.656	61.3839959686	20.6242