HKL Value		Reward		TotalReward	Chi Squared	Z Appr. 	Error	Two-Thetas	Sfs2
4 0 5			0.0		0.0		0.0		0.5	0.26	68.3700248267	0.0
4 1 4			0.0		0.0		0.31		0.45113	0.37	71.0458443611	0.4076
0 1 6			0.14		0.14		0.28		0.46084	0.0	47.2608104201	2.0239
4 0 1			0.5		0.64		0.18		0.46083	0.27	58.8934376912	0.0
2 0 1			0.33		0.97		0.14		0.46081	0.15	29.01034049	0.0
3 0 2			0.25		1.22		0.11		0.46081	0.46	45.0164041053	0.0
0 0 7			0.2		1.42		0.09		0.46081	0.2	45.7499157105	0.0
1 0 0			0.17		1.59		0.08		0.46081	0.0	14.0285801003	0.0
1 2 6			-0.21		1.38		0.1		0.45762	0.11	69.4566609057	1.2895
3 1 1			-0.3		1.09		0.14		0.45839	0.22	51.2370468789	1.4731
3 0 0			0.11		1.2		0.13		0.45839	0.45	42.9814560157	0.0
1 0 8			0.1		1.3		0.12		0.45839	0.24	54.8685935926	0.0
3 0 4			0.09		1.39		0.11		0.45839	0.64	50.7360354343	0.0
2 0 6			-0.48		0.91		0.2		0.44964	0.73	48.8015573959	6.3028
1 0 4			0.08		0.98		0.19		0.44964	0.08	29.3672081998	0.0
2 0 5			0.07		1.05		0.18		0.44964	5.26	43.4052500519	0.0
4 0 3			0.07		1.12		0.17		0.44964	0.29	62.1413926063	0.0
2 0 3			0.06		1.18		0.16		0.44964	0.09	34.3920319457	0.0
0 0 3			0.06		1.24		0.15		0.44964	0.03	19.1797885945	0.0
3 0 8			0.06		1.3		0.14		0.44964	0.3	70.3147352648	0.0
1 0 6			0.05		1.35		0.13		0.44964	0.25	41.5701214249	0.0
3 2 2			-0.03		1.32		0.14		0.4493	0.0	71.9603042663	6.6617
3 0 6			0.05		1.37		0.13		0.4493	0.11	59.366558438	0.0
0 0 8			-0.14		1.23		0.15		0.44368	0.5	52.7511004195	15.5355
2 0 7			0.04		1.27		0.15		0.44368	4.16	54.6555056564	0.0
3 1 0			0.04		1.31		0.14		0.44368	0.86	50.7823995615	0.002
1 1 4			0.04		1.35		0.13		0.44368	0.3	39.4492672371	0.9567
3 1 4			0.04		1.39		0.13		0.44364	0.33	57.7518627408	0.9567
1 0 7			0.03		1.42		0.13		0.44371	0.54	48.0896902272	2.8781
4 1 1			0.03		1.45		0.12		0.4437	0.21	65.3342299592	0.4263
0 1 8			-0.11		1.34		0.14		0.44623	2.05	59.6041295708	7.5134
0 1 7			0.03		1.37		0.13		0.44604	0.26	53.2385720724	8.4036
2 1 1			0.03		1.4		0.13		0.44604	0.13	39.1745550983	0.4263
1 1 2			0.03		1.43		0.13		0.4461	0.52	32.1995090242	11.6912
2 2 3			0.03		1.46		0.12		0.44599	0.31	64.6616050849	6.6891
3 2 4			0.0		1.46		0.12		0.4456	0.0	76.369138646	3.3351
0 1 5			0.02		1.48		0.12		0.44545	0.34	41.7114803244	7.6693
4 0 2			-0.18		1.3		0.15		0.44521	0.26	60.1237214722	5.5981
3 0 7			0.02		1.33		0.14		0.44522	0.18	64.5726747292	2.8781
1 -1 2			0.02		1.35		0.14		0.44528	0.39	32.1995090242	11.6912
2 1 8			-0.05		1.3		0.15		0.44711	0.22	67.2524657177	7.5134
-1 -1 -2			0.02		1.32		0.14		0.44715	0.31	32.1995090242	11.6912
3 1 2			0.02		1.35		0.14		0.44719	0.11	52.5840292854	11.6912
2 0 4			-0.02		1.33		0.14		0.44686	0.23	38.5541558059	1.7476
1 1 6			0.02		1.35		0.14		0.44696	0.38	49.5460147793	8.8974
3 0 3			0.0		1.35		0.14		0.4474	0.33	47.4629609511	3.2424
-2 0 4			-0.02		1.33		0.14		0.44709	0.22	38.5541558059	1.7476
2 2 5			0.0		1.33		0.14		0.44759	0.26	70.7747179536	2.8196
2 0 0			-0.17		1.17		0.17		0.44758	0.07	28.2731138415	46.4355
4 1 5			0.02		1.18		0.17		0.44746	1.53	74.3771604481	7.6693
2 0 -4			-0.01		1.17		0.17		0.44715	0.31	38.5541558059	1.7476
0 2 7			0.01		1.19		0.17		0.44747	0.0	72.5085769296	0.0094
-1 -1 2			0.02		1.2		0.16		0.44749	0.13	32.1995090242	11.6912
4 1 3			0.02		1.22		0.16		0.44749	0.15	68.408649436	0.0043
0 0 -8			-0.06		1.16		0.17		0.44551	0.38	52.7511004195	15.5355
2 2 4			-0.07		1.09		0.18		0.44534	0.5	67.3692384702	10.6939
4 0 4			-0.01		1.09		0.18		0.44512	0.13	64.9051128666	1.7476