HKL Value		Reward		TotalReward	Chi Squared	Z Appr. 	Error	Two-Thetas	Sfs2
4 0 5			0.0		0.0		0.0		0.5	0.26	68.3700248267	0.0
4 0 1			0.0		0.0		0.0		0.49996	0.27	58.8934376912	0.0
2 0 1			1.0		1.0		0.0		0.49996	0.15	29.01034049	0.0
3 0 2			0.41		1.41		0.0		0.49996	0.46	45.0164041053	0.0
0 0 7			0.22		1.62		0.0		0.49998	0.2	45.7499157105	0.0
0 1 5			-1.0		0.62		0.0		0.50146	0.34	41.7114803244	7.6693
1 0 0			0.2		0.82		0.0		0.50146	0.0	14.0285801003	0.0
3 0 0			0.17		0.99		0.0		0.50146	0.45	42.9814560157	0.0
1 0 8			0.14		1.13		0.0		0.50146	0.24	54.8685935926	0.0
3 0 4			0.12		1.26		0.0		0.50146	0.64	50.7360354343	0.0
1 0 4			0.11		1.37		0.0		0.50146	0.08	29.3672081998	0.0
4 0 3			0.1		1.47		0.0		0.50146	0.29	62.1413926063	0.0
2 0 3			0.09		1.56		0.0		0.50146	0.09	34.3920319457	0.0
0 0 3			0.08		1.64		0.0		0.50146	0.03	19.1797885945	0.0
2 0 5			0.08		1.72		0.0		0.50146	5.26	43.4052500519	0.0
3 0 6			0.07		1.79		0.0		0.50146	0.11	59.366558438	0.0
1 0 6			0.07		1.86		0.0		0.50146	0.25	41.5701214249	0.0
1 1 3			-1.0		0.86		0.01		0.51301	0.54	35.3770121777	12.6586
3 0 8			0.06		0.92		0.01		0.51301	0.3	70.3147352648	0.0
2 0 7			0.06		0.97		0.01		0.51301	4.16	54.6555056564	0.0
3 1 0			0.05		1.02		0.01		0.51301	0.86	50.7823995615	0.002
1 0 7			-0.75		0.27		0.05		0.43852	0.54	48.0896902272	2.8781
3 1 4			0.04		0.31		0.05		0.43842	0.33	57.7518627408	0.9567
1 1 6			-0.04		0.27		0.05		0.44173	0.38	49.5460147793	8.8974
1 1 4			0.04		0.31		0.05		0.4416	0.3	39.4492672371	0.9567
2 1 1			0.02		0.33		0.05		0.4416	0.13	39.1745550983	0.4263
4 1 1			0.02		0.35		0.04		0.4416	0.21	65.3342299592	0.4263
0 1 7			0.04		0.39		0.04		0.44181	0.26	53.2385720724	8.4036
3 0 7			0.02		0.41		0.04		0.4426	0.18	64.5726747292	2.8781
1 2 6			0.03		0.44		0.04		0.44341	0.11	69.4566609057	1.2895
2 0 6			-0.23		0.22		0.05		0.43942	0.73	48.8015573959	6.3028
1 1 2			0.01		0.23		0.05		0.43963	0.52	32.1995090242	11.6912
-1 -1 -2			0.01		0.24		0.05		0.43986	0.31	32.1995090242	11.6912
3 2 4			0.01		0.26		0.05		0.43945	0.0	76.369138646	3.3351
0 0 -8			0.02		0.27		0.05		0.4386	0.38	52.7511004195	15.5355
4 1 3			0.03		0.3		0.05		0.4386	0.15	68.408649436	0.0043
1 1 5			-0.18		0.12		0.06		0.43751	3.06	44.2189644299	8.5457
2 2 3			0.03		0.15		0.06		0.43756	0.31	64.6616050849	6.6891
3 0 3			-0.15		-0.0		0.07		0.43852	0.33	47.4629609511	3.2424
3 1 2			0.01		0.01		0.07		0.43862	0.11	52.5840292854	11.6912
-2 0 4			-0.02		-0.01		0.07		0.43829	0.22	38.5541558059	1.7476
1 -1 2			0.01		0.0		0.07		0.43839	0.39	32.1995090242	11.6912
0 2 7			-0.14		-0.14		0.08		0.44046	0.0	72.5085769296	0.0094
2 0 4			-0.02		-0.16		0.08		0.44019	0.23	38.5541558059	1.7476
0 0 8			0.01		-0.15		0.08		0.43961	0.5	52.7511004195	15.5355
2 1 8			-0.22		-0.37		0.1		0.44098	0.22	67.2524657177	7.5134
2 2 5			-0.05		-0.42		0.11		0.44142	0.26	70.7747179536	2.8196
-1 -1 2			0.02		-0.4		0.1		0.44148	0.13	32.1995090242	11.6912
4 1 5			0.02		-0.38		0.1		0.44143	1.53	74.3771604481	7.6693
3 1 7			-0.02		-0.4		0.1		0.44093	0.32	70.7276559911	1.1017
1 2 7			-0.01		-0.41		0.11		0.44106	0.71	74.291810142	3.5836
1 1 7			-0.01		-0.42		0.11		0.44062	0.15	55.34320722	1.1017