HKL Value		Reward		TotalReward	Chi Squared	Z Appr. 	Error	Two-Thetas	Sfs2
4 0 5			0.0		0.0		0.0		0.5	0.26	68.3700248267	0.0
2 1 2			0.0		0.0		0.02		0.47842	0.36	40.8238903893	0.1747
4 0 1			1.0		1.0		0.01		0.47842	0.27	58.8934376912	0.0
2 0 1			0.5		1.5		0.01		0.47844	0.15	29.01034049	0.0
3 0 2			0.33		1.83		0.0		0.47844	0.46	45.0164041053	0.0
0 0 7			0.25		2.08		0.0		0.47844	0.2	45.7499157105	0.0
1 0 0			0.2		2.28		0.0		0.47844	0.0	14.0285801003	0.0
3 0 0			0.17		2.45		0.0		0.47844	0.45	42.9814560157	0.0
3 0 4			0.14		2.59		0.0		0.47844	0.64	50.7360354343	0.0
2 1 6			-0.79		1.8		0.01		0.47011	0.16	55.9883197776	2.0239
1 0 8			0.11		1.91		0.01		0.4701	0.24	54.8685935926	0.0
1 0 4			0.1		2.01		0.01		0.4701	0.08	29.3672081998	0.0
4 0 3			0.09		2.1		0.01		0.4701	0.29	62.1413926063	0.0
0 0 3			0.08		2.18		0.01		0.4701	0.03	19.1797885945	0.0
2 0 3			0.08		2.26		0.01		0.4701	0.09	34.3920319457	0.0
2 0 5			0.07		2.33		0.01		0.4701	5.26	43.4052500519	0.0
3 1 2			-0.35		1.98		0.01		0.46646	0.11	52.5840292854	11.6912
2 0 7			0.06		2.04		0.01		0.46646	4.16	54.6555056564	0.0
1 0 7			-0.68		1.36		0.03		0.45612	0.54	48.0896902272	2.8781
3 0 6			0.06		1.41		0.03		0.45612	0.11	59.366558438	0.0
3 0 8			0.05		1.46		0.02		0.45612	0.3	70.3147352648	0.0
3 1 1			-0.47		1.0		0.05		0.45642	0.22	51.2370468789	1.4731
1 0 6			0.05		1.04		0.04		0.45642	0.25	41.5701214249	0.0
3 1 0			0.04		1.09		0.04		0.45642	0.86	50.7823995615	0.002
-1 -1 -2			0.04		1.13		0.04		0.4563	0.31	32.1995090242	11.6912
1 1 4			0.02		1.15		0.04		0.45626	0.3	39.4492672371	0.9567
1 0 1			-0.09		1.06		0.04		0.45611	0.06	15.4189733366	0.0644
3 1 4			0.02		1.08		0.04		0.45605	0.33	57.7518627408	0.9567
4 1 1			0.02		1.1		0.04		0.45605	0.21	65.3342299592	0.4263
3 0 7			-0.06		1.04		0.04		0.45433	0.18	64.5726747292	2.8781
2 1 1			0.02		1.06		0.04		0.45433	0.13	39.1745550983	0.4263
1 1 5			-0.49		0.57		0.09		0.45083	3.06	44.2189644299	8.5457
0 1 7			0.01		0.58		0.09		0.45021	0.26	53.2385720724	8.4036
1 1 2			0.03		0.61		0.08		0.45023	0.52	32.1995090242	11.6912
3 1 7			-0.16		0.45		0.1		0.4461	0.32	70.7276559911	1.1017
1 2 6			0.03		0.48		0.1		0.44588	0.11	69.4566609057	1.2895
0 1 5			0.02		0.5		0.09		0.44565	0.34	41.7114803244	7.6693
4 1 3			0.03		0.53		0.09		0.44565	0.15	68.408649436	0.0043
0 1 4			-0.07		0.46		0.1		0.446	0.09	36.6772811508	0.4076
3 2 4			-0.0		0.46		0.1		0.44546	0.0	76.369138646	3.3351
1 -1 2			0.02		0.48		0.1		0.44554	0.39	32.1995090242	11.6912
1 1 6			0.02		0.5		0.09		0.44578	0.38	49.5460147793	8.8974
-2 0 4			-0.04		0.47		0.1		0.44527	0.22	38.5541558059	1.7476
2 0 4			-0.03		0.44		0.1		0.44473	0.23	38.5541558059	1.7476
2 2 3			0.02		0.46		0.1		0.44465	0.31	64.6616050849	6.6891
-1 -1 2			0.02		0.48		0.1		0.44472	0.13	32.1995090242	11.6912
0 0 8			-0.05		0.43		0.1		0.44247	0.5	52.7511004195	15.5355
4 0 6			-0.07		0.36		0.11		0.44134	0.38	72.4962488704	6.3028
4 1 5			0.02		0.38		0.11		0.44129	1.53	74.3771604481	7.6693
2 0 -4			-0.01		0.37		0.11		0.44102	0.31	38.5541558059	1.7476
0 0 -8			0.0		0.37		0.11		0.44027	0.38	52.7511004195	15.5355
0 2 7			-0.05		0.33		0.11		0.44131	0.0	72.5085769296	0.0094
2 0 2			-0.13		0.19		0.13		0.44118	0.1	31.1263267788	5.5981
2 2 5			-0.03		0.17		0.14		0.44155	0.26	70.7747179536	2.8196