HKL Value		Reward		TotalReward	Chi Squared	Z Appr. 	Error	Two-Thetas	Sfs2
4 0 4			0.0		0.0		0.0		0.5	0.13	64.9051128666	1.7476
1 0 6			0.0		0.0		0.0		0.49524	0.25	41.5701214249	0.0
2 0 5			1.0		1.0		0.0		0.49524	5.26	43.4052500519	0.0
2 2 3			-1.0		0.0		0.02		0.43093	0.31	64.6616050849	6.6891
4 0 5			0.33		0.33		0.01		0.43093	0.26	68.3700248267	0.0
0 1 7			-0.48		-0.14		0.03		0.43728	0.26	53.2385720724	8.4036
4 0 1			0.2		0.06		0.02		0.43728	0.27	58.8934376912	0.0
2 0 4			-0.24		-0.19		0.03		0.4346	0.23	38.5541558059	1.7476
0 0 7			0.14		-0.05		0.03		0.4346	0.2	45.7499157105	0.0
-1 -1 -2			-0.12		-0.17		0.03		0.43555	0.31	32.1995090242	11.6912
2 0 1			0.11		-0.06		0.03		0.43555	0.15	29.01034049	0.0
3 0 2			0.1		0.04		0.02		0.43555	0.46	45.0164041053	0.0
1 0 0			0.09		0.13		0.02		0.43555	0.0	14.0285801003	0.0
3 0 0			0.08		0.22		0.02		0.43555	0.45	42.9814560157	0.0
3 0 4			0.08		0.29		0.02		0.43555	0.64	50.7360354343	0.0
2 0 0			-0.84		-0.55		0.12		0.43555	0.07	28.2731138415	46.4355
-1 -1 2			0.04		-0.51		0.11		0.43647	0.13	32.1995090242	11.6912
1 0 8			0.06		-0.45		0.11		0.43647	0.24	54.8685935926	0.0
1 0 4			0.06		-0.39		0.1		0.43647	0.08	29.3672081998	0.0
3 0 8			0.06		-0.33		0.09		0.43647	0.3	70.3147352648	0.0
2 0 3			0.05		-0.28		0.09		0.43647	0.09	34.3920319457	0.0
1 0 7			0.01		-0.27		0.09		0.43906	0.54	48.0896902272	2.8781
4 0 3			0.05		-0.22		0.08		0.43905	0.29	62.1413926063	0.0
0 0 3			0.05		-0.18		0.08		0.43905	0.03	19.1797885945	0.0
3 0 6			0.04		-0.13		0.08		0.43905	0.11	59.366558438	0.0
1 1 4			0.04		-0.1		0.07		0.439	0.3	39.4492672371	0.9567
2 0 7			0.04		-0.06		0.07		0.439	4.16	54.6555056564	0.0
3 1 0			0.04		-0.02		0.07		0.439	0.86	50.7823995615	0.002
4 1 1			0.03		0.01		0.07		0.43901	0.21	65.3342299592	0.4263
2 1 1			0.03		0.03		0.07		0.43901	0.13	39.1745550983	0.4263
2 1 4			-0.16		-0.12		0.08		0.44135	2.11	46.9440445598	0.4076
2 1 6			-0.25		-0.38		0.1		0.45246	0.16	55.9883197776	2.0239
3 1 4			0.03		-0.35		0.1		0.45241	0.33	57.7518627408	0.9567
3 2 4			-0.04		-0.39		0.11		0.45086	0.0	76.369138646	3.3351
1 1 2			0.03		-0.36		0.1		0.4509	0.52	32.1995090242	11.6912
1 -1 2			0.03		-0.33		0.1		0.45094	0.39	32.1995090242	11.6912
0 1 6			-0.09		-0.42		0.11		0.45426	0.0	47.2608104201	2.0239
0 2 7			0.03		-0.39		0.11		0.45426	0.0	72.5085769296	0.0094
-2 0 4			-0.06		-0.45		0.11		0.45382	0.22	38.5541558059	1.7476
1 2 6			-0.0		-0.45		0.11		0.4529	0.11	69.4566609057	1.2895
0 1 5			0.01		-0.45		0.11		0.45257	0.34	41.7114803244	7.6693
3 1 2			0.02		-0.42		0.11		0.45256	0.11	52.5840292854	11.6912
0 0 -8			-0.19		-0.62		0.14		0.44763	0.38	52.7511004195	15.5355
1 1 6			0.02		-0.59		0.13		0.44773	0.38	49.5460147793	8.8974
2 2 5			0.0		-0.59		0.13		0.44826	0.26	70.7747179536	2.8196
3 0 7			0.02		-0.57		0.13		0.44819	0.18	64.5726747292	2.8781
1 1 3			-0.14		-0.71		0.15		0.44798	0.54	35.3770121777	12.6586
0 0 8			-0.08		-0.78		0.16		0.44562	0.5	52.7511004195	15.5355
2 1 7			0.02		-0.76		0.16		0.44552	0.57	61.3678684761	8.4036
1 1 5			-0.08		-0.84		0.18		0.44468	3.06	44.2189644299	8.5457
3 1 7			-0.02		-0.86		0.18		0.44397	0.32	70.7276559911	1.1017
1 1 7			-0.01		-0.88		0.18		0.44338	0.15	55.34320722	1.1017