Number of epochs: 525e-01
6.435448275630333004e-02
-2.631310778040951148e-01
-3.486968903935904196e-01
1.896183917102825522e-01
-1.104530962205454714e-01
-3.292412952082073851e-01
-2.640750607929816945e-02
-3.542105305998887177e-01
-2.308295541028816678e-02
-2.717731468977029330e-01
-9.011105497270843756e-02
1.907140269000880406e-01
-2.077709156549828740e-01
8.928365873805123309e-02
-2.285390054023757611e-01
3.850437784155589377e-02
-1.121422988961886386e-02
9.250699730564214407e-02
-2.889833297240813545e-02
-4.290144824542285185e-01
-9.180241426586323999e-03
-3.489016760330784228e-01
-4.276772263754004960e-02
-1.681059075311286954e-01
-2.623179665595148230e-02
-1.805868094804463087e-01
-5.047484597421275643e-01
6.383557701897139003e-01
-3.748344323754548291e-01
6.459594009763731937e-02
-8.219059360689029425e-02
4.969271378621308716e-02
-2.325392282039031033e-01
5.059563395640021000e-02
-2.209919402863129434e-01
-9.774731297867841548e-03
-2.255461845529611875e-01
-2.705172234454696900e-01
-4.127778129151723485e-01
-1.486681925763074230e-01
-2.859459599017425968e-01
-4.501799032628222424e-02
-3.698927529481201293e-01
-1.346839119752526182e-01
-1.959932936371462375e-01
1.526494699797348864e-01
-3.114140613224871679e-01
3.126221663352858338e-01
-1.817106355051658073e-01
1.132518033881740466e-01
-2.634615349353709446e-01
4.930427127553246164e-02
-1.917826600188666381e-02
4.545886882133739343e-02
-3.899224697911866933e-03
-2.481220084586606700e-01
-2.694669497450827289e-02
-4.050537993618173460e-01
-1.017599045190067421e-02
-3.636618164304413758e-01
-2.046298468439753937e-01
-2.454691726892355985e-01
-3.826379973590826045e-01
-1.827596354155020253e-01
-3.732421404172460155e-01
-4.812195323969618854e-02
-4.655963507027808812e-01
6.829602581004676765e-01
-3.545198316661167248e-01
8.411889619434712029e-02
-1.841575421065248797e-01
7.854641552830329276e-01
-2.979758244989870741e-01
-2.548542347424564425e-01
-9.101286353197667392e-03
-3.059139085349133966e-02
-2.341801252554575052e-01
-6.526863094234716667e-02
-8.908001461962795908e-02
-5.168176203881365283e-02
-2.745306497991803832e-02
-3.627424525419363499e-02
-7.541670677345843621e-02
-2.113955691216863886e-01
