Number of epochs: 375e-01
6.464275676315944796e-02
-2.628499264960179049e-01
-3.462299183523885882e-01
1.998234223551960120e-01
-8.513834702167082102e-02
-3.085440753772437095e-01
-2.285545067571503886e-02
-2.701487549691126699e-01
-9.555156418750772318e-03
-2.250309297139771458e-01
-1.105420923130498861e-01
1.821407222203482446e-01
-1.921670718285832802e-01
8.851688790802379747e-02
-1.832055075631559005e-01
3.744309237730022305e-02
-8.355447806348890658e-03
9.892724253197911211e-02
-1.778510840211454391e-02
-4.071409045655488557e-01
-8.918358039762978862e-03
-3.347439608858546189e-01
-3.844209350596566876e-02
-1.483080862380186937e-01
-2.404768497970663152e-02
-1.389109031404378580e-01
-4.816558421710852023e-01
5.933180208465449468e-01
-3.537283382715932234e-01
6.678789279436207760e-02
-7.529723886233018193e-02
4.728087120968258589e-02
-1.937842457118432726e-01
5.230247172854382565e-02
-1.860931677141285656e-01
-3.222239324214808218e-03
-1.760701061783879751e-01
-2.082414934790560168e-01
-3.779873735017298397e-01
-1.325317618297196798e-01
-2.939980085023126133e-01
-5.082648030864239663e-02
-3.135188312934800159e-01
-9.058104670140011694e-02
-1.765692798784340989e-01
1.460254072669740777e-01
-2.641894449799639943e-01
3.013181181518984064e-01
-1.933500399061476027e-01
1.095935918528102571e-01
-2.697915919940947482e-01
5.175334400975672294e-02
-1.958488682046849449e-02
4.381593649363178800e-02
-1.615460079741931143e-03
-2.560913139885770962e-01
-2.628116161271560822e-02
-4.334241712000949098e-01
-6.530895423045433856e-03
-2.862782726461413629e-01
-1.709265339636514003e-01
-2.001000478899665203e-01
-3.378268561847250218e-01
-1.381706685312556748e-01
-3.560445380084238942e-01
-4.589083865093004921e-02
-4.393695314632066196e-01
6.678235836957063798e-01
-3.455807464134635354e-01
7.870570814421339045e-02
-1.701637045060180597e-01
7.416813298430002810e-01
-2.500034230624970655e-01
-2.341735301894327659e-01
-3.733047161498857010e-03
-2.064808290875272748e-02
-1.882542450895924313e-01
-7.231042811968969863e-02
-7.425855888790734716e-02
-7.528323226523930822e-02
-8.393189105067335593e-03
-4.917461317896514028e-02
-6.290529928627809630e-02
-2.172833937171618490e-01
