HKL Value		Reward		TotalReward	Chi Squared	Z Appr. 	Error	Two-Thetas	Sfs2
0 0 7			0.0		0.0		0.0		0.5	0.2	45.7499157105	0.0
3 0 2			0.0		0.0		0.0		0.50007	0.46	45.0164041053	0.0
3 0 0			1.0		1.0		0.0		0.50007	0.45	42.9814560157	0.0
0 0 4			-1.0		-0.0		0.0		0.49524	0.08	25.6679215219	1.7476
1 0 0			0.33		0.33		0.0		0.49524	0.0	14.0285801003	0.0
4 0 3			0.25		0.58		0.0		0.49524	0.29	62.1413926063	0.0
2 0 1			0.2		0.78		0.0		0.49524	0.15	29.01034049	0.0
0 0 3			0.17		0.95		0.0		0.49524	0.03	19.1797885945	0.0
3 0 8			0.14		1.09		0.0		0.49524	0.3	70.3147352648	0.0
1 0 4			0.12		1.22		0.0		0.49524	0.08	29.3672081998	0.0
2 1 2			-1.0		0.22		0.0		0.49445	0.36	40.8238903893	0.1747
3 0 4			0.1		0.32		0.0		0.49445	0.64	50.7360354343	0.0
3 0 6			0.09		0.41		0.0		0.49445	0.11	59.366558438	0.0
4 0 1			0.08		0.49		0.0		0.49445	0.27	58.8934376912	0.0
4 0 5			0.08		0.57		0.0		0.49445	0.26	68.3700248267	0.0
2 0 3			0.07		0.64		0.0		0.49445	0.09	34.3920319457	0.0
2 0 7			0.07		0.71		0.0		0.49445	4.16	54.6555056564	0.0
1 0 8			0.06		0.77		0.0		0.49445	0.24	54.8685935926	0.0
2 0 5			0.06		0.83		0.0		0.49445	5.26	43.4052500519	0.0
1 0 6			0.06		0.88		0.0		0.49445	0.25	41.5701214249	0.0
3 1 0			0.01		0.89		0.0		0.49445	0.86	50.7823995615	0.002
1 1 4			-0.68		0.21		0.01		0.49383	0.3	39.4492672371	0.9567
2 1 1			-0.1		0.11		0.01		0.49385	0.13	39.1745550983	0.4263
4 0 6			-0.73		-0.61		0.02		0.5055	0.38	72.4962488704	6.3028