HKL Value		Reward		TotalReward	Chi Squared	Z Appr. 	Error	Two-Thetas	Sfs2
4 0 2			0.0		0.0		0.0		0.5	0.26	60.1237214722	5.5981
3 0 2			0.0		0.0		0.0		0.58213	0.46	45.0164041053	0.0
4 0 5			1.0		1.0		0.0		0.58213	0.26	68.3700248267	0.0
3 0 0			0.5		1.5		0.0		0.58213	0.45	42.9814560157	0.0
1 0 0			0.33		1.83		0.0		0.58213	0.0	14.0285801003	0.0
0 0 3			0.25		2.08		0.0		0.58213	0.03	19.1797885945	0.0
2 0 1			0.2		2.28		0.0		0.58213	0.15	29.01034049	0.0
4 0 3			0.17		2.45		0.0		0.58213	0.29	62.1413926063	0.0
3 0 7			-1.0		1.45		0.0		0.58654	0.18	64.5726747292	2.8781
0 0 7			0.13		1.57		0.0		0.58654	0.2	45.7499157105	0.0
1 2 7			-0.82		0.76		0.01		0.59165	0.71	74.291810142	3.5836
1 0 4			0.1		0.86		0.01		0.59165	0.08	29.3672081998	0.0
3 0 6			0.09		0.95		0.01		0.59165	0.11	59.366558438	0.0
3 1 1			0.02		0.97		0.01		0.59189	0.22	51.2370468789	1.4731
4 0 1			0.08		1.05		0.01		0.59189	0.27	58.8934376912	0.0
2 0 7			0.07		1.12		0.01		0.59189	4.16	54.6555056564	0.0
2 0 3			0.07		1.19		0.01		0.59189	0.09	34.3920319457	0.0
3 0 4			0.06		1.25		0.01		0.59189	0.64	50.7360354343	0.0
4 1 3			-0.95		0.3		0.14		0.58203	0.15	68.408649436	0.0043
1 0 8			0.06		0.35		0.14		0.58202	0.24	54.8685935926	0.0
3 0 8			0.05		0.41		0.13		0.58202	0.3	70.3147352648	0.0
2 0 5			0.05		0.46		0.12		0.58202	5.26	43.4052500519	0.0
1 0 6			0.05		0.5		0.12		0.58202	0.25	41.5701214249	0.0
3 1 0			0.04		0.55		0.11		0.58202	0.86	50.7823995615	0.002
1 1 4			0.03		0.57		0.11		0.58234	0.3	39.4492672371	0.9567
4 1 1			0.04		0.61		0.11		0.58236	0.21	65.3342299592	0.4263
0 1 7			0.04		0.65		0.1		0.5834	0.26	53.2385720724	8.4036
2 1 7			0.04		0.69		0.1		0.58388	0.57	61.3678684761	8.4036
3 1 4			0.02		0.71		0.1		0.58406	0.33	57.7518627408	0.9567
2 1 1			0.03		0.74		0.09		0.58406	0.13	39.1745550983	0.4263
4 1 5			-0.36		0.38		0.14		0.59321	1.53	74.3771604481	7.6693
1 0 7			0.03		0.41		0.14		0.59172	0.54	48.0896902272	2.8781
0 1 5			-0.21		0.2		0.18		0.5972	0.34	41.7114803244	7.6693
1 -1 2			-0.29		-0.08		0.25		0.597	0.39	32.1995090242	11.6912
1 2 6			-0.02		-0.1		0.25		0.6006	0.11	69.4566609057	1.2895