HKL Value		Reward		TotalReward	Chi Squared	Z Appr. 	Error	Two-Thetas	Sfs2
0 0 7			0.0		0.0		0.0		0.5	0.2	45.7499157105	0.0
3 0 2			0.0		0.0		0.0		0.50007	0.46	45.0164041053	0.0
3 0 0			1.0		1.0		0.0		0.50007	0.45	42.9814560157	0.0
1 0 0			0.47		1.47		0.0		0.50007	0.0	14.0285801003	0.0
4 0 3			0.15		1.62		0.0		0.50007	0.29	62.1413926063	0.0
2 0 1			0.06		1.69		0.0		0.50007	0.15	29.01034049	0.0
0 0 3			0.2		1.88		0.0		0.50007	0.03	19.1797885945	0.0
2 0 7			-0.61		1.28		0.0		0.50021	4.16	54.6555056564	0.0
1 0 4			-0.07		1.21		0.0		0.50021	0.08	29.3672081998	0.0
4 0 1			-0.56		0.65		0.0		0.50021	0.27	58.8934376912	0.0
3 0 4			0.06		0.7		0.0		0.50021	0.64	50.7360354343	0.0
2 0 3			-0.03		0.68		0.0		0.50021	0.09	34.3920319457	0.0
0 1 6			-1.0		-0.32		0.01		0.4696	0.0	47.2608104201	2.0239
1 1 4			-0.27		-0.6		0.01		0.46876	0.3	39.4492672371	0.9567
2 1 2			-0.1		-0.7		0.01		0.4693	0.36	40.8238903893	0.1747