HKL Value		Reward		TotalReward	Chi Squared	Z Appr. 	Error	Two-Thetas	Sfs2
0 0 7			0.0		0.0		0.0		0.5	0.2	45.7499157105	0.0
-2 0 4			0.0		0.0		0.0		0.49524	0.22	38.5541558059	1.7476
3 0 2			1.0		1.0		0.0		0.49524	0.46	45.0164041053	0.0
3 0 0			0.5		1.5		0.0		0.49524	0.45	42.9814560157	0.0
3 2 1			-1.0		0.5		0.14		0.495	0.17	70.8417473216	1.0468
1 0 0			0.25		0.75		0.12		0.495	0.0	14.0285801003	0.0
4 0 3			0.2		0.95		0.1		0.495	0.29	62.1413926063	0.0
2 0 1			0.17		1.12		0.08		0.495	0.15	29.01034049	0.0
3 2 4			-0.6		0.52		0.2		0.49699	0.0	76.369138646	3.3351
0 0 3			0.13		0.65		0.18		0.49699	0.03	19.1797885945	0.0
3 0 6			0.11		0.76		0.16		0.49699	0.11	59.366558438	0.0
1 0 4			0.1		0.86		0.15		0.49699	0.08	29.3672081998	0.0
3 0 4			0.09		0.95		0.14		0.49699	0.64	50.7360354343	0.0
2 0 3			0.08		1.03		0.13		0.49699	0.09	34.3920319457	0.0
4 0 1			0.08		1.11		0.12		0.49699	0.27	58.8934376912	0.0
1 1 3			-0.12		0.99		0.13		0.50649	0.54	35.3770121777	12.6586
4 1 0			-0.05		0.94		0.14		0.50649	0.2	64.9447604845	0.0084
3 2 2			-0.04		0.9		0.15		0.50775	0.0	71.9603042663	6.6617