HKL Value		Reward		TotalReward	Chi Squared	Z Appr. 	Error	Two-Thetas	Sfs2
3 0 2			0.0		0.0		0.0		0.5	0.46	45.0164041053	0.0
4 0 4			0.0		0.0		0.0		0.49524	0.13	64.9051128666	1.7476
3 0 0			1.0		1.0		0.0		0.49524	0.45	42.9814560157	0.0
3 1 7			-1.0		0.0		0.47		0.51633	0.32	70.7276559911	1.1017
1 0 0			0.33		0.33		0.35		0.51631	0.0	14.0285801003	0.0
0 0 3			0.25		0.58		0.28		0.51631	0.03	19.1797885945	0.0
2 0 1			0.2		0.78		0.23		0.51631	0.15	29.01034049	0.0
4 0 3			0.17		0.95		0.2		0.51631	0.29	62.1413926063	0.0
3 0 7			6.05		7.0		0.03		0.43632	0.18	64.5726747292	2.8781
0 0 7			0.12		7.13		0.03		0.43632	0.2	45.7499157105	0.0
4 1 0			-0.47		6.66		0.05		0.43632	0.2	64.9447604845	0.0084
2 1 4			-0.47		6.19		0.09		0.43851	2.11	46.9440445598	0.4076
1 0 4			0.09		6.28		0.08		0.43851	0.08	29.3672081998	0.0
3 1 1			-0.31		5.97		0.12		0.43884	0.22	51.2370468789	1.4731
3 0 6			0.08		6.04		0.11		0.43884	0.11	59.366558438	0.0
2 0 5			0.07		6.11		0.1		0.43884	5.26	43.4052500519	0.0
4 0 1			0.07		6.18		0.1		0.43884	0.27	58.8934376912	0.0
2 0 7			0.06		6.24		0.09		0.43884	4.16	54.6555056564	0.0
2 0 3			0.06		6.3		0.09		0.43884	0.09	34.3920319457	0.0
3 0 5			-0.22		6.08		0.11		0.44507	0.2	54.7330754518	7.0489
3 0 4			0.05		6.14		0.1		0.44507	0.64	50.7360354343	0.0
4 0 5			0.05		6.19		0.1		0.44507	0.26	68.3700248267	0.0
1 0 8			0.05		6.23		0.1		0.44507	0.24	54.8685935926	0.0
3 0 8			0.05		6.28		0.09		0.44507	0.3	70.3147352648	0.0
1 0 6			0.04		6.32		0.09		0.44507	0.25	41.5701214249	0.0
3 1 0			0.04		6.36		0.08		0.44507	0.86	50.7823995615	0.002
1 1 4			0.04		6.4		0.08		0.44503	0.3	39.4492672371	0.9567
4 1 1			0.03		6.43		0.08		0.44503	0.21	65.3342299592	0.4263
0 1 7			0.03		6.46		0.08		0.44471	0.26	53.2385720724	8.4036
2 1 7			0.03		6.49		0.07		0.44444	0.57	61.3678684761	8.4036
3 1 4			0.03		6.52		0.07		0.44441	0.33	57.7518627408	0.9567
3 1 2			0.03		6.55		0.07		0.44457	0.11	52.5840292854	11.6912
2 1 1			0.02		6.58		0.07		0.44457	0.13	39.1745550983	0.4263
4 1 5			0.02		6.6		0.07		0.44429	1.53	74.3771604481	7.6693
1 0 7			0.02		6.62		0.06		0.44436	0.54	48.0896902272	2.8781
2 2 6			-0.11		6.51		0.07		0.44407	0.0	74.8444416707	3.2648
0 1 5			0.02		6.54		0.07		0.44383	0.34	41.7114803244	7.6693
4 1 3			0.03		6.56		0.07		0.44383	0.15	68.408649436	0.0043
1 -1 2			0.02		6.58		0.07		0.44398	0.39	32.1995090242	11.6912
1 2 6			0.03		6.61		0.07		0.44408	0.11	69.4566609057	1.2895
2 0 4			-0.05		6.56		0.07		0.44342	0.23	38.5541558059	1.7476
-1 -1 2			0.02		6.58		0.07		0.44355	0.13	32.1995090242	11.6912
1 2 7			-0.02		6.56		0.07		0.44395	0.71	74.291810142	3.5836
1 1 6			0.01		6.57		0.07		0.44433	0.38	49.5460147793	8.8974
3 2 0			-0.03		6.54		0.07		0.44433	0.67	70.467230504	2.2538
0 1 4			-0.08		6.46		0.08		0.44475	0.09	36.6772811508	0.4076
2 2 3			0.02		6.48		0.08		0.44464	0.31	64.6616050849	6.6891
1 1 2			0.02		6.5		0.07		0.44475	0.52	32.1995090242	11.6912
2 2 5			-0.03		6.47		0.08		0.44572	0.26	70.7747179536	2.8196
0 0 8			-0.08		6.39		0.08		0.44292	0.5	52.7511004195	15.5355
1 0 5			-0.07		6.31		0.09		0.4444	0.22	35.3149362404	7.049