HKL Value		Reward		TotalReward	Chi Squared	Z Appr. 	Error	Two-Thetas	Sfs2
0 0 7			0.0		0.0		0.0		0.5	0.2	45.7499157105	0.0
3 2 4			0.0		0.0		0.0		0.68336	0.0	76.369138646	3.3351
3 0 2			1.0		1.0		0.0		0.68336	0.46	45.0164041053	0.0
1 0 1			-1.0		0.0		0.04		0.43355	0.06	15.4189733366	0.0644
3 0 0			0.33		0.33		0.03		0.43355	0.45	42.9814560157	0.0
1 0 0			0.25		0.58		0.02		0.43355	0.0	14.0285801003	0.0
2 0 6			0.11		0.7		0.02		0.43054	0.73	48.8015573959	6.3028
2 0 4			0.1		0.79		0.02		0.42988	0.23	38.5541558059	1.7476
4 0 3			0.14		0.94		0.02		0.42988	0.29	62.1413926063	0.0
2 0 1			0.12		1.06		0.02		0.42988	0.15	29.01034049	0.0
0 0 3			0.11		1.17		0.01		0.42988	0.03	19.1797885945	0.0
1 0 4			0.1		1.27		0.01		0.42988	0.08	29.3672081998	0.0
3 0 4			0.09		1.36		0.01		0.42988	0.64	50.7360354343	0.0
3 0 6			0.08		1.45		0.01		0.42988	0.11	59.366558438	0.0
4 0 1			0.08		1.52		0.01		0.42988	0.27	58.8934376912	0.0
2 1 4			-0.83		0.7		0.06		0.4342	2.11	46.9440445598	0.4076
4 0 5			0.07		0.76		0.05		0.4342	0.26	68.3700248267	0.0
2 0 0			-0.61		0.15		0.14		0.4342	0.07	28.2731138415	46.4355
2 0 3			0.06		0.21		0.13		0.4342	0.09	34.3920319457	0.0
2 0 7			0.06		0.27		0.12		0.4342	4.16	54.6555056564	0.0
3 0 8			0.05		0.32		0.12		0.4342	0.3	70.3147352648	0.0
1 0 8			0.05		0.37		0.11		0.4342	0.24	54.8685935926	0.0
2 0 5			0.05		0.42		0.11		0.4342	5.26	43.4052500519	0.0
1 0 6			0.05		0.46		0.1		0.4342	0.25	41.5701214249	0.0
3 1 0			0.04		0.51		0.1		0.4342	0.86	50.7823995615	0.002
1 1 4			0.04		0.55		0.09		0.43419	0.3	39.4492672371	0.9567
3 0 7			-0.02		0.53		0.1		0.43666	0.18	64.5726747292	2.8781
2 1 1			0.03		0.56		0.09		0.43665	0.13	39.1745550983	0.4263
0 0 2			-0.25		0.31		0.12		0.43596	0.15	12.7532192506	5.5981
4 1 1			0.03		0.34		0.12		0.43596	0.21	65.3342299592	0.4263
-1 -1 2			0.02		0.36		0.12		0.43626	0.13	32.1995090242	11.6912
2 1 7			0.02		0.38		0.12		0.43699	0.57	61.3678684761	8.4036
0 1 5			0.03		0.41		0.11		0.43705	0.34	41.7114803244	7.6693
1 1 7			0.02		0.43		0.11		0.43632	0.15	55.34320722	1.1017
4 1 3			0.03		0.46		0.11		0.43632	0.15	68.408649436	0.0043
1 2 6			-0.01		0.45		0.11		0.43766	0.11	69.4566609057	1.2895
1 -1 2			0.02		0.47		0.11		0.43783	0.39	32.1995090242	11.6912
4 0 2			-0.18		0.28		0.13		0.43743	0.26	60.1237214722	5.5981
0 1 7			0.02		0.3		0.13		0.43778	0.26	53.2385720724	8.4036
1 0 7			0.01		0.32		0.13		0.43833	0.54	48.0896902272	2.8781
2 2 3			0.02		0.34		0.12		0.43839	0.31	64.6616050849	6.6891
3 1 4			0.02		0.37		0.12		0.43837	0.33	57.7518627408	0.9567
2 2 5			-0.06		0.31		0.13		0.43932	0.26	70.7747179536	2.8196
4 1 5			0.02		0.33		0.12		0.43929	1.53	74.3771604481	7.6693
1 2 7			-0.01		0.32		0.13		0.4396	0.71	74.291810142	3.5836
2 1 6			-0.22		0.1		0.16		0.44439	0.16	55.9883197776	2.0239
1 1 2			0.02		0.12		0.16		0.44447	0.52	32.1995090242	11.6912
3 1 7			-0.02		0.1		0.16		0.44312	0.32	70.7276559911	1.1017
0 0 8			-0.01		0.09		0.16		0.44165	0.5	52.7511004195	15.5355
1 0 5			-0.04		0.05		0.17		0.4429	0.22	35.3149362404	7.049