HKL Value		Reward		TotalReward	Chi Squared	Z Appr. 	Error	Two-Thetas	Sfs2
3 0 2			0.0		0.0		0.0		0.5	0.46	45.0164041053	0.0
3 0 0			0.0		0.0		0.0		0.5	0.45	42.9814560157	0.0
1 0 0			0.1		0.1		0.0		0.5	0.0	14.0285801003	0.0
4 0 0			-1.0		-0.9		0.5		0.5	0.08	58.4798162983	46.4355
0 0 3			0.33		-0.57		0.37		0.5	0.03	19.1797885945	0.0
2 0 1			0.25		-0.32		0.3		0.5	0.15	29.01034049	0.0
4 1 0			0.03		-0.29		0.29		0.5	0.2	64.9447604845	0.0084
4 0 3			0.17		-0.12		0.25		0.5	0.29	62.1413926063	0.0
3 0 6			0.14		0.02		0.22		0.5	0.11	59.366558438	0.0
1 0 4			0.12		0.15		0.19		0.5	0.08	29.3672081998	0.0
0 0 7			0.11		0.26		0.17		0.5	0.2	45.7499157105	0.0
3 0 4			0.1		0.36		0.16		0.5	0.64	50.7360354343	0.0
4 0 1			0.09		0.45		0.14		0.5	0.27	58.8934376912	0.0
1 0 6			0.08		0.53		0.13		0.5	0.25	41.5701214249	0.0
2 0 3			0.08		0.61		0.12		0.5	0.09	34.3920319457	0.0
1 0 8			0.07		0.68		0.12		0.5	0.24	54.8685935926	0.0
2 0 7			0.07		0.75		0.11		0.5	4.16	54.6555056564	0.0
2 0 5			0.06		0.81		0.1		0.5	5.26	43.4052500519	0.0
4 0 5			0.06		0.87		0.1		0.5	0.26	68.3700248267	0.0
3 0 8			0.06		0.92		0.09		0.5	0.3	70.3147352648	0.0
3 1 0			0.05		0.98		0.09		0.5	0.86	50.7823995615	0.002
1 1 6			0.05		1.03		0.08		0.22322	0.38	49.5460147793	8.8974
4 1 1			0.04		1.07		0.08		0.22319	0.21	65.3342299592	0.4263
3 1 4			0.02		1.09		0.08		0.22255	0.33	57.7518627408	0.9567
1 1 4			0.02		1.11		0.08		0.22193	0.3	39.4492672371	0.9567
2 1 1			0.03		1.14		0.07		0.22191	0.13	39.1745550983	0.4263
2 2 4			-0.35		0.8		0.11		0.2236	0.5	67.3692384702	10.6939
3 0 7			-0.08		0.72		0.12		0.14724	0.18	64.5726747292	2.8781
4 1 5			-0.27		0.45		0.17		0.14435	1.53	74.3771604481	7.6693