Number of epochs: 650e-01
3.163835610371694140e-01
-2.555141090700666084e-01
-3.749351370700714225e-01
5.492473273498307135e-02
-1.115425418641923516e-01
-2.845503737098911690e-01
-3.523089080428776221e-02
-4.391174075982839375e-01
-3.693502343762303936e-02
-2.698290259388759771e-01
-2.010187671111043073e-01
4.257977274534273660e-01
-3.451908465494407108e-01
5.388935178738174514e-02
-1.661450776468801349e-01
3.522233722345831375e-02
-3.033290678687939126e-02
3.963898626026089722e-02
-3.285107737721589677e-02
-4.452978294887795507e-01
-1.494716439789318951e-02
-4.050328984879211225e-01
-2.074015863088941869e-02
-3.205922274212795742e-01
-3.845381952244181917e-02
-4.970018420348795707e-02
-5.383459750397092680e-01
1.219234513258144192e-01
-4.255477750305972084e-01
4.270816901560390427e-02
-1.188475552890183307e-01
3.996909505251889511e-02
-1.886762320214567246e-01
3.812069663684494042e-02
-2.363792449272788532e-01
-1.505954517137014260e-02
-2.283470681742323094e-01
-3.207230871183843757e-01
-4.422307686531394832e-01
-3.111154537564175468e-02
-2.159462138896687811e-01
-3.797662983687580263e-02
-4.494655877974255698e-01
-7.032387691317495970e-02
-1.833945409615292399e-01
7.223465504676860327e-01
-3.385513234113655678e-01
7.467904042143811427e-01
-2.942259008617794658e-01
4.910072193957142062e-02
-3.054262681056779116e-01
5.773112643417287193e-02
-1.316452000120673510e-02
3.183679792057819008e-02
-8.577564933137627259e-03
-2.889378951514083860e-01
-1.563515400098623165e-01
-5.036173801014444118e-01
-1.927203320174894138e-02
-3.468611496727728727e-01
-1.444125870546955070e-01
-3.127817992721750873e-01
-4.311140656855809716e-01
-2.471730715425264069e-01
-3.996220919683188821e-01
-2.492465811691084165e-01
-5.118892060841991887e-01
4.562208166296111145e-02
-2.983341368752241984e-01
1.022828049517734983e-01
-1.984807317867298415e-01
3.957058060932346077e-02
-3.616991781845138587e-01
-1.951430734216917096e-01
-1.499257075998533181e-02
-3.201688567860342532e-02
-3.592006296886561811e-01
-3.176409178516412246e-02
-2.896104803065647215e-01
-5.098622118189805735e-02
-1.457277272164665960e-01
-3.349634878721514941e-02
-3.028659285042403226e-01
-2.672727663617246452e-01
