HKL Value		Reward		TotalReward	Chi Squared	Z Appr. 	Error	Two-Thetas	Sfs2
4 0 3			0.0		0.0		0.0		0.5	0.29	62.1413926063	0.0
2 0 3			0.0		0.0		0.0		0.49979	0.09	34.3920319457	0.0
0 0 3			0.72		0.72		0.0		0.49979	0.03	19.1797885945	0.0
3 0 0			0.5		1.22		0.0		0.49979	0.45	42.9814560157	0.0
3 0 6			0.28		1.49		0.0		0.49979	0.11	59.366558438	0.0
1 0 4			-0.12		1.37		0.0		0.49979	0.08	29.3672081998	0.0
3 0 4			-0.24		1.14		0.0		0.4998	0.64	50.7360354343	0.0
4 0 5			-0.77		0.37		0.0		0.4998	0.26	68.3700248267	0.0
4 0 1			0.29		0.66		0.0		0.49975	0.27	58.8934376912	0.0
2 0 7			-0.21		0.45		0.0		0.49975	4.16	54.6555056564	0.0
2 1 6			-1.0		-0.55		0.01		0.46959	0.16	55.9883197776	2.0239
0 0 7			0.1		-0.45		0.01		0.46959	0.2	45.7499157105	0.0
2 0 5			0.09		-0.36		0.01		0.46959	5.26	43.4052500519	0.0
1 0 8			0.08		-0.28		0.01		0.46959	0.24	54.8685935926	0.0
3 0 2			0.08		-0.2		0.0		0.46959	0.46	45.0164041053	0.0
1 0 6			0.07		-0.13		0.0		0.46959	0.25	41.5701214249	0.0
3 2 0			-0.68		-0.81		0.01		0.46959	0.67	70.467230504	2.2538
0 0 2			-0.83		-1.64		0.09		0.46907	0.15	12.7532192506	5.5981
3 1 1			0.77		-0.87		0.05		0.62651	0.22	51.2370468789	1.4731
1 0 0			0.06		-0.82		0.05		0.62651	0.0	14.0285801003	0.0
3 1 0			0.05		-0.76		0.04		0.62651	0.86	50.7823995615	0.002
2 0 1			0.05		-0.71		0.04		0.62651	0.15	29.01034049	0.0
3 0 8			0.05		-0.67		0.04		0.62651	0.3	70.3147352648	0.0
1 1 4			0.04		-0.63		0.04		0.6266	0.3	39.4492672371	0.9567
1 0 7			-0.73		-1.36		0.14		0.60752	0.54	48.0896902272	2.8781
2 1 1			0.04		-1.32		0.14		0.60752	0.13	39.1745550983	0.4263
2 1 7			-0.01		-1.33		0.14		0.60752	0.57	61.3678684761	8.4036
3 0 7			-0.14		-1.47		0.16		0.60421	0.18	64.5726747292	2.8781
2 2 3			-0.19		-1.66		0.2		0.60507	0.31	64.6616050849	6.6891