HKL Value		Reward		TotalReward	Chi Squared	Z Appr. 	Error	Two-Thetas	Sfs2
4 0 3			0.0		0.0		0.0		0.5	0.29	62.1413926063	0.0
2 0 3			0.0		0.0		0.0		0.49979	0.09	34.3920319457	0.0
0 0 3			0.72		0.72		0.0		0.49979	0.03	19.1797885945	0.0
3 0 0			0.5		1.22		0.0		0.49979	0.45	42.9814560157	0.0
0 0 8			-1.0		0.22		0.0		0.49986	0.5	52.7511004195	15.5355
1 -1 2			-1.0		-0.78		0.1		0.49871	0.39	32.1995090242	11.6912
3 0 6			0.2		-0.58		0.09		0.49871	0.11	59.366558438	0.0
4 0 5			0.17		-0.42		0.07		0.49871	0.26	68.3700248267	0.0
2 0 5			0.14		-0.27		0.06		0.49871	5.26	43.4052500519	0.0
1 0 6			0.13		-0.15		0.06		0.49871	0.25	41.5701214249	0.0
0 0 7			0.11		-0.04		0.05		0.49871	0.2	45.7499157105	0.0
1 0 4			0.1		0.06		0.05		0.49871	0.08	29.3672081998	0.0
2 0 7			0.09		0.15		0.04		0.49871	4.16	54.6555056564	0.0
0 1 5			0.08		0.23		0.04		0.49886	0.34	41.7114803244	7.6693
3 0 4			0.08		0.3		0.04		0.49886	0.64	50.7360354343	0.0
4 0 1			0.07		0.38		0.03		0.49886	0.27	58.8934376912	0.0
1 0 8			0.07		0.44		0.03		0.49886	0.24	54.8685935926	0.0
3 0 2			0.06		0.5		0.03		0.49886	0.46	45.0164041053	0.0
1 0 0			0.06		0.56		0.03		0.49886	0.0	14.0285801003	0.0
3 0 8			0.06		0.62		0.03		0.49886	0.3	70.3147352648	0.0
2 0 1			0.05		0.67		0.03		0.49886	0.15	29.01034049	0.0
1 0 7			3.98		4.65		0.01		0.4386	0.54	48.0896902272	2.8781
2 1 1			-0.11		4.54		0.01		0.4386	0.13	39.1745550983	0.4263
1 1 4			-0.0		4.54		0.01		0.43858	0.3	39.4492672371	0.9567
2 1 7			-0.06		4.48		0.01		0.43892	0.57	61.3678684761	8.4036