HKL Value		Reward		TotalReward	Chi Squared	Z Appr. 	Error	Two-Thetas	Sfs2
2 0 1			0.0		0.0		0.0		0.5	0.15	29.01034049	0.0
4 0 3			0.0		0.0		0.0		0.5	0.29	62.1413926063	0.0
3 0 0			0.97		0.97		0.0		0.5	0.45	42.9814560157	0.0
3 0 2			-0.65		0.32		0.0		0.5	0.46	45.0164041053	0.0
1 0 0			-0.18		0.14		0.0		0.5	0.0	14.0285801003	0.0
0 0 7			-0.95		-0.8		0.0		0.5	0.2	45.7499157105	0.0
2 0 3			-0.7		-1.51		0.0		0.5	0.09	34.3920319457	0.0
4 0 5			-0.5		-2.01		0.0		0.49998	0.26	68.3700248267	0.0
3 1 0			-1.0		-3.01		0.0		0.49998	0.86	50.7823995615	0.002
3 0 4			0.13		-2.89		0.0		0.49998	0.64	50.7360354343	0.0
1 0 8			0.11		-2.77		0.0		0.49998	0.24	54.8685935926	0.0
0 0 3			0.1		-2.67		0.0		0.49998	0.03	19.1797885945	0.0
1 0 4			0.09		-2.58		0.0		0.49998	0.08	29.3672081998	0.0
3 0 6			0.08		-2.5		0.0		0.49998	0.11	59.366558438	0.0
2 2 3			0.08		-2.42		0.0		0.44115	0.31	64.6616050849	6.6891
4 0 1			0.07		-2.35		0.0		0.44115	0.27	58.8934376912	0.0
2 0 7			0.07		-2.29		0.0		0.44115	4.16	54.6555056564	0.0
2 0 5			0.06		-2.22		0.0		0.44115	5.26	43.4052500519	0.0
3 0 8			0.06		-2.16		0.0		0.44115	0.3	70.3147352648	0.0
1 0 6			0.06		-2.11		0.0		0.44115	0.25	41.5701214249	0.0
3 0 7			-0.92		-3.03		0.0		0.44375	0.18	64.5726747292	2.8781
1 1 3			-0.98		-4.01		0.05		0.43899	0.54	35.3770121777	12.6586
-1 -1 2			0.02		-3.99		0.05		0.44005	0.13	32.1995090242	11.6912
3 1 2			0.02		-3.98		0.05		0.44119	0.11	52.5840292854	11.6912
0 1 6			-0.34		-4.31		0.07		0.45477	0.0	47.2608104201	2.0239
2 1 1			0.03		-4.28		0.07		0.45477	0.13	39.1745550983	0.4263
4 1 1			0.03		-4.25		0.07		0.45477	0.21	65.3342299592	0.4263
3 1 4			0.03		-4.22		0.06		0.45472	0.33	57.7518627408	0.9567
1 1 4			0.03		-4.2		0.06		0.45466	0.3	39.4492672371	0.9567
4 1 3			0.04		-4.16		0.06		0.45466	0.15	68.408649436	0.0043
4 0 4			-0.15		-4.31		0.07		0.45396	0.13	64.9051128666	1.7476
4 1 5			-0.01		-4.32		0.07		0.45333	1.53	74.3771604481	7.6693
1 2 6			-0.01		-4.33		0.07		0.4518	0.11	69.4566609057	1.2895