HKL Value		Reward		TotalReward	Chi Squared	Z Appr. 	Error	Two-Thetas	Sfs2
2 0 6			0.0		0.0		0.0		0.5	0.73	48.8015573959	6.3028
2 0 1			0.0		0.0		0.0		0.51185	0.15	29.01034049	0.0
4 0 3			1.0		1.0		0.0		0.51185	0.29	62.1413926063	0.0
3 0 6			0.5		1.5		0.0		0.51185	0.11	59.366558438	0.0
3 0 0			0.33		1.83		0.0		0.51185	0.45	42.9814560157	0.0
3 0 2			0.25		2.08		0.0		0.51185	0.46	45.0164041053	0.0
1 0 0			0.2		2.28		0.0		0.51185	0.0	14.0285801003	0.0
0 0 3			0.17		2.45		0.0		0.51185	0.03	19.1797885945	0.0
3 0 4			0.14		2.59		0.0		0.51185	0.64	50.7360354343	0.0
2 0 3			0.12		2.72		0.0		0.51185	0.09	34.3920319457	0.0
1 0 4			0.11		2.83		0.0		0.51185	0.08	29.3672081998	0.0
4 0 5			0.1		2.93		0.0		0.51185	0.26	68.3700248267	0.0
0 0 7			0.09		3.02		0.0		0.51185	0.2	45.7499157105	0.0
2 0 5			0.08		3.1		0.0		0.51185	5.26	43.4052500519	0.0
3 0 8			0.08		3.18		0.0		0.51185	0.3	70.3147352648	0.0
2 0 7			0.07		3.25		0.0		0.51185	4.16	54.6555056564	0.0
4 0 1			0.07		3.32		0.0		0.51185	0.27	58.8934376912	0.0
3 2 3			-1.0		2.32		0.07		0.50846	1.08	73.8091166097	1.7896
1 0 8			0.06		2.38		0.07		0.50845	0.24	54.8685935926	0.0
1 1 6			-0.59		1.79		0.16		0.51389	0.38	49.5460147793	8.8974
1 0 6			0.05		1.84		0.15		0.51389	0.25	41.5701214249	0.0
3 0 7			2.22		4.06		0.05		0.43733	0.18	64.5726747292	2.8781
1 1 4			0.04		4.1		0.05		0.43729	0.3	39.4492672371	0.9567
2 1 1			0.03		4.13		0.04		0.43729	0.13	39.1745550983	0.4263
3 1 0			0.04		4.17		0.04		0.43729	0.86	50.7823995615	0.002
3 1 2			-0.0		4.17		0.04		0.43773	0.11	52.5840292854	11.6912
3 1 4			0.03		4.21		0.04		0.4377	0.33	57.7518627408	0.9567
0 1 5			0.04		4.24		0.04		0.43775	0.34	41.7114803244	7.6693
4 1 5			0.04		4.28		0.04		0.43779	1.53	74.3771604481	7.6693
4 1 1			0.02		4.3		0.04		0.43779	0.21	65.3342299592	0.4263
1 2 6			-0.04		4.26		0.04		0.43965	0.11	69.4566609057	1.2895
1 0 7			0.0		4.26		0.04		0.44025	0.54	48.0896902272	2.8781
-1 -1 -2			0.01		4.27		0.04		0.44047	0.31	32.1995090242	11.6912
2 2 6			-0.18		4.09		0.05		0.44006	0.0	74.8444416707	3.2648
4 1 3			0.03		4.12		0.05		0.44006	0.15	68.408649436	0.0043
2 1 7			0.03		4.15		0.04		0.44027	0.57	61.3678684761	8.4036
2 0 0			-0.48		3.67		0.08		0.44027	0.07	28.2731138415	46.4355
2 2 3			0.03		3.7		0.08		0.44031	0.31	64.6616050849	6.6891
0 1 7			0.03		3.73		0.08		0.44048	0.26	53.2385720724	8.4036
1 -1 2			0.02		3.74		0.08		0.44066	0.39	32.1995090242	11.6912
-1 -1 2			0.02		3.76		0.08		0.44082	0.13	32.1995090242	11.6912
0 2 7			-0.05		3.71		0.08		0.44332	0.0	72.5085769296	0.0094
0 0 8			-0.04		3.67		0.08		0.44142	0.5	52.7511004195	15.5355
1 2 7			-0.02		3.65		0.09		0.44163	0.71	74.291810142	3.5836