HKL Value		Reward		TotalReward	Chi Squared	Z Appr. 	Error	Two-Thetas	Sfs2
2 0 1			0.0		0.0		0.0		0.5	0.15	29.01034049	0.0
4 0 3			0.0		0.0		0.0		0.5	0.29	62.1413926063	0.0
3 0 0			0.97		0.97		0.0		0.5	0.45	42.9814560157	0.0
3 0 2			-0.65		0.32		0.0		0.5	0.46	45.0164041053	0.0
1 0 0			-0.18		0.14		0.0		0.5	0.0	14.0285801003	0.0
2 0 5			-1.0		-0.86		0.0		0.49993	5.26	43.4052500519	0.0
3 0 6			0.64		-0.22		0.0		0.49993	0.11	59.366558438	0.0
3 2 2			-1.0		-1.22		0.0		0.56163	0.0	71.9603042663	6.6617
1 0 4			0.14		-1.08		0.0		0.56163	0.08	29.3672081998	0.0
0 0 3			0.12		-0.95		0.0		0.56163	0.03	19.1797885945	0.0
2 0 3			0.11		-0.84		0.0		0.56163	0.09	34.3920319457	0.0
3 0 4			0.1		-0.74		0.0		0.56163	0.64	50.7360354343	0.0
4 0 5			0.09		-0.65		0.0		0.56163	0.26	68.3700248267	0.0
0 0 7			0.08		-0.57		0.0		0.56163	0.2	45.7499157105	0.0
2 0 7			0.08		-0.49		0.0		0.56163	4.16	54.6555056564	0.0
4 0 4			-1.0		-1.49		0.02		0.49639	0.13	64.9051128666	1.7476
4 0 1			0.07		-1.42		0.02		0.49639	0.27	58.8934376912	0.0
-1 -1 -2			-0.54		-1.96		0.04		0.48719	0.31	32.1995090242	11.6912
2 1 0			-0.23		-2.19		0.05		0.48719	0.16	38.6117414796	0.0084
3 0 8			0.06		-2.14		0.05		0.48719	0.3	70.3147352648	0.0
1 0 8			0.05		-2.08		0.04		0.48719	0.24	54.8685935926	0.0
1 0 6			0.05		-2.03		0.04		0.48719	0.25	41.5701214249	0.0
3 0 7			0.54		-1.49		0.03		0.43858	0.18	64.5726747292	2.8781
3 1 0			0.04		-1.45		0.03		0.43858	0.86	50.7823995615	0.002
2 1 1			0.01		-1.43		0.03		0.43858	0.13	39.1745550983	0.4263
1 1 4			0.03		-1.4		0.03		0.43851	0.3	39.4492672371	0.9567
3 1 4			0.03		-1.37		0.02		0.43845	0.33	57.7518627408	0.9567
4 1 1			0.01		-1.36		0.02		0.43845	0.21	65.3342299592	0.4263
3 1 2			-0.02		-1.38		0.02		0.43927	0.11	52.5840292854	11.6912
3 2 1			-0.45		-1.82		0.04		0.43955	0.17	70.8417473216	1.0468
4 1 5			0.03		-1.79		0.04		0.43935	1.53	74.3771604481	7.6693
0 1 5			0.03		-1.76		0.04		0.43919	0.34	41.7114803244	7.6693
2 1 2			-0.07		-1.83		0.05		0.44051	0.36	40.8238903893	0.1747
1 1 6			-0.01		-1.84		0.05		0.44266	0.38	49.5460147793	8.8974
1 2 6			0.03		-1.82		0.04		0.44352	0.11	69.4566609057	1.2895
4 1 3			0.03		-1.79		0.04		0.44352	0.15	68.408649436	0.0043
2 2 4			-0.35		-2.14		0.07		0.44208	0.5	67.3692384702	10.6939
2 1 7			0.03		-2.11		0.06		0.44208	0.57	61.3678684761	8.4036
1 0 7			0.02		-2.09		0.06		0.44244	0.54	48.0896902272	2.8781
3 2 3			-0.17		-2.26		0.08		0.44265	1.08	73.8091166097	1.7896
2 2 3			0.03		-2.23		0.07		0.44255	0.31	64.6616050849	6.6891
1 -1 2			0.02		-2.21		0.07		0.44279	0.39	32.1995090242	11.6912
0 1 7			0.02		-2.19		0.07		0.44272	0.26	53.2385720724	8.4036
0 2 7			-0.03		-2.22		0.07		0.44501	0.0	72.5085769296	0.0094
-1 -1 2			0.02		-2.2		0.07		0.44511	0.13	32.1995090242	11.6912
1 2 7			-0.01		-2.21		0.07		0.44558	0.71	74.291810142	3.5836
1 0 5			-0.04		-2.25		0.08		0.4478	0.22	35.3149362404	7.049
0 1 8			-0.04		-2.29		0.08		0.45005	2.05	59.6041295708	7.5134