HKL Value		Reward		TotalReward	Chi Squared	Z Appr. 	Error	Two-Thetas	Sfs2
2 0 1			0.0		0.0		0.0		0.5	0.15	29.01034049	0.0
4 0 3			0.0		0.0		0.0		0.5	0.29	62.1413926063	0.0
3 0 2			-0.53		-0.53		0.0		0.5	0.46	45.0164041053	0.0
1 0 0			-0.08		-0.61		0.0		0.5	0.0	14.0285801003	0.0
4 0 1			-0.97		-1.59		0.0		0.49993	0.27	58.8934376912	0.0
3 0 0			0.4		-1.19		0.0		0.49992	0.45	42.9814560157	0.0
3 0 4			-0.1		-1.29		0.0		0.49992	0.64	50.7360354343	0.0
0 0 3			0.17		-1.12		0.0		0.49992	0.03	19.1797885945	0.0
1 2 7			-1.0		-2.12		0.0		0.5226	0.71	74.291810142	3.5836
0 0 7			0.12		-2.0		0.0		0.5226	0.2	45.7499157105	0.0
2 0 3			0.11		-1.89		0.0		0.5226	0.09	34.3920319457	0.0
1 0 4			0.1		-1.79		0.0		0.5226	0.08	29.3672081998	0.0
-2 0 4			-1.0		-2.79		0.01		0.49597	0.22	38.5541558059	1.7476
3 0 6			0.08		-2.7		0.01		0.49597	0.11	59.366558438	0.0
2 0 7			0.08		-2.63		0.01		0.49597	4.16	54.6555056564	0.0
0 0 8			-0.06		-2.69		0.01		0.4994	0.5	52.7511004195	15.5355
4 0 5			0.07		-2.62		0.01		0.4994	0.26	68.3700248267	0.0
0 1 6			-0.92		-3.54		0.1		0.49256	0.0	47.2608104201	2.0239
3 0 8			0.06		-3.48		0.09		0.49256	0.3	70.3147352648	0.0
2 0 5			0.06		-3.42		0.09		0.49256	5.26	43.4052500519	0.0
1 0 8			0.05		-3.37		0.08		0.49256	0.24	54.8685935926	0.0
1 -1 2			-0.15		-3.52		0.1		0.49186	0.39	32.1995090242	11.6912
3 1 4			0.01		-3.5		0.09		0.49181	0.33	57.7518627408	0.9567
4 1 1			0.04		-3.47		0.09		0.49181	0.21	65.3342299592	0.4263
2 1 1			0.04		-3.43		0.09		0.49181	0.13	39.1745550983	0.4263
1 1 4			0.01		-3.42		0.09		0.49174	0.3	39.4492672371	0.9567
1 0 6			0.04		-3.38		0.08		0.49174	0.25	41.5701214249	0.0
3 1 2			-0.11		-3.49		0.09		0.49102	0.11	52.5840292854	11.6912
4 0 4			0.03		-3.46		0.09		0.49136	0.13	64.9051128666	1.7476
2 2 3			-0.3		-3.76		0.13		0.48957	0.31	64.6616050849	6.6891
2 1 7			0.03		-3.73		0.13		0.48924	0.57	61.3678684761	8.4036
3 0 7			0.59		-3.15		0.08		0.44473	0.18	64.5726747292	2.8781
1 1 6			0.02		-3.12		0.08		0.44505	0.38	49.5460147793	8.8974
3 1 0			0.03		-3.09		0.08		0.44505	0.86	50.7823995615	0.002
1 2 6			0.03		-3.06		0.07		0.445	0.11	69.4566609057	1.2895
3 1 1			-0.15		-3.22		0.09		0.44514	0.22	51.2370468789	1.4731
-1 -1 -2			0.03		-3.19		0.08		0.44521	0.31	32.1995090242	11.6912
0 1 5			0.02		-3.17		0.08		0.44504	0.34	41.7114803244	7.6693
4 1 5			0.02		-3.15		0.08		0.44487	1.53	74.3771604481	7.6693
2 0 -4			-0.04		-3.2		0.08		0.44439	0.31	38.5541558059	1.7476
1 0 7			0.02		-3.18		0.08		0.44442	0.54	48.0896902272	2.8781
-1 -1 2			0.02		-3.15		0.08		0.4445	0.13	32.1995090242	11.6912
2 1 0			-0.05		-3.2		0.09		0.4445	0.16	38.6117414796	0.0084
0 1 7			0.02		-3.18		0.08		0.44439	0.26	53.2385720724	8.4036
2 1 6			-0.22		-3.4		0.11		0.44752	0.16	55.9883197776	2.0239
3 2 2			-0.02		-3.42		0.11		0.44739	0.0	71.9603042663	6.6617
3 0 5			-0.01		-3.43		0.11		0.44841	0.2	54.7330754518	7.0489