Number of epochs: 100e+00
-2.417264427701925200e+01
1.752769393438537437e-01
-2.491826467676917789e-01
-5.506123653578964650e+01
1.341621554356511592e-01
-9.703684397574694032e+00
-2.276844458631007484e+01
3.461455402846918411e-02
-9.023879030991578176e+00
1.535086480330237091e+00
1.745152435113465628e-01
-1.373954102643919128e+01
6.212009240434160917e-01
-5.883876150119972392e-02
1.454732022382431156e-01
1.974499404458899543e-01
9.258093769855466060e-02
7.342740539002044764e-02
9.356199081650193317e-02
1.253466996296420388e-01
8.617090172805920434e-02
8.707704712741848319e-02
1.795118152045371007e-01
1.782701653518534990e-01
4.097032035102597392e-01
1.171117908338819152e-01
8.416056584128506213e-02
-6.087068610526008783e+00
-2.289180436391317214e-03
-5.719605702689145588e-01
3.473544060383088605e-01
-1.672848609347862059e+00
-3.640215928240055909e+00
1.770859264821119106e-01
-6.129820979669915459e-01
-3.506134859001872606e+00
1.385575753249743414e-01
-2.887652147285165949e+00
2.371266219344423110e-01
2.251682191586310278e-01
-1.577046142249467042e+00
2.840782223996407008e-01
-2.249361528468583615e-01
-5.395322076205183448e-01
-1.520021815411733979e-01
-2.625124045353491309e-01
-2.840624525641065046e-01
-1.197479218001565315e-01
-2.172470660943103815e-01
-1.246498752697347556e-01
-2.678631933750468264e+00
-2.455811835128676179e+00
-7.929409299253979970e-01
-7.650734897861866113e-01
-2.185203173747939376e-01
3.931173516347109820e-02
-6.880045219201633699e-01
3.092661809187843835e-02
-6.986070963925572475e-02
-2.706207518158321612e+00
-3.297685930041349689e-01
-8.805192059883175659e-01
4.631354999332562561e-02
-1.177718078365975474e-01
-2.380153336370513628e+00
7.406605853437622788e-02
-2.165765014052575474e-02
-2.107790439752212086e-02
1.787003926613191795e-01
4.301234777451530544e-02
-1.532303330309213862e+01
-1.300903914652144522e+01
-3.557089679755740974e+00
-1.079875999315088153e+00
-1.471531000494005870e+00
-2.539488944120472436e+00
-2.340234294777987500e+00
-3.072668029590794880e-01
-6.176751129907831483e-01
-2.093995328254283805e+00
-3.288172788019511295e+00
-1.170634234730121959e+00
-1.256093439256458888e+00
-3.911933155444762278e+00
-2.374689374253853569e-01
-1.198224645862542204e+01
-5.418933341889055066e-01
-4.387271217237943555e-01
-2.420255014451274889e+01
-2.117481457553599122e-01
-1.152379741225020737e+01
-3.623602914137001640e+00
-8.480113974459452253e-02
-8.142846569278962221e+00
3.123662562843541185e-02
1.596888974666702682e-02
-6.306888676414461159e+00
4.780901156385293505e-02
-1.836423485604402051e-01
-1.769032674733795218e+00
-8.439587600370003884e+00
-2.561279292551625009e+00
-2.983093286210335648e+00
-1.830133233791369385e+00
-5.804090966251171047e+00
-1.033814198010859275e+00
-8.407269284776173190e-01
-1.001792605176669460e+00
-2.703159828246668894e+00
-2.614296653316156238e+00
7.131955654414207091e-02
-9.129274249675576769e+00
1.791942621305481764e-01
-5.075462578983959416e-02
-2.145081224012731269e+00
1.801094463196430684e-01
-5.359418063674100452e+00
-2.340432221762840381e+00
1.768906867932445448e-01
-6.566157937118099142e+00
1.761799907763803019e-01
-1.939340074453202334e+01
-2.506223211356077840e-01
1.735831528156850379e-01
7.700787797992596218e-02
7.502302789791778781e-02
1.725219037388101284e-01
6.979000186698110231e-02
6.235729796768220597e-04
5.067007836036153262e-02
7.151375012022495592e-02
7.380552316340057040e+00
1.536220474877978137e-01
1.226948779079442414e-01
1.531368946519127694e-01
1.732022640900911514e-01
1.787606546297108301e-01
8.595002088606218393e-02
7.087354171928882118e-02
1.764631474302843783e-01
1.792214341342931450e-01
1.415172995312311000e-01
1.458360529433740393e-01
-4.103935859413275544e+00
-4.523663749375558929e+00
-3.217567512410076880e+00
-2.881197101132334293e+00
-1.659220614457773468e+00
-5.082358553290080572e+00
-3.534421672920467383e+00
-8.119372014979948204e+00
-9.016486209351532111e+00
-6.885460531765326408e-02
-1.971488759665422252e+00
-1.462492496963027744e+00
1.672296956662383538e-02
-1.420065973464768483e+00
-2.440321941042939147e-01
-2.298722147321888176e+00
-1.394620177436300401e-01
-1.333821554638749074e+00
-2.955595077024402162e-01
-9.019723588719623722e-03
7.447865096806992671e-03
6.442795872116206801e-06
-9.456497993412818492e-02
-1.093978421001031917e-02
-1.118251917831714418e-02
-2.618077678084770876e-01
2.258042107462664705e-01
-4.456816190216597029e+00
2.559912731213193071e-01
-3.636657133531303043e-01
2.368144884089750379e-01
-4.887122166470257989e-01
5.146667248538555617e-01
1.236816187282553869e+01
1.757307700267858874e-01
7.811969300976832897e-02
6.328835666020057316e-01
1.122009472188934959e-01
-1.037998464431801215e+00
1.772244553131185341e-01
9.175563614309993621e-02
-1.738914524389402749e-01
-1.639711739918660316e-01
1.829507492438058325e-01
-2.217834284011785506e+00
-2.417340265650489428e-01
-2.589790396046832477e+00
-2.995589167955383658e-01
-1.458599775795792919e+00
-1.046112813781790507e+01
-4.512986682393286403e-02
-4.719897573404600172e-02
-6.325360391653214176e-01
-3.324059070262057602e-01
