HKL Value		Reward		TotalReward	Chi Squared	Z Appr. 	Error	Two-Thetas	Sfs2
0 4 0			0.0		0.0		0.0		0.3	6.137	35.7152072575	818.959
3 3 7			0.0		0.0		504.52		0.34068	0.1558	47.1418707618	3.5073
6 2 10			122.58		122.58		259.36		0.33049	0.7103	71.9901825081	43.9921
6 0 8			43.2		165.78		172.96		0.33014	2.9234	64.163237895	5.3359
4 6 0			21.61		187.39		129.73		0.33014	0.7863	67.1083315067	59.4729
7 1 7			12.84		200.23		104.05		0.33148	0.3505	72.2660298289	5.0526
0 6 8			8.64		208.87		86.78		0.33108	0.7694	64.1950429677	5.6946
6 4 0			6.2		215.07		74.38		0.33108	1.8287	67.0910631577	58.6803
4 6 2			4.55		219.61		65.29		0.33097	0.2349	67.657370766	5.5969
6 4 2			3.56		223.17		58.17		0.33087	0.2211	67.6401768609	4.8049
2 0 14			2.9		226.08		52.36		0.33125	0.2634	58.6945218607	7.3942
0 2 14			2.37		228.44		47.63		0.33167	0.2479	58.6982494177	6.3292
0 6 2			1.86		230.3		43.91		0.33165	0.2356	55.3895592761	6.1752
1 7 7			1.68		231.98		40.56		0.33187	0.4353	72.3061031614	6.1143
0 4 18			-8.79		223.19		49.35		0.31932	0.8369	84.5238780681	17.4513
6 0 2			1.57		224.76		46.21		0.31932	0.2214	55.354768557	5.4487
0 0 10			1.42		226.18		43.36		0.31943	0.8316	38.8438017949	41.7013
3 5 7			0.45		226.63		42.46		0.32024	0.2309	60.5203777188	5.6046
5 3 7			0.47		227.1		41.52		0.32093	0.2523	60.5057581853	5.4388
5 1 7			0.41		227.51		40.71		0.32161	0.2609	54.1000446603	4.252
1 5 7			0.44		227.95		39.83		0.32221	0.6035	54.1236034243	4.2528
4 2 8			0.61		228.55		38.62		0.32246	0.7605	51.4203212226	2.5419
2 4 8			0.55		229.1		37.52		0.32272	0.1687	51.4325245866	2.4593
1 3 13			0.57		229.67		36.38		0.32332	0.3907	59.4200243294	11.5335
3 1 13			0.58		230.25		35.22		0.3238	0.3869	59.4126405656	11.7895
1 5 13			0.58		230.84		34.05		0.32417	1.1973	71.2966048402	12.6128
4 2 6			0.65		231.49		32.75		0.32418	1.6049	46.7233273538	62.1975
3 3 13			0.41		231.89		31.94		0.32469	0.5636	65.4922780779	9.1158
1 1 13			0.48		232.37		30.98		0.32501	0.3722	52.9310122384	10.9703
5 1 13			0.46		232.83		30.07		0.32528	0.4567	71.2764535317	11.3258
0 6 6			0.48		233.31		29.1		0.32526	1.0147	60.183190367	40.9583
6 0 6			0.45		233.76		28.21		0.32525	1.0815	60.1501886982	39.9969
3 1 7			0.26		234.02		27.69		0.32552	0.257	39.2655360855	5.205
1 3 7			0.26		234.28		27.17		0.32578	0.1893	39.2755843192	5.3372
0 4 6			-6.19		228.09		33.36		0.3259	3.7688	42.9189471786	481.9509
2 2 0			-17.61		210.48		50.97		0.3259	11.1953	25.0390113278	1035.9387
0 6 16			0.71		211.18		49.56		0.32587	0.4825	89.3859051251	7.6515
2 4 6			0.67		211.85		48.22		0.32587	0.785	46.7364348384	64.2552
3 1 5			-2.47		209.38		50.69		0.32596	2.8985	34.1781376955	186.2389
9 1 1			0.62		210.01		49.45		0.32596	0.8793	87.9915459652	19.6393
1 1 15			0.62		210.62		48.21		0.32596	0.656	61.3839959686	20.6242
7 3 1			0.55		211.17		47.11		0.32596	0.5095	71.5359286583	22.1332
6 2 2			-1.27		209.9		48.38		0.326	3.3001	58.5687226088	135.1206
5 5 1			0.53		210.43		47.33		0.32599	0.5073	65.769247456	23.9531
0 6 10			0.52		210.95		46.28		0.32593	0.8527	69.1637693973	8.5049
6 0 10			0.5		211.45		45.29		0.32588	1.0728	69.1331306246	8.9056
6 0 0			0.44		211.89		44.41		0.32588	0.7256	54.7363985401	55.434
2 0 16			0.46		212.35		43.48		0.3258	0.5935	67.2372591268	11.8907
3 7 1			0.42		212.77		42.65		0.32579	1.2822	71.5694631273	22.2453
5 3 9			0.41		213.18		41.83		0.32574	0.4833	65.0662013285	20.8409
4 2 10			0.39		213.57		41.05		0.32567	1.1102	57.0442200735	11.3144
0 2 16			0.39		213.95		40.28		0.32558	1.8687	67.2407114996	13.8307
2 4 14			0.36		214.31		39.56		0.32554	0.5221	70.6383718296	19.4111
4 2 14			0.34		214.66		38.88		0.3255	1.2576	70.6282605877	19.9713
0 6 0			0.3		214.95		38.28		0.3255	1.4277	54.7714555341	59.4019
2 4 10			0.32		215.27		37.64		0.32544	0.607	57.0555982332	12.0937
4 2 2			0.28		215.55		37.08		0.32544	0.457	40.8620305525	12.2524
3 5 9			0.3		215.85		36.48		0.32538	0.4755	65.0802252419	19.5165
5 5 7			0.18		216.03		36.12		0.32564	0.6639	72.2860687267	4.3062
3 7 5			-0.38		215.65		36.5		0.3257	1.0548	74.7470539899	89.5814
2 4 2			0.25		215.9		36.01		0.3257	0.3828	40.8766170199	13.2501
0 4 20			0.21		216.11		35.59		0.3257	1.027	94.1654323607	18.6345
0 0 20			0.27		216.38		35.05		0.32571	0.4542	83.3712939521	4.3689
1 5 1			0.21		216.59		34.62		0.3257	0.4978	46.196563203	27.3004
7 1 1			0.22		216.81		34.19		0.32569	0.5207	65.7483230412	25.2044
2 6 10			0.24		217.05		33.7		0.32561	0.7069	72.0169435829	44.7171
1 7 1			0.2		217.25		33.3		0.32559	0.5219	65.7901743415	26.2984
5 1 1			0.19		217.44		32.92		0.32558	0.5346	46.1701152	26.7419
2 2 10			0.22		217.66		32.48		0.3255	0.6429	46.7739448495	44.8949
3 3 1			0.17		217.83		32.14		0.32548	0.5106	38.1558496662	33.1617
4 4 12			0.22		218.05		31.7		0.32543	1.9475	72.2035773977	130.2426
4 0 10			0.21		218.26		31.29		0.32535	0.6243	53.7713327333	45.2096
0 4 10			0.2		218.46		30.88		0.32528	0.9893	53.7871001638	44.1425
4 4 10			0.19		218.65		30.5		0.32519	0.6886	66.23802526	47.6672
4 6 6			0.13		218.78		30.25		0.32515	1.1903	71.9781772466	41.9784
3 5 1			0.14		218.92		29.97		0.32515	0.5283	53.2544885252	31.9012
5 1 9			0.14		219.06		29.69		0.32506	0.4583	58.9619928854	19.0838
5 3 1			0.13		219.19		29.43		0.32504	0.5252	53.2386121167	32.835
0 2 10			0.13		219.31		29.18		0.32498	0.4317	42.9590557724	21.0204
2 0 10			0.13		219.44		28.92		0.32491	0.6169	42.9543880851	20.236
0 0 12			-0.03		219.42		28.94		0.32509	3.2426	47.0346015839	274.3783
0 6 14			0.12		219.54		28.7		0.32505	0.9096	81.7552219026	27.2955
4 2 0			0.1		219.63		28.51		0.32505	0.9287	40.0811891304	86.5118
6 4 6			0.1		219.74		28.31		0.32501	0.9247	71.9614498967	41.9809
1 1 3			0.09		219.83		28.12		0.32502	0.4514	16.9416048235	36.8187
1 5 9			0.1		219.93		27.92		0.32492	0.4394	58.984264935	17.7365
0 4 16			0.14		220.07		27.65		0.32478	1.5557	75.7704700384	94.8658
3 3 9			0.09		220.16		27.46		0.32469	0.3816	52.4524123761	12.0632
1 1 11			-3.27		216.89		30.72		0.32478	2.144	44.8525636461	378.5934
2 4 0			0.1		216.99		30.53		0.32478	1.4359	40.0960076051	88.2765
2 2 16			0.12		217.11		30.29		0.3246	1.1693	70.1293332912	108.6018
1 1 7			0.09		217.2		30.11		0.32477	0.2012	29.7561292971	6.5386
1 3 1			0.09		217.28		29.94		0.32477	0.5324	28.3265170018	42.1271
3 1 1			0.09		217.37		29.77		0.32475	0.5239	28.3131072915	41.7464
1 3 15			0.09		217.46		29.59		0.32451	0.2862	67.3623786269	8.1809
3 7 3			0.06		217.52		29.47		0.32451	0.8954	72.6346668965	71.6226
3 1 9			0.07		217.59		29.33		0.3244	0.36	45.2950695798	8.7768
1 1 1			0.06		217.65		29.22		0.3244	0.5749	13.0194761966	56.7652
3 1 15			0.08		217.73		29.05		0.32416	0.2871	67.3554895111	7.7692
2 2 6			-2.93		214.8		31.98		0.32424	8.3224	34.2684003079	615.2447
4 0 12			0.14		214.94		31.7		0.3243	2.7435	60.4154589103	161.2613
0 2 20			-0.34		214.6		32.04		0.32417	0.4494	86.0769303832	2.8517