HKL Value		Reward		TotalReward	Chi Squared	Z Appr. 	Error	Two-Thetas	Sfs2
1 0 1			0.0		0.0		0.0		0.5	0.06	15.4189733366	0.0644
2 0 5			0.0		0.0		0.12		0.4362	5.26	43.4052500519	0.0
3 0 6			1.0		1.0		0.06		0.4362	0.11	59.366558438	0.0
4 0 3			0.5		1.5		0.04		0.4362	0.29	62.1413926063	0.0
3 0 0			0.33		1.83		0.03		0.4362	0.45	42.9814560157	0.0
2 0 3			0.25		2.08		0.02		0.4362	0.09	34.3920319457	0.0
3 0 3			-0.0		2.08		0.02		0.45645	0.33	47.4629609511	3.2424
3 0 2			0.17		2.25		0.02		0.45646	0.46	45.0164041053	0.0
4 0 5			0.14		2.39		0.02		0.45646	0.26	68.3700248267	0.0
4 0 1			0.12		2.52		0.02		0.45646	0.27	58.8934376912	0.0
0 0 7			0.11		2.63		0.01		0.45646	0.2	45.7499157105	0.0
1 0 8			0.1		2.73		0.01		0.45646	0.24	54.8685935926	0.0
2 0 1			0.09		2.82		0.01		0.45646	0.15	29.01034049	0.0
2 0 7			0.08		2.9		0.01		0.45646	4.16	54.6555056564	0.0
0 0 3			0.08		2.98		0.01		0.45646	0.03	19.1797885945	0.0
3 2 1			-0.79		2.19		0.05		0.45689	0.17	70.8417473216	1.0468
3 0 4			0.07		2.26		0.05		0.45689	0.64	50.7360354343	0.0
1 0 4			0.06		2.32		0.04		0.45689	0.08	29.3672081998	0.0
1 0 6			0.06		2.38		0.04		0.45689	0.25	41.5701214249	0.0
3 0 8			0.06		2.44		0.04		0.45689	0.3	70.3147352648	0.0
1 0 0			0.05		2.49		0.04		0.45689	0.0	14.0285801003	0.0
3 1 0			0.05		2.54		0.03		0.45689	0.86	50.7823995615	0.002
3 2 3			-0.41		2.13		0.06		0.45616	1.08	73.8091166097	1.7896
3 1 4			0.03		2.16		0.06		0.45576	0.33	57.7518627408	0.9567
2 1 1			0.03		2.19		0.06		0.45576	0.13	39.1745550983	0.4263
1 1 4			0.03		2.22		0.05		0.45538	0.3	39.4492672371	0.9567
4 1 1			0.03		2.24		0.05		0.45538	0.21	65.3342299592	0.4263
4 1 3			0.04		2.28		0.05		0.45538	0.15	68.408649436	0.0043
4 1 5			-0.03		2.25		0.05		0.45221	1.53	74.3771604481	7.6693
-1 -1 -2			0.04		2.29		0.05		0.45221	0.31	32.1995090242	11.6912
3 2 4			-0.08		2.21		0.05		0.4471	0.0	76.369138646	3.3351
3 1 2			0.03		2.24		0.05		0.44746	0.11	52.5840292854	11.6912
-1 -1 2			0.03		2.27		0.05		0.4478	0.13	32.1995090242	11.6912
0 1 7			0.02		2.29		0.05		0.44647	0.26	53.2385720724	8.4036
3 0 7			0.02		2.31		0.05		0.44636	0.18	64.5726747292	2.8781
2 1 7			0.02		2.33		0.05		0.4456	0.57	61.3678684761	8.4036
0 1 5			0.01		2.34		0.05		0.44503	0.34	41.7114803244	7.6693
2 0 -4			-0.09		2.25		0.05		0.44349	0.31	38.5541558059	1.7476
1 2 7			-0.03		2.22		0.05		0.44443	0.71	74.291810142	3.5836
0 0 8			-0.06		2.16		0.06		0.44051	0.5	52.7511004195	15.5355