HKL Value		Reward		TotalReward	Chi Squared	Z Appr. 	Error	Two-Thetas	Sfs2
2 0 2			0.0		0.0		0.0		0.5	0.1	31.1263267788	5.5981
1 0 1			0.0		0.0		0.45		0.37999	0.06	15.4189733366	0.0644
3 0 6			1.0		1.0		0.23		0.37996	0.11	59.366558438	0.0
4 0 3			0.5		1.5		0.15		0.37996	0.29	62.1413926063	0.0
3 0 0			0.33		1.83		0.11		0.37996	0.45	42.9814560157	0.0
2 0 3			0.25		2.08		0.09		0.37996	0.09	34.3920319457	0.0
3 0 2			0.2		2.28		0.08		0.37996	0.46	45.0164041053	0.0
2 2 3			-0.44		1.84		0.13		0.3751	0.31	64.6616050849	6.6891
4 0 5			0.14		1.98		0.12		0.3751	0.26	68.3700248267	0.0
4 0 1			0.12		2.11		0.1		0.3751	0.27	58.8934376912	0.0
0 0 7			0.11		2.22		0.09		0.3751	0.2	45.7499157105	0.0
1 0 8			0.1		2.32		0.09		0.3751	0.24	54.8685935926	0.0
2 0 1			0.09		2.41		0.08		0.3751	0.15	29.01034049	0.0
2 0 6			-0.11		2.3		0.09		0.3479	0.73	48.8015573959	6.3028
2 0 7			0.08		2.38		0.08		0.3479	4.16	54.6555056564	0.0
0 0 3			0.07		2.45		0.08		0.3479	0.03	19.1797885945	0.0
3 1 5			-0.26		2.18		0.1		0.34186	0.09	61.4399691436	8.5457
3 0 4			0.06		2.25		0.1		0.34186	0.64	50.7360354343	0.0
1 0 4			0.06		2.31		0.09		0.34186	0.08	29.3672081998	0.0
3 0 8			0.06		2.36		0.09		0.34186	0.3	70.3147352648	0.0
3 2 1			-0.33		2.03		0.13		0.34245	0.17	70.8417473216	1.0468
1 0 6			0.05		2.08		0.13		0.34245	0.25	41.5701214249	0.0
2 0 5			0.05		2.13		0.12		0.34245	5.26	43.4052500519	0.0
1 0 0			0.05		2.17		0.11		0.34245	0.0	14.0285801003	0.0
3 1 0			0.04		2.22		0.11		0.34245	0.86	50.7823995615	0.002
3 1 4			0.03		2.25		0.11		0.34258	0.33	57.7518627408	0.9567
3 0 7			-0.52		1.73		0.22		0.32137	0.18	64.5726747292	2.8781
1 1 4			0.03		1.75		0.22		0.32142	0.3	39.4492672371	0.9567
2 1 1			0.03		1.79		0.21		0.32142	0.13	39.1745550983	0.4263
4 1 3			-0.24		1.54		0.28		0.3225	0.15	68.408649436	0.0043
4 1 1			0.03		1.58		0.27		0.3225	0.21	65.3342299592	0.4263
4 0 4			-0.51		1.07		0.54		0.31714	0.13	64.9051128666	1.7476
4 1 5			0.02		1.09		0.53		0.31517	1.53	74.3771604481	7.6693
0 0 4			-0.16		0.93		0.63		0.28337	0.08	25.6679215219	1.7476
0 1 5			0.02		0.95		0.62		0.28367	0.34	41.7114803244	7.6693
-1 -1 -2			0.02		0.97		0.61		0.2833	0.31	32.1995090242	11.6912
1 -1 2			0.02		0.99		0.59		0.28295	0.39	32.1995090242	11.6912
3 1 2			0.02		1.01		0.58		0.28259	0.11	52.5840292854	11.6912
-1 -1 2			0.02		1.03		0.57		0.28228	0.13	32.1995090242	11.6912
0 1 7			0.01		1.04		0.57		0.28394	0.26	53.2385720724	8.4036
2 1 7			0.01		1.05		0.56		0.28546	0.57	61.3678684761	8.4036
1 0 7			0.0		1.05		0.56		0.28875	0.54	48.0896902272	2.8781
3 2 4			0.02		1.07		0.55		0.28923	0.0	76.369138646	3.3351
1 1 6			0.02		1.09		0.54		0.28889	0.38	49.5460147793	8.8974
2 0 -4			-0.11		0.98		0.61		0.28554	0.31	38.5541558059	1.7476
1 2 7			0.01		0.99		0.6		0.28565	0.71	74.291810142	3.5836
1 0 5			-0.03		0.96		0.62		0.28503	0.22	35.3149362404	7.049
0 2 7			-0.06		0.9		0.66		0.29139	0.0	72.5085769296	0.0094
2 0 4			-0.1		0.81		0.73		0.28892	0.23	38.5541558059	1.7476