HKL Value		Reward		TotalReward	Chi Squared	Z Appr. 	Error	Two-Thetas	Sfs2
1 0 1			0.0		0.0		0.0		0.5	0.06	15.4189733366	0.0644
3 0 6			0.0		0.0		0.12		0.43621	0.11	59.366558438	0.0
2 1 8			0.71		0.71		0.07		0.4554	0.22	67.2524657177	7.5134
4 0 3			0.5		1.21		0.05		0.4554	0.29	62.1413926063	0.0
3 0 0			0.33		1.54		0.04		0.4554	0.45	42.9814560157	0.0
1 1 4			0.11		1.65		0.03		0.45531	0.3	39.4492672371	0.9567
2 1 6			-0.54		1.11		0.07		0.45836	0.16	55.9883197776	2.0239
2 0 3			0.17		1.28		0.06		0.45836	0.09	34.3920319457	0.0
3 0 2			0.14		1.42		0.05		0.45836	0.46	45.0164041053	0.0
4 0 5			0.12		1.55		0.05		0.45836	0.26	68.3700248267	0.0
4 0 1			0.11		1.66		0.04		0.45836	0.27	58.8934376912	0.0
0 0 7			0.1		1.76		0.04		0.45836	0.2	45.7499157105	0.0
1 0 8			0.09		1.85		0.03		0.45836	0.24	54.8685935926	0.0
2 0 1			0.08		1.93		0.03		0.45836	0.15	29.01034049	0.0
2 0 7			0.08		2.01		0.03		0.45836	4.16	54.6555056564	0.0
0 0 3			0.07		2.08		0.03		0.45836	0.03	19.1797885945	0.0
3 0 4			0.07		2.15		0.03		0.45836	0.64	50.7360354343	0.0
2 1 7			-0.21		1.94		0.03		0.45778	0.57	61.3678684761	8.4036
1 0 4			0.06		2.0		0.03		0.45778	0.08	29.3672081998	0.0
3 0 8			0.06		2.06		0.03		0.45778	0.3	70.3147352648	0.0
1 0 6			0.05		2.11		0.03		0.45778	0.25	41.5701214249	0.0
-1 -1 2			0.04		2.15		0.03		0.4576	0.13	32.1995090242	11.6912
2 0 5			0.05		2.2		0.03		0.4576	5.26	43.4052500519	0.0
1 0 0			0.05		2.24		0.02		0.4576	0.0	14.0285801003	0.0
3 1 0			0.04		2.28		0.02		0.4576	0.86	50.7823995615	0.002
3 1 4			0.01		2.29		0.02		0.45752	0.33	57.7518627408	0.9567
1 2 6			-0.22		2.07		0.03		0.45606	0.11	69.4566609057	1.2895
3 0 7			-0.1		1.97		0.03		0.45435	0.18	64.5726747292	2.8781
3 1 2			0.04		2.0		0.03		0.45431	0.11	52.5840292854	11.6912
2 2 6			-0.27		1.73		0.04		0.45435	0.0	74.8444416707	3.2648
2 1 1			0.02		1.75		0.04		0.45435	0.13	39.1745550983	0.4263
4 1 3			0.03		1.79		0.04		0.45435	0.15	68.408649436	0.0043
4 1 1			0.02		1.8		0.04		0.45434	0.21	65.3342299592	0.4263
4 1 5			-0.04		1.77		0.04		0.45401	1.53	74.3771604481	7.6693
0 1 5			-0.03		1.73		0.04		0.45367	0.34	41.7114803244	7.6693
-1 -1 -2			0.03		1.76		0.04		0.45364	0.31	32.1995090242	11.6912
1 -1 2			0.03		1.79		0.04		0.45364	0.39	32.1995090242	11.6912
0 1 7			-0.03		1.76		0.04		0.45317	0.26	53.2385720724	8.4036
2 2 3			-0.01		1.74		0.04		0.45272	0.31	64.6616050849	6.6891
1 0 7			-0.01		1.74		0.04		0.45214	0.54	48.0896902272	2.8781