HKL Value		Reward		TotalReward	Chi Squared	Z Appr. 	Error	Two-Thetas	Sfs2
0 0 7			0.0		0.0		0.0		0.5	0.2	45.7499157105	0.0
4 0 1			0.0		0.0		0.0		0.50001	0.27	58.8934376912	0.0
3 2 2			-1.0		-1.0		0.0		0.56163	0.0	71.9603042663	6.6617
3 0 2			0.5		-0.5		0.0		0.56163	0.46	45.0164041053	0.0
3 0 1			-1.0		-1.5		0.04		0.41124	0.76	43.4972935008	0.0644
4 0 3			0.25		-1.25		0.03		0.41124	0.29	62.1413926063	0.0
-2 0 4			-0.01		-1.26		0.04		0.42597	0.22	38.5541558059	1.7476
1 0 0			0.17		-1.1		0.03		0.42597	0.0	14.0285801003	0.0
3 0 6			0.14		-0.95		0.03		0.42597	0.11	59.366558438	0.0
2 0 7			0.12		-0.83		0.02		0.42597	4.16	54.6555056564	0.0
4 0 5			0.11		-0.72		0.02		0.42597	0.26	68.3700248267	0.0
3 1 4			0.09		-0.63		0.02		0.42592	0.33	57.7518627408	0.9567
3 0 8			0.09		-0.54		0.02		0.42592	0.3	70.3147352648	0.0
3 0 4			0.08		-0.45		0.02		0.42592	0.64	50.7360354343	0.0
2 0 1			0.08		-0.38		0.02		0.42592	0.15	29.01034049	0.0
0 0 3			0.07		-0.3		0.01		0.42592	0.03	19.1797885945	0.0
3 0 0			0.07		-0.24		0.01		0.42592	0.45	42.9814560157	0.0
1 0 8			0.06		-0.18		0.01		0.42592	0.24	54.8685935926	0.0
1 0 6			0.06		-0.12		0.01		0.42592	0.25	41.5701214249	0.0
2 0 3			0.06		-0.06		0.01		0.42592	0.09	34.3920319457	0.0
1 0 4			0.05		-0.01		0.01		0.42592	0.08	29.3672081998	0.0
2 0 5			0.05		0.04		0.01		0.42592	5.26	43.4052500519	0.0
3 1 0			0.04		0.08		0.01		0.42592	0.86	50.7823995615	0.002
3 1 3			-0.72		-0.64		0.03		0.41899	0.4	54.7770496801	12.6586
4 1 4			-0.53		-1.17		0.07		0.43479	0.37	71.0458443611	0.4076
3 0 7			-0.01		-1.18		0.08		0.43906	0.18	64.5726747292	2.8781