HKL Value		Reward		TotalReward	Chi Squared	Z Appr. 	Error	Two-Thetas	Sfs2
3 3 7			0.0		0.0		0.0		0.3	0.1558	47.1418707618	3.5073
6 2 10			0.0		0.0		14.21		0.33049	0.7103	71.9901825081	43.9921
6 0 8			3.51		3.51		7.18		0.33015	2.9234	64.163237895	5.3359
4 6 0			1.19		4.7		4.8		0.33015	0.7863	67.1083315067	59.4729
7 1 7			0.43		5.14		3.93		0.33148	0.3505	72.2660298289	5.0526
0 6 8			0.35		5.49		3.23		0.33108	0.7694	64.1950429677	5.6946
2 6 6			-20.07		-14.58		23.3		0.33152	5.383	63.2392339525	346.2148
6 0 0			1.33		-13.25		20.64		0.33152	0.7256	54.7363985401	55.434
6 4 0			1.29		-11.96		18.06		0.33152	1.8287	67.0910631577	58.6803
4 6 2			0.91		-11.05		16.24		0.33142	0.2349	67.657370766	5.5969
6 4 2			0.75		-10.3		14.73		0.33132	0.2211	67.6401768609	4.8049
2 0 14			0.67		-9.63		13.4		0.33153	0.2634	58.6945218607	7.3942
0 2 14			0.55		-9.08		12.3		0.33184	0.2479	58.6982494177	6.3292
0 6 2			0.35		-8.72		11.59		0.33183	0.2356	55.3895592761	6.1752
1 7 7			0.4		-8.32		10.78		0.33201	0.4353	72.3061031614	6.1143
6 0 2			0.27		-8.05		10.23		0.332	0.2214	55.354768557	5.4487
3 5 7			0.3		-7.75		9.64		0.3323	0.2309	60.5203777188	5.6046
5 3 7			0.26		-7.49		9.11		0.33258	0.2523	60.5057581853	5.4388
5 1 7			0.23		-7.26		8.66		0.33288	0.2609	54.1000446603	4.252
0 4 2			-4.87		-12.12		13.53		0.33314	3.2657	36.5744795411	137.7475
1 5 7			0.32		-11.8		12.88		0.33339	0.6035	54.1236034243	4.2528
4 2 8			0.29		-11.51		12.29		0.33362	0.7605	51.4203212226	2.5419
2 4 8			0.27		-11.24		11.76		0.33384	0.1687	51.4325245866	2.4593
1 1 13			0.2		-11.04		11.35		0.33341	0.3722	52.9310122384	10.9703
2 4 2			0.08		-10.96		11.19		0.33337	0.3828	40.8766170199	13.2501
5 1 13			0.18		-10.78		10.83		0.33298	0.4567	71.2764535317	11.3258
3 3 13			0.19		-10.59		10.45		0.33271	0.5636	65.4922780779	9.1158
1 5 9			-0.3		-10.89		10.76		0.33264	0.4394	58.984264935	17.7365
1 3 13			0.16		-10.73		10.44		0.3323	0.3907	59.4200243294	11.5335
1 5 13			0.15		-10.59		10.14		0.33196	1.1973	71.2966048402	12.6128
0 6 6			0.14		-10.45		9.87		0.33194	1.0147	60.183190367	40.9583
3 1 13			0.14		-10.31		9.59		0.33168	0.3869	59.4126405656	11.7895
4 2 6			0.15		-10.16		9.29		0.33168	1.6049	46.7233273538	62.1975
6 0 6			0.11		-10.05		9.08		0.33166	1.0815	60.1501886982	39.9969
3 1 7			0.11		-9.94		8.86		0.33189	0.257	39.2655360855	5.205
1 3 7			0.11		-9.84		8.65		0.3321	0.1893	39.2755843192	5.3372
0 6 16			0.06		-9.77		8.52		0.33203	0.4825	89.3859051251	7.6515
2 4 6			0.11		-9.66		8.29		0.33203	0.785	46.7364348384	64.2552
9 1 1			0.07		-9.58		8.14		0.332	0.8793	87.9915459652	19.6393
1 1 15			0.09		-9.5		7.97		0.33193	0.656	61.3839959686	20.6242
7 3 1			0.05		-9.45		7.87		0.33189	0.5095	71.5359286583	22.1332
5 5 1			0.05		-9.39		7.76		0.33186	0.5073	65.769247456	23.9531
0 6 10			0.04		-9.35		7.67		0.33176	0.8527	69.1637693973	8.5049
6 0 10			0.04		-9.31		7.6		0.33165	1.0728	69.1331306246	8.9056
1 3 11			-5.17		-14.49		12.77		0.33318	2.4293	52.0561920156	298.4303
2 0 16			0.06		-14.42		12.65		0.33313	0.5935	67.2372591268	11.8907
3 7 1			0.09		-14.33		12.46		0.33304	1.2822	71.5694631273	22.2453
4 2 10			0.06		-14.27		12.33		0.33287	1.1102	57.0442200735	11.3144
5 3 9			0.07		-14.19		12.19		0.33283	0.4833	65.0662013285	20.8409
6 0 4			-0.38		-14.58		12.57		0.333	0.7069	57.1830782131	42.6751
0 2 16			0.04		-14.54		12.49		0.33286	1.8687	67.2407114996	13.8307
4 2 14			0.03		-14.5		12.42		0.33186	1.2576	70.6282605877	19.9713
2 4 14			0.04		-14.46		12.34		0.33128	0.5221	70.6383718296	19.4111
0 6 0			0.06		-14.41		12.23		0.33128	1.4277	54.7714555341	59.4019
2 4 10			0.05		-14.35		12.12		0.33112	0.607	57.0555982332	12.0937
3 5 9			0.05		-14.3		12.02		0.33099	0.4755	65.0802252419	19.5165
4 2 2			0.05		-14.25		11.92		0.33097	0.457	40.8620305525	12.2524
5 5 7			0.07		-14.18		11.77		0.33147	0.6639	72.2860687267	4.3062
4 4 10			-0.01		-14.19		11.79		0.33077	0.6886	66.23802526	47.6672
0 0 20			0.09		-14.1		11.6		0.33093	0.4542	83.3712939521	4.3689
0 4 20			0.04		-14.06		11.52		0.33157	1.027	94.1654323607	18.6345
2 6 4			-0.34		-14.4		11.86		0.33113	0.8772	60.3635846112	78.02
1 5 1			0.02		-14.38		11.82		0.33108	0.4978	46.196563203	27.3004
7 1 1			0.04		-14.34		11.74		0.33103	0.5207	65.7483230412	25.2044
1 7 1			0.03		-14.31		11.68		0.33098	0.5219	65.7901743415	26.2984
2 6 10			0.02		-14.29		11.65		0.33039	0.7069	72.0169435829	44.7171
5 1 1			0.02		-14.27		11.6		0.33035	0.5346	46.1701152	26.7419
0 0 10			0.02		-14.24		11.55		0.3299	0.8316	38.8438017949	41.7013
3 3 1			0.01		-14.23		11.52		0.32988	0.5106	38.1558496662	33.1617
4 0 10			0.02		-14.21		11.48		0.3295	0.6243	53.7713327333	45.2096
2 2 10			0.02		-14.18		11.43		0.32917	0.6429	46.7739448495	44.8949
0 4 10			0.03		-14.15		11.36		0.3289	0.9893	53.7871001638	44.1425
1 7 3			-0.15		-14.3		11.51		0.3289	0.9932	66.8968211493	90.2271
4 4 12			0.05		-14.25		11.41		0.32878	1.9475	72.2035773977	130.2426
3 5 1			0.01		-14.24		11.39		0.32876	0.5283	53.2544885252	31.9012
4 6 6			-0.03		-14.27		11.42		0.32869	1.1903	71.9781772466	41.9784
5 3 1			0.01		-14.26		11.4		0.32867	0.5252	53.2386121167	32.835
5 1 9			-0.02		-14.29		11.42		0.32852	0.4583	58.9619928854	19.0838
4 4 4			-0.26		-14.55		11.68		0.32837	0.8476	53.9354251327	76.9211
0 2 10			-0.01		-14.55		11.69		0.32826	0.4317	42.9590557724	21.0204