HKL Value		Reward		TotalReward	Chi Squared	Z Appr. 	Error	Two-Thetas	Sfs2
1 0 7			0.0		0.0		0.0		0.4	0.54	48.0896902272	2.8781
2 0 1			0.0		0.0		0.01		0.44563	0.15	29.01034049	0.0
2 0 7			1.0		1.0		0.01		0.44563	4.16	54.6555056564	0.0
3 0 2			0.5		1.5		0.0		0.44563	0.46	45.0164041053	0.0
3 1 2			-0.15		1.35		0.0		0.44726	0.11	52.5840292854	11.6912
1 0 4			0.25		1.6		0.0		0.44726	0.08	29.3672081998	0.0
0 0 7			0.2		1.8		0.0		0.44726	0.2	45.7499157105	0.0
1 1 5			-0.96		0.84		0.07		0.43554	3.06	44.2189644299	8.5457
2 0 6			-0.01		0.83		0.07		0.43374	0.73	48.8015573959	6.3028
1 0 8			0.12		0.96		0.06		0.43374	0.24	54.8685935926	0.0
1 0 0			0.11		1.07		0.06		0.43374	0.0	14.0285801003	0.0
3 0 5			-0.63		0.44		0.15		0.44012	0.2	54.7330754518	7.0489
2 0 5			0.09		0.53		0.14		0.44012	5.26	43.4052500519	0.0
3 1 7			0.02		0.55		0.14		0.43857	0.32	70.7276559911	1.1017
2 1 8			-0.31		0.24		0.2		0.44331	0.22	67.2524657177	7.5134
4 0 3			0.07		0.31		0.19		0.44331	0.29	62.1413926063	0.0
3 0 8			0.07		0.38		0.17		0.44331	0.3	70.3147352648	0.0
3 0 0			0.06		0.44		0.16		0.44331	0.45	42.9814560157	0.0
1 0 6			0.06		0.5		0.15		0.44331	0.25	41.5701214249	0.0
4 0 1			0.06		0.56		0.15		0.44331	0.27	58.8934376912	0.0
3 0 4			0.05		0.61		0.14		0.44331	0.64	50.7360354343	0.0
-1 -1 -2			0.04		0.65		0.13		0.44347	0.31	32.1995090242	11.6912
2 2 3			0.05		0.7		0.13		0.4434	0.31	64.6616050849	6.6891
2 0 3			0.05		0.75		0.12		0.4434	0.09	34.3920319457	0.0
0 0 3			0.04		0.79		0.12		0.4434	0.03	19.1797885945	0.0
3 0 6			0.04		0.83		0.11		0.4434	0.11	59.366558438	0.0
4 1 5			0.04		0.87		0.11		0.44321	1.53	74.3771604481	7.6693
4 1 3			0.04		0.9		0.1		0.44321	0.15	68.408649436	0.0043
1 1 4			0.03		0.94		0.1		0.44321	0.3	39.4492672371	0.9567
4 0 5			0.04		0.97		0.1		0.44321	0.26	68.3700248267	0.0
3 1 0			0.03		1.01		0.09		0.44321	0.86	50.7823995615	0.002
2 1 0			-0.05		0.96		0.1		0.44321	0.16	38.6117414796	0.0084
-1 -1 2			0.03		0.99		0.1		0.44332	0.13	32.1995090242	11.6912
1 -1 2			0.03		1.01		0.09		0.44345	0.39	32.1995090242	11.6912
1 1 2			0.03		1.04		0.09		0.44358	0.52	32.1995090242	11.6912
3 1 4			0.03		1.06		0.09		0.44355	0.33	57.7518627408	0.9567
0 1 7			0.03		1.09		0.09		0.44346	0.26	53.2385720724	8.4036
1 0 5			-0.08		1.02		0.09		0.44558	0.22	35.3149362404	7.049
1 2 6			0.03		1.04		0.09		0.4455	0.11	69.4566609057	1.2895
0 1 5			0.02		1.06		0.09		0.44534	0.34	41.7114803244	7.6693
0 1 8			-0.09		0.98		0.1		0.44731	2.05	59.6041295708	7.5134
2 1 1			0.02		1.0		0.1		0.44731	0.13	39.1745550983	0.4263
2 1 7			0.02		1.01		0.09		0.44713	0.57	61.3678684761	8.4036
0 0 4			-0.04		0.97		0.1		0.44678	0.08	25.6679215219	1.7476
1 1 6			0.02		0.99		0.1		0.44689	0.38	49.5460147793	8.8974
3 0 7			0.02		1.01		0.09		0.44689	0.18	64.5726747292	2.8781
4 1 1			0.02		1.03		0.09		0.44689	0.21	65.3342299592	0.4263
3 2 4			-0.01		1.02		0.09		0.44653	0.0	76.369138646	3.3351
2 1 6			-0.16		0.87		0.11		0.44851	0.16	55.9883197776	2.0239
1 0 1			-0.0		0.86		0.11		0.44849	0.06	15.4189733366	0.0644