HKL Value		Reward		TotalReward	Chi Squared	Z Appr. 	Error	Two-Thetas	Sfs2
1 0 7			0.0		0.0		0.0		0.4	0.54	48.0896902272	2.8781
2 0 1			0.0		0.0		0.01		0.44563	0.15	29.01034049	0.0
2 0 7			1.0		1.0		0.01		0.44563	4.16	54.6555056564	0.0
3 0 2			0.5		1.5		0.0		0.44563	0.46	45.0164041053	0.0
1 0 4			0.33		1.83		0.0		0.44563	0.08	29.3672081998	0.0
0 0 7			0.25		2.08		0.0		0.44563	0.2	45.7499157105	0.0
1 0 8			0.2		2.28		0.0		0.44563	0.24	54.8685935926	0.0
2 0 5			0.17		2.45		0.0		0.44563	5.26	43.4052500519	0.0
3 0 0			0.14		2.59		0.0		0.44563	0.45	42.9814560157	0.0
1 0 0			0.13		2.72		0.0		0.44563	0.0	14.0285801003	0.0
4 0 3			0.11		2.83		0.0		0.44563	0.29	62.1413926063	0.0
1 0 6			0.1		2.93		0.0		0.44563	0.25	41.5701214249	0.0
4 0 1			0.09		3.02		0.0		0.44563	0.27	58.8934376912	0.0
2 0 6			-0.95		2.07		0.02		0.43576	0.73	48.8015573959	6.3028
3 0 4			0.08		2.15		0.02		0.43576	0.64	50.7360354343	0.0
3 0 6			0.07		2.22		0.02		0.43576	0.11	59.366558438	0.0
3 2 1			-0.69		1.53		0.05		0.43588	0.17	70.8417473216	1.0468
3 1 0			0.06		1.59		0.05		0.43588	0.86	50.7823995615	0.002
4 1 3			0.06		1.64		0.05		0.43591	0.15	68.408649436	0.0043
2 2 3			0.04		1.69		0.05		0.43619	0.31	64.6616050849	6.6891
3 0 8			0.05		1.74		0.04		0.43619	0.3	70.3147352648	0.0
-1 -1 -2			-0.01		1.73		0.04		0.4366	0.31	32.1995090242	11.6912
1 2 7			-0.14		1.59		0.05		0.43741	0.71	74.291810142	3.5836
2 2 5			-0.23		1.36		0.07		0.44083	0.26	70.7747179536	2.8196