HKL Value		Reward		TotalReward	Chi Squared	Z Appr. 	Error	Two-Thetas	Sfs2
3 1 0			0.0		0.0		0.0		0.4	0.86	50.7823995615	0.002
2 2 6			0.0		0.0		0.0		0.40189	0.0	74.8444416707	3.2648
2 0 7			1.0		1.0		0.0		0.40189	4.16	54.6555056564	0.0
1 0 7			-0.99		0.01		0.12		0.44086	0.54	48.0896902272	2.8781
2 0 1			0.33		0.34		0.09		0.44086	0.15	29.01034049	0.0
3 0 2			0.25		0.59		0.07		0.44086	0.46	45.0164041053	0.0
1 0 4			0.2		0.79		0.06		0.44086	0.08	29.3672081998	0.0
0 0 7			0.17		0.96		0.05		0.44086	0.2	45.7499157105	0.0
1 0 8			0.14		1.1		0.04		0.44086	0.24	54.8685935926	0.0
1 0 0			0.12		1.22		0.04		0.44086	0.0	14.0285801003	0.0
2 0 5			0.11		1.33		0.03		0.44086	5.26	43.4052500519	0.0
4 0 3			0.1		1.43		0.03		0.44086	0.29	62.1413926063	0.0
1 1 5			-0.46		0.98		0.06		0.43426	3.06	44.2189644299	8.5457
3 0 0			0.08		1.06		0.05		0.43426	0.45	42.9814560157	0.0
1 0 6			0.08		1.14		0.05		0.43426	0.25	41.5701214249	0.0
3 0 4			0.07		1.21		0.05		0.43426	0.64	50.7360354343	0.0
4 0 1			0.07		1.28		0.04		0.43426	0.27	58.8934376912	0.0
4 1 3			0.06		1.33		0.04		0.4343	0.15	68.408649436	0.0043
0 0 3			0.06		1.39		0.04		0.4343	0.03	19.1797885945	0.0
0 0 -8			0.0		1.4		0.04		0.43606	0.38	52.7511004195	15.5355
3 0 6			0.05		1.45		0.04		0.43606	0.11	59.366558438	0.0
3 0 8			0.05		1.5		0.03		0.43606	0.3	70.3147352648	0.0
2 0 3			0.05		1.55		0.03		0.43606	0.09	34.3920319457	0.0
4 0 5			0.05		1.59		0.03		0.43606	0.26	68.3700248267	0.0
2 1 0			-0.22		1.38		0.04		0.43606	0.16	38.6117414796	0.0084
0 1 5			0.04		1.41		0.04		0.43616	0.34	41.7114803244	7.6693
-1 -1 2			-0.01		1.4		0.04		0.43635	0.13	32.1995090242	11.6912
-1 -1 -2			-0.01		1.4		0.04		0.43655	0.31	32.1995090242	11.6912
1 -1 2			-0.01		1.39		0.04		0.43675	0.39	32.1995090242	11.6912