Number of epochs: 350e-01
5.726411379577637378e-02
-8.678006568915068442e-02
-1.885237025855077408e-01
1.720853833859031512e-01
-1.495498735289979286e-01
-2.567942525005473819e-01
1.684948355489898977e-02
-3.559154732023755430e-01
1.958073127478489328e-02
-2.016576954896145135e-01
-5.740544240901520462e-02
1.247233892558352597e-01
-2.428912188448668213e-02
2.235057001096074636e-01
-1.141349396556602946e-01
7.830839062150957153e-02
1.274899318071318177e+00
1.460698568736746028e-01
2.721915795419550810e-02
-3.457503995577088096e-01
2.511737848483660412e-02
-3.322909335635498285e-01
7.027765462834087949e-03
-1.053312124061822480e-01
1.502768707725836601e-02
-9.501374317504589218e-02
-4.622315184604468552e-01
7.519202188043002666e-01
-3.646866786854364162e-01
6.154727742108734995e-02
-1.541871523290346546e-01
1.031995686594390504e-01
-2.262969051353739269e-01
6.089941886637632029e-01
-1.737168701300942086e-01
1.613910702268461436e-02
-6.145257766371957364e-02
-2.545191570426805772e-01
-2.984935469802962316e-01
1.186832815526078951e-02
-1.803658507909525199e-01
2.115483467751273772e-02
-2.937889408205827113e-01
-8.051708171837194949e-02
-1.629530153633113321e-01
8.608271718546793572e-02
-7.656243521602798530e-02
3.245138722604279380e-01
-9.740274150168067024e-02
6.713059003696289495e-02
-1.574989765002000330e-01
5.462462809901080102e-02
7.783298099378450907e-03
5.564540306945794934e-02
4.417917006251526751e-02
-2.951259467989452712e-01
1.947632826661206684e-02
-3.600120391752818505e-01
2.448628481923747352e-02
-3.846456805972397475e-01
-1.550774363142657930e-01
-8.848506325496768854e-02
-3.352985786646960342e-01
-1.053926847227265734e-01
-2.919836181096597261e-01
-1.790878695315635191e-02
-4.302113438727052652e-01
7.405526562503107757e-02
-4.359987177380103551e-01
9.313720625933445685e-02
-1.278026587950708004e-01
4.787913094284038107e-02
-2.377113433954168575e-01
-1.728525398620474607e-01
4.937460434196481139e-03
5.451938812928158046e-02
-2.000890435138500401e-01
2.114833329919755048e-02
-1.042407135799796325e-01
2.928975324103334776e-02
2.633513472192898150e-02
2.821011810140448481e-02
-4.863965193254770475e-02
-4.905954761681417114e-02
