HKL Value		Reward		TotalReward	Chi Squared	Z Appr. 	Error	Two-Thetas	Sfs2
2 2 12			0.0		0.0		0.0		0.3	1.9766	54.0147953295	208.0279
2 0 14			0.0		0.0		6.18		0.33252	0.2634	58.6945218607	7.3942
6 4 0			1.54		1.54		3.1		0.33252	1.8287	67.0910631577	58.6803
4 6 0			0.51		2.05		2.08		0.33252	0.7863	67.1083315067	59.4729
6 4 2			0.1		2.15		1.88		0.33237	0.2211	67.6401768609	4.8049
0 2 12			-7.63		-5.48		9.51		0.31835	0.3827	50.6142203783	17.5707
6 0 8			0.6		-4.88		8.31		0.31881	2.9234	64.163237895	5.3359
0 6 8			0.47		-4.42		7.38		0.31928	0.7694	64.1950429677	5.6946
0 2 14			-0.12		-4.54		7.5		0.31728	0.2479	58.6982494177	6.3292
4 6 2			0.38		-4.16		6.75		0.31717	0.2349	67.657370766	5.5969
6 0 6			0.33		-3.83		6.08		0.31706	1.0815	60.1501886982	39.9969
6 0 2			0.18		-3.65		5.72		0.31698	0.2214	55.354768557	5.4487
3 7 1			0.13		-3.51		5.45		0.31686	1.2822	71.5694631273	22.2453
2 0 16			-0.07		-3.58		5.52		0.32115	0.5935	67.2372591268	11.8907
9 1 1			0.13		-3.45		5.25		0.32105	0.8793	87.9915459652	19.6393
0 6 2			0.09		-3.36		5.08		0.32098	0.2356	55.3895592761	6.1752
5 3 9			0.15		-3.22		4.79		0.32057	0.4833	65.0662013285	20.8409
0 6 16			0.03		-3.19		4.73		0.3229	0.4825	89.3859051251	7.6515
0 6 10			0.13		-3.06		4.47		0.32277	0.8527	69.1637693973	8.5049
6 0 10			0.11		-2.94		4.24		0.32263	1.0728	69.1331306246	8.9056
0 2 16			0.11		-2.84		4.03		0.3227	1.8687	67.2407114996	13.8307
1 1 15			0.05		-2.78		3.92		0.32313	0.656	61.3839959686	20.6242
3 5 9			0.05		-2.74		3.83		0.32289	0.4755	65.0802252419	19.5165
0 6 6			0.07		-2.67		3.69		0.32283	1.0147	60.183190367	40.9583
4 2 2			-0.09		-2.76		3.78		0.3228	0.457	40.8620305525	12.2524
4 2 10			0.06		-2.7		3.67		0.3226	1.1102	57.0442200735	11.3144
2 4 14			0.03		-2.68		3.61		0.32255	0.5221	70.6383718296	19.4111
7 3 1			0.01		-2.66		3.59		0.32252	0.5095	71.5359286583	22.1332
5 1 13			-0.27		-2.93		3.86		0.32392	0.4567	71.2764535317	11.3258
2 4 10			0.03		-2.9		3.79		0.32373	0.607	57.0555982332	12.0937
4 2 14			0.02		-2.88		3.76		0.32366	1.2576	70.6282605877	19.9713
4 4 12			0.06		-2.83		3.64		0.32356	1.9475	72.2035773977	130.2426
5 5 1			0.01		-2.81		3.61		0.32354	0.5073	65.769247456	23.9531
2 0 10			-0.1		-2.92		3.72		0.32328	0.6169	42.9543880851	20.236
6 0 0			-0.03		-2.94		3.75		0.32328	0.7256	54.7363985401	55.434
5 1 9			-0.09		-3.03		3.83		0.32298	0.4583	58.9619928854	19.0838