HKL Value		Reward		TotalReward	Chi Squared	Z Appr. 	Error	Two-Thetas	Sfs2
2 2 12			0.0		0.0		0.0		0.3	1.9766	54.0147953295	208.0279
2 0 14			0.0		0.0		6.18		0.33252	0.2634	58.6945218607	7.3942
6 4 0			1.54		1.54		3.1		0.33252	1.8287	67.0910631577	58.6803
4 6 0			0.51		2.05		2.08		0.33252	0.7863	67.1083315067	59.4729
2 6 8			-37.97		-35.92		40.05		0.34735	4.3291	67.1483383839	218.3417
7 1 1			3.11		-32.81		33.83		0.34709	0.5207	65.7483230412	25.2044
6 4 2			2.65		-30.16		28.53		0.347	0.2211	67.6401768609	4.8049
6 0 8			1.91		-28.25		24.71		0.34776	2.9234	64.163237895	5.3359
0 6 8			1.43		-26.82		21.84		0.34856	0.7694	64.1950429677	5.6946
0 2 14			1.2		-25.61		19.44		0.34903	0.2479	58.6982494177	6.3292
4 6 2			0.84		-24.77		17.75		0.34896	0.2349	67.657370766	5.5969
6 0 2			0.69		-24.08		16.36		0.34903	0.2214	55.354768557	5.4487
6 0 6			0.68		-23.4		15.01		0.34919	1.0815	60.1501886982	39.9969
2 2 8			-8.84		-32.24		23.85		0.35566	1.8488	40.1384116224	216.1995
1 1 15			0.38		-31.86		23.09		0.35895	0.656	61.3839959686	20.6242
9 1 1			0.61		-31.25		21.88		0.35847	0.8793	87.9915459652	19.6393
0 6 2			0.61		-30.65		20.66		0.3589	0.2356	55.3895592761	6.1752
0 6 10			0.5		-30.14		19.65		0.35648	0.8527	69.1637693973	8.5049
5 3 9			0.5		-29.64		18.65		0.35203	0.4833	65.0662013285	20.8409
3 7 1			0.34		-29.3		17.97		0.3518	1.2822	71.5694631273	22.2453
4 2 10			0.34		-28.96		17.28		0.35164	1.1102	57.0442200735	11.3144
2 0 16			0.26		-28.7		16.76		0.35066	0.5935	67.2372591268	11.8907
3 5 9			0.38		-28.32		16.01		0.35034	0.4755	65.0802252419	19.5165
0 6 16			0.29		-28.03		15.42		0.3497	0.4825	89.3859051251	7.6515
6 0 10			0.26		-27.76		14.9		0.3497	1.0728	69.1331306246	8.9056
0 2 16			0.16		-27.6		14.58		0.3491	1.8687	67.2407114996	13.8307
7 3 1			0.18		-27.43		14.22		0.34901	0.5095	71.5359286583	22.1332
4 2 14			0.2		-27.23		13.82		0.3499	1.2576	70.6282605877	19.9713
2 4 10			0.16		-27.06		13.5		0.3499	0.607	57.0555982332	12.0937
2 4 14			0.19		-26.87		13.12		0.35063	0.5221	70.6383718296	19.4111
5 5 1			0.13		-26.74		12.85		0.35054	0.5073	65.769247456	23.9531
0 6 6			0.21		-26.53		12.44		0.35054	1.0147	60.183190367	40.9583
4 2 2			0.08		-26.46		12.28		0.35054	0.457	40.8620305525	12.2524
4 4 12			0.12		-26.34		12.05		0.34916	1.9475	72.2035773977	130.2426
6 0 0			0.11		-26.23		11.83		0.34916	0.7256	54.7363985401	55.434
3 3 9			0.15		-26.08		11.54		0.34961	0.3816	52.4524123761	12.0632
5 1 9			0.15		-25.93		11.24		0.3499	0.4583	58.9619928854	19.0838
2 4 2			0.04		-25.89		11.16		0.3499	0.3828	40.8766170199	13.2501
0 6 0			0.06		-25.83		11.03		0.3499	1.4277	54.7714555341	59.4019
1 7 1			0.01		-25.82		11.01		0.34985	0.5219	65.7901743415	26.2984
3 1 9			0.11		-25.71		10.79		0.35038	0.36	45.2950695798	8.7768
2 0 10			0.01		-25.7		10.78		0.35037	0.6169	42.9543880851	20.236
0 6 14			0.08		-25.63		10.63		0.35079	0.9096	81.7552219026	27.2955
5 1 1			0.0		-25.63		10.63		0.35075	0.5346	46.1701152	26.7419
0 2 20			0.11		-25.52		10.41		0.35083	0.4494	86.0769303832	2.8517
1 5 1			-0.01		-25.53		10.42		0.35078	0.4978	46.196563203	27.3004
1 3 15			0.1		-25.43		10.22		0.3504	0.2862	67.3623786269	8.1809
0 0 2			-1.38		-26.81		11.6		0.35053	1.161	7.62646333295	98.931
4 2 8			0.12		-26.7		11.37		0.35059	0.7605	51.4203212226	2.5419
3 1 15			0.11		-26.59		11.15		0.35029	0.2871	67.3554895111	7.7692
2 4 8			0.11		-26.48		10.94		0.35035	0.1687	51.4325245866	2.4593
1 5 13			0.04		-26.45		10.87		0.3504	1.1973	71.2966048402	12.6128
5 1 13			0.04		-26.4		10.78		0.35047	0.4567	71.2764535317	11.3258
3 5 1			-0.03		-26.43		10.81		0.35042	0.5283	53.2544885252	31.9012
4 2 6			0.09		-26.34		10.63		0.35029	1.6049	46.7233273538	62.1975
1 1 13			0.04		-26.3		10.55		0.35033	0.3722	52.9310122384	10.9703
4 2 0			-0.04		-26.34		10.59		0.35033	0.9287	40.0811891304	86.5118
2 4 6			0.08		-26.26		10.44		0.35018	0.785	46.7364348384	64.2552
2 6 10			-0.28		-26.55		10.72		0.35018	0.7069	72.0169435829	44.7171
1 1 3			-0.05		-26.59		10.77		0.35012	0.4514	16.9416048235	36.8187
2 2 10			-0.28		-26.88		11.05		0.35012	0.6429	46.7739448495	44.8949