HKL Value		Reward		TotalReward	Chi Squared	Z Appr. 	Error	Two-Thetas	Sfs2
2 2 12			0.0		0.0		0.0		0.3	1.9766	54.0147953295	208.0279
2 0 14			0.0		0.0		6.18		0.33252	0.2634	58.6945218607	7.3942
6 4 0			1.54		1.54		3.1		0.33252	1.8287	67.0910631577	58.6803
5 1 3			-5.68		-4.14		8.77		0.33254	0.9592	47.5591860667	88.1873
4 6 0			1.09		-3.05		6.59		0.33254	0.7863	67.1083315067	59.4729
4 0 6			-46.42		-49.46		53.01		0.33275	5.3963	42.900258124	488.2208
6 4 2			4.31		-45.16		44.39		0.33265	0.2211	67.6401768609	4.8049
6 0 8			3.13		-42.03		38.13		0.33228	2.9234	64.163237895	5.3359
0 6 8			2.35		-39.68		33.44		0.33192	0.7694	64.1950429677	5.6946
0 2 14			1.85		-37.83		29.73		0.33218	0.2479	58.6982494177	6.3292
4 6 2			1.4		-36.43		26.93		0.33211	0.2349	67.657370766	5.5969
6 0 2			1.11		-35.32		24.72		0.33209	0.2214	55.354768557	5.4487
6 0 6			0.94		-34.38		22.84		0.33206	1.0815	60.1501886982	39.9969
1 1 15			0.82		-33.56		21.2		0.33184	0.656	61.3839959686	20.6242
9 1 1			0.66		-32.9		19.88		0.33175	0.8793	87.9915459652	19.6393
3 5 9			0.45		-32.45		18.99		0.3315	0.4755	65.0802252419	19.5165
0 6 2			0.5		-31.96		17.99		0.33147	0.2356	55.3895592761	6.1752
0 6 10			0.41		-31.55		17.17		0.33104	0.8527	69.1637693973	8.5049
6 0 10			0.36		-31.19		16.45		0.33052	1.0728	69.1331306246	8.9056
5 3 9			0.31		-30.88		15.83		0.33007	0.4833	65.0662013285	20.8409
3 7 1			0.3		-30.57		15.23		0.32994	1.2822	71.5694631273	22.2453
4 2 10			0.23		-30.34		14.76		0.32916	1.1102	57.0442200735	11.3144
2 0 16			0.25		-30.09		14.25		0.32746	0.5935	67.2372591268	11.8907
0 6 16			0.29		-29.79		13.66		0.32673	0.4825	89.3859051251	7.6515
0 2 16			0.24		-29.55		13.19		0.32586	1.8687	67.2407114996	13.8307
7 3 1			0.2		-29.36		12.79		0.32581	0.5095	71.5359286583	22.1332
4 2 14			0.18		-29.17		12.43		0.32554	1.2576	70.6282605877	19.9713
2 4 10			0.17		-29.0		12.08		0.32516	0.607	57.0555982332	12.0937
2 4 14			0.17		-28.84		11.75		0.32498	0.5221	70.6383718296	19.4111
0 6 6			0.19		-28.65		11.38		0.32491	1.0147	60.183190367	40.9583
5 5 1			0.14		-28.51		11.1		0.32487	0.5073	65.769247456	23.9531
4 2 2			0.08		-28.43		10.93		0.32483	0.457	40.8620305525	12.2524
3 3 1			0.03		-28.4		10.88		0.32478	0.5106	38.1558496662	33.1617
4 4 6			-4.32		-32.72		15.2		0.32529	4.3817	57.0116572758	400.3855
4 4 12			0.21		-32.51		14.79		0.32501	1.9475	72.2035773977	130.2426
3 3 9			0.05		-32.46		14.69		0.32445	0.3816	52.4524123761	12.0632
6 0 0			0.14		-32.32		14.41		0.32445	0.7256	54.7363985401	55.434
5 1 9			0.08		-32.24		14.24		0.324	0.4583	58.9619928854	19.0838
3 1 15			0.07		-32.17		14.1		0.32293	0.2871	67.3554895111	7.7692
1 7 1			0.09		-32.08		13.92		0.3229	0.5219	65.7901743415	26.2984
0 6 0			0.09		-31.99		13.74		0.32289	1.4277	54.7714555341	59.4019
2 4 2			0.09		-31.9		13.56		0.32287	0.3828	40.8766170199	13.2501
3 1 9			0.01		-31.89		13.53		0.32241	0.36	45.2950695798	8.7768
0 6 14			0.06		-31.83		13.42		0.32237	0.9096	81.7552219026	27.2955
0 2 6			-0.02		-31.86		13.45		0.32251	1.1672	29.1471999487	131.5155
2 0 10			0.08		-31.77		13.28		0.32228	0.6169	42.9543880851	20.236
5 1 1			0.06		-31.71		13.15		0.32226	0.5346	46.1701152	26.7419
1 5 1			0.06		-31.65		13.04		0.32223	0.4978	46.196563203	27.3004
4 2 8			-0.02		-31.68		13.07		0.32262	0.7605	51.4203212226	2.5419
0 2 8			-1.07		-32.74		14.13		0.32403	0.1155	35.7619852008	1.7384
2 4 8			0.03		-32.72		14.08		0.32451	0.1687	51.4325245866	2.4593
3 3 13			0.06		-32.66		13.96		0.32551	0.5636	65.4922780779	9.1158
5 1 13			0.1		-32.56		13.76		0.326	0.4567	71.2764535317	11.3258
1 5 13			0.12		-32.44		13.52		0.32629	1.1973	71.2966048402	12.6128
1 1 13			0.11		-32.33		13.3		0.3266	0.3722	52.9310122384	10.9703
7 1 1			0.06		-32.27		13.19		0.32659	0.5207	65.7483230412	25.2044
4 2 6			0.12		-32.15		12.95		0.32659	1.6049	46.7233273538	62.1975
1 3 15			-0.13		-32.28		13.08		0.32572	0.2862	67.3623786269	8.1809
2 4 6			0.11		-32.17		12.85		0.32572	0.785	46.7364348384	64.2552
5 3 3			-0.3		-32.47		13.16		0.32574	0.9351	54.4936931553	89.9375
3 5 1			0.03		-32.44		13.09		0.32573	0.5283	53.2544885252	31.9012
1 3 1			-0.02		-32.46		13.11		0.3257	0.5324	28.3265170018	42.1271
1 1 3			0.01		-32.46		13.1		0.3257	0.4514	16.9416048235	36.8187
2 6 10			0.09		-32.37		12.93		0.32556	0.7069	72.0169435829	44.7171
4 0 12			0.08		-32.29		12.78		0.32569	2.7435	60.4154589103	161.2613
0 0 10			0.08		-32.21		12.62		0.32554	0.8316	38.8438017949	41.7013
0 4 10			0.08		-32.13		12.46		0.32542	0.9893	53.7871001638	44.1425
0 4 12			0.07		-32.06		12.32		0.32554	1.4889	60.4300914167	161.7651
2 2 10			0.07		-31.99		12.18		0.3254	0.6429	46.7739448495	44.8949
0 0 20			0.07		-31.92		12.03		0.3254	0.4542	83.3712939521	4.3689
6 2 2			-1.27		-33.19		13.3		0.32544	3.3001	58.5687226088	135.1206
4 4 10			0.07		-33.12		13.16		0.3253	0.6886	66.23802526	47.6672
4 0 10			0.08		-33.04		13.01		0.32518	0.6243	53.7713327333	45.2096
0 4 20			0.01		-33.03		12.98		0.32518	1.027	94.1654323607	18.6345
2 4 0			-0.01		-33.04		12.99		0.32518	1.4359	40.0960076051	88.2765
4 2 0			0.0		-33.04		12.98		0.32518	0.9287	40.0811891304	86.5118
6 4 6			0.01		-33.03		12.97		0.32511	0.9247	71.9614498967	41.9809
6 2 10			0.07		-32.95		12.82		0.32502	0.7103	71.9901825081	43.9921
3 1 1			-0.02		-32.97		12.84		0.325	0.5239	28.3131072915	41.7464
5 3 1			0.02		-32.95		12.8		0.32499	0.5252	53.2386121167	32.835
4 0 2			-1.15		-34.1		13.95		0.32502	1.7854	36.5531212028	138.5255
1 3 13			0.06		-34.04		13.82		0.32527	0.3907	59.4200243294	11.5335
7 3 3			-0.03		-34.07		13.86		0.32527	1.9283	72.601334037	69.5466
3 1 3			-0.08		-34.15		13.93		0.3253	1.2003	30.3814370344	67.5761
2 0 8			-0.49		-34.64		14.43		0.32599	0.1665	35.7565424018	1.5727