HKL Value		Reward		TotalReward	Chi Squared	Z Appr. 	Error	Two-Thetas	Sfs2
0 0 3			0.0		0.0		0.0		0.5	0.03	19.1797885945	0.0
3 0 2			0.0		0.0		0.0		0.5	0.46	45.0164041053	0.0
1 0 0			0.41		0.41		0.0		0.5	0.0	14.0285801003	0.0
3 0 0			0.5		0.91		0.0		0.5	0.45	42.9814560157	0.0
2 0 1			0.33		1.24		0.0		0.5	0.15	29.01034049	0.0
1 1 2			-1.0		0.24		0.0		0.45207	0.52	32.1995090242	11.6912
4 0 3			0.2		0.44		0.0		0.45207	0.29	62.1413926063	0.0
0 1 4			-1.0		-0.56		0.04		0.45129	0.09	36.6772811508	0.4076
3 0 4			0.14		-0.42		0.04		0.45129	0.64	50.7360354343	0.0
2 1 2			-0.06		-0.48		0.04		0.45314	0.36	40.8238903893	0.1747
1 0 8			0.11		-0.37		0.04		0.45314	0.24	54.8685935926	0.0
3 0 6			0.1		-0.27		0.03		0.45314	0.11	59.366558438	0.0
4 1 3			0.09		-0.18		0.03		0.45313	0.15	68.408649436	0.0043
4 0 1			0.08		-0.1		0.03		0.45312	0.27	58.8934376912	0.0
2 0 3			0.08		-0.02		0.03		0.45312	0.09	34.3920319457	0.0
4 0 5			0.07		0.05		0.03		0.45312	0.26	68.3700248267	0.0
0 0 7			0.07		0.12		0.02		0.45312	0.2	45.7499157105	0.0
2 0 5			0.06		0.18		0.02		0.45312	5.26	43.4052500519	0.0
1 0 4			0.06		0.24		0.02		0.45312	0.08	29.3672081998	0.0
1 0 6			0.06		0.3		0.02		0.45312	0.25	41.5701214249	0.0
2 0 7			0.05		0.35		0.02		0.45312	4.16	54.6555056564	0.0
3 0 8			0.05		0.4		0.02		0.45312	0.3	70.3147352648	0.0
1 -1 2			0.05		0.45		0.02		0.45296	0.39	32.1995090242	11.6912
3 1 0			0.04		0.49		0.02		0.45296	0.86	50.7823995615	0.002
0 1 7			-0.11		0.38		0.02		0.44945	0.26	53.2385720724	8.4036
1 0 5			-0.02		0.35		0.02		0.45289	0.22	35.3149362404	7.049
4 1 1			0.0		0.35		0.02		0.45289	0.21	65.3342299592	0.4263
1 1 4			0.01		0.36		0.02		0.45281	0.3	39.4492672371	0.9567
3 1 2			0.04		0.4		0.02		0.45277	0.11	52.5840292854	11.6912
2 2 3			-0.07		0.33		0.02		0.45177	0.31	64.6616050849	6.6891
2 1 7			-0.08		0.25		0.02		0.45081	0.57	61.3678684761	8.4036
4 1 5			-0.06		0.19		0.02		0.45015	1.53	74.3771604481	7.6693