HKL Value		Reward		TotalReward	Chi Squared	Z Appr. 	Error	Two-Thetas	Sfs2
0 0 3			0.0		0.0		0.0		0.5	0.03	19.1797885945	0.0
3 0 2			0.0		0.0		0.0		0.5	0.46	45.0164041053	0.0
1 0 0			0.41		0.41		0.0		0.5	0.0	14.0285801003	0.0
1 0 6			-1.0		-0.59		0.0		0.5	0.25	41.5701214249	0.0
1 -1 2			-1.0		-1.59		0.0		0.45207	0.39	32.1995090242	11.6912
4 0 3			0.25		-1.34		0.0		0.45207	0.29	62.1413926063	0.0
2 0 5			0.2		-1.14		0.0		0.45207	5.26	43.4052500519	0.0
0 1 5			-1.0		-2.14		0.0		0.44218	0.34	41.7114803244	7.6693
3 0 7			-0.25		-2.39		0.01		0.44395	0.18	64.5726747292	2.8781
3 0 0			0.13		-2.27		0.0		0.44395	0.45	42.9814560157	0.0
4 1 5			-0.14		-2.4		0.01		0.44246	1.53	74.3771604481	7.6693
4 0 5			0.1		-2.3		0.01		0.44246	0.26	68.3700248267	0.0
0 0 7			0.09		-2.21		0.0		0.44246	0.2	45.7499157105	0.0
4 1 1			-0.19		-2.4		0.01		0.44247	0.21	65.3342299592	0.4263
1 0 8			0.08		-2.32		0.01		0.44247	0.24	54.8685935926	0.0
4 0 1			0.07		-2.25		0.0		0.44247	0.27	58.8934376912	0.0
3 0 6			0.07		-2.18		0.0		0.44247	0.11	59.366558438	0.0
2 0 3			0.06		-2.12		0.0		0.44247	0.09	34.3920319457	0.0
2 0 1			0.06		-2.06		0.0		0.44247	0.15	29.01034049	0.0
3 0 8			0.06		-2.01		0.0		0.44247	0.3	70.3147352648	0.0
3 1 0			0.03		-1.97		0.0		0.44247	0.86	50.7823995615	0.002
1 0 4			0.05		-1.92		0.0		0.44247	0.08	29.3672081998	0.0
2 0 7			0.05		-1.88		0.0		0.44247	4.16	54.6555056564	0.0
3 0 4			0.05		-1.83		0.0		0.44247	0.64	50.7360354343	0.0
4 1 3			0.03		-1.8		0.0		0.4425	0.15	68.408649436	0.0043
3 1 3			-0.93		-2.73		0.04		0.43928	0.4	54.7770496801	12.6586
3 1 4			0.03		-2.69		0.04		0.4392	0.33	57.7518627408	0.9567
2 0 2			-0.46		-3.15		0.08		0.43742	0.1	31.1263267788	5.5981
4 1 4			-0.15		-3.3		0.09		0.44082	0.37	71.0458443611	0.4076
1 1 4			0.03		-3.27		0.09		0.44076	0.3	39.4492672371	0.9567
3 1 2			0.02		-3.25		0.09		0.44138	0.11	52.5840292854	11.6912
3 1 7			-0.01		-3.26		0.09		0.43823	0.32	70.7276559911	1.1017
2 2 3			0.03		-3.23		0.08		0.43837	0.31	64.6616050849	6.6891
0 1 7			0.03		-3.2		0.08		0.43887	0.26	53.2385720724	8.4036
2 1 7			0.03		-3.18		0.08		0.43927	0.57	61.3678684761	8.4036
-1 -1 2			0.02		-3.16		0.08		0.43949	0.13	32.1995090242	11.6912
1 1 2			0.02		-3.14		0.08		0.43973	0.52	32.1995090242	11.6912
2 1 1			0.02		-3.12		0.08		0.43973	0.13	39.1745550983	0.4263
1 2 6			0.01		-3.11		0.07		0.44068	0.11	69.4566609057	1.2895
1 0 7			0.02		-3.1		0.07		0.441	0.54	48.0896902272	2.8781
-1 -1 -2			0.02		-3.08		0.07		0.44116	0.31	32.1995090242	11.6912
1 1 6			0.0		-3.08		0.07		0.44166	0.38	49.5460147793	8.8974
4 0 4			-0.03		-3.11		0.07		0.44101	0.13	64.9051128666	1.7476
3 2 4			0.01		-3.1		0.07		0.44065	0.0	76.369138646	3.3351
1 2 7			-0.03		-3.12		0.08		0.44103	0.71	74.291810142	3.5836
0 0 4			-0.02		-3.15		0.08		0.44045	0.08	25.6679215219	1.7476
2 0 -4			-0.02		-3.16		0.08		0.4399	0.31	38.5541558059	1.7476