Number of epochs: 525e-01
7.322221228010478145e-01
-8.325033564680732467e-02
-2.736229023446455355e-01
7.982048944708050597e-02
-1.259193555146906340e-01
-2.661743005147462759e-01
-5.665927070361282195e-03
-5.064998620560856590e-01
-2.636693944509811358e-03
-3.162353683526524240e-01
-1.136949732485640491e-01
3.866539238264930511e-01
-1.811824407582977858e-01
5.679812470218353893e-02
-2.902571818688574612e-01
7.671907701212811459e-02
-1.566259740545266482e-02
7.769901230350215182e-02
-1.329726787775372884e-02
-3.496867399369205653e-01
-1.474899909005495660e-03
-3.743039109684234700e-01
-1.182896976697636778e-02
-2.282202513107132735e-01
-1.506262639652448596e-02
-4.712663510277687040e-02
-5.343871691841886040e-01
6.945335916669563570e-02
-4.380760451493589946e-01
7.403706557789520304e-02
-2.373494946809544537e-01
7.570541563976912469e-02
-3.120497401963107653e-01
4.496160387437343059e-02
-2.061901930907822089e-01
-8.486592721842717377e-04
-1.652131883645513444e-01
-3.493082008093607582e-01
-3.830935958104129124e-01
-2.758132549578589179e-03
-2.215852965100436611e-01
-4.369729094321195099e-03
-3.918990209795951696e-01
-2.139822880714234432e-01
-2.256218590886369391e-01
2.031709503997451982e-01
-1.865333165591726572e-01
7.343361774583447854e-01
-2.085588377261735626e-01
5.424081541292869596e-02
-2.370827064585610544e-01
8.120996426386004052e-02
-4.770321950833524699e-02
4.212648264346304655e-02
8.225225392761005214e-03
-3.018286904670725579e-01
-3.153384884877223106e-03
-4.969094549582022680e-01
-3.461219194696810945e-03
-3.054406057862110724e-01
-1.658345830588744130e-01
-1.459171200452154260e-01
-3.244613932243675669e-01
-2.338895838169074426e-01
-3.408926181254742782e-01
-4.019551834740390378e-02
-5.081982065673316118e-01
7.936310974073360058e-02
-4.060255046487893926e-01
8.290597847407579768e-02
-7.002192370111903763e-02
7.779957054869481026e-02
-2.482128216583228131e-01
-1.880501927752362412e-01
-1.071632203447583313e-03
-1.583463323252538250e-03
-3.515024363131549201e-01
-5.858983693110532409e-03
-1.861041705743738117e-01
-1.046710829121073015e-02
-4.821438279949187902e-03
-7.251960029005688479e-03
-1.847597658368982654e-01
-1.247704994555655644e-01
