HKL Value		Reward		TotalReward	Chi Squared	Z Appr. 	Error	Two-Thetas	Sfs2
3 3 7			0.0		0.0		0.0		0.3	0.1558	47.1418707618	3.5073
6 2 10			0.0		0.0		14.21		0.33049	0.7103	71.9901825081	43.9921
6 0 8			3.51		3.51		7.18		0.33015	2.9234	64.163237895	5.3359
4 6 0			1.19		4.7		4.8		0.33015	0.7863	67.1083315067	59.4729
7 1 7			0.43		5.14		3.93		0.33148	0.3505	72.2660298289	5.0526
0 6 8			0.35		5.49		3.23		0.33108	0.7694	64.1950429677	5.6946
6 4 0			0.27		5.76		2.7		0.33109	1.8287	67.0910631577	58.6803
0 6 2			-0.05		5.71		2.75		0.33104	0.2356	55.3895592761	6.1752
4 6 2			0.07		5.78		2.61		0.33093	0.2349	67.657370766	5.5969
6 4 2			0.08		5.85		2.45		0.33083	0.2211	67.6401768609	4.8049
7 3 1			-0.12		5.73		2.57		0.33068	0.5095	71.5359286583	22.1332
4 0 2			-9.09		-3.36		11.66		0.33133	1.7854	36.5531212028	138.5255
6 0 2			0.38		-2.98		10.91		0.33129	0.2214	55.354768557	5.4487
2 0 14			0.42		-2.56		10.07		0.33154	0.2634	58.6945218607	7.3942
2 6 10			0.02		-2.54		10.02		0.32985	0.7069	72.0169435829	44.7171
0 6 16			0.25		-2.29		9.53		0.3291	0.4825	89.3859051251	7.6515
0 2 14			0.25		-2.05		9.04		0.33003	0.2479	58.6982494177	6.3292
1 5 7			0.19		-1.86		8.66		0.33081	0.6035	54.1236034243	4.2528
1 7 7			0.22		-1.63		8.21		0.3311	0.4353	72.3061031614	6.1143
2 0 16			0.05		-1.58		8.1		0.33054	0.5935	67.2372591268	11.8907
5 3 7			0.16		-1.42		7.78		0.3311	0.2523	60.5057581853	5.4388
3 5 7			0.16		-1.26		7.46		0.33154	0.2309	60.5203777188	5.6046
5 1 7			0.14		-1.12		7.19		0.33202	0.2609	54.1000446603	4.252
0 2 16			-0.04		-1.17		7.23		0.33167	1.8687	67.2407114996	13.8307
4 2 8			0.12		-1.04		6.98		0.33219	0.7605	51.4203212226	2.5419
5 3 9			0.04		-1.01		6.91		0.33209	0.4833	65.0662013285	20.8409
2 4 8			0.11		-0.89		6.69		0.3326	0.1687	51.4325245866	2.4593
0 6 10			0.04		-0.85		6.6		0.3324	0.8527	69.1637693973	8.5049
6 0 10			0.03		-0.82		6.53		0.33218	1.0728	69.1331306246	8.9056
2 4 14			-0.05		-0.87		6.59		0.3313	0.5221	70.6383718296	19.4111
4 2 14			-0.04		-0.91		6.62		0.33062	1.2576	70.6282605877	19.9713
6 0 0			0.03		-0.88		6.56		0.33062	0.7256	54.7363985401	55.434
4 2 2			-0.0		-0.88		6.56		0.33058	0.457	40.8620305525	12.2524
4 2 10			0.01		-0.86		6.54		0.33034	1.1102	57.0442200735	11.3144
4 2 0			-0.18		-1.05		6.72		0.33034	0.9287	40.0811891304	86.5118
0 2 0			-1.16		-2.21		7.89		0.33034	1.4407	17.6394681947	177.2483
2 4 10			0.02		-2.19		7.84		0.33009	0.607	57.0555982332	12.0937
0 6 0			0.02		-2.17		7.81		0.33009	1.4277	54.7714555341	59.4019
6 0 6			0.08		-2.1		7.66		0.33004	1.0815	60.1501886982	39.9969
2 6 8			-4.24		-6.34		11.9		0.33109	4.3291	67.1483383839	218.3417
4 6 6			-0.06		-6.4		11.96		0.33093	1.1903	71.9781772466	41.9784
9 1 1			0.11		-6.29		11.73		0.33087	0.8793	87.9915459652	19.6393
0 4 20			0.07		-6.22		11.6		0.33489	1.027	94.1654323607	18.6345
3 5 9			0.06		-6.16		11.47		0.33715	0.4755	65.0802252419	19.5165
0 6 6			0.11		-6.05		11.25		0.33746	1.0147	60.183190367	40.9583
2 4 2			0.04		-6.01		11.17		0.33738	0.3828	40.8766170199	13.2501
1 1 15			0.12		-5.89		10.94		0.33807	0.656	61.3839959686	20.6242
4 2 6			0.12		-5.78		10.71		0.33807	1.6049	46.7233273538	62.1975
2 0 10			-0.04		-5.82		10.75		0.33852	0.6169	42.9543880851	20.236
2 4 6			0.11		-5.71		10.53		0.33852	0.785	46.7364348384	64.2552
4 0 10			-0.01		-5.72		10.54		0.32947	0.6243	53.7713327333	45.2096
0 0 20			0.09		-5.63		10.36		0.32969	0.4542	83.3712939521	4.3689
0 4 10			0.03		-5.6		10.29		0.3288	0.9893	53.7871001638	44.1425
0 0 10			0.04		-5.55		10.21		0.3282	0.8316	38.8438017949	41.7013
2 2 10			0.04		-5.51		10.13		0.32771	0.6429	46.7739448495	44.8949
5 5 7			0.01		-5.5		10.1		0.32837	0.6639	72.2860687267	4.3062
1 5 1			0.01		-5.49		10.07		0.32835	0.4978	46.196563203	27.3004
1 3 13			0.09		-5.4		9.9		0.32841	0.3907	59.4200243294	11.5335
1 1 13			0.08		-5.31		9.73		0.32849	0.3722	52.9310122384	10.9703
1 7 1			0.02		-5.3		9.7		0.32846	0.5219	65.7901743415	26.2984
1 5 9			-0.1		-5.4		9.8		0.32819	0.4394	58.984264935	17.7365
1 5 13			0.08		-5.32		9.64		0.3282	1.1973	71.2966048402	12.6128
0 2 10			-0.04		-5.36		9.67		0.32805	0.4317	42.9590557724	21.0204
3 1 13			0.08		-5.28		9.52		0.32812	0.3869	59.4126405656	11.7895
5 1 1			0.01		-5.27		9.5		0.3281	0.5346	46.1701152	26.7419
3 7 1			0.05		-5.22		9.41		0.32808	1.2822	71.5694631273	22.2453
4 0 8			-2.91		-8.14		12.32		0.32833	2.9483	47.8850437629	244.3799
5 3 1			0.02		-8.12		12.29		0.32832	0.5252	53.2386121167	32.835
0 4 16			-0.02		-8.14		12.31		0.3276	1.5557	75.7704700384	94.8658
6 0 4			-0.28		-8.42		12.59		0.32762	0.7069	57.1830782131	42.6751
0 6 14			0.01		-8.41		12.58		0.32748	0.9096	81.7552219026	27.2955
5 1 9			0.0		-8.41		12.57		0.32731	0.4583	58.9619928854	19.0838
3 3 9			-0.03		-8.44		12.6		0.32712	0.3816	52.4524123761	12.0632
3 1 7			0.04		-8.41		12.53		0.3274	0.257	39.2655360855	5.205
4 4 10			0.04		-8.36		12.44		0.32719	0.6886	66.23802526	47.6672
5 1 13			0.08		-8.29		12.29		0.32731	0.4567	71.2764535317	11.3258
3 5 1			0.02		-8.27		12.25		0.3273	0.5283	53.2544885252	31.9012
7 1 1			0.04		-8.23		12.18		0.32728	0.5207	65.7483230412	25.2044
1 3 15			-0.16		-8.39		12.33		0.32666	0.2862	67.3623786269	8.1809
0 4 2			-1.15		-9.54		13.49		0.32669	3.2657	36.5744795411	137.7475
5 5 1			0.07		-9.48		13.36		0.32669	0.5073	65.769247456	23.9531
6 4 6			0.0		-9.47		13.35		0.32662	0.9247	71.9614498967	41.9809
3 3 1			0.02		-9.45		13.3		0.32662	0.5106	38.1558496662	33.1617
3 1 15			-0.12		-9.57		13.42		0.32605	0.2871	67.3554895111	7.7692
1 1 3			0.01		-9.56		13.41		0.32605	0.4514	16.9416048235	36.8187
2 2 16			0.01		-9.55		13.39		0.32573	1.1693	70.1293332912	108.6018
4 4 12			0.07		-9.48		13.26		0.32566	1.9475	72.2035773977	130.2426
3 1 1			-0.01		-9.49		13.27		0.32565	0.5239	28.3131072915	41.7464
3 3 13			0.04		-9.45		13.18		0.3259	0.5636	65.4922780779	9.1158
4 2 12			-1.12		-10.58		14.3		0.32495	0.2244	63.468523569	4.7972
2 4 0			0.0		-10.57		14.3		0.32495	1.4359	40.0960076051	88.2765
1 1 1			-0.04		-10.62		14.34		0.32494	0.5749	13.0194761966	56.7652
1 3 9			-0.1		-10.72		14.44		0.32477	0.2622	45.3040218183	7.1674
1 3 1			0.0		-10.72		14.44		0.32476	0.5324	28.3265170018	42.1271
0 2 20			-0.56		-11.27		15.0		0.32469	0.4494	86.0769303832	2.8517
0 0 16			0.02		-11.25		14.95		0.32442	1.3342	64.286058028	116.6634
3 1 9			-0.01		-11.26		14.96		0.32427	0.36	45.2950695798	8.7768
4 6 4			-0.09		-11.35		15.05		0.32427	1.0731	69.291881243	33.3045
2 0 8			-0.48		-11.83		15.53		0.32479	0.1665	35.7565424018	1.5727