HKL Value		Reward		TotalReward	Chi Squared	Z Appr. 	Error	Two-Thetas	Sfs2
4 6 2			0.0		0.0		0.0		0.3	0.2349	67.657370766	5.5969
4 0 4			0.0		0.0		0.11		0.28232	1.2165	39.0343929222	79.1487
4 4 4			18.92		18.92		0.07		0.28139	0.8476	53.9354251327	76.9211
4 2 12			7.92		26.85		0.38		0.2758	0.2244	63.468523569	4.7972
2 2 8			0.01		26.85		32.15		0.27007	1.8488	40.1384116224	216.1995
5 5 1			1.51		28.36		25.72		0.27007	0.5073	65.769247456	23.9531
2 6 0			0.0		28.36		67.36		0.27007	4.3567	58.0028534629	558.9791
9 1 1			1.12		29.48		57.75		0.27011	0.8793	87.9915459652	19.6393
6 0 6			0.9		30.37		54.14		0.27035	1.0815	60.1501886982	39.9969
5 1 9			1.0		31.37		49.46		0.27053	0.4583	58.9619928854	19.0838
2 0 14			1.04		32.41		44.9		0.27088	0.2634	58.6945218607	7.3942
0 2 14			1.04		33.45		41.08		0.27152	0.2479	58.6982494177	6.3292
0 4 20			1.0		34.45		38.39		0.26889	1.027	94.1654323607	18.6345
0 6 8			1.06		35.51		35.44		0.26893	0.7694	64.1950429677	5.6946
1 1 3			0.9		36.42		34.72		0.2694	0.4514	16.9416048235	36.8187
0 6 18			0.85		37.27		34.67		0.26314	0.7949	98.0280769063	1.8601
0 2 16			1.04		38.31		32.59		0.26298	1.8687	67.2407114996	13.8307
5 1 1			1.05		39.36		30.75		0.26297	0.5346	46.1701152	26.7419
7 1 1			1.07		40.43		29.08		0.26297	0.5207	65.7483230412	25.2044
6 0 8			1.07		41.5		27.67		0.26306	2.9234	64.163237895	5.3359
0 0 20			1.06		42.56		26.66		0.26376	0.4542	83.3712939521	4.3689
0 6 2			1.1		43.66		25.41		0.26376	0.2356	55.3895592761	6.1752
3 1 9			1.1		44.76		24.44		0.26378	0.36	45.2950695798	8.7768
1 3 15			0.94		45.7		25.13		0.26339	0.2862	67.3623786269	8.1809
2 4 10			1.08		46.78		24.38		0.26338	0.607	57.0555982332	12.0937
3 1 15			0.94		47.72		25.06		0.2629	0.2871	67.3554895111	7.7692
6 2 4			1.09		48.81		24.25		0.26292	0.8727	60.3342977717	77.9073
0 0 22			0.99		49.8		24.47		0.26372	2.2765	94.0325860765	137.6091
2 2 10			1.03		50.83		24.26		0.26388	0.6429	46.7739448495	44.8949
1 7 1			1.11		51.94		23.46		0.26388	0.5219	65.7901743415	26.2984
2 4 8			1.12		53.05		22.76		0.26396	0.1687	51.4325245866	2.4593
2 0 10			1.08		54.14		22.46		0.26394	0.6169	42.9543880851	20.236
3 7 5			0.96		55.1		23.28		0.26381	1.0548	74.7470539899	89.5814
2 2 6			0.1		55.2		37.98		0.26397	8.3224	34.2684003079	615.2447
0 0 4			0.9		56.1		36.97		0.264	0.8482	15.2869714585	59.1035
2 4 2			0.91		57.01		35.98		0.264	0.3828	40.8766170199	13.2501
2 0 12			0.89		57.9		35.32		0.26447	0.8079	50.6101057273	16.6151
6 4 2			0.92		58.82		34.4		0.26447	0.2211	67.6401768609	4.8049
3 7 1			0.94		59.76		33.49		0.26447	1.2822	71.5694631273	22.2453
6 4 0			0.94		60.7		32.63		0.26447	1.8287	67.0910631577	58.6803
0 4 16			0.93		61.63		32.06		0.2641	1.5557	75.7704700384	94.8658
2 6 4			0.95		62.58		31.36		0.26413	0.8772	60.3635846112	78.02
4 2 0			0.94		63.52		30.92		0.26413	0.9287	40.0811891304	86.5118
5 3 9			0.94		64.46		30.52		0.26415	0.4833	65.0662013285	20.8409
3 5 7			0.69		65.15		32.8		0.26293	0.2309	60.5203777188	5.6046
2 2 4			0.94		66.09		32.12		0.26294	0.7551	29.4672289371	73.6026
0 6 14			0.91		67.0		31.82		0.26288	0.9096	81.7552219026	27.2955
4 2 10			0.94		67.93		31.28		0.26286	1.1102	57.0442200735	11.3144
4 2 14			0.93		68.87		30.86		0.26277	1.2576	70.6282605877	19.9713
1 3 1			0.95		69.82		30.33		0.26276	0.5324	28.3265170018	42.1271
1 1 1			0.95		70.78		29.85		0.26274	0.5749	13.0194761966	56.7652
4 4 2			0.77		71.55		31.37		0.26274	1.2125	52.0311030722	128.6454
6 4 6			0.9		72.44		31.31		0.26277	0.9247	71.9614498967	41.9809
0 0 16			0.93		73.37		30.95		0.26243	1.3342	64.286058028	116.6634
2 0 16			0.95		74.33		30.39		0.26238	0.5935	67.2372591268	11.8907
0 4 4			0.96		75.28		29.9		0.2624	0.8482	39.0545896029	78.0016
3 7 3			0.89		76.17		30.17		0.26245	0.8954	72.6346668965	71.6226
3 5 1			0.96		77.13		29.67		0.26244	0.5283	53.2544885252	31.9012
0 2 22			0.88		78.0		30.1		0.26294	1.8317	96.7387030121	97.213
2 6 10			0.93		78.93		29.91		0.26306	0.7069	72.0169435829	44.7171
3 3 15			0.81		79.75		30.97		0.26213	0.3402	73.0835579415	3.8877
4 0 10			0.92		80.66		30.8		0.26225	0.6243	53.7713327333	45.2096
3 3 1			0.95		81.61		30.33		0.26225	0.5106	38.1558496662	33.1617
0 0 10			0.93		82.53		30.15		0.26235	0.8316	38.8438017949	41.7013
4 6 0			0.96		83.49		29.68		0.26235	0.7863	67.1083315067	59.4729
6 0 10			0.96		84.45		29.29		0.26235	1.0728	69.1331306246	8.9056
6 2 10			0.94		85.39		29.14		0.26247	0.7103	71.9901825081	43.9921
0 2 10			0.95		86.34		28.91		0.26245	0.4317	42.9590557724	21.0204
4 4 12			0.97		87.31		28.49		0.26241	1.9475	72.2035773977	130.2426
1 5 1			0.98		88.29		28.09		0.2624	0.4978	46.196563203	27.3004
7 3 1			0.98		89.27		27.69		0.2624	0.5095	71.5359286583	22.1332
0 6 10			0.98		90.25		27.37		0.26238	0.8527	69.1637693973	8.5049
0 2 2			0.98		91.23		27.15		0.26238	0.4614	19.2417464495	36.8131
0 2 18			0.99		92.22		26.89		0.26189	0.3755	76.3208597895	3.7538
5 1 7			0.83		93.05		28.21		0.2609	0.2609	54.1000446603	4.252
2 2 14			0.87		93.92		28.91		0.26099	1.0835	61.7979105177	101.9829
1 1 15			0.97		94.89		28.54		0.26098	0.656	61.3839959686	20.6242
0 6 4			0.96		95.85		28.28		0.26096	0.6675	57.2171401797	42.9768
3 3 9			0.97		96.82		28.01		0.26096	0.3816	52.4524123761	12.0632
1 1 11			0.74		97.56		30.07		0.26133	2.144	44.8525636461	378.5934
2 0 2			0.94		98.5		29.83		0.26133	0.6502	19.2320929378	35.9547
1 3 13			0.95		99.44		29.53		0.2613	0.3907	59.4200243294	11.5335
0 0 18			0.95		100.39		29.21		0.26111	0.6609	73.530655613	37.988
6 0 4			0.95		101.34		28.96		0.2611	0.7069	57.1830782131	42.6751
1 1 9			0.96		102.31		28.62		0.26107	0.2216	37.1193146943	1.1702
0 6 12			0.85		103.16		29.45		0.26222	0.3425	75.0250979777	1.887
0 2 6			0.84		104.0		30.28		0.26225	1.1672	29.1471999487	131.5155
0 2 8			0.94		104.94		29.93		0.26225	0.1155	35.7619852008	1.7384
6 0 2			0.95		105.89		29.59		0.26225	0.2214	55.354768557	5.4487
3 1 13			0.95		106.83		29.33		0.26224	0.3869	59.4126405656	11.7895
6 0 0			0.95		107.79		29.06		0.26224	0.7256	54.7363985401	55.434
2 0 0			0.91		108.69		29.25		0.26224	2.02	17.6289686615	175.6782
5 3 1			0.95		109.65		28.95		0.26223	0.5252	53.2386121167	32.835
5 1 3			0.9		110.55		29.2		0.26226	0.9592	47.5591860667	88.1873
6 4 4			0.95		111.5		28.97		0.26226	0.6669	69.2748711385	33.991
3 5 3			0.9		112.4		29.28		0.26229	0.9259	54.5093201099	87.7589
1 5 13			0.95		113.35		29.05		0.26228	1.1973	71.2966048402	12.6128
7 1 3			0.9		114.25		29.32		0.26231	1.4031	66.8553232335	91.2915
4 0 14			0.86		115.1		30.0		0.26245	1.986	67.7459682929	124.3248
4 6 6			0.91		116.02		29.98		0.26246	1.1903	71.9781772466	41.9784
2 4 4			0.92		116.93		29.95		0.26245	0.8182	43.1484985256	64.6996
6 0 12			0.83		117.76		30.81		0.26384	0.5892	74.995462768	0.9301