HKL Value		Reward		TotalReward	Chi Squared	Z Appr. 	Error	Two-Thetas	Sfs2
4 6 2			0.0		0.0		0.0		0.3	0.2349	67.657370766	5.5969
6 0 12			0.0		0.0		0.0		0.2929	0.5892	74.995462768	0.9301
2 2 2			0.0		0.0		51.42		0.30667	1.1162	26.2109248846	125.5642
4 4 4			1.61		1.61		35.03		0.28447	0.8476	53.9354251327	76.9211
4 2 8			1.62		3.23		26.32		0.28707	0.7605	51.4203212226	2.5419
2 2 16			1.05		4.28		25.64		0.30149	1.1693	70.1293332912	108.6018
4 2 12			1.44		5.72		21.71		0.30178	0.2244	63.468523569	4.7972
9 1 1			1.47		7.18		18.7		0.30169	0.8793	87.9915459652	19.6393
5 5 1			1.48		8.66		16.49		0.30157	0.5073	65.769247456	23.9531
2 0 14			1.45		10.11		15.09		0.30134	0.2634	58.6945218607	7.3942
4 4 0			0.01		10.12		46.2		0.30134	4.9852	51.3853572345	648.027
6 0 6			1.02		11.14		42.42		0.30369	1.0815	60.1501886982	39.9969
5 1 9			1.02		12.15		39.33		0.30649	0.4583	58.9619928854	19.0838
0 2 14			1.05		13.2		36.39		0.30751	0.2479	58.6982494177	6.3292
0 4 20			0.99		14.19		34.59		0.31073	1.027	94.1654323607	18.6345
0 6 8			1.04		15.23		32.47		0.31071	0.7694	64.1950429677	5.6946
5 1 1			1.03		16.27		30.82		0.31067	0.5346	46.1701152	26.7419
6 4 2			1.08		17.35		29.02		0.31067	0.2211	67.6401768609	4.8049
7 1 1			1.07		18.41		27.69		0.31064	0.5207	65.7483230412	25.2044
2 4 12			1.1		19.51		26.25		0.3105	0.2205	63.4791913795	4.8908
6 0 8			1.1		20.62		25.11		0.31046	2.9234	64.163237895	5.3359
0 6 18			1.13		21.75		23.93		0.31049	0.7949	98.0280769063	1.8601
4 6 0			1.15		22.9		22.85		0.31049	0.7863	67.1083315067	59.4729
0 6 2			1.15		24.05		21.95		0.31048	0.2356	55.3895592761	6.1752
3 1 9			1.18		25.23		21.04		0.31052	0.36	45.2950695798	8.7768
2 4 14			1.15		26.38		20.54		0.31076	0.5221	70.6383718296	19.4111
1 3 15			1.18		27.57		19.92		0.3108	0.2862	67.3623786269	8.1809
2 4 10			1.18		28.75		19.47		0.3112	0.607	57.0555982332	12.0937
1 1 13			0.77		29.52		22.47		0.31284	0.3722	52.9310122384	10.9703
0 4 10			1.1		30.62		22.09		0.31337	0.9893	53.7871001638	44.1425
6 2 4			1.09		31.71		21.86		0.31319	0.8727	60.3342977717	77.9073
0 4 4			1.09		32.81		21.65		0.313	0.8482	39.0545896029	78.0016
2 2 10			1.12		33.93		21.26		0.31344	0.6429	46.7739448495	44.8949
1 7 1			1.14		35.07		20.8		0.31342	0.5219	65.7901743415	26.2984
0 0 22			1.15		36.22		20.39		0.31384	2.2765	94.0325860765	137.6091
4 2 14			1.16		37.39		19.97		0.31399	1.2576	70.6282605877	19.9713
2 4 8			1.1		38.48		20.14		0.31405	0.1687	51.4325245866	2.4593
2 0 10			1.19		39.67		19.59		0.31403	0.6169	42.9543880851	20.236
0 0 4			1.15		40.82		19.45		0.31391	0.8482	15.2869714585	59.1035
2 0 12			1.2		42.01		18.97		0.31381	0.8079	50.6101057273	16.6151
3 7 1			1.21		43.22		18.55		0.3138	1.2822	71.5694631273	22.2453
2 4 2			1.2		44.42		18.24		0.31378	0.3828	40.8766170199	13.2501
6 4 0			1.23		45.66		17.8		0.31378	1.8287	67.0910631577	58.6803
0 4 16			1.22		46.88		17.53		0.31385	1.5557	75.7704700384	94.8658
2 6 4			1.2		48.08		17.49		0.31371	0.8772	60.3635846112	78.02
3 1 15			1.24		49.32		17.16		0.31382	0.2871	67.3554895111	7.7692
0 2 10			1.26		50.58		16.79		0.31379	0.4317	42.9590557724	21.0204
2 2 4			1.22		51.8		16.81		0.31365	0.7551	29.4672289371	73.6026
5 3 1			1.25		53.05		16.63		0.31363	0.5252	53.2386121167	32.835
5 5 7			1.01		54.06		18.17		0.3151	0.6639	72.2860687267	4.3062
4 0 4			1.17		55.23		18.17		0.31499	1.2165	39.0343929222	79.1487
2 6 10			1.2		56.43		17.94		0.31521	0.7069	72.0169435829	44.7171
0 6 14			1.2		57.63		17.82		0.3153	0.9096	81.7552219026	27.2955
1 3 1			1.2		58.83		17.73		0.31529	0.5324	28.3265170018	42.1271
4 2 0			1.2		60.03		17.64		0.31529	0.9287	40.0811891304	86.5118
1 1 1			1.19		61.22		17.61		0.31527	0.5749	13.0194761966	56.7652
1 1 3			1.2		62.43		17.54		0.31528	0.4514	16.9416048235	36.8187
3 5 1			1.22		63.64		17.37		0.31527	0.5283	53.2544885252	31.9012
6 4 6			1.23		64.88		17.15		0.31519	0.9247	71.9614498967	41.9809
4 2 10			1.24		66.12		16.89		0.31531	1.1102	57.0442200735	11.3144
2 0 16			1.22		67.34		16.87		0.31552	0.5935	67.2372591268	11.8907
1 3 13			1.1		68.45		17.65		0.31643	0.3907	59.4200243294	11.5335
3 3 13			1.06		69.5		18.62		0.3174	0.5636	65.4922780779	9.1158
0 0 16			1.2		70.7		18.32		0.3174	1.3342	64.286058028	116.6634
4 0 10			1.2		71.91		18.07		0.31749	0.6243	53.7713327333	45.2096
0 0 10			1.21		73.12		17.83		0.31758	0.8316	38.8438017949	41.7013
6 0 2			1.22		74.33		17.59		0.31757	0.2214	55.354768557	5.4487
3 7 3			1.19		75.52		17.62		0.31758	0.8954	72.6346668965	71.6226
3 3 15			1.23		76.75		17.37		0.31751	0.3402	73.0835579415	3.8877
1 1 15			1.22		77.97		17.26		0.3176	0.656	61.3839959686	20.6242
6 2 10			1.23		79.2		17.05		0.31768	0.7103	71.9901825081	43.9921
5 3 9			1.25		80.45		16.81		0.31769	0.4833	65.0662013285	20.8409
1 5 1			1.24		81.68		16.68		0.31768	0.4978	46.196563203	27.3004
0 6 10			1.25		82.94		16.48		0.31776	0.8527	69.1637693973	8.5049
3 3 1			1.25		84.19		16.37		0.31775	0.5106	38.1558496662	33.1617
7 3 1			1.26		85.45		16.18		0.31775	0.5095	71.5359286583	22.1332
0 2 18			1.26		86.71		16.07		0.31745	0.3755	76.3208597895	3.7538
0 0 20			1.28		87.99		15.86		0.31744	0.4542	83.3712939521	4.3689
0 2 2			1.25		89.24		15.91		0.31742	0.4614	19.2417464495	36.8131
3 3 9			1.28		90.52		15.73		0.31738	0.3816	52.4524123761	12.0632
0 2 22			1.25		91.77		15.77		0.31741	1.8317	96.7387030121	97.213
6 4 4			1.24		93.02		15.88		0.31741	0.6669	69.2748711385	33.991
1 5 9			1.28		94.3		15.7		0.31737	0.4394	58.984264935	17.7365
2 0 2			1.26		95.55		15.74		0.31736	0.6502	19.2320929378	35.9547
6 0 4			1.23		96.79		15.93		0.31736	0.7069	57.1830782131	42.6751
0 6 4			1.22		98.01		16.12		0.31736	0.6675	57.2171401797	42.9768