HKL Value		Reward		TotalReward	Chi Squared	Z Appr. 	Error	Two-Thetas	Sfs2
6 0 12			0.0		0.0		0.0		0.3	0.5892	74.995462768	0.9301
4 6 2			0.0		0.0		0.0		0.2929	0.2349	67.657370766	5.5969
4 4 4			13.11		13.11		0.14		0.27838	0.8476	53.9354251327	76.9211
4 2 8			7.91		21.02		0.38		0.27721	0.7605	51.4203212226	2.5419
4 2 12			8.11		29.13		0.38		0.27588	0.2244	63.468523569	4.7972
9 1 1			9.1		38.23		0.31		0.2759	0.8793	87.9915459652	19.6393
5 5 1			9.9		48.13		0.26		0.27588	0.5073	65.769247456	23.9531
6 0 6			2.29		50.42		2.83		0.29245	1.0815	60.1501886982	39.9969
3 5 7			0.16		50.58		17.42		0.3131	0.2309	60.5203777188	5.6046
5 1 9			1.49		52.07		15.49		0.31315	0.4583	58.9619928854	19.0838
2 0 14			1.51		53.58		14.02		0.31297	0.2634	58.6945218607	7.3942
0 2 14			1.54		55.12		12.85		0.31271	0.2479	58.6982494177	6.3292
0 4 20			1.59		56.72		11.8		0.31289	1.027	94.1654323607	18.6345
5 1 1			1.54		58.26		11.38		0.31287	0.5346	46.1701152	26.7419
0 6 8			1.61		59.86		10.78		0.31287	0.7694	64.1950429677	5.6946
0 6 18			1.68		61.54		10.07		0.3129	0.7949	98.0280769063	1.8601
7 1 1			1.64		63.19		9.77		0.31288	0.5207	65.7483230412	25.2044
5 5 7			0.72		63.91		14.94		0.31489	0.6639	72.2860687267	4.3062
6 0 8			1.4		65.31		14.29		0.31491	2.9234	64.163237895	5.3359
0 6 2			1.43		66.74		13.67		0.3149	0.2356	55.3895592761	6.1752
4 2 0			1.36		68.1		13.62		0.3149	0.9287	40.0811891304	86.5118
2 4 14			1.43		69.53		13.19		0.31502	0.5221	70.6383718296	19.4111
3 1 9			1.48		71.01		12.64		0.3149	0.36	45.2950695798	8.7768
1 3 15			1.49		72.5		12.18		0.31503	0.2862	67.3623786269	8.1809
2 4 10			1.52		74.02		11.75		0.31518	0.607	57.0555982332	12.0937
6 4 2			1.55		75.57		11.3		0.31517	0.2211	67.6401768609	4.8049
0 4 4			1.44		77.01		11.53		0.31503	0.8482	39.0545896029	78.0016
6 2 4			1.44		78.44		11.72		0.3149	0.8727	60.3342977717	77.9073
0 0 22			1.51		79.96		11.45		0.3151	2.2765	94.0325860765	137.6091
1 3 9			1.54		81.5		11.15		0.31496	0.2622	45.3040218183	7.1674
2 2 10			1.54		83.03		10.95		0.31517	0.6429	46.7739448495	44.8949
1 7 1			1.54		84.58		10.8		0.31516	0.5219	65.7901743415	26.2984
2 4 8			1.43		86.0		11.26		0.31526	0.1687	51.4325245866	2.4593
2 0 10			1.56		87.56		10.93		0.31522	0.6169	42.9543880851	20.236
0 0 4			1.49		89.05		11.05		0.31511	0.8482	15.2869714585	59.1035
3 7 1			1.56		90.6		10.81		0.3151	1.2822	71.5694631273	22.2453
6 4 0			1.58		92.19		10.51		0.3151	1.8287	67.0910631577	58.6803
2 0 12			1.59		93.78		10.27		0.31495	0.8079	50.6101057273	16.6151
2 4 2			1.59		95.37		10.15		0.31495	0.3828	40.8766170199	13.2501
3 1 15			1.62		96.99		9.94		0.31503	0.2871	67.3554895111	7.7692
2 6 4			1.55		98.53		10.11		0.31492	0.8772	60.3635846112	78.02
2 2 4			1.53		100.06		10.32		0.31481	0.7551	29.4672289371	73.6026
5 3 1			1.57		101.63		10.27		0.31479	0.5252	53.2386121167	32.835
4 0 4			1.52		103.15		10.45		0.31468	1.2165	39.0343929222	79.1487
0 6 14			1.54		104.69		10.49		0.3148	0.9096	81.7552219026	27.2955
1 3 1			1.53		106.22		10.54		0.31478	0.5324	28.3265170018	42.1271