HKL Value		Reward		TotalReward	Chi Squared	Z Appr. 	Error	Two-Thetas	Sfs2
4 6 2			0.0		0.0		0.0		0.3	0.2349	67.657370766	5.5969
4 4 4			0.0		0.0		0.14		0.28111	0.8476	53.9354251327	76.9211
6 0 12			13.28		13.28		0.14		0.27838	0.5892	74.995462768	0.9301
4 2 8			7.91		21.19		0.38		0.27721	0.7605	51.4203212226	2.5419
4 2 12			8.11		29.3		0.38		0.27588	0.2244	63.468523569	4.7972
9 1 1			9.1		38.4		0.31		0.2759	0.8793	87.9915459652	19.6393
5 5 1			9.9		48.3		0.26		0.27588	0.5073	65.769247456	23.9531
4 4 10			8.1		56.4		0.37		0.27816	0.6886	66.23802526	47.6672
2 0 14			8.53		64.93		0.35		0.27878	0.2634	58.6945218607	7.3942
0 2 14			9.05		73.99		0.31		0.27882	0.2479	58.6982494177	6.3292
5 1 9			3.79		77.77		1.41		0.27876	0.4583	58.9619928854	19.0838
6 0 6			2.14		79.91		3.56		0.28015	1.0815	60.1501886982	39.9969
0 4 20			2.64		82.55		3.58		0.28554	1.027	94.1654323607	18.6345
4 6 6			2.27		84.82		4.26		0.28657	1.1903	71.9781772466	41.9784
0 6 8			2.49		87.31		4.12		0.28676	0.7694	64.1950429677	5.6946
1 1 5			0.22		87.53		16.9		0.28623	1.9661	22.8949597146	247.5537
5 1 1			1.34		88.87		16.06		0.28611	0.5346	46.1701152	26.7419
6 4 2			1.39		90.27		15.12		0.28613	0.2211	67.6401768609	4.8049
7 1 1			1.4		91.67		14.42		0.28605	0.5207	65.7483230412	25.2044
6 0 8			1.43		93.1		13.78		0.28626	2.9234	64.163237895	5.3359
4 6 0			1.47		94.56		13.09		0.28626	0.7863	67.1083315067	59.4729
5 1 11			0.96		95.52		15.78		0.2764	3.2753	64.7131722767	203.727
0 6 2			1.37		96.89		15.09		0.27637	0.2356	55.3895592761	6.1752
2 4 12			1.39		98.28		14.45		0.27601	0.2205	63.4791913795	4.8908
3 1 9			1.41		99.69		13.91		0.27606	0.36	45.2950695798	8.7768
0 6 18			0.53		100.21		20.31		0.26668	0.7949	98.0280769063	1.8601
6 2 4			1.2		101.41		19.64		0.2667	0.8727	60.3342977717	77.9073
1 3 15			1.0		102.41		20.63		0.2667	0.2862	67.3623786269	8.1809
2 4 14			1.14		103.55		20.35		0.2667	0.5221	70.6383718296	19.4111
2 4 10			1.17		104.72		19.9		0.2667	0.607	57.0555982332	12.0937
0 4 10			1.15		105.87		19.67		0.26687	0.9893	53.7871001638	44.1425
0 4 4			1.2		107.07		19.12		0.26689	0.8482	39.0545896029	78.0016
1 1 13			1.2		108.26		18.72		0.26689	0.3722	52.9310122384	10.9703
3 7 1			1.23		109.5		18.15		0.26689	1.2822	71.5694631273	22.2453
4 0 4			1.24		110.74		17.68		0.26692	1.2165	39.0343929222	79.1487
4 2 14			1.21		111.95		17.56		0.26692	1.2576	70.6282605877	19.9713
2 2 10			1.21		113.15		17.46		0.26706	0.6429	46.7739448495	44.8949
1 7 1			1.26		114.41		17.02		0.26707	0.5219	65.7901743415	26.2984
0 0 4			1.27		115.68		16.65		0.2671	0.8482	15.2869714585	59.1035
2 6 4			1.28		116.96		16.3		0.26713	0.8772	60.3635846112	78.02
2 4 2			1.29		118.25		15.95		0.26712	0.3828	40.8766170199	13.2501
3 1 13			1.29		119.54		15.73		0.26712	0.3869	59.4126405656	11.7895
6 4 0			1.32		120.86		15.35		0.26712	1.8287	67.0910631577	58.6803
5 3 1			1.32		122.18		15.05		0.26711	0.5252	53.2386121167	32.835
2 4 8			1.34		123.52		14.72		0.26714	0.1687	51.4325245866	2.4593
2 0 10			1.31		124.83		14.7		0.26716	0.6169	42.9543880851	20.236
0 2 12			1.35		126.18		14.43		0.26734	0.3827	50.6142203783	17.5707
2 0 12			1.36		127.53		14.19		0.26752	0.8079	50.6101057273	16.6151
2 2 4			1.37		128.91		13.92		0.26754	0.7551	29.4672289371	73.6026
0 0 22			1.36		130.27		13.81		0.26781	2.2765	94.0325860765	137.6091
2 6 10			1.35		131.62		13.76		0.26796	0.7069	72.0169435829	44.7171
0 6 6			1.29		132.91		14.08		0.26797	1.0147	60.183190367	40.9583
3 1 15			1.22		134.14		14.74		0.26818	0.2871	67.3554895111	7.7692
0 6 14			1.29		135.43		14.81		0.26825	0.9096	81.7552219026	27.2955