HKL Value		Reward		TotalReward	Chi Squared	Z Appr. 	Error	Two-Thetas	Sfs2
4 6 2			0.0		0.0		0.0		0.3	0.2349	67.657370766	5.5969
6 0 12			0.0		0.0		0.0		0.2929	0.5892	74.995462768	0.9301
1 1 17			0.01		0.01		31.57		0.2941	2.447	70.2810461715	248.4175
4 4 4			1.82		1.82		21.99		0.2936	0.8476	53.9354251327	76.9211
4 2 8			1.75		3.57		16.84		0.29293	0.7605	51.4203212226	2.5419
9 1 1			1.76		5.33		13.53		0.29289	0.8793	87.9915459652	19.6393
5 5 1			1.77		7.1		11.36		0.29285	0.5073	65.769247456	23.9531
4 2 12			1.77		8.87		10.03		0.29283	0.2244	63.468523569	4.7972
2 4 2			1.76		10.64		9.25		0.29275	0.3828	40.8766170199	13.2501
4 4 10			1.42		12.06		10.22		0.29061	0.6886	66.23802526	47.6672
2 0 14			1.8		13.86		9.2		0.29066	0.2634	58.6945218607	7.3942
0 2 14			1.86		15.72		8.38		0.29083	0.2479	58.6982494177	6.3292
5 1 9			1.64		17.35		8.74		0.29083	0.4583	58.9619928854	19.0838
0 4 20			1.76		19.11		8.48		0.28833	1.027	94.1654323607	18.6345
0 6 8			1.84		20.95		8.01		0.28844	0.7694	64.1950429677	5.6946
6 0 6			1.6		22.55		8.65		0.28878	1.0815	60.1501886982	39.9969
5 1 1			1.78		24.33		8.34		0.28874	0.5346	46.1701152	26.7419
6 4 2			1.86		26.2		7.86		0.28875	0.2211	67.6401768609	4.8049
7 1 1			1.86		28.06		7.57		0.28872	0.5207	65.7483230412	25.2044
2 4 12			1.9		29.96		7.29		0.28874	0.2205	63.4791913795	4.8908
6 0 8			1.94		31.9		7.0		0.28883	2.9234	64.163237895	5.3359
5 1 13			1.97		33.87		6.74		0.28841	0.4567	71.2764535317	11.3258
4 6 0			2.03		35.9		6.43		0.28841	0.7863	67.1083315067	59.4729
6 4 6			1.92		37.82		6.58		0.2887	0.9247	71.9614498967	41.9809
0 6 2			2.03		39.85		6.35		0.28869	0.2356	55.3895592761	6.1752
3 1 9			2.03		41.87		6.23		0.28861	0.36	45.2950695798	8.7768
6 2 4			2.08		43.95		6.01		0.28856	0.8727	60.3342977717	77.9073
1 3 15			2.06		46.02		5.94		0.28847	0.2862	67.3623786269	8.1809
2 4 14			2.12		48.14		5.75		0.28842	0.5221	70.6383718296	19.4111
2 0 8			2.09		50.22		5.75		0.28785	0.1665	35.7565424018	1.5727
2 4 10			2.09		52.31		5.74		0.28737	0.607	57.0555982332	12.0937
0 6 18			1.56		53.88		7.4		0.291	0.7949	98.0280769063	1.8601
0 4 4			1.9		55.77		7.2		0.29097	0.8482	39.0545896029	78.0016
4 2 14			1.91		57.69		7.04		0.29092	1.2576	70.6282605877	19.9713
0 4 10			1.76		59.44		7.48		0.29065	0.9893	53.7871001638	44.1425
0 0 4			1.88		61.33		7.28		0.29063	0.8482	15.2869714585	59.1035
2 2 10			1.76		63.09		7.59		0.29038	0.6429	46.7739448495	44.8949
1 1 13			1.84		64.93		7.51		0.29015	0.3722	52.9310122384	10.9703
3 5 11			1.25		66.18		9.88		0.28976	1.8915	70.5555824797	206.4699
2 0 10			1.65		67.83		9.64		0.28973	0.6169	42.9543880851	20.236
1 1 5			0.79		68.61		14.33		0.28969	1.9661	22.8949597146	247.5537
3 7 1			1.38		69.99		14.0		0.28969	1.2822	71.5694631273	22.2453
3 1 13			1.38		71.38		13.72		0.28954	0.3869	59.4126405656	11.7895
4 0 4			1.4		72.78		13.43		0.28951	1.2165	39.0343929222	79.1487
3 7 3			1.3		74.08		13.8		0.28956	0.8954	72.6346668965	71.6226
1 7 1			1.39		75.46		13.57		0.28956	0.5219	65.7901743415	26.2984
6 4 0			1.41		76.87		13.27		0.28956	1.8287	67.0910631577	58.6803
2 6 4			1.42		78.29		13.0		0.28954	0.8772	60.3635846112	78.02
5 3 1			1.42		79.71		12.83		0.28954	0.5252	53.2386121167	32.835
6 2 10			1.37		81.08		12.95		0.2893	0.7103	71.9901825081	43.9921
2 4 8			1.44		82.52		12.69		0.2893	0.1687	51.4325245866	2.4593
6 0 10			1.39		83.91		12.78		0.28906	1.0728	69.1331306246	8.9056
0 2 12			1.4		85.31		12.75		0.28905	0.3827	50.6142203783	17.5707
2 0 12			1.41		86.72		12.71		0.28905	0.8079	50.6101057273	16.6151
2 2 4			1.44		88.16		12.5		0.28903	0.7551	29.4672289371	73.6026
0 6 14			1.45		89.61		12.31		0.289	0.9096	81.7552219026	27.2955
6 0 2			1.46		91.08		12.1		0.289	0.2214	55.354768557	5.4487
2 6 10			1.42		92.5		12.18		0.28879	0.7069	72.0169435829	44.7171
2 0 16			1.45		93.95		12.08		0.28875	0.5935	67.2372591268	11.8907
3 5 9			1.44		95.39		12.07		0.28873	0.4755	65.0802252419	19.5165
0 4 0			0.41		95.8		20.28		0.28873	6.137	35.7152072575	818.959
0 0 22			1.0		96.79		21.2		0.28826	2.2765	94.0325860765	137.6091
4 2 2			1.12		97.91		20.91		0.28825	0.457	40.8620305525	12.2524
1 3 1			1.12		99.03		20.71		0.28823	0.5324	28.3265170018	42.1271
2 6 2			0.93		99.96		22.08		0.28824	1.2892	58.5985395934	134.3564
3 5 1			1.1		101.06		21.81		0.28824	0.5283	53.2544885252	31.9012
3 1 15			1.1		102.17		21.54		0.28821	0.2871	67.3554895111	7.7692
3 3 15			1.11		103.28		21.23		0.28818	0.3402	73.0835579415	3.8877
4 0 8			0.81		104.09		23.65		0.28797	2.9483	47.8850437629	244.3799
4 0 10			1.05		105.13		23.49		0.28774	0.6243	53.7713327333	45.2096
1 1 1			1.05		106.19		23.32		0.28772	0.5749	13.0194761966	56.7652
4 2 0			1.05		107.24		23.17		0.28772	0.9287	40.0811891304	86.5118
4 6 6			1.06		108.3		22.99		0.28782	1.1903	71.9781772466	41.9784
0 0 20			1.06		109.35		22.87		0.2871	0.4542	83.3712939521	4.3689
7 3 1			1.08		110.44		22.57		0.2871	0.5095	71.5359286583	22.1332
5 1 3			1.03		111.47		22.74		0.28714	0.9592	47.5591860667	88.1873
1 3 13			1.08		112.55		22.44		0.28712	0.3907	59.4200243294	11.5335
3 3 1			1.08		113.64		22.2		0.28711	0.5106	38.1558496662	33.1617
0 2 20			1.1		114.73		21.92		0.2871	0.4494	86.0769303832	2.8517
6 2 2			0.94		115.67		23.03		0.2871	3.3001	58.5687226088	135.1206
1 1 15			1.06		116.73		22.91		0.28709	0.656	61.3839959686	20.6242
1 1 3			1.05		117.77		22.88		0.28711	0.4514	16.9416048235	36.8187
3 3 13			1.08		118.85		22.61		0.28704	0.5636	65.4922780779	9.1158
2 4 0			1.06		119.91		22.51		0.28704	1.4359	40.0960076051	88.2765
1 1 9			1.08		120.99		22.33		0.28714	0.2216	37.1193146943	1.1702
4 6 4			1.07		122.06		22.24		0.28711	1.0731	69.291881243	33.3045
4 2 10			1.08		123.14		22.05		0.287	1.1102	57.0442200735	11.3144
1 3 9			1.09		124.24		21.82		0.28699	0.2622	45.3040218183	7.1674
0 6 10			1.08		125.32		21.7		0.2868	0.8527	69.1637693973	8.5049
0 6 6			1.08		126.4		21.68		0.28686	1.0147	60.183190367	40.9583
5 5 3			1.06		127.46		21.79		0.2869	0.8107	66.8760743485	64.1048
0 6 0			1.09		128.55		21.62		0.28689	1.4277	54.7714555341	59.4019
0 4 16			1.04		129.58		21.94		0.28704	1.5557	75.7704700384	94.8658
6 4 4			1.08		130.66		21.87		0.28702	0.6669	69.2748711385	33.991
0 0 10			1.08		131.74		21.75		0.28685	0.8316	38.8438017949	41.7013
0 2 10			1.1		132.84		21.52		0.28685	0.4317	42.9590557724	21.0204
4 2 6			1.07		133.91		21.62		0.28694	1.6049	46.7233273538	62.1975
6 0 4			1.08		134.99		21.59		0.2869	0.7069	57.1830782131	42.6751
3 1 1			1.09		136.08		21.45		0.28689	0.5239	28.3131072915	41.7464
3 1 3			1.07		137.15		21.57		0.28692	1.2003	30.3814370344	67.5761
0 0 16			1.02		138.17		22.02		0.28708	1.3342	64.286058028	116.6634
1 5 1			1.09		139.26		21.84		0.28708	0.4978	46.196563203	27.3004