HKL Value		Reward		TotalReward	Chi Squared	Z Appr. 	Error	Two-Thetas	Sfs2
4 4 4			0.0		0.0		0.0		0.3	0.8476	53.9354251327	76.9211
4 6 2			0.0		0.0		0.14		0.28111	0.2349	67.657370766	5.5969
6 0 12			13.28		13.28		0.14		0.27838	0.5892	74.995462768	0.9301
1 1 5			0.0		13.28		62.29		0.27425	1.9661	22.8949597146	247.5537
4 2 8			1.38		14.66		46.8		0.27401	0.7605	51.4203212226	2.5419
5 5 1			1.38		16.04		37.44		0.274	0.5073	65.769247456	23.9531
9 1 1			1.36		17.4		31.21		0.27403	0.8793	87.9915459652	19.6393
4 2 12			1.34		18.73		26.75		0.27415	0.2244	63.468523569	4.7972
4 4 10			1.29		20.03		23.8		0.27569	0.6886	66.23802526	47.6672
2 0 14			1.33		21.36		21.27		0.27652	0.2634	58.6945218607	7.3942
0 2 14			1.36		22.72		19.17		0.27703	0.2479	58.6982494177	6.3292
5 1 9			1.24		23.95		18.46		0.27706	0.4583	58.9619928854	19.0838
0 4 20			1.26		25.21		17.79		0.27789	1.027	94.1654323607	18.6345
0 6 8			1.36		26.58		16.57		0.27716	0.7694	64.1950429677	5.6946
6 0 6			1.14		27.72		17.19		0.28462	1.0815	60.1501886982	39.9969
5 1 1			1.35		29.06		16.25		0.28432	0.5346	46.1701152	26.7419
6 4 2			1.4		30.46		15.25		0.2844	0.2211	67.6401768609	4.8049
2 4 12			1.4		31.86		14.49		0.2844	0.2205	63.4791913795	4.8908
4 6 0			1.45		33.31		13.69		0.2844	0.7863	67.1083315067	59.4729
7 1 1			1.46		34.77		13.09		0.28389	0.5207	65.7483230412	25.2044
6 0 8			1.48		36.25		12.56		0.28441	2.9234	64.163237895	5.3359
0 6 2			1.52		37.76		12.01		0.28427	0.2356	55.3895592761	6.1752
3 1 9			1.56		39.32		11.41		0.27656	0.36	45.2950695798	8.7768
6 2 4			1.58		40.9		10.94		0.27686	0.8727	60.3342977717	77.9073
2 4 14			1.58		42.48		10.62		0.27948	0.5221	70.6383718296	19.4111
2 0 8			1.63		44.11		10.19		0.2799	0.1665	35.7565424018	1.5727
1 3 15			1.65		45.76		9.81		0.28119	0.2862	67.3623786269	8.1809
0 0 10			1.67		47.43		9.47		0.28034	0.8316	38.8438017949	41.7013
0 2 2			1.59		49.03		9.6		0.28023	0.4614	19.2417464495	36.8131
2 4 10			1.69		50.72		9.27		0.28035	0.607	57.0555982332	12.0937
0 4 4			1.72		52.44		8.97		0.2804	0.8482	39.0545896029	78.0016
4 4 0			0.31		52.74		19.2		0.2804	4.9852	51.3853572345	648.027
4 2 14			1.22		53.96		18.65		0.28076	1.2576	70.6282605877	19.9713
0 0 4			1.24		55.19		18.09		0.28082	0.8482	15.2869714585	59.1035
2 0 10			1.24		56.43		17.63		0.28142	0.6169	42.9543880851	20.236
0 6 18			0.85		57.29		20.24		0.29042	0.7949	98.0280769063	1.8601
1 1 13			1.17		58.45		19.8		0.29014	0.3722	52.9310122384	10.9703
7 3 1			1.19		59.65		19.28		0.29014	0.5095	71.5359286583	22.1332
2 6 8			0.69		60.34		23.11		0.28991	4.3291	67.1483383839	218.3417
3 1 13			1.1		61.44		22.59		0.28972	0.3869	59.4126405656	11.7895
0 4 10			1.06		62.5		22.5		0.28946	0.9893	53.7871001638	44.1425
3 7 1			1.12		63.62		21.96		0.28945	1.2822	71.5694631273	22.2453
4 0 4			1.13		64.75		21.46		0.28943	1.2165	39.0343929222	79.1487
0 4 0			0.2		64.95		32.69		0.28943	6.137	35.7152072575	818.959
2 2 10			0.91		65.86		32.3		0.2892	0.6429	46.7739448495	44.8949
5 3 1			0.94		66.8		31.69		0.28918	0.5252	53.2386121167	32.835
6 0 10			0.92		67.72		31.37		0.28891	1.0728	69.1331306246	8.9056
2 6 4			0.96		68.67		30.71		0.28889	0.8772	60.3635846112	78.02
2 4 8			0.96		69.64		30.07		0.28888	0.1687	51.4325245866	2.4593
2 4 2			0.97		70.61		29.53		0.28888	0.3828	40.8766170199	13.2501
6 4 0			0.98		71.58		28.94		0.28888	1.8287	67.0910631577	58.6803
1 7 1			0.98		72.57		28.43		0.28887	0.5219	65.7901743415	26.2984
0 2 12			0.97		73.54		28.1		0.28887	0.3827	50.6142203783	17.5707
0 6 16			0.99		74.53		27.63		0.28882	0.4825	89.3859051251	7.6515
6 2 10			0.97		75.5		27.43		0.28856	0.7103	71.9901825081	43.9921
2 0 12			0.99		76.49		27.12		0.28856	0.8079	50.6101057273	16.6151
6 0 2			1.01		77.5		26.64		0.28856	0.2214	55.354768557	5.4487
0 6 14			1.01		78.51		26.22		0.28853	0.9096	81.7552219026	27.2955
2 2 4			1.02		79.54		25.78		0.2885	0.7551	29.4672289371	73.6026
2 0 16			1.02		80.56		25.45		0.28846	0.5935	67.2372591268	11.8907
2 6 10			1.01		81.57		25.27		0.28822	0.7069	72.0169435829	44.7171
1 3 1			1.03		82.59		25.0		0.2882	0.5324	28.3265170018	42.1271
3 5 9			1.02		83.62		24.79		0.28818	0.4755	65.0802252419	19.5165
3 5 1			1.04		84.66		24.46		0.28817	0.5283	53.2544885252	31.9012
0 2 16			1.04		85.7		24.2		0.28812	1.8687	67.2407114996	13.8307
3 3 13			1.06		86.76		23.86		0.28797	0.5636	65.4922780779	9.1158
0 0 22			0.94		87.7		24.58		0.28738	2.2765	94.0325860765	137.6091
1 1 1			1.03		88.73		24.37		0.28736	0.5749	13.0194761966	56.7652
3 1 15			1.05		89.78		24.07		0.28731	0.2871	67.3554895111	7.7692
7 1 5			0.93		90.71		24.82		0.28728	1.5264	69.0427278305	98.726
4 2 2			1.04		91.75		24.51		0.28728	0.457	40.8620305525	12.2524
3 3 15			1.05		92.8		24.18		0.28723	0.3402	73.0835579415	3.8877
4 0 10			1.04		93.84		23.99		0.28699	0.6243	53.7713327333	45.2096
4 2 0			1.04		94.87		23.84		0.28699	0.9287	40.0811891304	86.5118
4 6 6			1.04		95.92		23.67		0.28709	1.1903	71.9781772466	41.9784
0 0 20			1.05		96.97		23.47		0.2865	0.4542	83.3712939521	4.3689
0 2 8			1.06		98.03		23.2		0.2864	0.1155	35.7619852008	1.7384
1 3 13			1.07		99.11		22.9		0.2864	0.3907	59.4200243294	11.5335
4 2 10			1.07		100.18		22.66		0.28629	1.1102	57.0442200735	11.3144
1 3 9			1.08		101.26		22.4		0.28627	0.2622	45.3040218183	7.1674
3 3 1			1.08		102.35		22.17		0.28626	0.5106	38.1558496662	33.1617
1 1 3			1.06		103.41		22.15		0.28628	0.4514	16.9416048235	36.8187
1 1 15			1.08		104.48		22.04		0.28624	0.656	61.3839959686	20.6242
0 6 0			1.09		105.57		21.86		0.28624	1.4277	54.7714555341	59.4019
0 2 20			1.1		106.67		21.6		0.28627	0.4494	86.0769303832	2.8517
6 4 6			1.09		107.76		21.49		0.28633	0.9247	71.9614498967	41.9809
6 0 4			1.08		108.85		21.45		0.28631	0.7069	57.1830782131	42.6751
6 0 0			1.1		109.95		21.26		0.28631	0.7256	54.7363985401	55.434
1 1 9			1.1		111.05		21.11		0.28641	0.2216	37.1193146943	1.1702
0 4 12			0.99		112.04		21.95		0.28629	1.4889	60.4300914167	161.7651
0 6 10			1.08		113.12		21.82		0.28609	0.8527	69.1637693973	8.5049
6 4 4			1.08		114.2		21.74		0.28606	0.6669	69.2748711385	33.991
4 6 4			1.08		115.28		21.66		0.28603	1.0731	69.291881243	33.3045
2 4 0			1.08		116.37		21.58		0.28603	1.4359	40.0960076051	88.2765
3 3 9			1.1		117.47		21.4		0.286	0.3816	52.4524123761	12.0632
5 3 9			1.09		118.56		21.31		0.28599	0.4833	65.0662013285	20.8409
2 0 2			1.09		119.65		21.22		0.28597	0.6502	19.2320929378	35.9547
0 4 16			1.05		120.7		21.55		0.28612	1.5557	75.7704700384	94.8658
1 5 13			1.1		121.8		21.33		0.28614	1.1973	71.2966048402	12.6128
4 2 6			1.07		122.87		21.43		0.28624	1.6049	46.7233273538	62.1975
0 2 10			1.11		123.98		21.22		0.28624	0.4317	42.9590557724	21.0204
5 5 3			1.07		125.05		21.32		0.28629	0.8107	66.8760743485	64.1048