HKL Value		Reward		TotalReward	Chi Squared	Z Appr. 	Error	Two-Thetas	Sfs2
4 6 2			0.0		0.0		0.0		0.3	0.2349	67.657370766	5.5969
4 2 12			0.0		0.0		0.31		0.30873	0.2244	63.468523569	4.7972
5 5 1			5.0		5.0		0.89		0.30842	0.5073	65.769247456	23.9531
9 1 1			5.18		10.19		0.93		0.30814	0.8793	87.9915459652	19.6393
6 0 6			5.04		15.23		0.97		0.30939	1.0815	60.1501886982	39.9969
5 1 9			4.86		20.09		1.04		0.31056	0.4583	58.9619928854	19.0838
0 4 20			4.5		24.59		1.2		0.31233	1.027	94.1654323607	18.6345
2 0 14			4.89		29.48		1.07		0.31218	0.2634	58.6945218607	7.3942
0 2 14			4.99		34.46		1.02		0.31196	0.2479	58.6982494177	6.3292
5 1 1			3.74		38.21		1.6		0.31192	0.5346	46.1701152	26.7419
0 6 8			3.75		41.96		1.73		0.31191	0.7694	64.1950429677	5.6946
0 6 18			4.01		45.97		1.6		0.31197	0.7949	98.0280769063	1.8601
7 1 1			3.54		49.5		1.89		0.31194	0.5207	65.7483230412	25.2044
0 2 8			0.61		50.11		9.85		0.31174	0.1155	35.7619852008	1.7384
6 0 8			1.7		51.81		9.39		0.31172	2.9234	64.163237895	5.3359
0 6 2			1.75		53.56		8.91		0.3117	0.2356	55.3895592761	6.1752
3 1 9			1.82		55.37		8.35		0.31169	0.36	45.2950695798	8.7768
1 3 15			1.8		57.17		8.11		0.31184	0.2862	67.3623786269	8.1809
2 4 10			1.79		58.96		7.97		0.31255	0.607	57.0555982332	12.0937
6 2 4			1.68		60.64		8.3		0.31217	0.8727	60.3342977717	77.9073
0 0 22			1.72		62.37		8.35		0.31334	2.2765	94.0325860765	137.6091
2 2 10			1.73		64.1		8.34		0.31398	0.6429	46.7739448495	44.8949
1 7 1			1.76		65.86		8.24		0.31395	0.5219	65.7901743415	26.2984
2 4 8			1.55		67.4		9.02		0.31408	0.1687	51.4325245866	2.4593
5 3 3			1.43		68.84		10.03		0.31418	0.9351	54.4936931553	89.9375
2 0 10			1.67		70.51		9.63		0.31413	0.6169	42.9543880851	20.236
3 3 7			1.02		71.53		12.71		0.31702	0.1558	47.1418707618	3.5073
2 4 2			1.45		72.98		12.47		0.317	0.3828	40.8766170199	13.2501
3 7 1			1.48		74.46		12.11		0.31699	1.2822	71.5694631273	22.2453
6 4 0			1.52		75.98		11.69		0.31699	1.8287	67.0910631577	58.6803
2 6 4			1.42		77.39		11.92		0.3168	0.8772	60.3635846112	78.02
2 2 4			1.39		78.79		12.2		0.3166	0.7551	29.4672289371	73.6026
0 6 14			1.44		80.23		12.15		0.31675	0.9096	81.7552219026	27.2955
4 0 4			1.39		81.62		12.38		0.31655	1.2165	39.0343929222	79.1487
1 3 1			1.42		83.04		12.39		0.31652	0.5324	28.3265170018	42.1271
1 1 1			1.4		84.44		12.52		0.31648	0.5749	13.0194761966	56.7652