HKL Value		Reward		TotalReward	Chi Squared	Z Appr. 	Error	Two-Thetas	Sfs2
4 6 2			0.0		0.0		0.0		0.3	0.2349	67.657370766	5.5969
6 0 12			0.0		0.0		0.0		0.2929	0.5892	74.995462768	0.9301
1 5 9			3.69		3.69		1.4		0.30837	0.4394	58.984264935	17.7365
4 4 4			1.57		5.26		4.87		0.30603	0.8476	53.9354251327	76.9211
4 2 8			3.49		8.75		2.86		0.27733	0.7605	51.4203212226	2.5419
5 5 1			3.47		12.23		2.29		0.27724	0.5073	65.769247456	23.9531
9 1 1			3.74		15.97		1.91		0.27726	0.8793	87.9915459652	19.6393
4 2 12			3.91		19.88		1.7		0.27599	0.2244	63.468523569	4.7972
4 4 10			3.97		23.85		1.61		0.27813	0.6886	66.23802526	47.6672
2 0 14			4.21		28.06		1.45		0.27871	0.2634	58.6945218607	7.3942
0 2 14			4.43		32.49		1.31		0.27876	0.2479	58.6982494177	6.3292
5 1 9			3.08		35.57		2.22		0.27871	0.4583	58.9619928854	19.0838
0 4 20			2.89		38.46		2.72		0.2834	1.027	94.1654323607	18.6345
0 6 8			3.03		41.49		2.73		0.2836	0.7694	64.1950429677	5.6946
6 0 6			2.19		43.68		4.04		0.28556	1.0815	60.1501886982	39.9969