HKL Value		Reward		TotalReward	Chi Squared	Z Appr. 	Error	Two-Thetas	Sfs2
4 4 4			0.0		0.0		0.0		0.3	0.8476	53.9354251327	76.9211
1 1 1			0.0		0.0		9.07		0.27057	0.5749	13.0194761966	56.7652
6 0 12			3.19		3.19		4.68		0.27671	0.5892	74.995462768	0.9301
4 6 2			3.17		6.37		3.19		0.27683	0.2349	67.657370766	5.5969
4 2 8			3.29		9.66		2.57		0.27622	0.7605	51.4203212226	2.5419
9 1 1			3.65		13.3		2.06		0.27624	0.8793	87.9915459652	19.6393
5 5 1			3.93		17.24		1.72		0.27621	0.5073	65.769247456	23.9531
4 2 12			4.16		21.39		1.5		0.27551	0.2244	63.468523569	4.7972
4 4 10			4.09		25.48		1.5		0.27759	0.6886	66.23802526	47.6672
2 0 14			4.34		29.82		1.36		0.27831	0.2634	58.6945218607	7.3942
0 2 14			4.57		34.39		1.23		0.27847	0.2479	58.6982494177	6.3292
1 3 13			3.92		38.31		1.54		0.27996	0.3907	59.4200243294	11.5335
5 1 9			3.01		41.32		2.36		0.27978	0.4583	58.9619928854	19.0838
0 4 20			3.07		44.4		2.55		0.28477	1.027	94.1654323607	18.6345
0 2 8			3.25		47.64		2.43		0.28402	0.1155	35.7619852008	1.7384
0 6 8			3.19		50.83		2.45		0.28413	0.7694	64.1950429677	5.6946
6 0 6			2.35		53.18		3.62		0.28509	1.0815	60.1501886982	39.9969
5 1 1			2.64		55.82		3.6		0.28501	0.5346	46.1701152	26.7419
6 4 2			2.75		58.57		3.42		0.28503	0.2211	67.6401768609	4.8049
2 4 12			2.74		61.31		3.36		0.28503	0.2205	63.4791913795	4.8908
4 6 0			2.84		64.15		3.19		0.28503	0.7863	67.1083315067	59.4729
7 1 1			2.82		66.97		3.15		0.28496	0.5207	65.7483230412	25.2044
6 0 8			2.84		69.81		3.12		0.28509	2.9234	64.163237895	5.3359
0 6 2			2.9		72.71		3.03		0.28506	0.2356	55.3895592761	6.1752
1 1 9			2.68		75.39		3.3		0.2862	0.2216	37.1193146943	1.1702
3 1 9			2.77		78.16		3.27		0.28606	0.36	45.2950695798	8.7768
6 2 4			2.85		81.01		3.15		0.286	0.8727	60.3342977717	77.9073
2 4 14			2.89		83.9		3.05		0.28599	0.5221	70.6383718296	19.4111
2 0 8			2.89		86.79		3.02		0.28536	0.1665	35.7565424018	1.5727
1 3 15			2.9		89.69		2.99		0.28474	0.2862	67.3623786269	8.1809
0 4 0			0.1		89.79		19.7		0.28474	6.137	35.7152072575	818.959
2 4 10			1.21		90.99		19.11		0.28399	0.607	57.0555982332	12.0937
0 4 4			1.23		92.22		18.52		0.28396	0.8482	39.0545896029	78.0016
4 2 14			1.24		93.46		17.98		0.28405	1.2576	70.6282605877	19.9713
0 0 4			1.25		94.71		17.45		0.28405	0.8482	15.2869714585	59.1035
2 0 10			1.27		95.98		16.97		0.28435	0.6169	42.9543880851	20.236
0 6 18			0.94		96.92		18.98		0.29031	0.7949	98.0280769063	1.8601
1 1 13			1.2		98.12		18.59		0.29007	0.3722	52.9310122384	10.9703
3 1 13			1.22		99.33		18.18		0.28989	0.3869	59.4126405656	11.7895
0 4 10			1.17		100.5		18.21		0.28966	0.9893	53.7871001638	44.1425
3 7 1			1.23		101.74		17.77		0.28966	1.2822	71.5694631273	22.2453
4 0 4			1.24		102.98		17.36		0.28964	1.2165	39.0343929222	79.1487
2 2 10			1.21		104.19		17.32		0.28944	0.6429	46.7739448495	44.8949
5 3 1			1.24		105.43		17.03		0.28943	0.5252	53.2386121167	32.835
6 0 10			1.21		106.64		17.05		0.28918	1.0728	69.1331306246	8.9056
2 6 4			1.27		107.91		16.68		0.28916	0.8772	60.3635846112	78.02
2 4 8			1.28		109.18		16.32		0.28916	0.1687	51.4325245866	2.4593
2 4 2			1.28		110.46		16.05		0.28915	0.3828	40.8766170199	13.2501
6 4 0			1.3		111.76		15.71		0.28915	1.8287	67.0910631577	58.6803
1 7 1			1.3		113.06		15.46		0.28915	0.5219	65.7901743415	26.2984
0 2 12			1.29		114.35		15.37		0.28913	0.3827	50.6142203783	17.5707
3 3 15			1.32		115.67		15.1		0.28912	0.3402	73.0835579415	3.8877
2 6 6			0.75		116.41		19.09		0.28937	5.383	63.2392339525	346.2148
0 6 16			1.18		117.6		18.8		0.28933	0.4825	89.3859051251	7.6515
6 2 10			1.16		118.75		18.79		0.2891	0.7103	71.9901825081	43.9921
2 0 12			1.17		119.93		18.63		0.2891	0.8079	50.6101057273	16.6151
6 0 2			1.2		121.13		18.31		0.2891	0.2214	55.354768557	5.4487
0 6 14			1.21		122.34		18.03		0.28906	0.9096	81.7552219026	27.2955
2 2 4			1.22		123.55		17.75		0.28904	0.7551	29.4672289371	73.6026
2 0 16			1.21		124.77		17.56		0.289	0.5935	67.2372591268	11.8907
2 6 10			1.2		125.96		17.53		0.28879	0.7069	72.0169435829	44.7171
1 3 1			1.22		127.18		17.39		0.28877	0.5324	28.3265170018	42.1271
3 5 9			1.21		128.39		17.3		0.28875	0.4755	65.0802252419	19.5165
3 5 1			1.23		129.62		17.09		0.28875	0.5283	53.2544885252	31.9012
0 2 16			1.23		130.85		16.95		0.2887	1.8687	67.2407114996	13.8307
3 3 13			1.25		132.1		16.74		0.28853	0.5636	65.4922780779	9.1158
0 0 22			1.1		133.2		17.62		0.28805	2.2765	94.0325860765	137.6091
3 1 15			1.22		134.42		17.42		0.28801	0.2871	67.3554895111	7.7692
4 2 2			1.23		135.65		17.2		0.28801	0.457	40.8620305525	12.2524
0 0 12			0.91		136.56		19.4		0.28787	3.2426	47.0346015839	274.3783
4 0 10			1.15		137.7		19.3		0.28765	0.6243	53.7713327333	45.2096
6 2 0			0.7		138.41		23.0		0.28765	4.3933	57.9728440251	566.5186
4 2 0			1.06		139.47		22.86		0.28765	0.9287	40.0811891304	86.5118
4 6 6			1.07		140.53		22.7		0.28773	1.1903	71.9781772466	41.9784
0 0 20			1.06		141.6		22.57		0.28704	0.4542	83.3712939521	4.3689
7 3 1			1.09		142.68		22.27		0.28704	0.5095	71.5359286583	22.1332
1 5 7			0.55		143.23		27.28		0.28719	0.6035	54.1236034243	4.2528
0 0 10			0.98		144.21		27.08		0.287	0.8316	38.8438017949	41.7013
4 4 2			0.86		145.07		28.08		0.287	1.2125	52.0311030722	128.6454
4 2 10			0.97		146.04		27.8		0.28687	1.1102	57.0442200735	11.3144
1 3 9			0.98		147.02		27.47		0.28685	0.2622	45.3040218183	7.1674
3 3 1			0.98		148.01		27.19		0.28684	0.5106	38.1558496662	33.1617
1 1 3			0.97		148.98		27.11		0.28686	0.4514	16.9416048235	36.8187
0 4 18			0.81		149.79		28.57		0.2889	0.8369	84.5238780681	17.4513
1 1 15			0.95		150.74		28.39		0.28891	0.656	61.3839959686	20.6242
0 6 0			0.96		151.7		28.14		0.28891	1.4277	54.7714555341	59.4019
0 2 20			0.98		152.68		27.82		0.28889	0.4494	86.0769303832	2.8517
6 4 6			0.97		153.65		27.61		0.28894	0.9247	71.9614498967	41.9809
6 0 4			0.96		154.61		27.52		0.28892	0.7069	57.1830782131	42.6751
1 5 11			0.87		155.48		28.33		0.28869	1.8219	64.7342781598	204.7444
6 0 0			0.97		156.45		28.06		0.28869	0.7256	54.7363985401	55.434
0 6 10			0.96		157.4		27.94		0.28852	0.8527	69.1637693973	8.5049
5 1 11			0.87		158.27		28.69		0.28829	3.2753	64.7131722767	203.727
6 4 4			0.95		159.22		28.55		0.28827	0.6669	69.2748711385	33.991
4 6 4			0.95		160.17		28.41		0.28824	1.0731	69.291881243	33.3045
2 2 14			0.95		161.12		28.34		0.2882	1.0835	61.7979105177	101.9829
2 4 0			0.95		162.07		28.19		0.2882	1.4359	40.0960076051	88.2765
3 3 9			0.97		163.04		27.96		0.28818	0.3816	52.4524123761	12.0632
5 3 9			0.96		164.0		27.81		0.28817	0.4833	65.0662013285	20.8409
0 2 2			0.96		164.96		27.67		0.28816	0.4614	19.2417464495	36.8131
2 0 2			0.97		165.93		27.53		0.28815	0.6502	19.2320929378	35.9547
0 4 16			0.93		166.86		27.73		0.2883	1.5557	75.7704700384	94.8658