HKL Value		Reward		TotalReward	Chi Squared	Z Appr. 	Error	Two-Thetas	Sfs2
1 1 11			0.0		0.0		0.0		0.3	2.144	44.8525636461	378.5934
4 6 2			0.0		0.0		161.4		0.18194	0.2349	67.657370766	5.5969
6 0 12			1.06		1.06		88.86		0.18874	0.5892	74.995462768	0.9301
4 4 4			1.23		2.29		64.23		0.18932	0.8476	53.9354251327	76.9211
4 2 8			1.16		3.46		54.44		0.18976	0.7605	51.4203212226	2.5419
7 3 5			1.33		4.79		43.6		0.18982	1.0496	74.7140851895	88.0788
9 1 1			1.12		5.9		39.04		0.19021	0.8793	87.9915459652	19.6393
5 5 1			1.11		7.01		35.42		0.19059	0.5073	65.769247456	23.9531
4 2 12			1.24		8.25		30.99		0.19074	0.2244	63.468523569	4.7972
4 4 10			1.08		9.34		29.1		0.18922	0.6886	66.23802526	47.6672
2 0 14			1.23		10.57		26.19		0.1892	0.2634	58.6945218607	7.3942
0 2 14			1.24		11.81		23.82		0.1893	0.2479	58.6982494177	6.3292
5 1 9			1.17		12.98		22.61		0.18962	0.4583	58.9619928854	19.0838
0 4 20			1.23		14.2		21.18		0.18848	1.027	94.1654323607	18.6345
0 6 8			1.25		15.46		19.88		0.1885	0.7694	64.1950429677	5.6946
2 6 10			1.17		16.63		19.51		0.18793	0.7069	72.0169435829	44.7171
6 0 6			1.3		17.92		18.3		0.1879	1.0815	60.1501886982	39.9969
5 1 1			1.29		19.22		17.42		0.18793	0.5346	46.1701152	26.7419
6 4 2			1.34		20.56		16.46		0.18793	0.2211	67.6401768609	4.8049
7 1 1			1.33		21.88		15.85		0.18798	0.5207	65.7483230412	25.2044
2 4 12			1.37		23.25		15.14		0.18824	0.2205	63.4791913795	4.8908
6 0 8			1.38		24.63		14.58		0.18825	2.9234	64.163237895	5.3359
4 6 0			1.42		26.05		13.92		0.18825	0.7863	67.1083315067	59.4729
0 6 2			1.43		27.48		13.41		0.18826	0.2356	55.3895592761	6.1752
0 2 2			1.33		28.81		13.62		0.1883	0.4614	19.2417464495	36.8131
3 1 9			1.42		30.22		13.26		0.18834	0.36	45.2950695798	8.7768
6 2 4			1.37		31.6		13.27		0.18851	0.8727	60.3342977717	77.9073
2 0 8			0.82		32.42		16.95		0.18872	0.1665	35.7565424018	1.5727
2 4 14			1.26		33.68		16.62		0.18847	0.5221	70.6383718296	19.4111
1 3 15			1.3		34.98		16.15		0.18804	0.2862	67.3623786269	8.1809
2 4 10			1.3		36.28		15.8		0.18774	0.607	57.0555982332	12.0937
0 4 4			1.26		37.54		15.77		0.1879	0.8482	39.0545896029	78.0016
0 6 18			1.34		38.87		15.28		0.18787	0.7949	98.0280769063	1.8601
4 2 14			1.32		40.19		15.04		0.18769	1.2576	70.6282605877	19.9713
0 0 4			1.3		41.49		14.98		0.18783	0.8482	15.2869714585	59.1035
0 4 10			1.3		42.79		14.93		0.18738	0.9893	53.7871001638	44.1425
2 0 10			1.36		44.15		14.51		0.18737	0.6169	42.9543880851	20.236
1 1 13			1.35		45.5		14.29		0.18734	0.3722	52.9310122384	10.9703
2 2 10			1.34		46.85		14.17		0.18699	0.6429	46.7739448495	44.8949
3 7 1			1.33		48.18		14.15		0.18704	1.2822	71.5694631273	22.2453
4 0 4			1.32		49.5		14.19		0.18718	1.2165	39.0343929222	79.1487
3 1 13			1.36		50.86		14.01		0.18715	0.3869	59.4126405656	11.7895
0 2 4			1.05		51.9		15.86		0.18715	1.326	23.4223631322	110.0283
0 6 16			1.2		53.1		16.24		0.18708	0.4825	89.3859051251	7.6515
2 4 8			1.21		54.31		16.48		0.18706	0.1687	51.4325245866	2.4593