HKL Value		Reward		TotalReward	Chi Squared	Z Appr. 	Error	Two-Thetas	Sfs2
4 6 2			0.0		0.0		0.0		0.3	0.2349	67.657370766	5.5969
6 0 12			0.0		0.0		0.0		0.2929	0.5892	74.995462768	0.9301
4 4 4			13.11		13.11		0.14		0.27838	0.8476	53.9354251327	76.9211
0 4 16			0.14		13.25		15.74		0.27178	1.5557	75.7704700384	94.8658
4 2 8			1.95		15.2		11.82		0.27171	0.7605	51.4203212226	2.5419
4 2 12			1.92		17.12		9.65		0.27248	0.2244	63.468523569	4.7972
9 1 1			2.02		19.14		8.05		0.2725	0.8793	87.9915459652	19.6393
5 5 1			2.1		21.24		6.9		0.2725	0.5073	65.769247456	23.9531
4 4 10			1.96		23.2		6.73		0.27381	0.6886	66.23802526	47.6672
2 0 14			2.1		25.3		6.22		0.27461	0.2634	58.6945218607	7.3942
0 2 14			2.19		27.49		5.7		0.27549	0.2479	58.6982494177	6.3292
5 1 9			1.91		29.4		6.22		0.27562	0.4583	58.9619928854	19.0838
6 0 6			1.5		30.9		7.94		0.27678	1.0815	60.1501886982	39.9969
0 4 20			1.97		32.87		7.28		0.28766	1.027	94.1654323607	18.6345
0 6 8			1.97		34.83		6.91		0.28787	0.7694	64.1950429677	5.6946
2 2 8			0.4		35.24		15.95		0.27197	1.8488	40.1384116224	216.1995
5 1 1			1.39		36.63		15.07		0.2719	0.5346	46.1701152	26.7419
6 4 2			1.43		38.05		14.23		0.27192	0.2211	67.6401768609	4.8049
7 1 1			1.45		39.5		13.51		0.27188	0.5207	65.7483230412	25.2044
6 0 8			1.49		40.99		12.81		0.27175	2.9234	64.163237895	5.3359
0 6 2			1.51		42.5		12.2		0.27174	0.2356	55.3895592761	6.1752
4 6 0			1.54		44.05		11.62		0.27174	0.7863	67.1083315067	59.4729
2 4 12			1.56		45.61		11.14		0.27233	0.2205	63.4791913795	4.8908
0 6 18			0.74		46.35		15.9		0.26604	0.7949	98.0280769063	1.8601
3 1 9			1.33		47.69		15.39		0.26606	0.36	45.2950695798	8.7768
2 4 14			1.29		48.98		15.28		0.26604	0.5221	70.6383718296	19.4111
1 3 15			1.1		50.08		16.46		0.26596	0.2862	67.3623786269	8.1809
6 2 4			1.31		51.38		15.97		0.26599	0.8727	60.3342977717	77.9073
2 4 10			1.3		52.68		15.66		0.26599	0.607	57.0555982332	12.0937
0 4 10			1.27		53.95		15.61		0.26614	0.9893	53.7871001638	44.1425
0 4 4			1.33		55.29		15.18		0.26616	0.8482	39.0545896029	78.0016
1 1 13			1.33		56.62		14.89		0.26616	0.3722	52.9310122384	10.9703
4 0 4			1.36		57.98		14.5		0.26618	1.2165	39.0343929222	79.1487
3 7 1			1.39		59.37		14.06		0.26617	1.2822	71.5694631273	22.2453
4 2 14			1.34		60.7		14.04		0.26615	1.2576	70.6282605877	19.9713
1 1 1			1.37		62.07		13.84		0.26613	0.5749	13.0194761966	56.7652
2 2 10			1.34		63.41		13.88		0.26629	0.6429	46.7739448495	44.8949
1 7 1			1.4		64.81		13.54		0.26629	0.5219	65.7901743415	26.2984
0 0 4			1.41		66.21		13.27		0.26631	0.8482	15.2869714585	59.1035
2 6 4			1.42		67.63		13.01		0.26633	0.8772	60.3635846112	78.02
2 4 2			1.44		69.07		12.74		0.26633	0.3828	40.8766170199	13.2501
6 4 0			1.46		70.53		12.43		0.26633	1.8287	67.0910631577	58.6803
5 3 1			1.46		71.99		12.19		0.26632	0.5252	53.2386121167	32.835
2 2 6			0.23		72.22		23.64		0.26649	8.3224	34.2684003079	615.2447
2 4 8			1.09		73.31		23.12		0.26654	0.1687	51.4325245866	2.4593
2 0 10			1.07		74.37		22.91		0.26654	0.6169	42.9543880851	20.236
3 1 13			1.09		75.46		22.56		0.26654	0.3869	59.4126405656	11.7895
0 0 22			1.08		76.54		22.32		0.26692	2.2765	94.0325860765	137.6091
2 0 12			1.1		77.65		21.94		0.26712	0.8079	50.6101057273	16.6151
2 2 4			1.12		78.76		21.52		0.26713	0.7551	29.4672289371	73.6026
0 2 12			1.12		79.89		21.14		0.26729	0.3827	50.6142203783	17.5707
3 1 15			1.02		80.91		21.69		0.26738	0.2871	67.3554895111	7.7692
0 2 8			1.12		82.03		21.28		0.26738	0.1155	35.7619852008	1.7384
0 6 14			1.09		83.12		21.23		0.26742	0.9096	81.7552219026	27.2955
4 0 6			0.4		83.53		28.33		0.26757	5.3963	42.900258124	488.2208
2 2 16			0.94		84.46		28.35		0.26709	1.1693	70.1293332912	108.6018
1 1 17			0.65		85.12		31.39		0.26721	2.447	70.2810461715	248.4175