Number of epochs: 275+00
2.220310527958475055e-01
1.143170624819979553e+00
1.002916408217190192e+00
1.394692622712274677e-01
1.261536656206454277e+00
4.385298988987776370e-01
1.070226109862513625e-01
1.135788632881183258e+00
2.645507176257331783e-01
1.408223314155845785e+00
1.163704092771384868e+00
3.354203972222383756e-01
1.920612103807333826e+00
1.255149308323314949e+00
1.139711680273846284e+00
2.074435282083516796e+00
2.004738013686207410e+00
6.066788151385424932e+00
1.286853227405474032e+00
1.221209252207849705e+00
1.389664397821112951e+00
1.140487195925340869e+00
1.140492875748483348e+00
1.239847894271830731e+00
6.066687490963181162e+00
1.421165148884685703e+00
1.448154540466489948e+00
9.939885084337772847e-01
1.138626978930954881e+00
8.618342590381281587e-01
1.210400263391671949e+00
1.138932256787979158e+00
7.094370723354153085e-01
1.139152553489221065e+00
7.410662473029782094e-01
8.572848875518477296e-01
1.405506212537434019e+00
6.488708629861477117e-01
2.031243223957462707e+00
1.936683017337635704e+00
6.388632068075346115e-01
1.040949575058550813e+01
1.221135461349134310e+00
1.134426506688357428e+00
1.044939942992174187e+00
1.042930633123538398e+00
1.058583060141029986e+00
1.083682501204750182e+00
1.065229456422293053e+00
1.125373098642681535e+00
1.095148733160045129e+00
1.077848429934279206e+00
1.068997913421540602e+00
1.090099747679482922e+00
1.136303673348918242e+00
1.410139913646276444e+00
9.950601390544677738e-01
1.447193086615161661e+00
1.105977405729594354e+00
9.479402772817184797e-01
1.330800149714042480e+00
1.071037811757105551e+00
1.664979463414284488e+00
1.536067914160593517e+00
1.085430474342430784e+00
9.595311137845644822e+00
1.130640253493564451e+00
1.090510832336191172e+00
1.410206328852386726e+00
1.212361743120907498e+00
5.222248477494125796e-01
7.855431511396767652e-01
8.290926975566250690e-01
9.791617758685080553e-01
6.649683729106125041e-01
6.052699887772893250e-01
6.782154165495688503e-01
7.780493403047080703e-01
7.608702141682747166e-01
9.230878246085058025e-01
9.678694107952071635e-01
9.770471764638857248e-01
1.073030735655607248e+00
2.228274579772694108e-01
8.443824158995342222e-01
1.593547603208332886e-01
2.213718926706408574e+00
1.077525198425455688e+00
1.953365115797934259e-01
1.077406614946769370e+00
4.247922210305014046e-01
2.736105677689293358e-01
1.027130276568106071e+00
2.921998536174039152e-01
1.208766011703555021e+00
1.127201158081839516e+00
5.925148723389672689e-01
1.259940592743593601e+00
8.386501523101655975e-01
6.005430212102903509e-01
7.980762841172656108e-01
4.464047140170936401e-01
6.917956681892847293e-01
7.560070138447140264e-01
5.142975427027366431e-01
5.149626648206822033e-01
9.208036852495612434e-01
6.501715257715811047e-01
7.324560915388081961e-01
6.871984865093919703e-01
1.165598692289975036e+00
5.657660352787542424e-01
1.986960953656757400e+00
9.282570166464916284e-01
4.709230893925056005e-01
6.713022105945827711e+00
6.027928763631333897e-01
6.193278936510869803e-01
1.387855681664633023e+00
5.276792046421792115e-01
2.198741234945600809e+00
5.399794413820366845e-01
1.220662247284522550e+00
1.811106643145140804e+00
2.425357619767587014e+00
1.210549161447128208e+00
1.147335010455228899e+00
1.144012074269360690e+00
1.087069897609737268e+00
1.216605082005858485e+00
1.168201082827145632e+00
1.438380305554873173e+00
1.199883183389495178e+00
1.260566045885923359e+00
1.140597842859263800e+00
1.427500000660144375e+00
1.216864577480174958e+00
1.137567967737456831e+00
1.507627668591687842e+00
1.590106042652543294e+00
4.910097471834502514e+00
1.191572544022801328e+00
1.308037231492122476e+00
5.009777186631196866e-01
4.820788805972629487e-01
9.472802598456188106e-01
5.896392218336756752e-01
7.689495056280956087e-01
6.054209538971501159e-01
7.943545046954906264e-01
1.021210420685799924e+00
6.085826241442013895e-01
1.368925785696819553e+00
9.136576046366652326e-01
9.589471528411312562e+00
1.363195253366410897e+00
8.944414112493633828e-01
6.130127261520687654e+00
1.159070497830726021e+00
1.981078766579670969e+00
1.070549670979556556e+00
1.108105866865292555e+00
1.482270398548510837e+00
1.371862156612576378e+00
9.922804554910102937e-01
1.218498758327695608e+00
1.220406894992745572e+00
1.139980059425774739e+00
1.013587843782441267e+00
3.712782650542641338e+00
1.063879686277595438e+00
3.193881199400461668e+00
1.085522639527157773e+00
1.489302187997109117e+00
1.069437374222159454e+00
1.618864611497742301e+00
1.295435795859084527e+00
1.162912144623868160e+00
1.286277368094308704e+00
1.641189667593964341e+00
1.258582162320051712e+00
1.158908703183600286e+00
1.264022090157843392e+00
1.019199911481232679e+00
1.048188414899670517e+00
1.177068893728505206e+00
1.051514384998619711e+00
7.161024540432332497e-01
1.133382563034972978e+00
1.089581548176165038e+00
9.909980731610111837e-01
1.631770571687182425e+00
1.255899512893413172e+00
1.233032083402739065e+00
2.233140883335124727e+00
1.308699195840292040e+00
1.084558756567151727e+00
