HKL Value		Reward		TotalReward	Chi Squared	Z Appr. 	Error	Two-Thetas	Sfs2
4 4 12			0.0		0.0		0.0		0.3	1.9475	72.2035773977	130.2426
5 3 9			0.0		0.0		0.57		0.34558	0.4833	65.0662013285	20.8409
3 5 7			5.17		5.17		0.88		0.34523	0.2309	60.5203777188	5.6046
0 2 0			0.14		5.3		16.42		0.34523	1.4407	17.6394681947	177.2483
4 6 0			1.93		7.24		12.32		0.34523	0.7863	67.1083315067	59.4729
2 4 6			1.92		9.16		9.97		0.34487	0.785	46.7364348384	64.2552
2 4 8			1.95		11.11		8.46		0.34481	0.1687	51.4325245866	2.4593
3 1 7			2.03		13.14		7.35		0.34441	0.257	39.2655360855	5.205
1 3 7			2.1		15.24		6.53		0.34397	0.1893	39.2755843192	5.3372
2 4 14			1.93		17.18		6.6		0.34697	0.5221	70.6383718296	19.4111
4 6 2			2.08		19.26		6.19		0.3469	0.2349	67.657370766	5.5969
5 5 1			2.05		21.31		6.07		0.34672	0.5073	65.769247456	23.9531
2 4 2			1.97		23.28		6.24		0.34669	0.3828	40.8766170199	13.2501
3 1 13			1.98		25.27		6.3		0.34669	0.3869	59.4126405656	11.7895
1 1 1			1.65		26.91		7.42		0.34633	0.5749	13.0194761966	56.7652