HKL Value		Reward		TotalReward	Chi Squared	Z Appr. 	Error	Two-Thetas	Sfs2
6 4 0			0.0		0.0		0.0		0.3	1.8287	67.0910631577	58.6803
0 2 20			0.0		0.0		0.01		0.30494	0.4494	86.0769303832	2.8517
2 4 8			21.11		21.11		0.06		0.28684	0.1687	51.4325245866	2.4593
3 1 7			0.01		21.13		27.73		0.31836	0.257	39.2655360855	5.205
7 1 7			85.24		106.37		0.01		0.33669	0.3505	72.2660298289	5.0526
2 4 6			37.39		143.76		0.02		0.33668	0.785	46.7364348384	64.2552
4 6 0			33.8		177.56		0.02		0.33668	0.7863	67.1083315067	59.4729
5 3 11			0.47		178.03		9.69		0.359	1.8677	70.5420870211	204.0714
0 0 16			1.56		179.6		9.88		0.36409	1.3342	64.286058028	116.6634
1 3 7			1.81		181.41		8.94		0.36413	0.1893	39.2755843192	5.3372
3 5 7			1.86		183.27		8.22		0.36417	0.2309	60.5203777188	5.6046
4 4 12			0.99		184.27		11.81		0.36176	1.9475	72.2035773977	130.2426
6 0 6			1.61		185.87		11.06		0.36081	1.0815	60.1501886982	39.9969
0 0 6			0.01		185.88		40.03		0.35396	7.4326	23.0169618987	709.6598
5 3 9			1.02		186.9		37.3		0.35286	0.4833	65.0662013285	20.8409
3 3 9			1.04		187.94		34.81		0.35302	0.3816	52.4524123761	12.0632
4 6 2			1.03		188.97		32.81		0.353	0.2349	67.657370766	5.5969
6 0 2			1.04		190.01		31.01		0.35306	0.2214	55.354768557	5.4487
5 3 7			1.06		191.07		29.39		0.353	0.2523	60.5057581853	5.4388
5 5 1			1.05		192.12		28.13		0.35288	0.5073	65.769247456	23.9531
0 4 20			0.93		193.05		28.24		0.36014	1.027	94.1654323607	18.6345
7 3 1			1.05		194.1		27.2		0.36011	0.5095	71.5359286583	22.1332
3 3 3			0.97		195.07		27.05		0.35998	0.8081	39.7679129272	70.9373
1 1 7			1.08		196.15		25.95		0.35999	0.2012	29.7561292971	6.5386
4 6 6			1.1		197.25		24.87		0.36004	1.1903	71.9781772466	41.9784
0 6 2			1.11		198.36		23.97		0.36008	0.2356	55.3895592761	6.1752
1 1 13			1.12		199.48		23.1		0.36035	0.3722	52.9310122384	10.9703
5 1 5			0.92		200.41		24.11		0.36093	1.1901	50.2495039981	127.1383
1 7 7			1.11		201.51		23.34		0.36094	0.4353	72.3061031614	6.1143
2 4 2			1.1		202.61		22.8		0.36096	0.3828	40.8766170199	13.2501
1 5 13			1.13		203.75		22.08		0.36123	1.1973	71.2966048402	12.6128
0 6 8			1.15		204.89		21.42		0.36106	0.7694	64.1950429677	5.6946
0 2 14			1.16		206.05		20.76		0.36113	0.2479	58.6982494177	6.3292
3 1 13			1.17		207.23		20.16		0.36135	0.3869	59.4126405656	11.7895
9 1 1			1.17		208.4		19.71		0.36133	0.8793	87.9915459652	19.6393
4 2 14			1.2		209.6		19.19		0.36122	1.2576	70.6282605877	19.9713
5 1 13			1.21		210.81		18.67		0.36138	0.4567	71.2764535317	11.3258
0 2 8			1.23		212.04		18.17		0.36137	0.1155	35.7619852008	1.7384
6 0 8			1.23		213.27		17.74		0.36121	2.9234	64.163237895	5.3359
3 7 1			1.23		214.5		17.45		0.36118	1.2822	71.5694631273	22.2453
3 3 13			1.26		215.76		17.02		0.36126	0.5636	65.4922780779	9.1158
0 6 16			1.27		217.03		16.61		0.36136	0.4825	89.3859051251	7.6515
5 5 7			1.28		218.31		16.24		0.36137	0.6639	72.2860687267	4.3062
4 2 6			1.27		219.58		16.05		0.36116	1.6049	46.7233273538	62.1975
3 5 9			1.28		220.86		15.86		0.36094	0.4755	65.0802252419	19.5165
0 4 16			1.28		222.14		15.68		0.3616	1.5557	75.7704700384	94.8658
2 0 14			1.32		223.46		15.34		0.36162	0.2634	58.6945218607	7.3942
0 2 4			1.09		224.55		16.57		0.36168	1.326	23.4223631322	110.0283
6 0 10			1.27		225.82		16.32		0.36165	1.0728	69.1331306246	8.9056
1 3 15			1.28		227.09		16.06		0.36171	0.2862	67.3623786269	8.1809
2 0 8			1.3		228.39		15.74		0.36169	0.1665	35.7565424018	1.5727
5 1 1			1.27		229.66		15.66		0.36168	0.5346	46.1701152	26.7419
6 0 0			1.3		230.96		15.45		0.36168	0.7256	54.7363985401	55.434
1 1 15			1.29		232.25		15.35		0.36179	0.656	61.3839959686	20.6242
1 7 1			1.29		233.54		15.27		0.36177	0.5219	65.7901743415	26.2984
0 6 4			1.26		234.79		15.42		0.36181	0.6675	57.2171401797	42.9768
7 1 1			1.29		236.08		15.33		0.36179	0.5207	65.7483230412	25.2044
0 6 14			1.31		237.39		15.11		0.36168	0.9096	81.7552219026	27.2955
0 6 6			1.32		238.71		14.91		0.36157	1.0147	60.183190367	40.9583
4 0 4			1.2		239.91		15.53		0.36152	1.2165	39.0343929222	79.1487
2 2 4			1.18		241.09		16.11		0.36148	0.7551	29.4672289371	73.6026
1 3 13			1.28		242.37		15.85		0.36159	0.3907	59.4200243294	11.5335
4 0 12			1.12		243.5		16.74		0.36082	2.7435	60.4154589103	161.2613
3 5 5			1.15		244.65		17.23		0.36115	1.2751	56.9624934876	133.7285
3 1 9			1.24		245.89		16.99		0.36105	0.36	45.2950695798	8.7768
0 6 0			1.24		247.12		16.83		0.36105	1.4277	54.7714555341	59.4019
6 4 6			1.26		248.38		16.57		0.36105	0.9247	71.9614498967	41.9809
4 2 2			1.25		249.63		16.43		0.36107	0.457	40.8620305525	12.2524
0 2 16			1.26		250.9		16.23		0.36129	1.8687	67.2407114996	13.8307
0 4 12			1.13		252.02		17.0		0.36048	1.4889	60.4300914167	161.7651
2 0 12			1.24		253.26		16.82		0.36025	0.8079	50.6101057273	16.6151
3 7 5			1.22		254.48		16.83		0.36052	1.0548	74.7470539899	89.5814
0 2 12			1.24		255.72		16.66		0.36028	0.3827	50.6142203783	17.5707
5 1 9			1.25		256.97		16.49		0.36006	0.4583	58.9619928854	19.0838
2 0 16			1.26		258.23		16.3		0.36033	0.5935	67.2372591268	11.8907
4 2 8			1.27		259.5		16.11		0.3602	0.7605	51.4203212226	2.5419
1 5 1			1.25		260.76		16.05		0.36018	0.4978	46.196563203	27.3004
2 4 14			1.28		262.03		15.85		0.36013	0.5221	70.6383718296	19.4111
4 2 10			1.28		263.31		15.73		0.36007	1.1102	57.0442200735	11.3144
2 0 10			1.27		264.58		15.68		0.35999	0.6169	42.9543880851	20.236
1 1 1			1.25		265.82		15.79		0.35995	0.5749	13.0194761966	56.7652
3 1 15			1.28		267.1		15.64		0.36002	0.2871	67.3554895111	7.7692
1 5 7			1.29		268.4		15.47		0.36002	0.6035	54.1236034243	4.2528
0 2 18			1.3		269.69		15.3		0.36002	0.3755	76.3208597895	3.7538
3 1 1			1.27		270.97		15.34		0.36	0.5239	28.3131072915	41.7464
0 4 18			1.3		272.27		15.16		0.35998	0.8369	84.5238780681	17.4513
0 6 12			1.31		273.58		14.99		0.35994	0.3425	75.0250979777	1.887
3 3 1			1.29		274.88		14.97		0.35993	0.5106	38.1558496662	33.1617
5 3 1			1.29		276.17		14.96		0.3599	0.5252	53.2386121167	32.835
0 2 10			1.3		277.47		14.93		0.3598	0.4317	42.9590557724	21.0204
1 3 9			1.32		278.79		14.78		0.35971	0.2622	45.3040218183	7.1674
3 5 1			1.3		280.09		14.76		0.35968	0.5283	53.2544885252	31.9012
2 2 12			1.18		281.27		15.53		0.3582	1.9766	54.0147953295	208.0279
0 2 6			1.25		282.52		15.68		0.35763	1.1672	29.1471999487	131.5155
1 3 1			1.26		283.77		15.71		0.35759	0.5324	28.3265170018	42.1271