HKL Value		Reward		TotalReward	Chi Squared	Z Appr. 	Error	Two-Thetas	Sfs2
6 4 0			0.0		0.0		0.0		0.3	1.8287	67.0910631577	58.6803
0 2 20			0.0		0.0		0.01		0.30494	0.4494	86.0769303832	2.8517
7 1 7			0.02		0.02		26.24		0.31743	0.3505	72.2660298289	5.0526
2 4 8			1.1		1.12		25.08		0.31798	0.1687	51.4325245866	2.4593
3 1 7			84.91		86.03		0.01		0.33669	0.257	39.2655360855	5.205
2 4 6			37.39		123.42		0.02		0.33668	0.785	46.7364348384	64.2552
4 6 0			33.8		157.22		0.02		0.33668	0.7863	67.1083315067	59.4729
1 3 7			34.65		191.87		0.02		0.33673	0.1893	39.2755843192	5.3372
3 5 7			35.8		227.67		0.02		0.33669	0.2309	60.5203777188	5.6046
4 4 12			6.64		234.31		0.52		0.33773	1.9475	72.2035773977	130.2426
0 2 0			1.31		235.62		5.21		0.33773	1.4407	17.6394681947	177.2483
6 0 6			2.32		237.93		4.91		0.33838	1.0815	60.1501886982	39.9969
5 3 9			2.44		240.38		4.51		0.3445	0.4833	65.0662013285	20.8409
3 3 9			2.31		242.69		4.61		0.34664	0.3816	52.4524123761	12.0632
4 6 2			2.4		245.09		4.46		0.34658	0.2349	67.657370766	5.5969
6 0 2			2.43		247.52		4.33		0.34661	0.2214	55.354768557	5.4487
5 5 1			2.39		249.9		4.36		0.34649	0.5073	65.769247456	23.9531
0 4 20			2.11		252.02		4.98		0.33766	1.027	94.1654323607	18.6345
7 3 1			2.26		254.27		4.94		0.3376	0.5095	71.5359286583	22.1332
4 6 6			2.06		256.33		5.41		0.33783	1.1903	71.9781772466	41.9784
2 0 8			2.19		258.52		5.31		0.33863	0.1665	35.7565424018	1.5727
1 1 7			2.28		260.8		5.05		0.33861	0.2012	29.7561292971	6.5386
0 6 2			2.26		263.06		4.97		0.33861	0.2356	55.3895592761	6.1752
0 4 0			0.04		263.1		26.69		0.33861	6.137	35.7152072575	818.959
1 1 13			1.06		264.16		25.8		0.33842	0.3722	52.9310122384	10.9703
1 7 7			1.1		265.26		24.79		0.33834	0.4353	72.3061031614	6.1143
1 5 13			1.08		266.34		24.08		0.3381	1.1973	71.2966048402	12.6128
2 4 2			1.09		267.43		23.47		0.33807	0.3828	40.8766170199	13.2501
0 6 8			1.12		268.55		22.72		0.33793	0.7694	64.1950429677	5.6946
0 2 14			1.13		269.69		22.01		0.33761	0.2479	58.6982494177	6.3292
3 1 13			1.13		270.82		21.46		0.33731	0.3869	59.4126405656	11.7895
4 2 14			1.11		271.93		21.19		0.33709	1.2576	70.6282605877	19.9713
0 2 8			1.15		273.09		20.65		0.33806	0.1155	35.7619852008	1.7384
9 1 1			1.17		274.26		20.12		0.33802	0.8793	87.9915459652	19.6393
2 0 12			0.99		275.25		21.11		0.34195	0.8079	50.6101057273	16.6151
6 0 8			1.16		276.4		20.58		0.34195	2.9234	64.163237895	5.3359
3 3 13			1.16		277.56		20.15		0.34189	0.5636	65.4922780779	9.1158
5 5 7			1.18		278.75		19.6		0.34183	0.6639	72.2860687267	4.3062
0 4 16			1.01		279.75		20.57		0.34105	1.5557	75.7704700384	94.8658
5 1 13			1.15		280.9		20.2		0.34082	0.4567	71.2764535317	11.3258
3 7 1			1.16		282.06		19.81		0.34069	1.2822	71.5694631273	22.2453
3 5 9			1.18		283.24		19.42		0.34146	0.4755	65.0802252419	19.5165
0 6 16			1.19		284.43		18.98		0.34162	0.4825	89.3859051251	7.6515
2 0 14			1.2		285.63		18.63		0.34184	0.2634	58.6945218607	7.3942
6 0 10			1.2		286.83		18.3		0.3421	1.0728	69.1331306246	8.9056
5 1 1			1.2		288.03		18.1		0.34203	0.5346	46.1701152	26.7419
6 0 0			1.22		289.24		17.81		0.34203	0.7256	54.7363985401	55.434
1 1 15			1.24		290.48		17.44		0.34157	0.656	61.3839959686	20.6242
4 0 4			1.13		291.61		17.95		0.34086	1.2165	39.0343929222	79.1487
1 7 1			1.21		292.81		17.77		0.34074	0.5219	65.7901743415	26.2984
0 6 14			1.19		294.0		17.75		0.34193	0.9096	81.7552219026	27.2955
0 6 6			1.23		295.24		17.42		0.34211	1.0147	60.183190367	40.9583
0 6 0			1.23		296.47		17.21		0.34211	1.4277	54.7714555341	59.4019
2 2 12			1.22		297.68		17.11		0.34011	1.9766	54.0147953295	208.0279
4 0 12			1.25		298.93		16.83		0.33895	2.7435	60.4154589103	161.2613
3 1 9			1.21		300.15		16.88		0.34123	0.36	45.2950695798	8.7768
0 4 12			1.25		301.4		16.64		0.34051	1.4889	60.4300914167	161.7651
6 4 6			1.24		302.64		16.56		0.34097	0.9247	71.9614498967	41.9809
0 2 16			1.26		303.89		16.37		0.34121	1.8687	67.2407114996	13.8307
7 1 1			1.26		305.15		16.23		0.34117	0.5207	65.7483230412	25.2044
0 4 8			0.9		306.05		18.69		0.34286	4.1351	47.9021960727	235.0989
1 3 13			1.18		307.24		18.49		0.34284	0.3907	59.4200243294	11.5335
5 1 9			1.19		308.42		18.31		0.34347	0.4583	58.9619928854	19.0838
1 3 5			0.95		309.38		19.93		0.34442	3.1323	34.189462707	190.138
4 2 2			1.15		310.52		19.74		0.34442	0.457	40.8620305525	12.2524
4 2 8			1.16		311.69		19.45		0.3444	0.7605	51.4203212226	2.5419
2 0 16			1.17		312.85		19.21		0.34435	0.5935	67.2372591268	11.8907
0 2 12			1.14		314.0		19.19		0.34785	0.3827	50.6142203783	17.5707
1 5 1			1.16		315.15		19.07		0.3478	0.4978	46.196563203	27.3004
4 2 10			1.17		316.33		18.85		0.34782	1.1102	57.0442200735	11.3144
2 4 14			1.22		317.55		18.32		0.35795	0.5221	70.6383718296	19.4111
1 5 7			1.2		318.75		18.08		0.35795	0.6035	54.1236034243	4.2528
0 2 18			1.21		319.96		17.85		0.35793	0.3755	76.3208597895	3.7538
1 1 1			1.17		321.14		17.93		0.35783	0.5749	13.0194761966	56.7652
1 3 15			1.21		322.34		17.75		0.35785	0.2862	67.3623786269	8.1809
7 3 3			1.18		323.52		17.78		0.35777	1.9283	72.601334037	69.5466
3 1 15			1.21		324.74		17.6		0.35777	0.2871	67.3554895111	7.7692
3 3 3			1.18		325.92		17.67		0.35765	0.8081	39.7679129272	70.9373
3 3 1			1.2		327.11		17.61		0.35755	0.5106	38.1558496662	33.1617
0 2 10			1.2		328.32		17.54		0.35733	0.4317	42.9590557724	21.0204
0 6 12			1.22		329.54		17.33		0.35757	0.3425	75.0250979777	1.887
1 3 9			1.23		330.77		17.12		0.35754	0.2622	45.3040218183	7.1674
3 5 1			1.22		331.99		17.06		0.35748	0.5283	53.2544885252	31.9012
2 0 2			1.2		333.18		17.17		0.35742	0.6502	19.2320929378	35.9547
0 4 10			1.2		334.38		17.25		0.35774	0.9893	53.7871001638	44.1425
4 4 8			1.06		335.44		18.28		0.35889	3.9407	61.1479986878	218.5721