HKL Value		Reward		TotalReward	Chi Squared	Z Appr. 	Error	Two-Thetas	Sfs2
3 5 7			0.0		0.0		0.0		0.3	0.2309	60.5203777188	5.6046
1 1 3			0.0		0.0		12.18		0.33581	0.4514	16.9416048235	36.8187
4 4 4			0.22		0.22		23.7		0.32982	0.8476	53.9354251327	76.9211
0 2 6			1.53		1.76		19.6		0.33053	1.1672	29.1471999487	131.5155
6 4 6			1.32		3.07		18.24		0.32924	0.9247	71.9614498967	41.9809
0 6 14			1.36		4.43		16.92		0.32643	0.9096	81.7552219026	27.2955
0 2 22			0.92		5.36		19.06		0.32171	1.8317	96.7387030121	97.213
2 4 8			1.23		6.58		18.47		0.32296	0.1687	51.4325245866	2.4593
4 6 2			1.48		8.06		16.3		0.32292	0.2349	67.657370766	5.5969
4 2 12			0.8		8.86		19.62		0.31779	0.2244	63.468523569	4.7972
1 3 15			1.4		10.26		17.67		0.31791	0.2862	67.3623786269	8.1809
1 1 9			1.28		11.54		17.07		0.31701	0.2216	37.1193146943	1.1702
4 0 14			0.43		11.96		24.31		0.31692	1.986	67.7459682929	124.3248
0 6 8			1.21		13.18		22.62		0.31699	0.7694	64.1950429677	5.6946
3 7 1			1.23		14.4		21.18		0.31697	1.2822	71.5694631273	22.2453
0 6 18			1.24		15.65		19.97		0.31626	0.7949	98.0280769063	1.8601
0 0 16			1.29		16.93		18.73		0.31629	1.3342	64.286058028	116.6634
2 2 10			1.28		18.21		17.81		0.31657	0.6429	46.7739448495	44.8949
1 1 7			0.93		19.14		19.75		0.31771	0.2012	29.7561292971	6.5386
0 4 8			0.28		19.42		29.28		0.31775	4.1351	47.9021960727	235.0989
2 4 4			0.82		20.24		30.37		0.31775	0.8182	43.1484985256	64.6996