HKL Value		Reward		TotalReward	Chi Squared	Z Appr. 	Error	Two-Thetas	Sfs2
4 4 12			0.0		0.0		0.0		0.3	1.9475	72.2035773977	130.2426
1 1 17			0.0		0.0		129.44		0.2954	2.447	70.2810461715	248.4175
2 4 6			1.16		1.16		74.5		0.29773	0.785	46.7364348384	64.2552
4 6 0			1.4		2.56		49.68		0.29773	0.7863	67.1083315067	59.4729
2 4 8			1.43		3.99		38.49		0.29574	0.1687	51.4325245866	2.4593
4 6 2			1.45		5.43		30.79		0.29574	0.2349	67.657370766	5.5969
2 6 10			0.92		6.35		30.62		0.29227	0.7069	72.0169435829	44.7171
9 1 1			1.34		7.7		26.28		0.29222	0.8793	87.9915459652	19.6393
0 6 8			1.34		9.03		23.09		0.29267	0.7694	64.1950429677	5.6946
3 7 1			1.35		10.38		20.6		0.29259	1.2822	71.5694631273	22.2453
0 0 2			0.48		10.86		26.71		0.29257	1.161	7.62646333295	98.931
1 3 15			1.19		12.05		24.65		0.29311	0.2862	67.3623786269	8.1809
6 4 6			1.2		13.25		23.01		0.29457	0.9247	71.9614498967	41.9809
2 2 10			1.04		14.29		23.0		0.29004	0.6429	46.7739448495	44.8949
0 6 14			1.22		15.51		21.55		0.28923	0.9096	81.7552219026	27.2955
0 0 16			0.91		16.42		22.94		0.29841	1.3342	64.286058028	116.6634
1 7 3			0.98		17.41		23.45		0.29962	0.9932	66.8968211493	90.2271
0 0 4			1.17		18.58		22.3		0.29848	0.8482	15.2869714585	59.1035
1 5 3			1.03		19.6		22.55		0.29949	0.9511	47.585042181	85.8034
1 1 9			1.2		20.8		21.37		0.29934	0.2216	37.1193146943	1.1702
0 6 18			1.22		22.02		20.32		0.29895	0.7949	98.0280769063	1.8601
2 6 4			1.21		23.23		19.54		0.29807	0.8772	60.3635846112	78.02
5 5 5			0.81		24.04		22.21		0.298	1.5862	69.0631626084	104.8873
0 6 6			1.13		25.17		21.6		0.29958	1.0147	60.183190367	40.9583
4 4 4			1.16		26.33		20.93		0.2985	0.8476	53.9354251327	76.9211
4 2 12			1.19		27.52		20.19		0.29848	0.2244	63.468523569	4.7972
0 6 0			1.18		28.7		19.66		0.29848	1.4277	54.7714555341	59.4019
4 6 4			1.13		29.83		19.67		0.29792	1.0731	69.291881243	33.3045
6 2 4			1.2		31.03		19.09		0.29734	0.8727	60.3342977717	77.9073
3 1 3			1.1		32.14		19.39		0.29777	1.2003	30.3814370344	67.5761
2 2 14			1.05		33.18		20.07		0.29544	1.0835	61.7979105177	101.9829
0 4 18			1.17		34.35		19.66		0.2972	0.8369	84.5238780681	17.4513
4 2 0			1.16		35.51		19.44		0.2972	0.9287	40.0811891304	86.5118
1 1 3			1.14		36.65		19.39		0.29731	0.4514	16.9416048235	36.8187
0 4 2			0.81		37.46		22.08		0.29738	3.2657	36.5744795411	137.7475
0 2 14			1.14		38.6		21.49		0.29716	0.2479	58.6982494177	6.3292
0 4 20			0.93		39.53		22.73		0.29429	1.027	94.1654323607	18.6345
6 2 0			0.4		39.93		29.74		0.29429	4.3933	57.9728440251	566.5186
1 7 7			0.86		40.79		30.27		0.31382	0.4353	72.3061031614	6.1143