HKL Value		Reward		TotalReward	Chi Squared	Z Appr. 	Error	Two-Thetas	Sfs2
0 2 20			0.0		0.0		0.0		0.3	0.4494	86.0769303832	2.8517
6 4 0			0.0		0.0		0.01		0.30494	1.8287	67.0910631577	58.6803
3 1 7			0.01		0.01		30.47		0.31776	0.257	39.2655360855	5.205
2 4 8			1.18		1.19		27.73		0.31836	0.1687	51.4325245866	2.4593
7 1 7			85.24		86.43		0.01		0.33669	0.3505	72.2660298289	5.0526
3 5 5			0.43		86.86		10.15		0.36418	1.2751	56.9624934876	133.7285
2 4 6			1.52		88.38		10.4		0.36293	0.785	46.7364348384	64.2552
4 6 0			1.9		90.28		8.92		0.36293	0.7863	67.1083315067	59.4729
1 3 7			1.92		92.19		7.99		0.36303	0.1893	39.2755843192	5.3372
3 5 7			1.97		94.16		7.3		0.36314	0.2309	60.5203777188	5.6046
4 4 12			1.68		95.84		7.91		0.34672	1.9475	72.2035773977	130.2426
6 0 6			1.98		97.82		7.22		0.34711	1.0815	60.1501886982	39.9969
5 3 9			2.05		99.86		6.63		0.34739	0.4833	65.0662013285	20.8409
3 3 9			2.05		101.91		6.3		0.34944	0.3816	52.4524123761	12.0632
1 1 9			1.99		103.91		6.29		0.35234	0.2216	37.1193146943	1.1702
4 6 2			2.08		105.98		6.05		0.35232	0.2349	67.657370766	5.5969
6 0 2			2.12		108.1		5.82		0.35236	0.2214	55.354768557	5.4487
5 5 1			2.08		110.18		5.79		0.35229	0.5073	65.769247456	23.9531
4 6 6			2.13		112.31		5.66		0.35289	1.1903	71.9781772466	41.9784
0 4 2			0.95		113.26		10.2		0.35334	3.2657	36.5744795411	137.7475
7 3 1			1.62		114.88		9.97		0.35327	0.5095	71.5359286583	22.1332
1 1 7			1.67		116.55		9.58		0.35323	0.2012	29.7561292971	6.5386
1 1 13			1.66		118.21		9.4		0.3535	0.3722	52.9310122384	10.9703
0 4 20			1.47		119.68		10.12		0.36087	1.027	94.1654323607	18.6345
0 6 2			1.65		121.32		9.79		0.36092	0.2356	55.3895592761	6.1752
0 4 16			1.62		122.95		9.67		0.36221	1.5557	75.7704700384	94.8658
1 7 7			1.67		124.62		9.39		0.36223	0.4353	72.3061031614	6.1143
1 5 13			1.71		126.33		9.06		0.36242	1.1973	71.2966048402	12.6128
2 4 2			1.67		128.0		9.02		0.36245	0.3828	40.8766170199	13.2501
0 6 8			1.72		129.73		8.78		0.36224	0.7694	64.1950429677	5.6946
0 2 8			1.76		131.49		8.49		0.3622	0.1155	35.7619852008	1.7384
0 2 14			1.79		133.28		8.22		0.36226	0.2479	58.6982494177	6.3292
3 1 13			1.81		135.09		7.97		0.3624	0.3869	59.4126405656	11.7895
4 2 14			1.82		136.91		7.78		0.36226	1.2576	70.6282605877	19.9713
9 1 1			1.81		138.73		7.7		0.36223	0.8793	87.9915459652	19.6393
3 5 9			1.79		140.52		7.73		0.36197	0.4755	65.0802252419	19.5165
3 7 1			1.81		142.33		7.7		0.36195	1.2822	71.5694631273	22.2453
0 6 16			1.86		144.19		7.49		0.36198	0.4825	89.3859051251	7.6515
5 1 13			1.88		146.07		7.3		0.36209	0.4567	71.2764535317	11.3258
0 4 12			1.42		147.49		8.97		0.36102	1.4889	60.4300914167	161.7651
3 3 13			1.72		149.21		8.75		0.36111	0.5636	65.4922780779	9.1158
5 5 7			1.74		150.95		8.56		0.36112	0.6639	72.2860687267	4.3062
2 0 14			1.76		152.71		8.36		0.36116	0.2634	58.6945218607	7.3942
6 0 10			1.75		154.46		8.27		0.3611	1.0728	69.1331306246	8.9056
6 0 8			1.78		156.24		8.12		0.36094	2.9234	64.163237895	5.3359
2 0 6			1.62		157.86		8.65		0.36045	1.6278	29.1406672869	128.8477
5 1 1			1.68		159.54		8.71		0.36042	0.5346	46.1701152	26.7419
6 0 0			1.72		161.26		8.63		0.36042	0.7256	54.7363985401	55.434
1 7 1			1.69		162.95		8.68		0.36039	0.5219	65.7901743415	26.2984
4 2 2			1.71		164.65		8.65		0.36039	0.457	40.8620305525	12.2524
1 1 15			1.69		166.34		8.69		0.3606	0.656	61.3839959686	20.6242
0 6 14			1.73		168.07		8.57		0.3605	0.9096	81.7552219026	27.2955
0 6 6			1.74		169.81		8.46		0.36033	1.0147	60.183190367	40.9583
3 1 9			1.75		171.56		8.33		0.36018	0.36	45.2950695798	8.7768
6 4 6			1.77		173.33		8.18		0.36021	0.9247	71.9614498967	41.9809
5 1 9			1.77		175.1		8.1		0.35996	0.4583	58.9619928854	19.0838
0 2 18			1.79		176.89		7.98		0.35995	0.3755	76.3208597895	3.7538
1 5 1			1.75		178.64		8.05		0.35992	0.4978	46.196563203	27.3004
4 0 12			1.53		180.17		8.98		0.35841	2.7435	60.4154589103	161.2613
4 2 8			1.7		181.87		8.84		0.35826	0.7605	51.4203212226	2.5419
6 2 10			1.62		183.49		9.08		0.35855	0.7103	71.9901825081	43.9921
1 3 13			1.68		185.18		8.98		0.35887	0.3907	59.4200243294	11.5335
1 1 1			1.61		186.79		9.22		0.35881	0.5749	13.0194761966	56.7652
0 6 12			1.68		188.47		9.08		0.35881	0.3425	75.0250979777	1.887
3 3 1			1.64		190.11		9.14		0.3588	0.5106	38.1558496662	33.1617
0 4 10			1.6		191.72		9.35		0.35908	0.9893	53.7871001638	44.1425
0 2 10			1.62		193.34		9.4		0.35897	0.4317	42.9590557724	21.0204