HKL Value		Reward		TotalReward	Chi Squared	Z Appr. 	Error	Two-Thetas	Sfs2
0 2 20			0.0		0.0		0.0		0.3	0.4494	86.0769303832	2.8517
6 4 0			0.0		0.0		0.01		0.30494	1.8287	67.0910631577	58.6803
7 1 7			0.02		0.02		26.24		0.31743	0.3505	72.2660298289	5.0526
3 1 7			0.52		0.54		31.1		0.32031	0.257	39.2655360855	5.205
2 4 0			1.33		1.87		26.78		0.32032	1.4359	40.0960076051	88.2765
2 4 8			5.93		7.8		2.77		0.33669	0.1687	51.4325245866	2.4593
2 4 6			3.42		11.22		2.32		0.33668	0.785	46.7364348384	64.2552
4 6 0			3.65		14.87		1.99		0.33668	0.7863	67.1083315067	59.4729
1 3 7			3.87		18.74		1.74		0.33673	0.1893	39.2755843192	5.3372
4 4 12			3.4		22.14		2.04		0.33809	1.9475	72.2035773977	130.2426
3 5 7			3.75		25.89		1.85		0.33775	0.2309	60.5203777188	5.6046
1 5 5			0.78		26.67		8.56		0.34643	1.8923	50.2743192378	127.3636
0 4 16			1.18		27.85		10.98		0.36128	1.5557	75.7704700384	94.8658
6 0 6			1.65		29.5		10.3		0.35917	1.0815	60.1501886982	39.9969
2 6 10			1.4		30.9		11.08		0.36236	0.7069	72.0169435829	44.7171
3 3 9			1.6		32.5		10.6		0.36085	0.3816	52.4524123761	12.0632
5 3 9			1.6		34.1		10.3		0.35662	0.4833	65.0662013285	20.8409
4 6 2			1.66		35.76		9.85		0.35661	0.2349	67.657370766	5.5969
6 0 2			1.69		37.45		9.42		0.35672	0.2214	55.354768557	5.4487
5 5 1			1.67		39.13		9.23		0.35654	0.5073	65.769247456	23.9531
7 3 1			1.68		40.81		9.07		0.35635	0.5095	71.5359286583	22.1332
1 1 7			1.75		42.56		8.72		0.35634	0.2012	29.7561292971	6.5386
0 6 2			1.76		44.32		8.44		0.35644	0.2356	55.3895592761	6.1752
1 5 13			1.77		46.09		8.25		0.36014	1.1973	71.2966048402	12.6128
1 1 13			1.83		47.92		7.94		0.36173	0.3722	52.9310122384	10.9703
2 4 2			1.78		49.69		7.93		0.36179	0.3828	40.8766170199	13.2501
0 2 8			1.86		51.55		7.63		0.36173	0.1155	35.7619852008	1.7384
0 6 8			1.88		53.43		7.4		0.36098	0.7694	64.1950429677	5.6946
0 2 14			1.91		55.34		7.15		0.36131	0.2479	58.6982494177	6.3292
3 1 13			1.94		57.28		6.93		0.36191	0.3869	59.4126405656	11.7895
9 1 1			1.92		59.2		6.87		0.36186	0.8793	87.9915459652	19.6393
4 2 14			1.96		61.16		6.69		0.36152	1.2576	70.6282605877	19.9713
3 7 1			1.93		63.1		6.69		0.36145	1.2822	71.5694631273	22.2453
5 1 13			2.0		65.09		6.5		0.36182	0.4567	71.2764535317	11.3258
5 5 7			2.02		67.11		6.34		0.36185	0.6639	72.2860687267	4.3062
3 5 9			1.97		69.08		6.39		0.3612	0.4755	65.0802252419	19.5165
3 3 13			2.04		71.12		6.21		0.36138	0.5636	65.4922780779	9.1158
6 0 10			2.02		73.14		6.17		0.36127	1.0728	69.1331306246	8.9056
0 6 16			2.07		75.2		6.01		0.3615	0.4825	89.3859051251	7.6515
6 0 8			2.08		77.28		5.9		0.36119	2.9234	64.163237895	5.3359
5 1 1			2.01		79.29		6.05		0.36114	0.5346	46.1701152	26.7419
1 7 7			2.06		81.35		5.96		0.36114	0.4353	72.3061031614	6.1143
1 7 1			2.0		83.36		6.08		0.36111	0.5219	65.7901743415	26.2984
1 1 15			1.99		85.35		6.19		0.36144	0.656	61.3839959686	20.6242
0 6 14			2.04		87.39		6.11		0.3612	0.9096	81.7552219026	27.2955
6 0 0			2.03		89.42		6.08		0.3612	0.7256	54.7363985401	55.434
0 4 20			2.06		91.48		5.99		0.36201	1.027	94.1654323607	18.6345
2 0 14			2.09		93.57		5.86		0.36203	0.2634	58.6945218607	7.3942
0 6 6			2.08		95.65		5.81		0.36189	1.0147	60.183190367	40.9583
6 4 6			2.12		97.77		5.69		0.36189	0.9247	71.9614498967	41.9809
3 1 9			2.12		99.89		5.63		0.36177	0.36	45.2950695798	8.7768
1 1 5			1.46		101.35		7.73		0.36225	1.9661	22.8949597146	247.5537
4 4 8			1.38		102.73		9.41		0.36267	3.9407	61.1479986878	218.5721
4 0 12			1.36		104.09		10.65		0.36192	2.7435	60.4154589103	161.2613