HKL Value		Reward		TotalReward	Chi Squared	Z Appr. 	Error	Two-Thetas	Sfs2
0 2 14			0.0		0.0		0.0		0.3	0.2479	58.6982494177	6.3292
4 6 0			0.0		0.0		0.04		0.27891	0.7863	67.1083315067	59.4729
2 6 10			32.18		32.18		0.02		0.27865	0.7069	72.0169435829	44.7171
2 4 10			12.88		45.06		0.15		0.27938	0.607	57.0555982332	12.0937
4 2 10			13.63		58.69		0.13		0.27966	1.1102	57.0442200735	11.3144
4 6 2			13.36		72.05		0.14		0.27968	0.2349	67.657370766	5.5969
2 0 8			14.38		86.43		0.12		0.27975	0.1665	35.7565424018	1.5727
3 3 7			11.12		97.55		0.2		0.22031	0.1558	47.1418707618	3.5073
3 3 15			9.58		107.13		0.27		0.21981	0.3402	73.0835579415	3.8877
6 0 2			9.26		116.38		0.29		0.21984	0.2214	55.354768557	5.4487
0 4 20			4.64		121.03		1.01		0.21845	1.027	94.1654323607	18.6345
4 0 4			5.26		126.29		0.92		0.21845	1.2165	39.0343929222	79.1487
3 5 1			5.44		131.73		0.85		0.21847	0.5283	53.2544885252	31.9012
1 1 5			1.02		132.75		6.57		0.21741	1.9661	22.8949597146	247.5537
1 1 13			1.76		134.5		7.2		0.21516	0.3722	52.9310122384	10.9703
2 4 8			2.0		136.51		6.75		0.21511	0.1687	51.4325245866	2.4593
4 2 2			2.01		138.52		6.49		0.21513	0.457	40.8620305525	12.2524
6 2 4			2.09		140.61		6.11		0.21514	0.8727	60.3342977717	77.9073
7 3 1			2.04		142.65		6.06		0.2152	0.5095	71.5359286583	22.1332
0 0 10			2.04		144.68		6.05		0.21573	0.8316	38.8438017949	41.7013
3 1 9			1.8		146.48		6.76		0.21524	0.36	45.2950695798	8.7768
1 3 9			1.65		148.13		7.7		0.21462	0.2622	45.3040218183	7.1674
1 5 1			1.9		150.03		7.37		0.21463	0.4978	46.196563203	27.3004
4 2 8			1.93		151.96		7.06		0.21459	0.7605	51.4203212226	2.5419
3 1 13			1.89		153.86		7.02		0.2139	0.3869	59.4126405656	11.7895
7 3 3			1.38		155.24		8.95		0.21389	1.9283	72.601334037	69.5466
4 6 6			1.64		156.88		9.08		0.2137	1.1903	71.9781772466	41.9784
7 1 5			1.69		158.56		8.96		0.21364	1.5264	69.0427278305	98.726
0 6 10			1.66		160.23		8.99		0.2141	0.8527	69.1637693973	8.5049
0 6 14			1.73		161.96		8.74		0.2141	0.9096	81.7552219026	27.2955
0 4 12			1.09		163.05		11.59		0.21444	1.4889	60.4300914167	161.7651
1 3 15			1.54		164.6		11.22		0.21447	0.2862	67.3623786269	8.1809
4 2 0			1.48		166.08		11.27		0.21447	0.9287	40.0811891304	86.5118
0 0 4			1.56		167.64		10.93		0.21447	0.8482	15.2869714585	59.1035
6 2 10			1.53		169.17		10.84		0.21486	0.7103	71.9901825081	43.9921
5 3 9			1.57		170.74		10.61		0.21477	0.4833	65.0662013285	20.8409
1 3 1			1.6		172.33		10.32		0.21476	0.5324	28.3265170018	42.1271
6 4 2			1.62		173.95		10.05		0.21476	0.2211	67.6401768609	4.8049
0 2 12			1.57		175.52		10.06		0.2148	0.3827	50.6142203783	17.5707
0 6 2			1.63		177.15		9.83		0.21481	0.2356	55.3895592761	6.1752
7 1 1			1.65		178.8		9.61		0.21483	0.5207	65.7483230412	25.2044
0 6 16			1.66		180.46		9.41		0.21489	0.4825	89.3859051251	7.6515
0 0 18			1.25		181.7		11.23		0.21232	0.6609	73.530655613	37.988
2 0 10			1.55		183.25		10.97		0.21234	0.6169	42.9543880851	20.236
1 5 13			1.56		184.8		10.75		0.2122	1.1973	71.2966048402	12.6128
1 3 13			1.57		186.37		10.55		0.21205	0.3907	59.4200243294	11.5335
4 2 14			1.58		187.95		10.34		0.21207	1.2576	70.6282605877	19.9713
1 1 9			1.45		189.41		10.82		0.21164	0.2216	37.1193146943	1.1702
4 4 12			1.29		190.7		11.97		0.21173	1.9475	72.2035773977	130.2426
3 3 9			1.46		192.16		11.89		0.21159	0.3816	52.4524123761	12.0632
2 4 0			1.44		193.61		11.93		0.21159	1.4359	40.0960076051	88.2765
0 2 10			1.49		195.1		11.7		0.2116	0.4317	42.9590557724	21.0204
0 4 10			1.45		196.55		11.76		0.21185	0.9893	53.7871001638	44.1425
1 3 11			0.8		197.35		15.89		0.21154	2.4293	52.0561920156	298.4303
0 4 16			1.17		198.52		16.46		0.21125	1.5557	75.7704700384	94.8658