HKL Value		Reward		TotalReward	Chi Squared	Z Appr. 	Error	Two-Thetas	Sfs2
2 6 10			0.0		0.0		0.0		0.3	0.7069	72.0169435829	44.7171
0 2 14			0.0		0.0		0.01		0.27865	0.2479	58.6982494177	6.3292
4 6 0			32.08		32.08		0.02		0.27865	0.7863	67.1083315067	59.4729
4 2 10			16.01		48.08		0.1		0.27922	1.1102	57.0442200735	11.3144
2 4 10			13.57		61.65		0.13		0.27966	0.607	57.0555982332	12.0937
5 5 1			14.41		76.07		0.12		0.27963	0.5073	65.769247456	23.9531
4 6 2			14.0		90.06		0.13		0.27966	0.2349	67.657370766	5.5969
5 3 9			3.31		93.38		1.68		0.27957	0.4833	65.0662013285	20.8409
0 4 4			4.17		97.55		1.49		0.27966	0.8482	39.0545896029	78.0016
2 0 8			4.41		101.96		1.32		0.27973	0.1665	35.7565424018	1.5727
3 3 15			3.86		105.82		1.59		0.28166	0.3402	73.0835579415	3.8877
6 0 2			4.13		109.95		1.49		0.28165	0.2214	55.354768557	5.4487
3 5 1			3.81		113.76		1.67		0.2816	0.5283	53.2544885252	31.9012
2 4 8			3.98		117.74		1.6		0.28164	0.1687	51.4325245866	2.4593
1 7 5			1.06		118.8		6.87		0.28144	1.0841	69.0835930101	99.7513
0 4 20			1.92		120.72		6.82		0.28224	1.027	94.1654323607	18.6345
1 1 13			2.01		122.73		6.52		0.28268	0.3722	52.9310122384	10.9703
4 2 2			2.04		124.77		6.28		0.28265	0.457	40.8620305525	12.2524
0 0 10			2.07		126.84		6.06		0.28201	0.8316	38.8438017949	41.7013
3 1 9			2.11		128.95		5.84		0.28195	0.36	45.2950695798	8.7768
1 3 9			2.16		131.11		5.6		0.2819	0.2622	45.3040218183	7.1674
4 2 8			2.2		133.31		5.37		0.28195	0.7605	51.4203212226	2.5419
1 5 1			2.2		135.51		5.27		0.2819	0.4978	46.196563203	27.3004
7 3 1			2.27		137.78		5.05		0.28189	0.5095	71.5359286583	22.1332
4 0 8			0.66		138.44		11.77		0.28043	2.9483	47.8850437629	244.3799
5 3 7			1.52		139.96		11.48		0.24037	0.2523	60.5057581853	5.4388
5 1 5			1.19		141.15		13.02		0.23991	1.1901	50.2495039981	127.1383
0 4 6			0.12		141.27		27.59		0.23968	3.7688	42.9189471786	481.9509
7 1 3			0.8		142.08		29.05		0.23981	1.4031	66.8553232335	91.2915