HKL Value		Reward		TotalReward	Chi Squared	Z Appr. 	Error	Two-Thetas	Sfs2
2 6 10			0.0		0.0		0.0		0.3	0.7069	72.0169435829	44.7171
4 6 0			0.0		0.0		0.04		0.42147	0.7863	67.1083315067	59.4729
0 2 14			33.0		33.0		0.02		0.42156	0.2479	58.6982494177	6.3292
2 2 10			30.87		63.87		0.03		0.42132	0.6429	46.7739448495	44.8949
4 2 10			16.96		80.84		0.09		0.42094	1.1102	57.0442200735	11.3144
2 4 10			13.64		94.47		0.13		0.4206	0.607	57.0555982332	12.0937
5 5 1			3.08		97.56		1.87		0.42056	0.5073	65.769247456	23.9531
4 6 2			3.95		101.51		1.66		0.42049	0.2349	67.657370766	5.5969
0 4 4			1.47		102.98		5.31		0.42131	0.8482	39.0545896029	78.0016
2 0 8			1.42		104.4		7.68		0.41784	0.1665	35.7565424018	1.5727
3 3 15			2.03		106.43		6.92		0.41779	0.3402	73.0835579415	3.8877
3 5 1			1.61		108.05		7.92		0.41777	0.5283	53.2544885252	31.9012
6 0 2			1.86		109.91		7.62		0.4176	0.2214	55.354768557	5.4487
0 4 20			1.88		111.79		7.38		0.41684	1.027	94.1654323607	18.6345
2 4 8			1.99		113.78		6.9		0.41666	0.1687	51.4325245866	2.4593
1 1 13			1.93		115.7		6.83		0.41655	0.3722	52.9310122384	10.9703
4 2 2			2.04		117.74		6.44		0.41658	0.457	40.8620305525	12.2524
0 0 10			2.03		119.77		6.26		0.41718	0.8316	38.8438017949	41.7013
3 1 9			2.08		121.86		6.02		0.41739	0.36	45.2950695798	8.7768
1 3 9			2.14		123.99		5.75		0.41756	0.2622	45.3040218183	7.1674
1 5 1			1.91		125.9		6.26		0.41754	0.4978	46.196563203	27.3004
7 3 1			1.93		127.83		6.45		0.41752	0.5095	71.5359286583	22.1332
4 2 8			2.05		129.89		6.2		0.41732	0.7605	51.4203212226	2.5419
6 2 4			1.64		131.53		7.38		0.41765	0.8727	60.3342977717	77.9073
3 1 13			1.85		133.38		7.35		0.41757	0.3869	59.4126405656	11.7895
3 3 1			1.72		135.1		7.79		0.41755	0.5106	38.1558496662	33.1617
0 2 8			1.72		136.82		8.05		0.41639	0.1155	35.7619852008	1.7384
4 0 10			1.81		138.63		7.88		0.41682	0.6243	53.7713327333	45.2096
0 6 8			1.85		140.48		7.63		0.41689	0.7694	64.1950429677	5.6946
4 6 6			1.6		142.08		8.4		0.41689	1.1903	71.9781772466	41.9784
0 6 10			1.77		143.86		8.23		0.4173	0.8527	69.1637693973	8.5049
0 6 16			1.78		145.63		8.09		0.41732	0.4825	89.3859051251	7.6515
4 4 10			1.82		147.45		7.88		0.41755	0.6886	66.23802526	47.6672
0 6 14			1.77		149.22		7.93		0.41794	0.9096	81.7552219026	27.2955
1 1 15			1.74		150.96		8.05		0.41767	0.656	61.3839959686	20.6242
3 1 15			1.82		152.77		7.86		0.41746	0.2871	67.3554895111	7.7692
1 3 1			1.66		154.43		8.33		0.41744	0.5324	28.3265170018	42.1271
5 3 1			1.66		156.09		8.61		0.41742	0.5252	53.2386121167	32.835
4 2 0			1.68		157.77		8.72		0.41742	0.9287	40.0811891304	86.5118