HKL Value		Reward		TotalReward	Chi Squared	Z Appr. 	Error	Two-Thetas	Sfs2
2 6 10			0.0		0.0		0.0		0.3	0.7069	72.0169435829	44.7171
0 2 14			0.0		0.0		0.01		0.27865	0.2479	58.6982494177	6.3292
4 2 10			14.08		14.08		0.12		0.27922	1.1102	57.0442200735	11.3144
2 4 10			12.23		26.31		0.17		0.27966	0.607	57.0555982332	12.0937
4 6 0			13.66		39.97		0.13		0.27966	0.7863	67.1083315067	59.4729
4 6 2			13.36		53.32		0.14		0.27968	0.2349	67.657370766	5.5969
2 0 8			14.38		67.7		0.12		0.27975	0.1665	35.7565424018	1.5727
3 3 15			5.9		73.6		0.65		0.28174	0.3402	73.0835579415	3.8877
0 0 4			6.62		80.22		0.58		0.28177	0.8482	15.2869714585	59.1035
6 0 2			6.63		86.85		0.57		0.28176	0.2214	55.354768557	5.4487
0 4 20			4.61		91.45		1.07		0.2826	1.027	94.1654323607	18.6345
1 1 13			4.68		96.13		1.13		0.28303	0.3722	52.9310122384	10.9703
2 4 8			4.81		100.94		1.09		0.28311	0.1687	51.4325245866	2.4593
4 2 2			4.52		105.46		1.2		0.28308	0.457	40.8620305525	12.2524
0 0 10			4.31		109.78		1.31		0.28237	0.8316	38.8438017949	41.7013
3 1 9			4.28		114.06		1.35		0.2823	0.36	45.2950695798	8.7768