HKL Value		Reward		TotalReward	Chi Squared	Z Appr. 	Error	Two-Thetas	Sfs2
6 0 0			0.0		0.0		0.0		0.3	0.7256	54.7363985401	55.434
0 2 14			0.0		0.0		4.67		0.27891	0.2479	58.6982494177	6.3292
2 6 10			3.96		3.96		2.34		0.27865	0.7069	72.0169435829	44.7171
4 6 0			4.27		8.22		1.57		0.27865	0.7863	67.1083315067	59.4729
4 2 10			4.63		12.85		1.24		0.27922	1.1102	57.0442200735	11.3144
6 2 10			5.08		17.93		1.01		0.27891	0.7103	71.9901825081	43.9921
2 4 10			5.31		23.25		0.9		0.27927	0.607	57.0555982332	12.0937
5 5 1			5.72		28.96		0.78		0.27926	0.5073	65.769247456	23.9531
4 6 2			5.99		34.96		0.71		0.27928	0.2349	67.657370766	5.5969
0 4 4			6.26		41.22		0.64		0.27936	0.8482	39.0545896029	78.0016
2 0 8			6.57		47.8		0.58		0.27942	0.1665	35.7565424018	1.5727
3 3 15			4.81		52.6		1.0		0.28128	0.3402	73.0835579415	3.8877
5 3 5			0.57		53.17		9.48		0.28107	2.2247	56.9473208346	134.0256
6 0 2			1.79		54.97		8.78		0.28106	0.2214	55.354768557	5.4487
3 5 1			1.78		56.75		8.41		0.28101	0.5283	53.2544885252	31.9012
2 4 8			1.86		58.61		7.9		0.28104	0.1687	51.4325245866	2.4593
0 4 20			1.8		60.41		7.84		0.28166	1.027	94.1654323607	18.6345
1 1 13			1.88		62.28		7.52		0.28203	0.3722	52.9310122384	10.9703
4 2 2			1.91		64.19		7.24		0.282	0.457	40.8620305525	12.2524
0 0 10			1.95		66.14		6.95		0.28153	0.8316	38.8438017949	41.7013
3 1 9			1.98		68.12		6.69		0.28149	0.36	45.2950695798	8.7768
1 3 9			2.02		70.14		6.42		0.28145	0.2622	45.3040218183	7.1674
3 1 15			2.07		72.21		6.13		0.28148	0.2871	67.3554895111	7.7692
4 2 8			2.1		74.31		5.9		0.28151	0.7605	51.4203212226	2.5419
1 5 1			2.1		76.42		5.78		0.28148	0.4978	46.196563203	27.3004
7 3 1			2.16		78.58		5.56		0.28146	0.5095	71.5359286583	22.1332
6 2 4			2.2		80.78		5.35		0.28148	0.8727	60.3342977717	77.9073
3 1 13			2.2		82.98		5.26		0.28175	0.3869	59.4126405656	11.7895
3 3 1			2.2		85.18		5.2		0.28172	0.5106	38.1558496662	33.1617
0 2 8			2.27		87.45		5.02		0.28169	0.1155	35.7619852008	1.7384
0 6 8			2.26		89.71		4.95		0.28167	0.7694	64.1950429677	5.6946
4 0 10			2.3		92.01		4.83		0.28138	0.6243	53.7713327333	45.2096
0 6 10			2.33		94.34		4.72		0.28113	0.8527	69.1637693973	8.5049
0 6 16			2.35		96.69		4.61		0.28113	0.4825	89.3859051251	7.6515
4 6 6			2.17		98.86		4.98		0.28138	1.1903	71.9781772466	41.9784
3 5 7			0.41		99.27		14.22		0.27942	0.2309	60.5203777188	5.6046
4 4 10			1.39		100.66		13.83		0.27942	0.6886	66.23802526	47.6672
2 2 10			1.41		102.07		13.46		0.27941	0.6429	46.7739448495	44.8949
0 6 14			1.41		103.48		13.21		0.27964	0.9096	81.7552219026	27.2955
4 0 2			0.97		104.45		15.79		0.27966	1.7854	36.5531212028	138.5255
5 1 9			1.28		105.72		15.68		0.27965	0.4583	58.9619928854	19.0838
3 3 13			1.31		107.04		15.36		0.27981	0.5636	65.4922780779	9.1158
4 0 14			1.21		108.24		15.8		0.28038	1.986	67.7459682929	124.3248
2 6 4			1.32		109.56		15.43		0.2804	0.8772	60.3635846112	78.02
0 2 18			0.71		110.27		19.71		0.28785	0.3755	76.3208597895	3.7538
1 1 3			1.12		111.39		19.73		0.28788	0.4514	16.9416048235	36.8187
1 1 15			1.14		112.53		19.6		0.28788	0.656	61.3839959686	20.6242
1 3 1			1.16		113.69		19.36		0.28787	0.5324	28.3265170018	42.1271
3 5 9			1.16		114.85		19.2		0.28783	0.4755	65.0802252419	19.5165
0 0 20			1.16		116.01		19.09		0.28701	0.4542	83.3712939521	4.3689
6 4 2			1.2		117.2		18.71		0.28701	0.2211	67.6401768609	4.8049
5 3 1			1.19		118.4		18.43		0.28701	0.5252	53.2386121167	32.835
0 4 10			1.18		119.58		18.3		0.28679	0.9893	53.7871001638	44.1425
4 2 0			1.18		120.76		18.2		0.28679	0.9287	40.0811891304	86.5118
5 3 9			1.19		121.95		18.09		0.28676	0.4833	65.0662013285	20.8409
0 6 0			1.21		123.16		17.88		0.28676	1.4277	54.7714555341	59.4019
0 6 2			1.23		124.38		17.58		0.28676	0.2356	55.3895592761	6.1752
1 3 15			1.23		125.61		17.33		0.2867	0.2862	67.3623786269	8.1809
2 4 2			1.24		126.85		17.09		0.28669	0.3828	40.8766170199	13.2501
7 1 1			1.25		128.09		16.84		0.28669	0.5207	65.7483230412	25.2044
1 5 9			1.23		129.32		16.75		0.28668	0.4394	58.984264935	17.7365
1 3 13			1.26		130.59		16.47		0.28667	0.3907	59.4200243294	11.5335
4 2 14			1.27		131.86		16.22		0.28666	1.2576	70.6282605877	19.9713
3 7 1			1.28		133.14		15.97		0.28666	1.2822	71.5694631273	22.2453
2 0 10			1.29		134.43		15.72		0.28666	0.6169	42.9543880851	20.236
0 0 4			1.3		135.73		15.48		0.28666	0.8482	15.2869714585	59.1035
0 2 12			1.28		137.01		15.41		0.28664	0.3827	50.6142203783	17.5707
0 2 10			1.31		138.32		15.18		0.28664	0.4317	42.9590557724	21.0204
3 7 5			1.17		139.49		15.91		0.28662	1.0548	74.7470539899	89.5814
1 1 9			1.27		140.76		15.8		0.28674	0.2216	37.1193146943	1.1702
1 5 13			1.29		142.05		15.57		0.28675	1.1973	71.2966048402	12.6128
5 1 13			1.3		143.35		15.36		0.28673	0.4567	71.2764535317	11.3258
4 0 4			1.31		144.66		15.15		0.28672	1.2165	39.0343929222	79.1487
4 4 4			1.32		145.98		14.95		0.28671	0.8476	53.9354251327	76.9211
6 4 0			1.33		147.31		14.75		0.2867	1.8287	67.0910631577	58.6803
0 2 2			1.3		148.61		14.74		0.2867	0.4614	19.2417464495	36.8131
0 6 12			1.33		149.94		14.55		0.2867	0.3425	75.0250979777	1.887
4 4 8			1.02		150.96		16.48		0.28652	3.9407	61.1479986878	218.5721
2 0 12			1.24		152.2		16.4		0.2865	0.8079	50.6101057273	16.6151
3 3 9			1.26		153.46		16.26		0.28648	0.3816	52.4524123761	12.0632
1 7 7			0.78		154.23		19.77		0.28656	0.4353	72.3061031614	6.1143
2 4 4			1.09		155.33		20.01		0.28651	0.8182	43.1484985256	64.6996
5 5 5			1.03		156.36		20.69		0.28648	1.5862	69.0631626084	104.8873