HKL Value		Reward		TotalReward	Chi Squared	Z Appr. 	Error	Two-Thetas	Sfs2
0 2 14			0.0		0.0		0.0		0.3	0.2479	58.6982494177	6.3292
2 4 10			0.0		0.0		0.17		0.28027	0.607	57.0555982332	12.0937
4 2 10			17.02		17.02		0.09		0.28036	1.1102	57.0442200735	11.3144
1 1 9			1.26		18.28		5.12		0.28274	0.2216	37.1193146943	1.1702
4 6 2			2.83		21.12		3.86		0.28279	0.2349	67.657370766	5.5969
4 6 0			3.04		24.16		3.1		0.28279	0.7863	67.1083315067	59.4729
2 0 8			3.23		27.38		2.61		0.28222	0.1665	35.7565424018	1.5727
0 4 20			3.03		30.41		2.69		0.28471	1.027	94.1654323607	18.6345
0 0 18			0.72		31.13		9.56		0.29005	0.6609	73.530655613	37.988
6 0 2			1.86		32.99		8.58		0.29004	0.2214	55.354768557	5.4487
1 1 13			1.84		34.83		8.08		0.28964	0.3722	52.9310122384	10.9703
4 2 2			1.89		36.72		7.61		0.28963	0.457	40.8620305525	12.2524
4 6 6			1.79		38.51		7.7		0.2898	1.1903	71.9781772466	41.9784
2 4 8			1.97		40.48		7.12		0.28976	0.1687	51.4325245866	2.4593
1 5 1			1.94		42.42		6.9		0.28974	0.4978	46.196563203	27.3004
3 1 13			2.0		44.42		6.6		0.28947	0.3869	59.4126405656	11.7895
3 1 3			1.5		45.92		8.17		0.28955	1.2003	30.3814370344	67.5761
4 2 8			1.88		47.8		7.69		0.28952	0.7605	51.4203212226	2.5419
1 3 9			1.89		49.69		7.4		0.28948	0.2622	45.3040218183	7.1674
0 2 12			1.78		51.47		7.6		0.28948	0.3827	50.6142203783	17.5707
0 0 10			1.68		53.15		8.08		0.28908	0.8316	38.8438017949	41.7013
0 6 14			1.83		54.98		7.81		0.28903	0.9096	81.7552219026	27.2955
4 2 0			1.73		56.71		8.04		0.28903	0.9287	40.0811891304	86.5118
1 3 1			1.76		58.47		8.07		0.289	0.5324	28.3265170018	42.1271
1 5 7			0.1		58.57		24.14		0.28986	0.6035	54.1236034243	4.2528