HKL Value		Reward		TotalReward	Chi Squared	Z Appr. 	Error	Two-Thetas	Sfs2
2 6 10			0.0		0.0		0.0		0.3	0.7069	72.0169435829	44.7171
0 2 14			0.0		0.0		0.01		0.27865	0.2479	58.6982494177	6.3292
4 6 0			32.08		32.08		0.02		0.27865	0.7863	67.1083315067	59.4729
4 2 10			16.01		48.08		0.1		0.27922	1.1102	57.0442200735	11.3144
2 4 10			13.57		61.65		0.13		0.27966	0.607	57.0555982332	12.0937
0 2 10			5.03		66.68		0.86		0.28076	0.4317	42.9590557724	21.0204
5 5 1			5.91		72.59		0.73		0.28074	0.5073	65.769247456	23.9531
4 6 2			6.26		78.85		0.65		0.28076	0.2349	67.657370766	5.5969
0 4 4			6.65		85.5		0.57		0.28081	0.8482	39.0545896029	78.0016
2 0 8			7.05		92.55		0.51		0.2808	0.1665	35.7565424018	1.5727
3 3 15			5.91		98.46		0.69		0.28212	0.3402	73.0835579415	3.8877
3 5 1			4.99		103.45		0.96		0.28207	0.5283	53.2544885252	31.9012
6 0 2			5.23		108.68		0.92		0.28206	0.2214	55.354768557	5.4487
0 4 20			4.35		113.03		1.24		0.28289	1.027	94.1654323607	18.6345
1 1 17			0.76		113.79		8.26		0.28617	2.447	70.2810461715	248.4175
2 4 8			1.89		115.68		7.72		0.28622	0.1687	51.4325245866	2.4593
1 1 13			1.94		117.62		7.23		0.28623	0.3722	52.9310122384	10.9703
4 2 2			1.94		119.56		6.97		0.28621	0.457	40.8620305525	12.2524
0 0 10			1.87		121.42		7.06		0.2855	0.8316	38.8438017949	41.7013
3 1 9			1.96		123.38		6.82		0.28543	0.36	45.2950695798	8.7768
1 3 9			2.0		125.38		6.55		0.28537	0.2622	45.3040218183	7.1674
1 5 1			2.0		127.38		6.41		0.28534	0.4978	46.196563203	27.3004
7 3 1			2.07		129.45		6.14		0.28532	0.5095	71.5359286583	22.1332
4 2 8			2.11		131.56		5.88		0.28538	0.7605	51.4203212226	2.5419
6 2 4			2.15		133.71		5.64		0.28536	0.8727	60.3342977717	77.9073
1 3 5			0.75		134.46		11.54		0.28521	3.1323	34.189462707	190.138
0 2 8			1.55		136.01		11.15		0.28498	0.1155	35.7619852008	1.7384
3 1 13			1.58		137.59		10.75		0.28513	0.3869	59.4126405656	11.7895
3 3 1			1.58		139.17		10.51		0.2851	0.5106	38.1558496662	33.1617
4 6 6			1.52		140.69		10.6		0.28537	1.1903	71.9781772466	41.9784
4 0 10			1.57		142.25		10.47		0.28485	0.6243	53.7713327333	45.2096
0 6 10			1.58		143.83		10.32		0.2843	0.8527	69.1637693973	8.5049
0 6 16			1.62		145.45		10.05		0.28424	0.4825	89.3859051251	7.6515
0 6 8			1.63		147.07		9.83		0.28426	0.7694	64.1950429677	5.6946
0 6 14			1.65		148.72		9.59		0.2843	0.9096	81.7552219026	27.2955
4 4 10			1.66		150.38		9.4		0.28397	0.6886	66.23802526	47.6672
1 3 1			1.64		152.02		9.36		0.28393	0.5324	28.3265170018	42.1271
5 3 1			1.67		153.69		9.22		0.2839	0.5252	53.2386121167	32.835
4 2 0			1.62		155.31		9.31		0.2839	0.9287	40.0811891304	86.5118
5 3 9			1.62		156.94		9.37		0.28385	0.4833	65.0662013285	20.8409
1 3 15			1.68		158.62		9.17		0.28366	0.2862	67.3623786269	8.1809
7 1 1			1.69		160.31		9.0		0.28364	0.5207	65.7483230412	25.2044
0 2 12			1.66		161.98		9.02		0.28354	0.3827	50.6142203783	17.5707
6 2 10			1.69		163.67		8.91		0.28315	0.7103	71.9901825081	43.9921
6 4 2			1.72		165.39		8.71		0.28315	0.2211	67.6401768609	4.8049
1 3 13			1.73		167.13		8.55		0.28333	0.3907	59.4200243294	11.5335
0 0 4			1.76		168.88		8.37		0.28333	0.8482	15.2869714585	59.1035
0 2 18			1.09		169.98		11.34		0.28835	0.3755	76.3208597895	3.7538
3 7 1			1.53		171.51		11.11		0.28834	1.2822	71.5694631273	22.2453
0 6 2			1.54		173.05		10.9		0.28834	0.2356	55.3895592761	6.1752
0 0 20			1.48		174.53		11.06		0.28751	0.4542	83.3712939521	4.3689
4 4 4			1.55		176.08		10.85		0.2875	0.8476	53.9354251327	76.9211
2 4 2			1.55		177.63		10.71		0.2875	0.3828	40.8766170199	13.2501
4 0 8			0.95		178.58		13.98		0.28732	2.9483	47.8850437629	244.3799
3 3 13			1.38		179.96		13.74		0.28724	0.5636	65.4922780779	9.1158
2 0 10			1.39		181.35		13.49		0.28724	0.6169	42.9543880851	20.236
1 1 9			1.38		182.73		13.38		0.28733	0.2216	37.1193146943	1.1702
0 0 18			1.22		183.95		14.25		0.28829	0.6609	73.530655613	37.988
0 4 12			1.1		185.05		15.69		0.28823	1.4889	60.4300914167	161.7651
4 0 4			1.3		186.35		15.43		0.28822	1.2165	39.0343929222	79.1487
0 4 10			1.27		187.62		15.42		0.28808	0.9893	53.7871001638	44.1425
1 5 13			1.31		188.93		15.17		0.28805	1.1973	71.2966048402	12.6128
4 2 14			1.32		190.26		14.94		0.28804	1.2576	70.6282605877	19.9713
3 3 9			1.32		191.57		14.8		0.28802	0.3816	52.4524123761	12.0632
3 1 15			1.33		192.9		14.63		0.288	0.2871	67.3554895111	7.7692
2 2 14			1.29		194.19		14.73		0.28796	1.0835	61.7979105177	101.9829
4 4 12			1.18		195.37		15.5		0.2879	1.9475	72.2035773977	130.2426
2 0 16			1.29		196.66		15.36		0.28787	0.5935	67.2372591268	11.8907
0 2 20			1.31		197.97		15.14		0.28785	0.4494	86.0769303832	2.8517
0 2 2			1.29		199.26		15.13		0.28785	0.4614	19.2417464495	36.8131
1 7 1			1.31		200.57		14.96		0.28784	0.5219	65.7901743415	26.2984
0 0 14			1.3		201.87		14.93		0.28781	0.8389	55.4890953336	74.9432
1 1 3			1.28		203.15		15.01		0.28782	0.4514	16.9416048235	36.8187
5 1 1			1.32		204.47		14.85		0.28782	0.5346	46.1701152	26.7419
0 4 16			1.22		205.69		15.31		0.28796	1.5557	75.7704700384	94.8658
3 5 11			1.13		206.82		16.28		0.28773	1.8915	70.5555824797	206.4699
6 0 12			1.27		208.09		16.07		0.28773	0.5892	74.995462768	0.9301
2 2 10			1.26		209.35		16.0		0.2876	0.6429	46.7739448495	44.8949
6 4 4			1.25		210.6		16.0		0.28758	0.6669	69.2748711385	33.991
0 6 18			1.11		211.71		16.97		0.28898	0.7949	98.0280769063	1.8601
2 4 0			1.22		212.93		16.93		0.28898	1.4359	40.0960076051	88.2765
3 1 1			1.23		214.16		16.82		0.28898	0.5239	28.3131072915	41.7464
6 4 0			1.25		215.41		16.62		0.28898	1.8287	67.0910631577	58.6803
5 1 9			1.23		216.64		16.57		0.28898	0.4583	58.9619928854	19.0838
2 0 2			1.23		217.88		16.53		0.28898	0.6502	19.2320929378	35.9547
1 1 1			1.24		219.12		16.47		0.28896	0.5749	13.0194761966	56.7652
5 5 3			1.21		220.32		16.63		0.28898	0.8107	66.8760743485	64.1048
0 6 4			1.22		221.54		16.67		0.28896	0.6675	57.2171401797	42.9768
2 6 4			1.25		222.8		16.49		0.28896	0.8772	60.3635846112	78.02
4 6 4			1.23		224.03		16.48		0.28893	1.0731	69.291881243	33.3045
3 1 3			1.21		225.23		16.65		0.28895	1.2003	30.3814370344	67.5761
0 6 12			1.25		226.49		16.47		0.28895	0.3425	75.0250979777	1.887
7 1 5			1.14		227.62		17.12		0.28894	1.5264	69.0427278305	98.726
1 5 7			0.7		228.32		21.2		0.28914	0.6035	54.1236034243	4.2528
0 4 14			1.08		229.4		21.27		0.28908	1.2337	67.7597167724	121.3788