HKL Value		Reward		TotalReward	Chi Squared	Z Appr. 	Error	Two-Thetas	Sfs2
3 3 7			0.0		0.0		0.0		0.3	0.1558	47.1418707618	3.5073
6 2 10			0.0		0.0		14.21		0.33049	0.7103	71.9901825081	43.9921
6 0 8			3.51		3.51		7.18		0.33015	2.9234	64.163237895	5.3359
4 6 0			1.19		4.7		4.8		0.33015	0.7863	67.1083315067	59.4729
7 1 7			0.43		5.14		3.93		0.33148	0.3505	72.2660298289	5.0526
0 6 8			0.35		5.49		3.23		0.33108	0.7694	64.1950429677	5.6946
6 4 0			0.27		5.76		2.7		0.33109	1.8287	67.0910631577	58.6803
1 5 9			-2.15		3.61		4.85		0.32988	0.4394	58.984264935	17.7365
4 6 2			0.21		3.81		4.43		0.32975	0.2349	67.657370766	5.5969
6 4 2			0.18		4.0		4.07		0.32964	0.2211	67.6401768609	4.8049
2 0 14			0.18		4.17		3.71		0.33051	0.2634	58.6945218607	7.3942
0 2 14			0.14		4.32		3.43		0.33124	0.2479	58.6982494177	6.3292
0 6 2			0.02		4.33		3.39		0.33122	0.2356	55.3895592761	6.1752
1 7 7			0.11		4.45		3.17		0.33152	0.4353	72.3061031614	6.1143
6 0 2			0.02		4.47		3.13		0.33152	0.2214	55.354768557	5.4487
3 5 7			0.07		4.54		2.98		0.33194	0.2309	60.5203777188	5.6046
5 3 7			0.07		4.61		2.84		0.33234	0.2523	60.5057581853	5.4388
5 1 7			0.05		4.66		2.74		0.33275	0.2609	54.1000446603	4.252
1 5 7			0.05		4.71		2.63		0.33309	0.6035	54.1236034243	4.2528
4 2 8			0.05		4.77		2.52		0.33341	0.7605	51.4203212226	2.5419
2 4 8			0.05		4.82		2.42		0.33368	0.1687	51.4325245866	2.4593
1 1 13			0.0		4.82		2.42		0.33318	0.3722	52.9310122384	10.9703
3 3 13			0.03		4.85		2.36		0.33283	0.5636	65.4922780779	9.1158
0 6 6			0.01		4.86		2.34		0.33282	1.0147	60.183190367	40.9583
5 1 13			0.01		4.87		2.31		0.33243	0.4567	71.2764535317	11.3258
3 1 13			0.01		4.89		2.29		0.33207	0.3869	59.4126405656	11.7895
1 5 13			0.01		4.9		2.27		0.33174	1.1973	71.2966048402	12.6128
2 4 10			-0.17		4.73		2.44		0.33163	0.607	57.0555982332	12.0937
6 0 6			0.0		4.73		2.43		0.33161	1.0815	60.1501886982	39.9969
1 3 13			0.02		4.75		2.38		0.33136	0.3907	59.4200243294	11.5335
4 2 6			0.04		4.79		2.3		0.33136	1.6049	46.7233273538	62.1975
3 1 7			0.01		4.8		2.29		0.3316	0.257	39.2655360855	5.205
0 6 16			-0.05		4.75		2.34		0.3315	0.4825	89.3859051251	7.6515
9 1 1			-0.01		4.74		2.35		0.33147	0.8793	87.9915459652	19.6393
7 3 1			-0.04		4.7		2.39		0.33144	0.5095	71.5359286583	22.1332