HKL Value		Reward		TotalReward	Chi Squared	Z Appr. 	Error	Two-Thetas	Sfs2
4 0 1			0.0		0.0		0.0		0.5	0.27	58.8934376912	0.0
2 0 7			0.0		0.0		0.0		0.5	4.16	54.6555056564	0.0
3 0 6			0.9		0.9		0.0		0.5	0.11	59.366558438	0.0
2 2 6			-1.0		-0.1		0.0		0.50468	0.0	74.8444416707	3.2648
1 0 8			0.33		0.23		0.0		0.50468	0.24	54.8685935926	0.0
1 1 4			-1.0		-0.77		0.02		0.50205	0.3	39.4492672371	0.9567
3 0 0			0.2		-0.57		0.01		0.50205	0.45	42.9814560157	0.0
3 0 2			0.17		-0.4		0.01		0.50205	0.46	45.0164041053	0.0
0 0 3			0.14		-0.26		0.01		0.50205	0.03	19.1797885945	0.0
1 0 4			0.12		-0.13		0.01		0.50205	0.08	29.3672081998	0.0
2 0 1			0.11		-0.02		0.01		0.50205	0.15	29.01034049	0.0
2 0 3			0.1		0.08		0.01		0.50205	0.09	34.3920319457	0.0
3 0 4			0.09		0.17		0.01		0.50205	0.64	50.7360354343	0.0
4 0 3			0.08		0.25		0.01		0.50205	0.29	62.1413926063	0.0
4 0 0			-0.94		-0.69		0.11		0.50205	0.08	58.4798162983	46.4355
1 0 0			0.07		-0.62		0.1		0.50205	0.0	14.0285801003	0.0
0 0 7			0.07		-0.55		0.1		0.50205	0.2	45.7499157105	0.0
4 0 5			0.06		-0.49		0.09		0.50205	0.26	68.3700248267	0.0
3 0 8			0.06		-0.43		0.09		0.50205	0.3	70.3147352648	0.0
2 0 5			0.06		-0.37		0.08		0.50205	5.26	43.4052500519	0.0
1 0 6			0.05		-0.32		0.08		0.50205	0.25	41.5701214249	0.0
3 1 0			0.05		-0.27		0.08		0.50205	0.86	50.7823995615	0.002
1 2 6			0.03		-0.24		0.07		0.49335	0.11	69.4566609057	1.2895
2 1 1			0.03		-0.2		0.07		0.49336	0.13	39.1745550983	0.4263
1 0 7			-0.1		-0.3		0.08		0.44353	0.54	48.0896902272	2.8781
4 1 1			0.03		-0.27		0.08		0.44353	0.21	65.3342299592	0.4263
2 0 2			-0.33		-0.6		0.11		0.44161	0.1	31.1263267788	5.5981
3 1 4			0.04		-0.57		0.11		0.44152	0.33	57.7518627408	0.9567
0 1 7			0.04		-0.53		0.11		0.44167	0.26	53.2385720724	8.4036
-1 -1 -2			0.03		-0.5		0.1		0.44212	0.31	32.1995090242	11.6912
3 0 7			0.03		-0.47		0.1		0.4426	0.18	64.5726747292	2.8781
-1 -1 2			0.03		-0.45		0.1		0.44295	0.13	32.1995090242	11.6912
1 -1 2			0.03		-0.42		0.09		0.44331	0.39	32.1995090242	11.6912
0 1 4			-0.08		-0.5		0.1		0.44466	0.09	36.6772811508	0.4076
4 1 5			0.02		-0.47		0.1		0.44414	1.53	74.3771604481	7.6693
1 1 2			0.03		-0.45		0.1		0.4444	0.52	32.1995090242	11.6912
4 1 3			0.03		-0.42		0.09		0.44441	0.15	68.408649436	0.0043
0 1 5			0.02		-0.4		0.09		0.44398	0.34	41.7114803244	7.6693
1 1 6			0.02		-0.38		0.09		0.44475	0.38	49.5460147793	8.8974
2 1 7			0.02		-0.36		0.09		0.44442	0.57	61.3678684761	8.4036
3 2 0			-0.02		-0.37		0.09		0.44442	0.67	70.467230504	2.2538
3 2 4			0.0		-0.37		0.09		0.44355	0.0	76.369138646	3.3351
2 2 5			-0.03		-0.4		0.09		0.44537	0.26	70.7747179536	2.8196
3 0 3			-0.01		-0.42		0.09		0.44677	0.33	47.4629609511	3.2424
2 1 8			-0.04		-0.46		0.1		0.44979	0.22	67.2524657177	7.5134