HKL Value		Reward		TotalReward	Chi Squared	Z Appr. 	Error	Two-Thetas	Sfs2
4 0 1			0.0		0.0		0.0		0.5	0.27	58.8934376912	0.0
2 0 7			0.0		0.0		0.0		0.5	4.16	54.6555056564	0.0
3 0 6			0.9		0.9		0.0		0.5	0.11	59.366558438	0.0
1 0 8			0.14		1.04		0.0		0.5	0.24	54.8685935926	0.0
3 0 0			0.33		1.38		0.0		0.5	0.45	42.9814560157	0.0
0 1 8			-1.0		0.38		0.0		0.51305	2.05	59.6041295708	7.5134
3 0 2			0.2		0.58		0.0		0.51305	0.46	45.0164041053	0.0
0 0 3			0.17		0.74		0.0		0.51305	0.03	19.1797885945	0.0
3 2 0			-1.0		-0.26		0.02		0.51305	0.67	70.467230504	2.2538
1 0 4			0.12		-0.13		0.02		0.51305	0.08	29.3672081998	0.0
2 0 1			0.11		-0.02		0.02		0.51305	0.15	29.01034049	0.0
2 0 3			0.1		0.08		0.01		0.51305	0.09	34.3920319457	0.0
1 0 0			0.09		0.17		0.01		0.51305	0.0	14.0285801003	0.0
3 0 4			0.08		0.25		0.01		0.51305	0.64	50.7360354343	0.0
4 0 3			0.08		0.33		0.01		0.51305	0.29	62.1413926063	0.0
0 0 7			0.07		0.4		0.01		0.51305	0.2	45.7499157105	0.0
3 0 8			0.07		0.47		0.01		0.51305	0.3	70.3147352648	0.0
4 0 5			0.06		0.53		0.01		0.51305	0.26	68.3700248267	0.0
1 0 6			0.06		0.59		0.01		0.51305	0.25	41.5701214249	0.0
2 0 5			0.06		0.65		0.01		0.51305	5.26	43.4052500519	0.0
3 1 0			0.04		0.69		0.01		0.51305	0.86	50.7823995615	0.002
2 1 1			-0.04		0.64		0.01		0.51305	0.13	39.1745550983	0.4263
3 1 4			-0.32		0.32		0.01		0.51296	0.33	57.7518627408	0.9567
4 1 1			-0.01		0.31		0.01		0.51296	0.21	65.3342299592	0.4263