HKL Value		Reward		TotalReward	Chi Squared	Z Appr. 	Error	Two-Thetas	Sfs2
4 0 1			0.0		0.0		0.0		0.5	0.27	58.8934376912	0.0
2 0 7			0.0		0.0		0.0		0.5	4.16	54.6555056564	0.0
1 0 8			0.52		0.52		0.0		0.5	0.24	54.8685935926	0.0
3 0 6			0.79		1.31		0.0		0.49999	0.11	59.366558438	0.0
3 0 2			0.19		1.51		0.0		0.49999	0.46	45.0164041053	0.0
1 0 5			-1.0		0.51		0.0		0.53185	0.22	35.3149362404	7.049
3 0 0			0.2		0.71		0.0		0.53185	0.45	42.9814560157	0.0
1 0 4			0.17		0.87		0.0		0.53185	0.08	29.3672081998	0.0
3 0 5			-1.0		-0.13		0.0		0.53185	0.2	54.7330754518	7.0489
0 0 3			0.12		-0.0		0.0		0.53185	0.03	19.1797885945	0.0
0 0 7			0.11		0.11		0.0		0.53185	0.2	45.7499157105	0.0
2 0 1			0.1		0.21		0.0		0.53185	0.15	29.01034049	0.0
2 0 3			0.09		0.3		0.0		0.53185	0.09	34.3920319457	0.0
3 1 2			-1.0		-0.7		0.1		0.52966	0.11	52.5840292854	11.6912
2 0 2			-0.25		-0.95		0.13		0.53107	0.1	31.1263267788	5.5981
3 0 4			0.07		-0.88		0.12		0.53107	0.64	50.7360354343	0.0
1 0 6			0.07		-0.81		0.12		0.53107	0.25	41.5701214249	0.0
3 0 8			0.06		-0.75		0.11		0.53107	0.3	70.3147352648	0.0
3 0 7			-0.83		-1.58		0.64		0.56334	0.18	64.5726747292	2.8781
4 1 5			-0.1		-1.68		0.71		0.56282	1.53	74.3771604481	7.6693
4 0 5			0.05		-1.62		0.67		0.56282	0.26	68.3700248267	0.0
4 0 3			0.05		-1.57		0.64		0.56282	0.29	62.1413926063	0.0
1 0 0			0.05		-1.53		0.61		0.56282	0.0	14.0285801003	0.0
2 0 5			0.05		-1.48		0.59		0.56282	5.26	43.4052500519	0.0
3 1 0			0.04		-1.44		0.56		0.56282	0.86	50.7823995615	0.002
1 1 4			0.04		-1.4		0.54		0.56287	0.3	39.4492672371	0.9567
2 1 1			0.04		-1.36		0.52		0.56287	0.13	39.1745550983	0.4263
3 1 4			0.03		-1.33		0.5		0.56291	0.33	57.7518627408	0.9567
-1 -1 -2			-0.1		-1.43		0.56		0.5623	0.31	32.1995090242	11.6912
4 1 1			0.03		-1.4		0.54		0.56228	0.21	65.3342299592	0.4263
1 0 7			-0.07		-1.47		0.58		0.56968	0.54	48.0896902272	2.8781
0 1 7			0.01		-1.45		0.58		0.57088	0.26	53.2385720724	8.4036
3 2 4			0.02		-1.43		0.56		0.57026	0.0	76.369138646	3.3351
1 -1 2			-0.08		-1.51		0.62		0.56984	0.39	32.1995090242	11.6912
0 1 4			-0.6		-2.12		1.56		0.56623	0.09	36.6772811508	0.4076
3 2 1			0.02		-2.1		1.53		0.56612	0.17	70.8417473216	1.0468
3 2 0			0.03		-2.08		1.49		0.56612	0.67	70.467230504	2.2538
4 0 4			-0.11		-2.19		1.67		0.56287	0.13	64.9051128666	1.7476
3 1 3			0.01		-2.17		1.65		0.56202	0.4	54.7770496801	12.6586
2 1 0			0.02		-2.15		1.61		0.56201	0.16	38.6117414796	0.0084
1 1 2			-0.01		-2.16		1.63		0.56159	0.52	32.1995090242	11.6912
2 2 5			0.01		-2.14		1.6		0.5631	0.26	70.7747179536	2.8196
3 0 3			0.02		-2.12		1.57		0.56223	0.33	47.4629609511	3.2424
1 2 6			-0.06		-2.18		1.67		0.56467	0.11	69.4566609057	1.2895
0 0 -8			0.02		-2.16		1.63		0.56398	0.38	52.7511004195	15.5355
0 2 7			-0.04		-2.2		1.71		0.57388	0.0	72.5085769296	0.0094
-2 0 4			-0.09		-2.29		1.87		0.57215	0.22	38.5541558059	1.7476
3 2 3			-0.01		-2.3		1.89		0.57159	1.08	73.8091166097	1.7896