HKL Value		Reward		TotalReward	Chi Squared	Z Appr. 	Error	Two-Thetas	Sfs2
4 1 1			0.0		0.0		0.0		0.5	0.21	65.3342299592	0.4263
4 0 1			0.0		0.0		0.0		0.90157	0.27	58.8934376912	0.0
2 0 7			1.0		1.0		0.0		0.90157	4.16	54.6555056564	0.0
0 0 7			0.5		1.5		0.0		0.90157	0.2	45.7499157105	0.0
3 0 6			0.33		1.83		0.0		0.90157	0.11	59.366558438	0.0
1 0 8			0.25		2.08		0.0		0.90157	0.24	54.8685935926	0.0
1 1 6			0.19		2.28		0.0		0.88988	0.38	49.5460147793	8.8974
3 0 0			0.17		2.44		0.0		0.88988	0.45	42.9814560157	0.0
3 0 2			0.14		2.59		0.0		0.88988	0.46	45.0164041053	0.0
0 0 3			0.13		2.71		0.0		0.88988	0.03	19.1797885945	0.0
4 0 2			-0.99		1.72		0.02		0.88508	0.26	60.1237214722	5.5981
-2 0 4			-0.81		0.91		0.1		0.92384	0.22	38.5541558059	1.7476
1 0 4			0.09		1.0		0.09		0.92388	0.08	29.3672081998	0.0
2 0 1			0.08		1.09		0.09		0.92388	0.15	29.01034049	0.0
2 0 3			0.08		1.16		0.08		0.92388	0.09	34.3920319457	0.0
3 0 4			0.07		1.23		0.07		0.92388	0.64	50.7360354343	0.0
3 0 8			0.07		1.3		0.07		0.92388	0.3	70.3147352648	0.0
4 0 3			0.06		1.36		0.07		0.92388	0.29	62.1413926063	0.0
1 0 6			0.06		1.42		0.06		0.92388	0.25	41.5701214249	0.0
4 0 5			0.06		1.48		0.06		0.92388	0.26	68.3700248267	0.0
1 0 0			0.05		1.53		0.06		0.92388	0.0	14.0285801003	0.0
2 0 5			0.05		1.58		0.05		0.92388	5.26	43.4052500519	0.0
3 1 4			0.05		1.63		0.05		0.92382	0.33	57.7518627408	0.9567
3 1 0			0.04		1.67		0.05		0.92382	0.86	50.7823995615	0.002
1 0 7			-0.68		1.0		0.15		0.89081	0.54	48.0896902272	2.8781
2 1 6			-0.84		0.16		0.93		0.90201	0.16	55.9883197776	2.0239
0 1 7			0.04		0.19		0.9		0.90251	0.26	53.2385720724	8.4036
2 1 1			0.04		0.23		0.86		0.90251	0.13	39.1745550983	0.4263
0 1 4			-0.12		0.11		0.98		0.91018	0.09	36.6772811508	0.4076
1 -1 2			0.02		0.14		0.96		0.91045	0.39	32.1995090242	11.6912
0 0 8			-0.07		0.06		1.03		0.91385	0.5	52.7511004195	15.5355
-1 -1 -2			0.03		0.09		1.01		0.9143	0.31	32.1995090242	11.6912
3 0 7			-0.11		-0.02		1.13		0.89747	0.18	64.5726747292	2.8781
1 1 4			0.03		0.01		1.1		0.89747	0.3	39.4492672371	0.9567
4 1 5			0.03		0.04		1.06		0.89752	1.53	74.3771604481	7.6693
3 2 0			0.02		0.06		1.04		0.89752	0.67	70.467230504	2.2538
1 1 2			0.02		0.08		1.02		0.89779	0.52	32.1995090242	11.6912
3 2 4			0.01		0.09		1.02		0.89856	0.0	76.369138646	3.3351
2 2 5			-0.05		0.03		1.07		0.89607	0.26	70.7747179536	2.8196
3 1 7			-0.04		-0.0		1.11		0.89244	0.32	70.7276559911	1.1017
0 1 5			0.02		0.02		1.08		0.8927	0.34	41.7114803244	7.6693
-1 -1 2			0.01		0.04		1.07		0.89306	0.13	32.1995090242	11.6912
0 2 7			0.02		0.06		1.05		0.89213	0.0	72.5085769296	0.0094
2 1 8			0.02		0.08		1.02		0.89114	0.22	67.2524657177	7.5134
4 0 4			-0.03		0.05		1.05		0.89411	0.13	64.9051128666	1.7476
1 2 6			-0.09		-0.04		1.16		0.896	0.11	69.4566609057	1.2895
3 0 3			0.01		-0.02		1.14		0.8952	0.33	47.4629609511	3.2424
4 1 0			0.02		-0.01		1.12		0.8952	0.2	64.9447604845	0.0084
3 2 3			-0.03		-0.04		1.16		0.89454	1.08	73.8091166097	1.7896
2 0 2			0.02		-0.02		1.14		0.89423	0.1	31.1263267788	5.5981
1 2 7			0.02		-0.0		1.12		0.89419	0.71	74.291810142	3.5836
2 0 4			-0.02		-0.02		1.14		0.89654	0.23	38.5541558059	1.7476
2 1 7			0.02		0.0		1.12		0.8966	0.57	61.3678684761	8.4036
0 0 -8			-0.02		-0.02		1.14		0.89361	0.38	52.7511004195	15.5355
2 1 0			0.01		-0.01		1.13		0.89361	0.16	38.6117414796	0.0084
3 1 1			0.01		0.0		1.11		0.89361	0.22	51.2370468789	1.4731
3 1 2			0.01		0.01		1.1		0.89382	0.11	52.5840292854	11.6912
0 0 4			-0.01		-0.0		1.12		0.89654	0.08	25.6679215219	1.7476
4 1 4			-0.07		-0.07		1.21		0.90134	0.37	71.0458443611	0.4076
3 0 1			-0.47		-0.54		2.28		0.90018	0.76	43.4972935008	0.0644