HKL Value		Reward		TotalReward	Chi Squared	Z Appr. 	Error	Two-Thetas	Sfs2
0 1 4			0.0		0.0		0.0		0.5	0.09	36.6772811508	0.4076
4 0 0			0.0		0.0		1.8		0.45113	0.08	58.4798162983	46.4355
2 0 6			0.66		0.66		1.08		0.43566	0.73	48.8015573959	6.3028
2 0 2			0.04		0.7		1.04		0.43417	0.1	31.1263267788	5.5981
3 0 2			0.33		1.04		0.78		0.43417	0.46	45.0164041053	0.0
1 0 8			0.25		1.29		0.62		0.43417	0.24	54.8685935926	0.0
3 0 8			0.2		1.49		0.52		0.43417	0.3	70.3147352648	0.0
1 -1 2			0.14		1.63		0.45		0.43484	0.39	32.1995090242	11.6912
1 0 6			0.14		1.77		0.4		0.43484	0.25	41.5701214249	0.0
2 0 0			-0.23		1.54		0.52		0.43484	0.07	28.2731138415	46.4355
3 2 0			0.07		1.62		0.48		0.43484	0.67	70.467230504	2.2538
3 0 1			0.07		1.69		0.45		0.43485	0.76	43.4972935008	0.0644
3 1 0			0.09		1.78		0.41		0.43485	0.86	50.7823995615	0.002
3 0 5			-0.06		1.72		0.44		0.44442	0.2	54.7330754518	7.0489
3 0 4			0.08		1.8		0.41		0.44442	0.64	50.7360354343	0.0
1 0 7			0.07		1.87		0.38		0.44452	0.54	48.0896902272	2.8781
2 1 1			0.06		1.93		0.36		0.44452	0.13	39.1745550983	0.4263
2 0 3			0.06		1.99		0.34		0.44452	0.09	34.3920319457	0.0
1 1 7			0.01		2.0		0.33		0.44147	0.15	55.34320722	1.1017
3 0 6			0.06		2.06		0.32		0.44147	0.11	59.366558438	0.0
3 2 2			0.02		2.08		0.31		0.44121	0.0	71.9603042663	6.6617
2 2 6			-0.0		2.08		0.31		0.44084	0.0	74.8444416707	3.2648
2 1 6			-0.14		1.95		0.36		0.44707	0.16	55.9883197776	2.0239
0 1 6			-0.05		1.89		0.38		0.4503	0.0	47.2608104201	2.0239