Number of epochs: 525e-01
1.501811780121903028e-01
-1.492964752546256102e-01
-2.950733553318410363e-01
4.996179705586084596e-02
-3.217311833215201200e-01
-3.446066451156128974e-01
-4.162591459641954567e-02
-4.479351109261781039e-01
-2.200947599468242033e-02
-2.450539241916280531e-01
-1.422249755206256572e-01
6.724280113513078638e-02
-3.238947539092744132e-01
1.194664763084399284e-01
-2.459637478361667573e-01
4.523800450667685852e-02
1.365484113674383937e-02
2.634762766423507929e-01
-4.478771000892130955e-02
-4.232354138428351953e-01
-1.477306279497335798e-02
-3.411971901735936785e-01
-4.808597101801800888e-02
-2.536270696985605255e-01
-9.838652148573728828e-02
-1.384672582121471984e-01
-4.625042282042994835e-01
1.095794553265868748e-01
-4.033857756980343545e-01
8.281644502512702788e-02
-1.546918209978400960e-01
4.390038843174625532e-02
-3.161277334958476071e-01
6.555166860856198596e-01
-1.479979851938834357e-01
-8.595413858114669264e-03
-2.713306630868020930e-01
-3.794564766810946677e-01
-4.386615079372271353e-01
-3.915603921545114663e-02
-1.206755411248339183e-01
-2.051724477165752236e-01
-3.961799586475151513e-01
-8.304686188878429576e-02
-2.881062225629767437e-01
2.406136154747313127e-01
-2.933686120940865449e-01
1.902134907481352055e-01
-8.319048921949630249e-02
7.921630673237682607e-02
-3.021864783772575946e-01
6.141851565900293686e-01
-2.339925593947207727e-02
4.322296168255760490e-02
-1.025995930472250279e-03
-2.648838428903295128e-01
-1.673035005937953679e-01
-4.159634723077149654e-01
-1.276897624557276831e-02
-3.353098435347254269e-01
-2.852120345742854557e-01
-7.450293245031058831e-02
-3.585480018675104574e-01
-2.921008375490639075e-01
-4.265802072122325539e-01
-7.230753736864994896e-02
-5.136784408866339469e-01
8.263538329013875305e-01
-3.608877639253597613e-01
7.482728168147856351e-02
-1.497242679204450477e-01
4.903430513948013603e-02
-2.878976915224360500e-01
-1.615561734472918398e-01
-1.100729485416187571e-02
-1.957775802056871406e-01
-1.990434504504885183e-01
-3.221185068574982518e-02
-1.945385759359877509e-01
-2.925140781949455912e-02
-2.500586456866437865e-02
-3.058631517947732123e-02
-2.017499430160446527e-01
-3.276518448523851323e-01
