HKL Value		Reward		TotalReward	Chi Squared	Z Appr. 	Error	Two-Thetas	Sfs2
6 4 2			0.0		0.0		0.0		0.3	0.2211	67.6401768609	4.8049
9 1 1			0.0		0.0		0.28		0.28897	0.8793	87.9915459652	19.6393
5 1 13			13.09		13.09		0.15		0.28634	0.4567	71.2764535317	11.3258
3 7 1			10.1		23.19		0.24		0.28624	1.2822	71.5694631273	22.2453
7 3 1			9.41		32.6		0.28		0.28613	0.5095	71.5359286583	22.1332
4 2 10			5.98		38.58		0.65		0.28319	1.1102	57.0442200735	11.3144
1 3 15			6.51		45.09		0.6		0.28214	0.2862	67.3623786269	8.1809
2 4 2			5.0		50.09		0.94		0.28205	0.3828	40.8766170199	13.2501
1 1 15			3.54		53.63		1.72		0.28002	0.656	61.3839959686	20.6242
0 6 10			4.05		57.68		1.57		0.27963	0.8527	69.1637693973	8.5049
3 5 1			3.73		61.4		1.74		0.27954	0.5283	53.2544885252	31.9012
2 0 14			4.03		65.43		1.59		0.27958	0.2634	58.6945218607	7.3942
2 0 8			4.19		69.63		1.46		0.27963	0.1665	35.7565424018	1.5727
1 7 1			4.02		73.65		1.52		0.27957	0.5219	65.7901743415	26.2984
0 2 12			3.47		77.12		1.92		0.27894	0.3827	50.6142203783	17.5707
0 6 2			3.71		80.83		1.84		0.27892	0.2356	55.3895592761	6.1752
2 2 8			0.5		81.34		10.75		0.27678	1.8488	40.1384116224	216.1995
3 3 9			1.61		82.94		10.36		0.2768	0.3816	52.4524123761	12.0632
4 4 12			1.32		84.26		11.52		0.27278	1.9475	72.2035773977	130.2426
4 2 14			1.51		85.77		11.33		0.27464	1.2576	70.6282605877	19.9713
1 5 7			1.55		87.32		11.03		0.24397	0.6035	54.1236034243	4.2528
2 4 12			0.92		88.24		14.46		0.23646	0.2205	63.4791913795	4.8908
1 5 9			1.4		89.64		13.94		0.23701	0.4394	58.984264935	17.7365
7 1 7			1.44		91.08		13.34		0.23696	0.3505	72.2660298289	5.0526
0 6 16			1.47		92.55		12.78		0.23701	0.4825	89.3859051251	7.6515
4 2 2			1.48		94.03		12.34		0.23702	0.457	40.8620305525	12.2524
0 6 8			1.5		95.53		11.93		0.23681	0.7694	64.1950429677	5.6946
0 0 20			1.5		97.03		11.67		0.23547	0.4542	83.3712939521	4.3689
0 2 14			1.54		98.57		11.3		0.23561	0.2479	58.6982494177	6.3292
0 2 16			1.55		100.12		11.01		0.23589	1.8687	67.2407114996	13.8307
4 2 0			1.49		101.61		11.07		0.23589	0.9287	40.0811891304	86.5118
6 0 8			1.57		103.18		10.76		0.23578	2.9234	64.163237895	5.3359
1 7 3			1.18		104.36		12.58		0.23585	0.9932	66.8968211493	90.2271
4 0 12			1.4		105.76		12.63		0.23636	2.7435	60.4154589103	161.2613
0 2 10			1.4		107.16		12.66		0.23639	0.4317	42.9590557724	21.0204