HKL Value		Reward		TotalReward	Chi Squared	Z Appr. 	Error	Two-Thetas	Sfs2
5 1 13			0.0		0.0		0.0		0.3	0.4567	71.2764535317	11.3258
6 4 2			0.0		0.0		0.22		0.28639	0.2211	67.6401768609	4.8049
9 1 1			13.02		13.02		0.15		0.28634	0.8793	87.9915459652	19.6393
5 1 7			2.8		15.82		2.15		0.33121	0.2609	54.1000446603	4.252
3 7 1			3.02		18.83		2.55		0.33098	1.2822	71.5694631273	22.2453
7 3 1			2.94		21.77		2.77		0.33076	0.5095	71.5359286583	22.1332
1 3 15			1.24		23.01		6.81		0.32531	0.2862	67.3623786269	8.1809
4 2 10			2.12		25.13		6.2		0.32493	1.1102	57.0442200735	11.3144
2 4 2			1.98		27.11		6.28		0.3249	0.3828	40.8766170199	13.2501
2 0 14			2.03		29.14		6.18		0.32548	0.2634	58.6945218607	7.3942
0 6 10			2.2		31.34		5.67		0.32518	0.8527	69.1637693973	8.5049
1 1 15			2.3		33.64		5.17		0.32535	0.656	61.3839959686	20.6242
3 5 1			2.07		35.71		5.49		0.32529	0.5283	53.2544885252	31.9012
2 0 8			2.57		38.28		4.49		0.34612	0.1665	35.7565424018	1.5727
1 7 1			2.19		40.48		4.86		0.34601	0.5219	65.7901743415	26.2984
3 3 1			2.08		42.55		5.32		0.34589	0.5106	38.1558496662	33.1617
0 2 12			2.06		44.61		5.61		0.3495	0.3827	50.6142203783	17.5707