HKL Value		Reward		TotalReward	Chi Squared	Z Appr. 	Error	Two-Thetas	Sfs2
5 1 13			0.0		0.0		0.0		0.3	0.4567	71.2764535317	11.3258
6 4 2			0.0		0.0		0.22		0.28639	0.2211	67.6401768609	4.8049
9 1 1			13.02		13.02		0.15		0.28634	0.8793	87.9915459652	19.6393
3 7 1			10.1		23.11		0.24		0.28624	1.2822	71.5694631273	22.2453
7 3 1			9.41		32.52		0.28		0.28613	0.5095	71.5359286583	22.1332
4 2 10			5.98		38.5		0.65		0.28319	1.1102	57.0442200735	11.3144
1 3 15			6.51		45.01		0.6		0.28214	0.2862	67.3623786269	8.1809
2 0 14			6.9		51.92		0.53		0.28196	0.2634	58.6945218607	7.3942
2 4 2			5.31		57.22		0.84		0.28187	0.3828	40.8766170199	13.2501
0 6 10			5.26		62.49		0.89		0.2809	0.8527	69.1637693973	8.5049
1 1 15			4.01		66.5		1.41		0.27967	0.656	61.3839959686	20.6242
3 5 1			3.91		70.41		1.59		0.27959	0.5283	53.2544885252	31.9012
2 0 8			4.19		74.6		1.46		0.27963	0.1665	35.7565424018	1.5727
1 7 1			4.02		78.62		1.52		0.27957	0.5219	65.7901743415	26.2984
3 3 1			3.84		82.46		1.66		0.27949	0.5106	38.1558496662	33.1617
4 0 4			4.06		86.52		1.55		0.27953	1.2165	39.0343929222	79.1487
4 2 8			4.08		90.6		1.51		0.27952	0.7605	51.4203212226	2.5419
0 6 12			4.17		94.77		1.45		0.27943	0.3425	75.0250979777	1.887
0 2 12			3.66		98.43		1.76		0.27877	0.3827	50.6142203783	17.5707
3 3 13			3.67		102.1		1.83		0.27919	0.5636	65.4922780779	9.1158
0 6 2			3.77		105.88		1.78		0.27917	0.2356	55.3895592761	6.1752
2 4 14			3.73		109.61		1.79		0.27965	0.5221	70.6383718296	19.4111
1 1 13			3.61		113.22		1.89		0.28018	0.3722	52.9310122384	10.9703
3 3 9			3.51		116.73		1.99		0.28011	0.3816	52.4524123761	12.0632