HKL Value		Reward		TotalReward	Chi Squared	Z Appr. 	Error	Two-Thetas	Sfs2
5 1 13			0.0		0.0		0.0		0.3	0.4567	71.2764535317	11.3258
3 3 11			0.0		0.0		89.27		0.27301	2.1204	58.6030846927	249.5822
9 1 1			1.5		1.5		44.66		0.27305	0.8793	87.9915459652	19.6393
6 4 2			1.71		3.2		30.01		0.27317	0.2211	67.6401768609	4.8049
3 7 1			1.68		4.88		22.51		0.27313	1.2822	71.5694631273	22.2453
7 3 1			1.64		6.52		18.02		0.27309	0.5095	71.5359286583	22.1332
1 3 15			1.45		7.97		16.19		0.2789	0.2862	67.3623786269	8.1809
3 7 5			0.49		8.46		22.66		0.27835	1.0548	74.7470539899	89.5814
4 2 10			1.4		9.86		19.88		0.27868	1.1102	57.0442200735	11.3144
2 4 2			1.38		11.24		17.98		0.27864	0.3828	40.8766170199	13.2501
2 0 14			1.44		12.68		16.19		0.27877	0.2634	58.6945218607	7.3942
0 6 10			1.48		14.16		14.72		0.27868	0.8527	69.1637693973	8.5049
4 4 0			0.01		14.17		40.68		0.27868	4.9852	51.3853572345	648.027
1 1 15			1.02		15.2		37.79		0.27791	0.656	61.3839959686	20.6242
3 5 1			1.03		16.22		35.32		0.27784	0.5283	53.2544885252	31.9012
2 0 8			1.05		17.28		32.98		0.2779	0.1665	35.7565424018	1.5727
1 7 1			1.05		18.33		31.05		0.27786	0.5219	65.7901743415	26.2984
3 3 1			1.06		19.39		29.41		0.27779	0.5106	38.1558496662	33.1617
0 2 12			1.06		20.45		28.08		0.27721	0.3827	50.6142203783	17.5707
4 2 8			1.09		21.54		26.64		0.27714	0.7605	51.4203212226	2.5419
3 3 13			1.09		22.63		25.51		0.27738	0.5636	65.4922780779	9.1158
0 6 2			1.12		23.76		24.33		0.27736	0.2356	55.3895592761	6.1752
0 6 4			1.07		24.82		23.86		0.27708	0.6675	57.2171401797	42.9768
0 6 12			1.14		25.97		22.83		0.27699	0.3425	75.0250979777	1.887
1 1 13			1.13		27.1		22.1		0.27724	0.3722	52.9310122384	10.9703
2 4 14			1.15		28.26		21.36		0.2778	0.5221	70.6383718296	19.4111
3 3 9			1.17		29.42		20.7		0.2778	0.3816	52.4524123761	12.0632
3 1 15			1.18		30.6		20.05		0.27892	0.2871	67.3554895111	7.7692
6 2 4			1.21		31.81		19.35		0.27897	0.8727	60.3342977717	77.9073
6 2 10			1.23		33.04		18.68		0.2789	0.7103	71.9901825081	43.9921
3 1 9			1.24		34.28		18.12		0.27889	0.36	45.2950695798	8.7768
0 2 10			1.23		35.51		17.69		0.27925	0.4317	42.9590557724	21.0204
2 4 8			1.26		36.78		17.17		0.27925	0.1687	51.4325245866	2.4593
2 6 4			1.28		38.06		16.65		0.27928	0.8772	60.3635846112	78.02
0 6 14			1.28		39.34		16.29		0.27958	0.9096	81.7552219026	27.2955
4 2 12			1.3		40.64		15.86		0.27947	0.2244	63.468523569	4.7972
0 4 4			1.32		41.97		15.43		0.2795	0.8482	39.0545896029	78.0016
4 2 14			1.33		43.3		15.07		0.27971	1.2576	70.6282605877	19.9713
4 2 2			1.34		44.64		14.74		0.27969	0.457	40.8620305525	12.2524
0 6 8			1.35		45.99		14.42		0.27963	0.7694	64.1950429677	5.6946
2 4 12			1.37		47.36		14.1		0.27952	0.2205	63.4791913795	4.8908
3 1 1			1.36		48.72		13.93		0.27947	0.5239	28.3131072915	41.7464
0 6 0			1.37		50.09		13.75		0.27947	1.4277	54.7714555341	59.4019
5 5 1			1.4		51.5		13.43		0.27946	0.5073	65.769247456	23.9531
0 0 20			1.41		52.91		13.15		0.27958	0.4542	83.3712939521	4.3689
2 2 4			1.43		54.34		12.86		0.27958	0.7551	29.4672289371	73.6026
0 2 14			1.45		55.79		12.58		0.27955	0.2479	58.6982494177	6.3292
3 1 13			1.44		57.23		12.41		0.27978	0.3869	59.4126405656	11.7895
1 5 9			1.43		58.66		12.37		0.27976	0.4394	58.984264935	17.7365
6 4 0			1.47		60.13		12.12		0.27976	1.8287	67.0910631577	58.6803
0 0 4			1.48		61.61		11.88		0.2798	0.8482	15.2869714585	59.1035
2 4 6			1.35		62.96		12.43		0.28014	0.785	46.7364348384	64.2552
0 4 6			0.5		63.46		19.33		0.28116	3.7688	42.9189471786	481.9509
0 6 16			1.18		64.64		18.98		0.28116	0.4825	89.3859051251	7.6515
0 2 8			1.2		65.84		18.63		0.28116	0.1155	35.7619852008	1.7384
7 1 1			1.2		67.04		18.33		0.28112	0.5207	65.7483230412	25.2044
0 2 16			1.2		68.24		18.09		0.28112	1.8687	67.2407114996	13.8307
4 4 2			0.97		69.21		19.64		0.28115	1.2125	52.0311030722	128.6454
1 3 1			1.16		70.37		19.43		0.2811	0.5324	28.3265170018	42.1271
1 5 13			1.17		71.54		19.16		0.28139	1.1973	71.2966048402	12.6128
4 6 6			1.15		72.68		19.12		0.28173	1.1903	71.9781772466	41.9784
2 0 16			1.18		73.86		18.87		0.28172	0.5935	67.2372591268	11.8907
6 0 8			1.19		75.05		18.61		0.28169	2.9234	64.163237895	5.3359
5 1 1			1.19		76.24		18.36		0.28166	0.5346	46.1701152	26.7419
2 0 0			1.11		77.35		18.8		0.28166	2.02	17.6289686615	175.6782
1 5 1			1.19		78.53		18.56		0.28162	0.4978	46.196563203	27.3004
2 2 10			1.2		79.73		18.29		0.28136	0.6429	46.7739448495	44.8949
2 6 10			1.2		80.94		18.04		0.28109	0.7069	72.0169435829	44.7171
4 4 12			1.11		82.05		18.51		0.28019	1.9475	72.2035773977	130.2426
6 4 4			1.17		83.22		18.42		0.28007	0.6669	69.2748711385	33.991
4 2 0			1.18		84.4		18.34		0.28007	0.9287	40.0811891304	86.5118
0 0 10			1.2		85.6		18.09		0.27993	0.8316	38.8438017949	41.7013
2 4 0			1.18		86.79		18.03		0.27993	1.4359	40.0960076051	88.2765
5 3 1			1.21		87.99		17.83		0.2799	0.5252	53.2386121167	32.835
0 2 2			1.19		89.18		17.77		0.27987	0.4614	19.2417464495	36.8131
4 0 10			1.22		90.4		17.53		0.27978	0.6243	53.7713327333	45.2096
0 4 20			1.21		91.61		17.42		0.28004	1.027	94.1654323607	18.6345
2 4 10			1.23		92.84		17.19		0.2801	0.607	57.0555982332	12.0937
5 3 9			1.22		94.06		17.11		0.28008	0.4833	65.0662013285	20.8409
4 2 6			1.17		95.23		17.38		0.28032	1.6049	46.7233273538	62.1975
2 0 12			1.22		96.45		17.25		0.28012	0.8079	50.6101057273	16.6151
3 5 9			1.22		97.67		17.16		0.28009	0.4755	65.0802252419	19.5165
0 4 10			1.24		98.9		16.96		0.27996	0.9893	53.7871001638	44.1425
4 4 8			1.0		99.91		18.49		0.27925	3.9407	61.1479986878	218.5721
6 0 0			1.19		101.09		18.33		0.27925	0.7256	54.7363985401	55.434
1 1 9			1.17		102.26		18.31		0.27935	0.2216	37.1193146943	1.1702
4 6 2			1.2		103.46		18.1		0.27935	0.2349	67.657370766	5.5969
1 3 9			1.2		104.66		17.9		0.27935	0.2622	45.3040218183	7.1674
0 4 14			1.16		105.82		18.07		0.2799	1.2337	67.7597167724	121.3788
6 0 2			1.2		107.02		17.87		0.2799	0.2214	55.354768557	5.4487
4 4 10			1.21		108.24		17.67		0.27989	0.6886	66.23802526	47.6672
5 5 3			1.16		109.4		17.86		0.27999	0.8107	66.8760743485	64.1048
3 3 3			1.15		110.55		18.06		0.28012	0.8081	39.7679129272	70.9373
6 0 10			1.2		111.76		17.87		0.28004	1.0728	69.1331306246	8.9056
2 0 2			1.19		112.95		17.81		0.28001	0.6502	19.2320929378	35.9547
1 3 3			1.16		114.11		18.0		0.28011	0.7045	30.3940112777	66.1614
1 1 1			1.19		115.3		17.91		0.28008	0.5749	13.0194761966	56.7652
4 6 4			1.19		116.49		17.85		0.28	1.0731	69.291881243	33.3045
0 0 14			1.18		117.67		17.84		0.2803	0.8389	55.4890953336	74.9432
6 4 6			1.18		118.86		17.84		0.28048	0.9247	71.9614498967	41.9809
0 0 2			1.1		119.95		18.48		0.28048	1.161	7.62646333295	98.931
5 1 9			1.17		121.12		18.41		0.28047	0.4583	58.9619928854	19.0838