HKL Value		Reward		TotalReward	Chi Squared	Z Appr. 	Error	Two-Thetas	Sfs2
5 1 13			0.0		0.0		0.0		0.3	0.4567	71.2764535317	11.3258
6 4 2			0.0		0.0		0.22		0.28639	0.2211	67.6401768609	4.8049
9 1 1			13.02		13.02		0.15		0.28634	0.8793	87.9915459652	19.6393
0 2 18			0.59		13.6		8.73		0.29332	0.3755	76.3208597895	3.7538
3 7 1			2.27		15.87		6.74		0.2933	1.2822	71.5694631273	22.2453
7 3 1			2.35		18.23		5.55		0.29329	0.5095	71.5359286583	22.1332
1 3 15			2.24		20.46		5.26		0.29338	0.2862	67.3623786269	8.1809
4 2 10			1.57		22.03		7.08		0.29284	1.1102	57.0442200735	11.3144
2 4 2			2.01		24.04		6.67		0.29282	0.3828	40.8766170199	13.2501
2 0 14			2.19		26.23		5.94		0.29277	0.2634	58.6945218607	7.3942
0 6 10			1.37		27.6		8.28		0.29204	0.8527	69.1637693973	8.5049
1 1 15			1.65		29.25		8.64		0.29219	0.656	61.3839959686	20.6242
3 5 1			1.78		31.03		8.32		0.29215	0.5283	53.2544885252	31.9012
2 0 8			1.59		32.62		8.87		0.29143	0.1665	35.7565424018	1.5727
1 7 1			1.78		34.4		8.49		0.29141	0.5219	65.7901743415	26.2984
3 3 1			1.78		36.18		8.24		0.29139	0.5106	38.1558496662	33.1617
0 2 12			1.69		37.87		8.43		0.29139	0.3827	50.6142203783	17.5707
0 6 2			1.84		39.71		8.0		0.29138	0.2356	55.3895592761	6.1752
1 1 13			1.78		41.49		7.95		0.29081	0.3722	52.9310122384	10.9703
3 3 9			1.79		43.29		7.87		0.29077	0.3816	52.4524123761	12.0632
3 1 15			1.83		45.12		7.69		0.29079	0.2871	67.3554895111	7.7692
2 4 14			1.89		47.01		7.39		0.29072	0.5221	70.6383718296	19.4111
0 2 10			1.93		48.94		7.09		0.29066	0.4317	42.9590557724	21.0204
6 2 4			1.96		50.9		6.82		0.29063	0.8727	60.3342977717	77.9073
3 1 9			1.95		52.86		6.69		0.29059	0.36	45.2950695798	8.7768
0 6 14			1.98		54.84		6.55		0.2905	0.9096	81.7552219026	27.2955
6 2 10			1.78		56.61		7.11		0.2901	0.7103	71.9901825081	43.9921
4 2 14			1.94		58.56		6.9		0.29005	1.2576	70.6282605877	19.9713
2 4 12			1.96		60.51		6.73		0.29005	0.2205	63.4791913795	4.8908
7 1 3			1.63		62.14		7.77		0.29014	1.4031	66.8553232335	91.2915
3 3 13			1.8		63.94		7.73		0.2897	0.5636	65.4922780779	9.1158
4 2 12			1.85		65.79		7.55		0.2897	0.2244	63.468523569	4.7972
2 4 8			1.89		67.68		7.32		0.28968	0.1687	51.4325245866	2.4593
4 2 2			1.89		69.57		7.18		0.28968	0.457	40.8620305525	12.2524
0 6 8			1.92		71.48		7.02		0.28971	0.7694	64.1950429677	5.6946
4 2 8			1.95		73.43		6.82		0.2897	0.7605	51.4203212226	2.5419
0 4 4			1.97		75.4		6.65		0.28967	0.8482	39.0545896029	78.0016
3 1 1			1.92		77.32		6.7		0.28965	0.5239	28.3131072915	41.7464
5 5 1			1.99		79.31		6.53		0.28965	0.5073	65.769247456	23.9531
0 6 0			1.96		81.27		6.53		0.28965	1.4277	54.7714555341	59.4019
0 0 20			1.77		83.03		7.14		0.28819	0.4542	83.3712939521	4.3689
2 6 4			1.92		84.96		6.98		0.28819	0.8772	60.3635846112	78.02
1 5 9			1.86		86.82		7.08		0.28817	0.4394	58.984264935	17.7365
0 2 14			1.92		88.74		6.93		0.28819	0.2479	58.6982494177	6.3292
2 2 4			1.94		90.68		6.8		0.28817	0.7551	29.4672289371	73.6026
0 6 16			1.94		92.63		6.72		0.28813	0.4825	89.3859051251	7.6515
0 0 4			1.97		94.6		6.58		0.28812	0.8482	15.2869714585	59.1035
0 2 8			1.96		96.56		6.54		0.28798	0.1155	35.7619852008	1.7384
0 2 16			1.95		98.51		6.56		0.28793	1.8687	67.2407114996	13.8307
7 1 1			1.98		100.49		6.48		0.28793	0.5207	65.7483230412	25.2044
2 0 16			1.97		102.46		6.47		0.28789	0.5935	67.2372591268	11.8907
6 0 8			2.0		104.46		6.38		0.28791	2.9234	64.163237895	5.3359
5 1 1			2.0		106.45		6.32		0.28791	0.5346	46.1701152	26.7419
1 5 13			2.03		108.48		6.21		0.28787	1.1973	71.2966048402	12.6128
4 6 6			1.98		110.46		6.29		0.28795	1.1903	71.9781772466	41.9784
4 4 12			1.66		112.12		7.37		0.28786	1.9475	72.2035773977	130.2426
2 6 10			1.81		113.94		7.47		0.28765	0.7069	72.0169435829	44.7171