HKL Value		Reward		TotalReward	Chi Squared	Z Appr. 	Error	Two-Thetas	Sfs2
5 1 13			0.0		0.0		0.0		0.3	0.4567	71.2764535317	11.3258
9 1 1			0.0		0.0		0.08		0.28627	0.8793	87.9915459652	19.6393
6 4 2			12.85		12.85		0.15		0.28634	0.2211	67.6401768609	4.8049
3 7 1			10.1		22.94		0.24		0.28624	1.2822	71.5694631273	22.2453
7 3 1			9.41		32.35		0.28		0.28613	0.5095	71.5359286583	22.1332
1 3 15			6.24		38.59		0.6		0.2833	0.2862	67.3623786269	8.1809
4 4 12			0.66		39.25		8.47		0.27709	1.9475	72.2035773977	130.2426
4 2 10			2.02		41.27		7.39		0.27784	1.1102	57.0442200735	11.3144
2 6 4			2.11		43.39		6.51		0.27802	0.8772	60.3635846112	78.02
2 0 14			2.21		45.59		5.82		0.27831	0.2634	58.6945218607	7.3942
2 4 2			2.19		47.78		5.51		0.27826	0.3828	40.8766170199	13.2501
0 6 10			2.34		50.12		5.01		0.27824	0.8527	69.1637693973	8.5049
1 1 15			2.32		52.44		4.8		0.27729	0.656	61.3839959686	20.6242
2 0 8			2.44		54.89		4.45		0.27737	0.1665	35.7565424018	1.5727
3 5 1			2.42		57.31		4.35		0.27729	0.5283	53.2544885252	31.9012
1 7 1			2.47		59.78		4.21		0.27722	0.5219	65.7901743415	26.2984
3 3 1			2.47		62.25		4.14		0.27714	0.5106	38.1558496662	33.1617
4 2 8			2.56		64.82		3.94		0.27705	0.7605	51.4203212226	2.5419
4 0 4			2.63		67.45		3.74		0.27714	1.2165	39.0343929222	79.1487
0 6 12			2.7		70.15		3.55		0.27702	0.3425	75.0250979777	1.887
0 2 12			2.63		72.78		3.59		0.27624	0.3827	50.6142203783	17.5707
3 3 13			2.62		75.4		3.63		0.27648	0.5636	65.4922780779	9.1158
1 1 13			2.58		77.97		3.71		0.27676	0.3722	52.9310122384	10.9703