HKL Value		Reward		TotalReward	Chi Squared	Z Appr. 	Error	Two-Thetas	Sfs2
5 1 13			0.0		0.0		0.0		0.3	0.4567	71.2764535317	11.3258
6 4 2			0.0		0.0		0.22		0.28639	0.2211	67.6401768609	4.8049
9 1 1			13.02		13.02		0.15		0.28634	0.8793	87.9915459652	19.6393
3 7 1			10.1		23.11		0.24		0.28624	1.2822	71.5694631273	22.2453
7 3 1			9.41		32.52		0.28		0.28613	0.5095	71.5359286583	22.1332
1 3 15			6.24		38.76		0.6		0.28329	0.2862	67.3623786269	8.1809
4 2 10			6.48		45.25		0.6		0.28214	1.1102	57.0442200735	11.3144
2 4 2			5.0		50.24		0.94		0.28204	0.3828	40.8766170199	13.2501
3 5 9			3.08		53.32		2.11		0.28181	0.4755	65.0802252419	19.5165
2 0 14			3.72		57.04		1.88		0.28166	0.2634	58.6945218607	7.3942
4 2 4			1.53		58.57		5.24		0.28099	0.7624	43.1345383828	64.2766
0 6 10			2.36		60.93		4.84		0.28035	0.8527	69.1637693973	8.5049
1 1 15			2.26		63.18		4.88		0.27923	0.656	61.3839959686	20.6242
3 5 1			2.32		65.5		4.76		0.27915	0.5283	53.2544885252	31.9012
2 0 8			2.45		67.95		4.42		0.27921	0.1665	35.7565424018	1.5727
1 3 7			1.71		69.67		6.12		0.24754	0.1893	39.2755843192	5.3372
1 7 1			2.16		71.82		5.75		0.2475	0.5219	65.7901743415	26.2984
3 3 1			2.2		74.02		5.44		0.24743	0.5106	38.1558496662	33.1617
0 2 12			1.3		75.32		8.28		0.24239	0.3827	50.6142203783	17.5707
1 1 13			1.64		76.96		8.66		0.24837	0.3722	52.9310122384	10.9703
0 6 2			1.81		78.77		8.24		0.24837	0.2356	55.3895592761	6.1752
3 3 9			1.82		80.59		7.95		0.24765	0.3816	52.4524123761	12.0632
3 1 15			1.85		82.44		7.68		0.24854	0.2871	67.3554895111	7.7692
0 2 10			1.77		84.21		7.81		0.24866	0.4317	42.9590557724	21.0204
2 4 14			1.86		86.06		7.58		0.24881	0.5221	70.6383718296	19.4111
6 2 4			1.84		87.9		7.5		0.2488	0.8727	60.3342977717	77.9073
0 6 14			1.81		89.71		7.55		0.24897	0.9096	81.7552219026	27.2955
3 1 9			1.89		91.6		7.32		0.24852	0.36	45.2950695798	8.7768
6 2 10			1.66		93.26		7.99		0.2484	0.7103	71.9901825081	43.9921
2 4 12			0.86		94.12		12.51		0.24098	0.2205	63.4791913795	4.8908
4 2 14			1.45		95.57		12.32		0.24147	1.2576	70.6282605877	19.9713
4 2 12			3.46		99.03		5.18		0.21351	0.2244	63.468523569	4.7972
0 6 8			2.23		101.26		5.09		0.21346	0.7694	64.1950429677	5.6946
4 2 2			2.25		103.51		5.02		0.21348	0.457	40.8620305525	12.2524
2 4 8			2.29		105.8		4.88		0.21345	0.1687	51.4325245866	2.4593
0 4 4			2.32		108.12		4.74		0.21347	0.8482	39.0545896029	78.0016
3 1 1			2.35		110.48		4.62		0.21347	0.5239	28.3131072915	41.7464
0 6 0			2.3		112.78		4.67		0.21347	1.4277	54.7714555341	59.4019
5 5 1			2.29		115.07		4.72		0.21352	0.5073	65.769247456	23.9531
0 0 20			2.3		117.37		4.72		0.2143	0.4542	83.3712939521	4.3689