HKL Value		Reward		TotalReward	Chi Squared	Z Appr. 	Error	Two-Thetas	Sfs2
2 2 5			0.0		0.0		0.0		0.5	0.26	70.7747179536	2.8196
0 0 7			0.0		0.0		0.0		0.45597	0.2	45.7499157105	0.0
4 0 3			1.0		1.0		0.0		0.45597	0.29	62.1413926063	0.0
2 1 0			-1.0		0.0		0.08		0.45597	0.16	38.6117414796	0.0084
4 1 4			-0.43		-0.43		0.14		0.45438	0.37	71.0458443611	0.4076
2 0 7			0.25		-0.18		0.11		0.45438	4.16	54.6555056564	0.0
3 1 4			0.17		-0.02		0.1		0.45423	0.33	57.7518627408	0.9567
3 0 2			0.17		0.15		0.08		0.45423	0.46	45.0164041053	0.0
2 0 1			0.14		0.29		0.07		0.45423	0.15	29.01034049	0.0
3 0 0			0.13		0.42		0.07		0.45423	0.45	42.9814560157	0.0
3 0 4			0.11		0.53		0.06		0.45423	0.64	50.7360354343	0.0
3 1 0			0.1		0.63		0.05		0.45423	0.86	50.7823995615	0.002
0 0 3			0.09		0.72		0.05		0.45423	0.03	19.1797885945	0.0
3 0 6			0.08		0.8		0.05		0.45423	0.11	59.366558438	0.0
1 0 4			0.08		0.88		0.04		0.45423	0.08	29.3672081998	0.0
0 0 4			-0.34		0.54		0.06		0.45171	0.08	25.6679215219	1.7476
2 0 3			0.07		0.61		0.06		0.45171	0.09	34.3920319457	0.0
1 0 0			0.06		0.67		0.06		0.45171	0.0	14.0285801003	0.0
4 0 5			0.06		0.73		0.05		0.45171	0.26	68.3700248267	0.0
1 0 8			0.06		0.79		0.05		0.45171	0.24	54.8685935926	0.0
4 0 1			0.05		0.84		0.05		0.45171	0.27	58.8934376912	0.0
2 0 5			0.05		0.89		0.05		0.45171	5.26	43.4052500519	0.0
3 0 8			0.05		0.94		0.04		0.45171	0.3	70.3147352648	0.0
1 0 6			0.05		0.98		0.04		0.45171	0.25	41.5701214249	0.0
0 1 5			-0.02		0.96		0.04		0.44964	0.34	41.7114803244	7.6693
1 -1 2			0.04		1.0		0.04		0.44986	0.39	32.1995090242	11.6912
4 1 1			0.02		1.02		0.04		0.44986	0.21	65.3342299592	0.4263
3 0 7			0.02		1.04		0.04		0.44883	0.18	64.5726747292	2.8781
2 1 1			0.02		1.06		0.04		0.44883	0.13	39.1745550983	0.4263
4 1 3			0.04		1.09		0.04		0.44883	0.15	68.408649436	0.0043
1 1 4			0.02		1.12		0.04		0.44871	0.3	39.4492672371	0.9567
-1 -1 -2			0.03		1.15		0.04		0.44892	0.31	32.1995090242	11.6912
4 1 5			-0.01		1.14		0.04		0.4478	1.53	74.3771604481	7.6693
1 1 2			0.03		1.17		0.03		0.44805	0.52	32.1995090242	11.6912
3 1 2			0.03		1.19		0.03		0.44826	0.11	52.5840292854	11.6912
-1 -1 2			0.03		1.22		0.03		0.44845	0.13	32.1995090242	11.6912
3 2 3			-0.31		0.91		0.05		0.44859	1.08	73.8091166097	1.7896
1 1 3			-0.37		0.54		0.08		0.44731	0.54	35.3770121777	12.6586
0 1 7			0.02		0.56		0.07		0.44626	0.26	53.2385720724	8.4036
0 1 6			-0.17		0.39		0.09		0.45312	0.0	47.2608104201	2.0239
2 1 8			0.02		0.41		0.09		0.45399	0.22	67.2524657177	7.5134
1 0 7			0.0		0.42		0.09		0.45327	0.54	48.0896902272	2.8781
1 2 6			-0.01		0.41		0.09		0.45266	0.11	69.4566609057	1.2895
2 1 7			0.0		0.41		0.09		0.45234	0.57	61.3678684761	8.4036
1 1 6			0.02		0.43		0.09		0.45216	0.38	49.5460147793	8.8974
0 2 7			0.02		0.46		0.08		0.45223	0.0	72.5085769296	0.0094
2 2 3			0.01		0.46		0.08		0.45196	0.31	64.6616050849	6.6891
3 2 4			-0.04		0.43		0.09		0.45137	0.0	76.369138646	3.3351
2 0 6			-0.2		0.23		0.11		0.44929	0.73	48.8015573959	6.3028
4 1 0			-0.03		0.2		0.11		0.44929	0.2	64.9447604845	0.0084