HKL Value		Reward		TotalReward	Chi Squared	Z Appr. 	Error	Two-Thetas	Sfs2
4 0 4			0.0		0.0		0.0		0.22645	1.2165	39.0343929222	79.1487
0 2 8			0.0		0.0		0.01		0.21889	0.1155	35.7619852008	1.7384
6 4 0			51.54		51.54		0.01		0.21889	1.8287	67.0910631577	58.6803
0 6 2			9.57		61.11		0.26		0.21916	0.2356	55.3895592761	6.1752
4 2 8			7.58		68.7		0.42		0.21845	0.7605	51.4203212226	2.5419
1 5 13			3.82		72.52		1.42		0.21267	1.1973	71.2966048402	12.6128
4 6 0			4.68		77.2		1.19		0.21267	0.7863	67.1083315067	59.4729
3 1 9			2.5		79.7		2.87		0.21098	0.36	45.2950695798	8.7768
0 0 18			1.96		81.65		4.63		0.20678	0.6609	73.530655613	37.988
0 6 18			2.3		83.95		4.69		0.20559	0.7949	98.0280769063	1.8601
0 2 18			2.39		86.34		4.51		0.20502	0.3755	76.3208597895	3.7538
2 0 16			2.31		88.65		4.6		0.20483	0.5935	67.2372591268	11.8907
5 1 9			2.51		91.16		4.24		0.20476	0.4583	58.9619928854	19.0838
1 5 9			2.57		93.74		3.96		0.20465	0.4394	58.984264935	17.7365
1 1 17			0.17		93.91		17.93		0.20451	2.447	70.2810461715	248.4175
0 6 16			1.33		95.24		16.91		0.2043	0.4825	89.3859051251	7.6515
6 0 0			1.33		96.57		16.15		0.2043	0.7256	54.7363985401	55.434
4 0 12			0.65		97.22		20.88		0.2039	2.7435	60.4154589103	161.2613
2 0 14			1.23		98.45		19.79		0.20409	0.2634	58.6945218607	7.3942
0 2 10			1.24		99.69		18.92		0.20422	0.4317	42.9590557724	21.0204
2 0 10			1.25		100.95		18.16		0.20437	0.6169	42.9543880851	20.236
0 4 12			0.72		101.66		21.92		0.20393	1.4889	60.4300914167	161.7651
4 4 12			0.85		102.51		23.84		0.20317	1.9475	72.2035773977	130.2426
6 2 10			0.97		103.48		24.35		0.20411	0.7103	71.9901825081	43.9921