HKL Value		Reward		TotalReward	Chi Squared	Z Appr. 	Error	Two-Thetas	Sfs2
4 0 4			0.0		0.0		0.0		0.47205	1.2165	39.0343929222	79.1487
0 2 8			0.0		0.0		0.01		0.46889	0.1155	35.7619852008	1.7384
6 4 0			51.54		51.54		0.01		0.46889	1.8287	67.0910631577	58.6803
0 6 2			0.46		52.01		9.76		0.46579	0.2356	55.3895592761	6.1752
4 2 8			2.22		54.22		7.43		0.46516	0.7605	51.4203212226	2.5419
2 2 4			2.3		56.52		6.02		0.46566	0.7551	29.4672289371	73.6026
4 6 0			2.43		58.96		5.02		0.46566	0.7863	67.1083315067	59.4729
1 5 13			1.98		60.94		5.66		0.48078	1.1973	71.2966048402	12.6128
3 1 9			2.14		63.07		5.57		0.48076	0.36	45.2950695798	8.7768
2 0 14			2.25		65.32		5.25		0.47977	0.2634	58.6945218607	7.3942
0 2 10			2.26		67.57		5.07		0.48138	0.4317	42.9590557724	21.0204
2 0 16			2.21		69.79		5.09		0.48492	0.5935	67.2372591268	11.8907
5 1 9			1.97		71.76		5.71		0.48433	0.4583	58.9619928854	19.0838
0 6 18			2.25		74.01		5.31		0.48108	0.7949	98.0280769063	1.8601
0 2 18			2.33		76.34		4.94		0.48075	0.3755	76.3208597895	3.7538
1 5 9			2.1		78.44		5.29		0.48031	0.4394	58.984264935	17.7365
0 0 18			2.31		80.75		4.97		0.48057	0.6609	73.530655613	37.988
1 3 9			2.27		83.02		4.9		0.48056	0.2622	45.3040218183	7.1674
0 6 16			2.28		85.3		4.85		0.48074	0.4825	89.3859051251	7.6515
7 1 1			2.03		87.34		5.42		0.48074	0.5207	65.7483230412	25.2044
0 4 18			2.2		89.54		5.29		0.47922	0.8369	84.5238780681	17.4513
2 4 8			2.28		91.82		5.04		0.47922	0.1687	51.4325245866	2.4593
1 1 9			2.33		94.14		4.81		0.47925	0.2216	37.1193146943	1.1702
0 2 14			2.35		96.49		4.66		0.47884	0.2479	58.6982494177	6.3292
0 6 8			2.4		98.9		4.47		0.47894	0.7694	64.1950429677	5.6946
2 6 6			0.8		99.7		10.29		0.48021	5.383	63.2392339525	346.2148
4 6 2			1.51		101.21		10.5		0.48012	0.2349	67.657370766	5.5969
1 1 5			0.55		101.76		17.19		0.47971	1.9661	22.8949597146	247.5537