HKL Value		Reward		TotalReward	Chi Squared	Z Appr. 	Error	Two-Thetas	Sfs2
0 4 12			0.0		0.0		0.0		0.12434	1.4889	60.4300914167	161.7651
4 0 4			0.0		0.0		4.97		0.0009	1.2165	39.0343929222	79.1487
0 4 14			0.34		0.34		15.29		0.00012	1.2337	67.7597167724	121.3788
0 2 8			2.07		2.41		10.98		0.00012	0.1155	35.7619852008	1.7384
6 4 0			2.17		4.58		8.24		0.00012	1.8287	67.0910631577	58.6803
0 6 2			0.63		5.21		14.59		0.00012	0.2356	55.3895592761	6.1752
4 2 8			1.38		6.59		14.16		0.00012	0.7605	51.4203212226	2.5419
2 2 4			1.6		8.19		12.62		0.00012	0.7551	29.4672289371	73.6026
4 6 0			1.72		9.91		11.04		0.00012	0.7863	67.1083315067	59.4729
1 5 13			0.29		10.19		21.38		0.00012	1.1973	71.2966048402	12.6128
3 1 9			1.01		11.21		21.94		0.00012	0.36	45.2950695798	8.7768
2 0 14			1.32		12.52		19.99		0.00012	0.2634	58.6945218607	7.3942
2 0 16			1.13		13.66		19.87		0.00012	0.5935	67.2372591268	11.8907
5 1 9			1.16		14.82		19.54		0.00012	0.4583	58.9619928854	19.0838
1 5 9			1.14		15.96		19.48		0.00012	0.4394	58.984264935	17.7365
0 0 18			0.17		16.13		31.92		0.00012	0.6609	73.530655613	37.988
7 3 3			0.98		17.11		30.93		0.00012	1.9283	72.601334037	69.5466
0 2 18			0.03		17.13		52.3		0.00012	0.3755	76.3208597895	3.7538
0 6 18			0.02		17.15		75.44		0.00012	0.7949	98.0280769063	1.8601
0 4 0			0.02		17.17		98.02		0.00012	6.137	35.7152072575	818.959