HKL Value		Reward		TotalReward	Chi Squared	Z Appr. 	Error	Two-Thetas	Sfs2
4 0 4			0.0		0.0		0.0		0.28836	1.2165	39.0343929222	79.1487
0 2 8			0.0		0.0		0.01		0.28111	0.1155	35.7619852008	1.7384
6 4 0			51.54		51.54		0.01		0.28111	1.8287	67.0910631577	58.6803
0 6 2			9.57		61.11		0.26		0.28084	0.2356	55.3895592761	6.1752
4 2 8			7.58		68.7		0.42		0.28155	0.7605	51.4203212226	2.5419
2 2 4			8.57		77.26		0.35		0.2811	0.7551	29.4672289371	73.6026
4 6 0			9.25		86.52		0.29		0.2811	0.7863	67.1083315067	59.4729
1 5 13			6.71		93.23		0.53		0.28458	1.1973	71.2966048402	12.6128
1 1 17			0.42		93.65		10.64		0.2892	2.447	70.2810461715	248.4175
3 1 9			1.71		95.36		9.84		0.28906	0.36	45.2950695798	8.7768
2 0 14			1.83		97.18		8.87		0.28913	0.2634	58.6945218607	7.3942
2 0 16			1.73		98.92		8.66		0.28891	0.5935	67.2372591268	11.8907
5 1 9			1.62		100.54		8.98		0.28886	0.4583	58.9619928854	19.0838
1 5 9			1.62		102.16		9.17		0.28881	0.4394	58.984264935	17.7365
0 0 18			1.41		103.57		10.25		0.29209	0.6609	73.530655613	37.988