HKL Value		Reward		TotalReward	Chi Squared	Z Appr. 	Error	Two-Thetas	Sfs2
4 0 4			0.0		0.0		0.0		0.11169	1.2165	39.0343929222	79.1487
0 0 10			0.0		0.0		53.03		0.12127	0.8316	38.8438017949	41.7013
0 2 8			1.89		1.89		27.47		0.12056	0.1155	35.7619852008	1.7384
6 4 0			1.97		3.86		18.32		0.12056	1.8287	67.0910631577	58.6803
0 6 2			1.85		5.71		13.9		0.12028	0.2356	55.3895592761	6.1752
4 2 8			1.51		7.22		12.93		0.11717	0.7605	51.4203212226	2.5419
1 5 13			1.56		8.78		12.03		0.11732	1.1973	71.2966048402	12.6128
0 2 18			1.69		10.48		10.79		0.1314	0.3755	76.3208597895	3.7538
0 0 18			1.82		12.3		9.47		0.13065	0.6609	73.530655613	37.988
1 1 15			1.86		14.15		8.54		0.13034	0.656	61.3839959686	20.6242
4 6 0			1.94		16.1		7.69		0.13034	0.7863	67.1083315067	59.4729
3 1 9			2.0		18.09		7.04		0.13073	0.36	45.2950695798	8.7768
0 6 18			2.07		20.17		6.45		0.13074	0.7949	98.0280769063	1.8601
2 0 16			1.99		22.16		6.39		0.13306	0.5935	67.2372591268	11.8907
1 5 9			2.13		24.29		5.95		0.13277	0.4394	58.984264935	17.7365
5 1 9			2.19		26.47		5.58		0.13245	0.4583	58.9619928854	19.0838
0 6 16			2.1		28.58		5.62		0.13445	0.4825	89.3859051251	7.6515
2 0 14			2.23		30.81		5.31		0.13463	0.2634	58.6945218607	7.3942
4 4 12			1.36		32.17		7.92		0.13609	1.9475	72.2035773977	130.2426
0 2 10			1.69		33.86		8.24		0.13618	0.4317	42.9590557724	21.0204
1 1 9			1.85		35.72		7.83		0.13619	0.2216	37.1193146943	1.1702
0 2 14			1.89		37.61		7.45		0.13618	0.2479	58.6982494177	6.3292
4 6 2			1.9		39.5		7.24		0.13617	0.2349	67.657370766	5.5969
6 4 2			1.93		41.43		7.02		0.13616	0.2211	67.6401768609	4.8049
2 4 8			1.92		43.35		6.91		0.13662	0.1687	51.4325245866	2.4593
0 6 8			1.96		45.31		6.74		0.13695	0.7694	64.1950429677	5.6946
4 2 14			1.98		47.29		6.56		0.13722	1.2576	70.6282605877	19.9713
3 1 13			1.98		49.27		6.48		0.13622	0.3869	59.4126405656	11.7895
5 1 13			2.0		51.27		6.37		0.13559	0.4567	71.2764535317	11.3258
4 0 10			1.86		53.13		6.74		0.13522	0.6243	53.7713327333	45.2096
5 3 9			1.94		55.08		6.68		0.13496	0.4833	65.0662013285	20.8409
0 4 18			2.0		57.08		6.47		0.13496	0.8369	84.5238780681	17.4513
6 0 6			1.98		59.06		6.43		0.13515	1.0815	60.1501886982	39.9969
2 2 10			1.87		60.93		6.75		0.13478	0.6429	46.7739448495	44.8949
0 6 10			1.94		62.87		6.69		0.13477	0.8527	69.1637693973	8.5049
0 0 20			1.99		64.86		6.52		0.13444	0.4542	83.3712939521	4.3689
4 2 10			1.96		66.82		6.53		0.13443	1.1102	57.0442200735	11.3144
1 5 1			1.88		68.69		6.77		0.13449	0.4978	46.196563203	27.3004
2 0 8			1.97		70.67		6.61		0.13454	0.1665	35.7565424018	1.5727
0 4 10			1.88		72.54		6.83		0.13424	0.9893	53.7871001638	44.1425
6 2 10			1.86		74.4		7.01		0.1339	0.7103	71.9901825081	43.9921
0 2 6			1.64		76.04		7.9		0.13432	1.1672	29.1471999487	131.5155