HKL Value		Reward		TotalReward	Chi Squared	Z Appr. 	Error	Two-Thetas	Sfs2
1 7 7			0.0		0.0		0.0		0.45532	0.4353	72.3061031614	6.1143
3 1 13			0.0		0.0		147.03		0.45355	0.3869	59.4126405656	11.7895
0 6 6			17.4		17.4		0.33		0.48224	1.0147	60.183190367	40.9583
2 4 8			8.64		26.04		0.33		0.4818	0.1687	51.4325245866	2.4593
2 4 6			5.35		31.39		0.8		0.4824	0.785	46.7364348384	64.2552
0 2 20			4.27		35.65		1.26		0.48532	0.4494	86.0769303832	2.8517
0 6 16			4.68		40.34		1.16		0.48572	0.4825	89.3859051251	7.6515
4 2 2			3.64		43.98		1.7		0.48568	0.457	40.8620305525	12.2524
4 6 0			4.17		48.15		1.49		0.48568	0.7863	67.1083315067	59.4729
0 2 16			3.9		52.05		1.61		0.48644	1.8687	67.2407114996	13.8307
6 4 0			4.21		56.26		1.45		0.48644	1.8287	67.0910631577	58.6803
0 2 10			4.4		60.66		1.32		0.48653	0.4317	42.9590557724	21.0204
6 4 2			2.46		63.12		2.98		0.48641	0.2211	67.6401768609	4.8049
5 1 9			2.42		65.54		3.72		0.4864	0.4583	58.9619928854	19.0838
6 4 6			2.44		67.98		4.0		0.48594	0.9247	71.9614498967	41.9809