HKL Value		Reward		TotalReward	Chi Squared	Z Appr. 	Error	Two-Thetas	Sfs2
1 7 7			0.0		0.0		0.0		0.15906	0.4353	72.3061031614	6.1143
2 4 8			0.0		0.0		2.49		0.21131	0.1687	51.4325245866	2.4593
2 0 12			7.69		7.69		0.58		0.22946	0.8079	50.6101057273	16.6151
3 1 13			1.61		9.3		4.34		0.21008	0.3869	59.4126405656	11.7895
4 6 0			3.04		12.33		3.27		0.21008	0.7863	67.1083315067	59.4729
0 6 6			1.6		13.93		5.82		0.20779	1.0147	60.183190367	40.9583
0 2 20			2.43		16.36		4.94		0.20661	0.4494	86.0769303832	2.8517
6 4 0			2.59		18.95		4.23		0.20661	1.8287	67.0910631577	58.6803
0 6 16			2.48		21.43		4.14		0.20442	0.4825	89.3859051251	7.6515
4 2 2			2.5		23.93		4.06		0.20485	0.457	40.8620305525	12.2524
3 1 3			1.01		24.94		8.75		0.20384	1.2003	30.3814370344	67.5761
0 2 16			1.85		26.79		8.14		0.1997	1.8687	67.2407114996	13.8307
2 4 6			1.63		28.41		8.63		0.19836	0.785	46.7364348384	64.2552
5 3 9			1.79		30.2		8.31		0.19929	0.4833	65.0662013285	20.8409
0 2 14			1.84		32.04		7.93		0.19965	0.2479	58.6982494177	6.3292
2 4 14			1.75		33.78		8.04		0.20239	0.5221	70.6383718296	19.4111
0 2 10			1.84		35.62		7.76		0.20366	0.4317	42.9590557724	21.0204
6 4 2			1.93		37.55		7.3		0.20366	0.2211	67.6401768609	4.8049
5 1 9			1.97		39.52		6.9		0.20335	0.4583	58.9619928854	19.0838
4 6 2			2.02		41.54		6.54		0.20335	0.2349	67.657370766	5.5969
6 4 6			2.03		43.57		6.33		0.2019	0.9247	71.9614498967	41.9809
3 5 7			2.07		45.64		6.08		0.20157	0.2309	60.5203777188	5.6046
4 6 6			2.1		47.75		5.87		0.20055	1.1903	71.9781772466	41.9784
3 3 13			2.1		49.85		5.77		0.20141	0.5636	65.4922780779	9.1158
3 3 11			0.87		50.71		10.81		0.19554	2.1204	58.6030846927	249.5822
2 4 10			1.46		52.17		11.11		0.1936	0.607	57.0555982332	12.0937
5 1 13			1.54		53.71		10.94		0.19361	0.4567	71.2764535317	11.3258
4 2 14			1.62		55.33		10.44		0.18457	1.2576	70.6282605877	19.9713
5 1 1			1.6		56.93		10.2		0.18464	0.5346	46.1701152	26.7419
2 4 2			1.6		58.52		10.05		0.18468	0.3828	40.8766170199	13.2501
0 6 18			1.65		60.17		9.73		0.18502	0.7949	98.0280769063	1.8601
3 5 9			1.58		61.75		9.84		0.18507	0.4755	65.0802252419	19.5165
4 2 8			1.49		63.24		10.3		0.1848	0.7605	51.4203212226	2.5419
4 2 12			1.57		64.82		10.23		0.18654	0.2244	63.468523569	4.7972
6 0 6			1.63		66.45		9.93		0.18648	1.0815	60.1501886982	39.9969
2 4 12			1.66		68.11		9.62		0.19588	0.2205	63.4791913795	4.8908
0 6 2			1.66		69.77		9.41		0.196	0.2356	55.3895592761	6.1752
6 0 12			1.69		71.46		9.15		0.19588	0.5892	74.995462768	0.9301
6 0 10			1.55		73.01		9.58		0.18891	1.0728	69.1331306246	8.9056
5 1 7			1.67		74.68		9.37		0.18936	0.2609	54.1000446603	4.252
0 6 8			1.67		76.35		9.2		0.18945	0.7694	64.1950429677	5.6946
4 2 10			1.65		78.0		9.19		0.18827	1.1102	57.0442200735	11.3144
0 6 10			1.62		79.62		9.31		0.18732	0.8527	69.1637693973	8.5049
1 1 9			1.69		81.31		9.1		0.1873	0.2216	37.1193146943	1.1702
1 5 1			1.69		83.0		8.96		0.18734	0.4978	46.196563203	27.3004
3 1 1			1.72		84.72		8.77		0.18734	0.5239	28.3131072915	41.7464
1 1 3			1.67		86.39		8.83		0.18731	0.4514	16.9416048235	36.8187
0 4 10			1.67		88.06		8.89		0.18676	0.9893	53.7871001638	44.1425
1 3 7			1.71		89.77		8.77		0.18696	0.1893	39.2755843192	5.3372
1 5 7			1.72		91.49		8.65		0.18718	0.6035	54.1236034243	4.2528
1 3 9			1.72		93.21		8.56		0.1872	0.2622	45.3040218183	7.1674
1 1 7			1.74		94.95		8.46		0.18745	0.2012	29.7561292971	6.5386
1 1 13			1.73		96.68		8.41		0.18742	0.3722	52.9310122384	10.9703
2 0 10			1.77		98.44		8.25		0.18741	0.6169	42.9543880851	20.236
1 5 9			1.73		100.18		8.28		0.18752	0.4394	58.984264935	17.7365
3 1 7			1.76		101.94		8.18		0.18773	0.257	39.2655360855	5.205
6 0 0			1.77		103.71		8.11		0.18773	0.7256	54.7363985401	55.434
6 0 2			1.79		105.49		8.0		0.18775	0.2214	55.354768557	5.4487
3 1 15			1.8		107.29		7.9		0.18742	0.2871	67.3554895111	7.7692
7 3 1			1.75		109.04		7.99		0.18747	0.5095	71.5359286583	22.1332
4 4 12			1.74		110.78		8.11		0.18697	1.9475	72.2035773977	130.2426
0 6 14			1.73		112.51		8.2		0.18682	0.9096	81.7552219026	27.2955