HKL Value		Reward		TotalReward	Chi Squared	Z Appr. 	Error	Two-Thetas	Sfs2
1 7 7			0.0		0.0		0.0		0.28729	0.4353	72.3061031614	6.1143
2 4 8			0.0		0.0		0.11		0.33575	0.1687	51.4325245866	2.4593
0 6 6			4.83		4.83		0.92		0.33625	1.0147	60.183190367	40.9583
3 1 13			3.64		8.47		1.65		0.33219	0.3869	59.4126405656	11.7895
0 2 20			3.87		12.34		1.66		0.33595	0.4494	86.0769303832	2.8517
4 6 0			4.45		16.79		1.34		0.33595	0.7863	67.1083315067	59.4729
0 6 16			3.78		20.57		1.65		0.33646	0.4825	89.3859051251	7.6515
6 4 0			4.29		24.85		1.42		0.33646	1.8287	67.0910631577	58.6803
2 2 6			0.0		24.86		40.28		0.33593	8.3224	34.2684003079	615.2447
2 4 6			1.16		26.01		35.81		0.33592	0.785	46.7364348384	64.2552
4 2 2			1.1		27.11		32.92		0.33587	0.457	40.8620305525	12.2524
6 0 0			1.12		28.23		30.35		0.33587	0.7256	54.7363985401	55.434
1 1 5			0.18		28.4		41.59		0.34458	1.9661	22.8949597146	247.5537
0 2 16			1.0		29.41		38.78		0.34438	1.8687	67.2407114996	13.8307
5 3 9			1.03		30.44		36.06		0.34506	0.4833	65.0662013285	20.8409
4 2 10			1.02		31.46		33.97		0.34538	1.1102	57.0442200735	11.3144
0 2 10			0.99		32.45		32.54		0.34572	0.4317	42.9590557724	21.0204
6 4 2			1.05		33.5		30.75		0.34567	0.2211	67.6401768609	4.8049
0 2 14			1.06		34.56		29.11		0.34645	0.2479	58.6982494177	6.3292
5 1 9			1.07		35.63		27.72		0.34778	0.4583	58.9619928854	19.0838
0 0 6			0.07		35.71		43.98		0.34495	7.4326	23.0169618987	709.6598
4 6 2			0.91		36.62		42.01		0.34491	0.2349	67.657370766	5.5969
6 4 6			0.89		37.51		40.51		0.34576	0.9247	71.9614498967	41.9809
4 6 6			0.9		38.41		39.12		0.34659	1.1903	71.9781772466	41.9784
2 4 10			0.92		39.33		37.69		0.34673	0.607	57.0555982332	12.0937
4 2 14			0.93		40.25		36.41		0.34784	1.2576	70.6282605877	19.9713
3 3 13			0.94		41.19		35.2		0.34787	0.5636	65.4922780779	9.1158
2 4 2			0.93		42.12		34.2		0.34787	0.3828	40.8766170199	13.2501
5 1 13			0.95		43.07		33.21		0.3479	0.4567	71.2764535317	11.3258
2 4 12			0.92		43.99		32.61		0.35232	0.2205	63.4791913795	4.8908
4 2 12			0.96		44.95		31.69		0.35382	0.2244	63.468523569	4.7972
3 5 9			0.98		45.93		30.72		0.35354	0.4755	65.0802252419	19.5165
6 0 6			1.0		46.93		29.76		0.35349	1.0815	60.1501886982	39.9969
6 0 10			1.0		47.93		28.95		0.35344	1.0728	69.1331306246	8.9056
5 1 1			0.98		48.91		28.42		0.3534	0.5346	46.1701152	26.7419
0 6 2			1.01		49.93		27.68		0.35343	0.2356	55.3895592761	6.1752
0 6 10			1.02		50.95		26.99		0.35338	0.8527	69.1637693973	8.5049
2 2 16			0.91		51.86		27.47		0.35571	1.1693	70.1293332912	108.6018
0 4 10			0.96		52.82		27.4		0.35618	0.9893	53.7871001638	44.1425
4 2 8			1.03		53.85		26.7		0.35606	0.7605	51.4203212226	2.5419
6 2 8			0.78		54.63		28.56		0.35899	3.3751	67.1207225085	222.106
1 5 1			0.98		55.61		28.15		0.35893	0.4978	46.196563203	27.3004
1 1 9			1.01		56.62		27.48		0.3589	0.2216	37.1193146943	1.1702
1 3 7			1.02		57.64		26.88		0.3589	0.1893	39.2755843192	5.3372
3 1 1			0.98		58.62		26.7		0.3588	0.5239	28.3131072915	41.7464
0 6 8			1.03		59.65		26.12		0.35854	0.7694	64.1950429677	5.6946
2 6 6			0.69		60.34		29.02		0.35632	5.383	63.2392339525	346.2148
2 2 2			0.81		61.14		30.27		0.35661	1.1162	26.2109248846	125.5642
1 1 7			0.97		62.11		29.68		0.35661	0.2012	29.7561292971	6.5386
1 1 3			0.95		63.06		29.37		0.35648	0.4514	16.9416048235	36.8187
2 4 14			0.98		64.04		28.79		0.35648	0.5221	70.6383718296	19.4111
2 0 10			0.97		65.01		28.45		0.35632	0.6169	42.9543880851	20.236
1 3 9			0.99		66.0		27.9		0.35632	0.2622	45.3040218183	7.1674
1 5 7			1.0		67.0		27.4		0.35632	0.6035	54.1236034243	4.2528
7 3 1			1.0		68.0		27.0		0.35629	0.5095	71.5359286583	22.1332
3 1 15			1.01		69.0		26.59		0.35624	0.2871	67.3554895111	7.7692
1 1 13			1.01		70.02		26.19		0.35663	0.3722	52.9310122384	10.9703
0 2 8			1.03		71.04		25.73		0.35669	0.1155	35.7619852008	1.7384
6 0 12			1.03		72.07		25.32		0.35752	0.5892	74.995462768	0.9301
5 1 7			1.04		73.11		24.91		0.35752	0.2609	54.1000446603	4.252
3 1 7			1.05		74.16		24.52		0.35752	0.257	39.2655360855	5.205
2 0 0			0.97		75.13		24.88		0.35752	2.02	17.6289686615	175.6782
1 5 9			1.05		76.17		24.5		0.35724	0.4394	58.984264935	17.7365
2 4 0			1.03		77.2		24.33		0.35724	1.4359	40.0960076051	88.2765
1 3 1			1.02		78.23		24.25		0.35718	0.5324	28.3265170018	42.1271
2 0 16			1.05		79.27		23.96		0.35762	0.5935	67.2372591268	11.8907
3 1 9			1.06		80.34		23.6		0.35745	0.36	45.2950695798	8.7768
0 6 14			1.07		81.4		23.28		0.35744	0.9096	81.7552219026	27.2955
5 5 1			1.07		82.47		23.02		0.35739	0.5073	65.769247456	23.9531
2 0 4			0.96		83.43		23.76		0.35757	1.3874	23.4143586184	109.347
2 0 8			1.06		84.49		23.43		0.3576	0.1665	35.7565424018	1.5727
6 0 2			1.07		85.56		23.12		0.35762	0.2214	55.354768557	5.4487
9 1 1			1.07		86.63		22.87		0.35761	0.8793	87.9915459652	19.6393
3 3 1			1.06		87.69		22.74		0.35756	0.5106	38.1558496662	33.1617
3 5 1			1.06		88.75		22.6		0.3575	0.5283	53.2544885252	31.9012
4 0 4			1.01		89.76		22.97		0.35734	1.2165	39.0343929222	79.1487
3 7 1			1.07		90.83		22.75		0.35729	1.2822	71.5694631273	22.2453
4 2 6			1.08		91.91		22.52		0.35698	1.6049	46.7233273538	62.1975
7 3 3			1.06		92.97		22.48		0.35686	1.9283	72.601334037	69.5466
5 5 7			1.09		94.05		22.21		0.35686	0.6639	72.2860687267	4.3062
0 2 18			1.09		95.15		21.94		0.35675	0.3755	76.3208597895	3.7538
1 5 13			1.09		96.24		21.73		0.35707	1.1973	71.2966048402	12.6128
2 2 10			1.07		97.31		21.78		0.35739	0.6429	46.7739448495	44.8949
0 4 16			1.08		98.39		21.73		0.35955	1.5557	75.7704700384	94.8658
0 2 0			1.04		99.42		22.03		0.35955	1.4407	17.6394681947	177.2483
2 0 14			1.1		100.52		21.78		0.35963	0.2634	58.6945218607	7.3942
0 6 4			1.07		101.59		21.8		0.35971	0.6675	57.2171401797	42.9768
3 3 15			1.1		102.68		21.57		0.35982	0.3402	73.0835579415	3.8877
6 0 8			1.11		103.79		21.33		0.35964	2.9234	64.163237895	5.3359
1 1 15			1.1		104.89		21.23		0.3599	0.656	61.3839959686	20.6242
4 4 12			1.07		105.96		21.36		0.3581	1.9475	72.2035773977	130.2426
0 6 0			1.1		107.06		21.19		0.3581	1.4277	54.7714555341	59.4019
0 4 20			1.1		108.16		21.1		0.36042	1.027	94.1654323607	18.6345
5 3 7			1.11		109.27		20.89		0.36042	0.2523	60.5057581853	5.4388
6 2 10			1.09		110.36		20.89		0.36063	0.7103	71.9901825081	43.9921
2 6 10			1.09		111.46		20.9		0.36083	0.7069	72.0169435829	44.7171
6 4 4			1.1		112.56		20.82		0.36088	0.6669	69.2748711385	33.991
5 5 5			1.09		113.66		20.83		0.36114	1.5862	69.0631626084	104.8873
0 0 20			1.1		114.75		20.82		0.36262	0.4542	83.3712939521	4.3689
4 6 4			1.11		115.86		20.74		0.36263	1.0731	69.291881243	33.3045
3 1 11			0.98		116.84		21.66		0.36267	2.3814	52.0481274199	292.2152
3 3 9			1.1		117.94		21.49		0.36262	0.3816	52.4524123761	12.0632