HKL Value		Reward		TotalReward	Chi Squared	Z Appr. 	Error	Two-Thetas	Sfs2
0 4 6			0.0		0.0		0.0		0.42613	3.7688	42.9189471786	481.9509
1 7 7			0.0		0.0		257.94		0.18118	0.4353	72.3061031614	6.1143
3 1 13			0.87		0.87		130.66		0.17967	0.3869	59.4126405656	11.7895
2 4 8			1.04		1.91		92.42		0.17694	0.1687	51.4325245866	2.4593
4 6 0			1.18		3.1		69.32		0.17694	0.7863	67.1083315067	59.4729
0 6 6			1.24		4.34		55.6		0.17713	1.0147	60.183190367	40.9583
0 2 20			1.1		5.44		49.01		0.18446	0.4494	86.0769303832	2.8517
6 4 0			1.21		6.64		42.01		0.18446	1.8287	67.0910631577	58.6803
0 6 16			0.96		7.6		39.73		0.18245	0.4825	89.3859051251	7.6515
4 2 2			1.11		8.71		35.91		0.18249	0.457	40.8620305525	12.2524
2 4 6			1.14		9.86		32.47		0.18234	0.785	46.7364348384	64.2552
0 2 16			1.11		10.97		30.02		0.18141	1.8687	67.2407114996	13.8307
5 3 9			1.05		12.02		28.67		0.18135	0.4833	65.0662013285	20.8409
0 2 14			1.1		13.11		27.12		0.18191	0.2479	58.6982494177	6.3292
0 2 10			1.15		14.26		25.33		0.18231	0.4317	42.9590557724	21.0204
6 4 2			1.18		15.45		23.67		0.18234	0.2211	67.6401768609	4.8049
5 1 9			1.11		16.56		22.97		0.18242	0.4583	58.9619928854	19.0838
4 6 2			1.2		17.76		21.67		0.18245	0.2349	67.657370766	5.5969
6 4 6			1.18		18.94		20.79		0.18288	0.9247	71.9614498967	41.9809
4 6 6			1.2		20.14		19.99		0.18337	1.1903	71.9781772466	41.9784
2 4 10			1.25		21.39		19.02		0.18307	0.607	57.0555982332	12.0937
0 6 8			1.26		22.65		18.22		0.18295	0.7694	64.1950429677	5.6946
4 2 10			1.28		23.93		17.42		0.18267	1.1102	57.0442200735	11.3144
3 3 13			1.29		25.22		16.8		0.18244	0.5636	65.4922780779	9.1158
4 2 14			1.31		26.52		16.23		0.18225	1.2576	70.6282605877	19.9713
5 1 13			1.31		27.84		15.75		0.18199	0.4567	71.2764535317	11.3258
2 4 2			1.32		29.16		15.38		0.18202	0.3828	40.8766170199	13.2501
3 5 9			1.29		30.45		15.29		0.18198	0.4755	65.0802252419	19.5165
6 0 6			1.37		31.81		14.75		0.18202	1.0815	60.1501886982	39.9969
4 2 12			1.28		33.09		14.9		0.1845	0.2244	63.468523569	4.7972
4 2 8			1.25		34.34		15.21		0.18415	0.7605	51.4203212226	2.5419
2 4 12			1.31		35.65		15.02		0.18608	0.2205	63.4791913795	4.8908
3 5 7			1.35		37.0		14.64		0.18678	0.2309	60.5203777188	5.6046
0 6 2			1.37		38.37		14.27		0.18683	0.2356	55.3895592761	6.1752
6 0 12			1.42		39.79		13.71		0.19797	0.5892	74.995462768	0.9301
5 1 1			1.41		41.2		13.36		0.20352	0.5346	46.1701152	26.7419
0 6 18			1.43		42.63		12.99		0.20295	0.7949	98.0280769063	1.8601
6 0 10			1.28		43.91		13.63		0.20488	1.0728	69.1331306246	8.9056
2 0 12			1.37		45.28		13.54		0.20483	0.8079	50.6101057273	16.6151
5 1 7			1.42		46.69		13.22		0.20477	0.2609	54.1000446603	4.252
0 6 10			1.28		47.97		13.78		0.2061	0.8527	69.1637693973	8.5049
1 1 9			1.37		49.34		13.66		0.20488	0.2216	37.1193146943	1.1702
1 5 1			1.41		50.75		13.36		0.20491	0.4978	46.196563203	27.3004
1 1 15			1.42		52.17		13.06		0.20507	0.656	61.3839959686	20.6242
3 1 1			1.44		53.6		12.76		0.20507	0.5239	28.3131072915	41.7464
0 4 10			1.33		54.93		13.17		0.20598	0.9893	53.7871001638	44.1425
1 3 7			1.42		56.35		12.91		0.20595	0.1893	39.2755843192	5.3372
4 4 12			1.19		57.55		14.06		0.20564	1.9475	72.2035773977	130.2426
2 2 0			0.16		57.71		27.3		0.20564	11.1953	25.0390113278	1035.9387
3 3 11			1.07		58.77		26.29		0.18645	2.1204	58.6030846927	249.5822
1 5 7			1.02		59.8		25.83		0.18663	0.6035	54.1236034243	4.2528
1 3 9			1.03		60.83		25.4		0.18664	0.2622	45.3040218183	7.1674
1 1 13			1.03		61.86		25.03		0.18661	0.3722	52.9310122384	10.9703
1 1 7			1.04		62.9		24.63		0.18682	0.2012	29.7561292971	6.5386
2 0 10			1.06		63.96		24.18		0.18682	0.6169	42.9543880851	20.236
6 0 2			1.06		65.03		23.77		0.18684	0.2214	55.354768557	5.4487
1 1 3			1.05		66.08		23.55		0.18681	0.4514	16.9416048235	36.8187
2 4 14			1.07		67.14		23.24		0.18666	0.5221	70.6383718296	19.4111
1 5 9			1.06		68.21		23.01		0.18673	0.4394	58.984264935	17.7365
6 0 0			1.08		69.29		22.7		0.18673	0.7256	54.7363985401	55.434
3 1 7			1.09		70.38		22.38		0.18692	0.257	39.2655360855	5.205
3 1 15			1.1		71.47		22.03		0.18676	0.2871	67.3554895111	7.7692
7 3 1			1.08		72.56		21.89		0.1868	0.5095	71.5359286583	22.1332
0 6 14			1.08		73.64		21.76		0.18666	0.9096	81.7552219026	27.2955
2 4 0			1.09		74.73		21.64		0.18666	1.4359	40.0960076051	88.2765
2 0 16			1.08		75.81		21.58		0.18657	0.5935	67.2372591268	11.8907
0 2 8			0.93		76.74		22.85		0.18645	0.1155	35.7619852008	1.7384
2 0 8			0.89		77.63		24.19		0.18628	0.1665	35.7565424018	1.5727
3 1 9			1.05		78.68		23.9		0.18629	0.36	45.2950695798	8.7768
5 5 1			1.04		79.72		23.78		0.18635	0.5073	65.769247456	23.9531
0 4 16			1.05		80.77		23.52		0.18628	1.5557	75.7704700384	94.8658
1 3 1			1.07		81.84		23.2		0.18628	0.5324	28.3265170018	42.1271
3 5 1			1.07		82.91		22.91		0.18631	0.5283	53.2544885252	31.9012
0 6 12			1.07		83.98		22.71		0.18704	0.3425	75.0250979777	1.887
3 3 1			1.08		85.06		22.44		0.18707	0.5106	38.1558496662	33.1617
2 2 10			1.08		86.14		22.26		0.18668	0.6429	46.7739448495	44.8949
9 1 1			1.07		87.21		22.2		0.18674	0.8793	87.9915459652	19.6393
4 2 6			1.09		88.3		21.95		0.18667	1.6049	46.7233273538	62.1975
0 6 0			1.09		89.39		21.75		0.18667	1.4277	54.7714555341	59.4019
3 7 1			1.09		90.47		21.64		0.18672	1.2822	71.5694631273	22.2453
4 0 10			1.09		91.57		21.49		0.18638	0.6243	53.7713327333	45.2096
5 5 7			1.1		92.67		21.3		0.1866	0.6639	72.2860687267	4.3062
4 0 4			1.09		93.76		21.24		0.18675	1.2165	39.0343929222	79.1487
7 1 7			1.11		94.87		21.01		0.18689	0.3505	72.2660298289	5.0526
6 0 8			1.12		95.99		20.8		0.18689	2.9234	64.163237895	5.3359
3 3 9			1.12		97.11		20.64		0.18691	0.3816	52.4524123761	12.0632
2 6 4			1.11		98.22		20.57		0.18707	0.8772	60.3635846112	78.02
7 1 1			1.13		99.34		20.39		0.18709	0.5207	65.7483230412	25.2044
5 3 7			1.13		100.48		20.19		0.18724	0.2523	60.5057581853	5.4388
0 4 4			1.12		101.6		20.13		0.18742	0.8482	39.0545896029	78.0016
1 5 13			1.13		102.73		19.98		0.18739	1.1973	71.2966048402	12.6128
1 3 13			1.14		103.87		19.84		0.18736	0.3907	59.4200243294	11.5335
0 6 4			1.11		104.97		19.96		0.1874	0.6675	57.2171401797	42.9768
2 6 10			1.13		106.11		19.87		0.18697	0.7069	72.0169435829	44.7171
2 0 2			1.12		107.23		19.85		0.187	0.6502	19.2320929378	35.9547
0 2 18			1.15		108.38		19.64		0.18698	0.3755	76.3208597895	3.7538
3 3 15			1.15		109.53		19.51		0.18646	0.3402	73.0835579415	3.8877
0 4 20			1.16		110.68		19.31		0.18647	1.027	94.1654323607	18.6345
6 2 10			1.15		111.83		19.22		0.18624	0.7103	71.9901825081	43.9921
5 3 1			1.16		113.0		19.05		0.18625	0.5252	53.2386121167	32.835
4 2 0			1.15		114.15		18.98		0.18625	0.9287	40.0811891304	86.5118
4 4 10			1.16		115.32		18.86		0.1861	0.6886	66.23802526	47.6672