Number of epochs: 375+00
2.088448140584817370e-01
1.487362479304018770e+00
1.097159927236217580e+00
1.357159026743809394e-01
1.324378052491952173e+00
4.599554555429730129e-01
7.401824664843048573e-02
1.464254805435241780e+00
2.173657653734122064e-01
2.285174525929295264e+00
1.358364177846118848e+00
3.915978350795405460e-01
2.407391940555520637e+00
1.250273472402252617e+00
1.522909510735474647e+00
1.616724471752925663e+00
1.270975996543994846e+00
1.434695359729898811e+00
1.458799822574860183e+00
1.425926809851983945e+00
1.311823153234765060e+00
1.492339748945129552e+00
1.547966820225754825e+00
1.427049490516748564e+00
1.450148213364797156e+00
1.259169421660361499e+00
1.382694887430913955e+00
1.013328088891109147e+00
1.232623844432332527e+00
9.308784492283149747e-01
1.444363433203704750e+00
1.268111030010759421e+00
9.279281570296351589e-01
2.057954485266095368e+00
8.179734378984312437e-01
8.365509900610568206e-01
1.654620489340138612e+00
6.773999916849394731e-01
1.848313994719684716e+00
1.597842213923519772e+00
1.091905609167647562e+00
1.777010310678408977e+00
1.506184958575396138e+00
1.226011660015902338e+00
1.094023856822941232e+00
9.958079829769201918e-01
1.114609485234776320e+00
1.245180952467582980e+00
9.775532713136034779e-01
1.377181193446367136e+00
8.617950567504678583e-01
1.061227844490050920e+00
1.182703945867603190e+00
8.249588305212031125e-01
1.138362432952728875e+00
1.320988303388979768e+00
8.969765909533999881e-01
1.414677553889426731e+00
1.309138932237543740e+00
8.156348547790591708e-01
1.275195428429888755e+00
1.100903327220724481e+00
1.260206559058786091e+00
1.230833474907011560e+00
1.042094837727988388e+00
1.318412057081260969e+00
1.335280169159982711e+00
1.365727622732839430e+00
1.316342481748179249e+00
1.330571885680227773e+00
7.530942324470349947e-01
6.759738388842072565e-01
1.088105036193924846e+00
1.267125977017768079e+00
1.028539141598365347e+00
1.080502271687088234e+00
9.370413011024271155e-01
1.187042577274090238e+00
1.011901219301755583e+00
9.408511671093988671e-01
1.171173498249793221e+00
1.300594470224981203e+00
1.237468417251479824e+00
3.124769089936115796e-01
1.159076503813256664e+00
2.067235944259927238e-01
1.640670110611813559e+00
1.258644296588640854e+00
2.786281980446124185e-01
1.377905992450979333e+00
3.050455072654667532e-01
2.322190569787960235e-01
2.097885915652307975e+00
6.650942567770604663e-01
1.757416305904642595e+00
2.814978818979795516e+00
5.041149619300174800e-01
1.716569549367964465e+00
1.517209816646041931e+00
1.468636365378397368e+00
1.470523903598067061e+00
1.308016983227173524e+00
1.537852172324299271e+00
1.202964002620550144e+00
1.268771260817847191e+00
1.493032907465801751e+00
1.220255274587797034e+00
1.376846391244761270e+00
3.681664664834348066e+00
6.060934469919123657e-01
1.446960184130076987e+00
6.168506787695916538e-01
1.363392453251921932e+00
1.476592876491175765e+00
5.796888303736559278e-01
1.554015532210945683e+00
7.710424335497005899e-01
4.998209970518083800e-01
3.084482956670498321e+00
6.596193015516886859e-01
1.519406654630077735e+00
7.978496515539482692e-01
1.546749848205813072e+00
1.454313951009438055e+00
1.818303263755633781e+00
1.495407130585923783e+00
1.321819643563583169e+00
1.940644874437732925e+00
1.465015801253338301e+00
1.646633738414613246e+00
1.303211413446710987e+00
1.501467511938259669e+00
1.313769496230232203e+00
1.639530519858564350e+00
1.879821543118521898e+00
1.369270696855171332e+00
1.325497591265893060e+00
1.346834116609412435e+00
1.559958033402281785e+00
1.684300262607889564e+00
1.309147913128658081e+00
1.571492795935169884e+00
1.335774676501162661e+00
6.166589762206692305e-01
4.996562152727179185e-01
5.744906958977927802e-01
4.198760816422440478e-01
4.601272297780905629e-01
7.592632150153322268e-01
9.019783232335394363e-01
6.602439251218505945e-01
1.077683306699924293e+00
1.095311824201497863e+00
1.160109619440447659e+00
1.470245948505525480e+00
1.283486317601593596e+00
6.418459116043903068e-01
1.647278296242989271e+00
1.032591905601950133e+00
1.650074915997006286e+00
1.362318544810294796e+00
1.264921805595176751e+00
1.476345858053543569e+00
2.705455322053890388e+00
1.654198982467878443e+00
1.326404558734689987e+00
1.672381422088365488e+00
1.374542229232498469e+00
9.960568749163342117e-01
1.366617428128196865e+00
1.115435018454267624e+00
1.828650138969703187e+00
8.557606833328844642e-01
1.675920901748597203e+00
1.165707501139626068e+00
1.502371917156999581e+00
1.452192006531069612e+00
1.362708444640143846e+00
1.477735298289480470e+00
1.272117540964333937e+00
1.363542808989638422e+00
1.282387583707801149e+00
1.457476854551705170e+00
2.013358883161339374e+00
1.261113883958313808e+00
1.366988250207967992e+00
2.304752327387120658e+00
8.295749078928990050e-01
1.255115069272814576e+00
1.374802618933978593e+00
1.250153312370102521e+00
1.192674241391510348e+00
1.331294457463022551e+00
2.495673684318303387e+00
1.356451948136665919e+00
1.274547252274712772e+00
1.046255676674797019e+00
