HKL Value		Reward		TotalReward	Chi Squared	Z Appr. 	Error	Two-Thetas	Sfs2
6 2 8			0.0		0.0		0.0		0.3	3.3751	67.1207225085	222.106
1 1 13			0.0		0.0		74.51		0.25151	0.3722	52.9310122384	10.9703
0 2 20			1.63		1.63		37.64		0.25202	0.4494	86.0769303832	2.8517
9 1 1			1.79		3.41		25.47		0.25218	0.8793	87.9915459652	19.6393
1 5 7			1.07		4.49		24.72		0.24763	0.6035	54.1236034243	4.2528
0 0 4			1.46		5.95		20.91		0.24759	0.8482	15.2869714585	59.1035
5 1 13			1.47		7.41		18.13		0.24893	0.4567	71.2764535317	11.3258
6 4 2			1.53		8.95		15.72		0.24893	0.2211	67.6401768609	4.8049
0 0 6			0.0		8.95		85.54		0.24886	7.4326	23.0169618987	709.6598
2 4 14			0.97		9.91		76.28		0.24891	0.5221	70.6383718296	19.4111
4 0 4			0.95		10.86		69.09		0.24891	1.2165	39.0343929222	79.1487
1 3 9			0.95		11.82		62.88		0.24873	0.2622	45.3040218183	7.1674
6 0 8			0.9		12.72		58.45		0.24865	2.9234	64.163237895	5.3359
4 6 0			0.94		13.67		53.96		0.24865	0.7863	67.1083315067	59.4729
6 4 0			0.94		14.61		50.11		0.24865	1.8287	67.0910631577	58.6803
3 3 13			0.93		15.54		47.07		0.24975	0.5636	65.4922780779	9.1158
0 2 8			0.94		16.47		44.28		0.24975	0.1155	35.7619852008	1.7384
2 4 10			0.93		17.41		41.95		0.24975	0.607	57.0555982332	12.0937
2 4 2			0.95		18.36		39.73		0.24975	0.3828	40.8766170199	13.2501
0 6 2			0.97		19.33		37.66		0.24975	0.2356	55.3895592761	6.1752
6 2 4			0.95		20.28		36.05		0.24975	0.8727	60.3342977717	77.9073
4 4 4			0.97		21.25		34.51		0.24975	0.8476	53.9354251327	76.9211
0 2 18			0.99		22.24		33.01		0.24975	0.3755	76.3208597895	3.7538
0 6 16			0.87		23.11		32.99		0.24955	0.4825	89.3859051251	7.6515
7 1 1			1.0		24.11		31.62		0.24953	0.5207	65.7483230412	25.2044
2 6 4			0.99		25.1		30.57		0.24953	0.8772	60.3635846112	78.02
4 6 2			1.02		26.12		29.42		0.24953	0.2349	67.657370766	5.5969
1 5 1			1.03		27.15		28.35		0.24949	0.4978	46.196563203	27.3004
0 4 4			1.03		28.17		27.52		0.24948	0.8482	39.0545896029	78.0016
3 3 15			1.05		29.23		26.57		0.24939	0.3402	73.0835579415	3.8877
4 4 12			1.04		30.27		25.88		0.24932	1.9475	72.2035773977	130.2426
0 6 14			1.04		31.32		25.33		0.24937	0.9096	81.7552219026	27.2955
0 6 12			0.39		31.7		32.26		0.24366	0.3425	75.0250979777	1.887
0 2 14			0.96		32.67		31.39		0.24317	0.2479	58.6982494177	6.3292
0 6 8			0.96		33.63		30.64		0.24295	0.7694	64.1950429677	5.6946
3 1 13			0.93		34.56		30.39		0.24521	0.3869	59.4126405656	11.7895
6 2 10			0.92		35.48		30.25		0.24503	0.7103	71.9901825081	43.9921
2 0 14			0.98		36.46		29.53		0.24461	0.2634	58.6945218607	7.3942
5 3 1			1.0		37.46		28.77		0.24458	0.5252	53.2386121167	32.835
0 6 0			0.99		38.45		28.2		0.24458	1.4277	54.7714555341	59.4019
6 0 12			0.49		38.94		33.32		0.23815	0.5892	74.995462768	0.9301
2 4 8			0.93		39.87		32.61		0.238	0.1687	51.4325245866	2.4593
4 2 14			0.93		40.79		32.07		0.23815	1.2576	70.6282605877	19.9713
0 4 20			0.95		41.75		31.36		0.23787	1.027	94.1654323607	18.6345
1 3 13			0.81		42.56		32.25		0.23907	0.3907	59.4200243294	11.5335
4 4 10			0.9		43.45		32.06		0.23893	0.6886	66.23802526	47.6672
2 4 0			0.92		44.37		31.67		0.23893	1.4359	40.0960076051	88.2765
4 2 2			0.95		45.32		31.03		0.23893	0.457	40.8620305525	12.2524
7 3 1			0.96		46.28		30.41		0.23893	0.5095	71.5359286583	22.1332
2 2 10			0.92		47.2		30.24		0.23881	0.6429	46.7739448495	44.8949
2 4 12			0.85		48.06		30.84		0.23733	0.2205	63.4791913795	4.8908
4 2 12			0.87		48.93		31.15		0.23606	0.2244	63.468523569	4.7972
5 1 1			0.95		49.88		30.55		0.23605	0.5346	46.1701152	26.7419
2 2 4			0.96		50.84		30.01		0.23603	0.7551	29.4672289371	73.6026
0 4 10			0.94		51.77		29.77		0.23587	0.9893	53.7871001638	44.1425
2 0 10			0.95		52.72		29.48		0.23587	0.6169	42.9543880851	20.236
1 7 1			0.97		53.69		28.95		0.23587	0.5219	65.7901743415	26.2984
4 6 6			0.93		54.62		28.93		0.23585	1.1903	71.9781772466	41.9784
3 1 9			0.97		55.59		28.55		0.23605	0.36	45.2950695798	8.7768
4 2 10			0.97		56.57		28.18		0.23605	1.1102	57.0442200735	11.3144
1 3 15			0.99		57.55		27.75		0.23604	0.2862	67.3623786269	8.1809
2 6 10			0.97		58.52		27.59		0.23586	0.7069	72.0169435829	44.7171
3 7 1			1.0		59.52		27.17		0.23587	1.2822	71.5694631273	22.2453
0 6 10			1.0		60.51		26.81		0.23587	0.8527	69.1637693973	8.5049
5 3 11			0.75		61.26		28.94		0.23607	1.8677	70.5420870211	204.0714
0 2 16			0.97		62.23		28.53		0.2362	1.8687	67.2407114996	13.8307
2 0 16			0.98		63.21		28.12		0.23633	0.5935	67.2372591268	11.8907
1 5 13			0.87		64.08		28.85		0.23725	1.1973	71.2966048402	12.6128
4 6 4			0.96		65.05		28.52		0.23726	1.0731	69.291881243	33.3045
1 1 9			0.96		66.0		28.3		0.23762	0.2216	37.1193146943	1.1702
4 2 8			0.98		66.98		27.94		0.23754	0.7605	51.4203212226	2.5419
5 5 1			0.98		67.96		27.58		0.23754	0.5073	65.769247456	23.9531
2 0 8			0.99		68.96		27.2		0.23754	0.1665	35.7565424018	1.5727
4 0 6			0.49		69.44		32.45		0.23744	5.3963	42.900258124	488.2208
0 2 10			0.9		70.35		32.2		0.23745	0.4317	42.9590557724	21.0204
6 0 4			0.91		71.26		31.89		0.23747	0.7069	57.1830782131	42.6751
0 2 12			0.9		72.16		31.69		0.23702	0.3827	50.6142203783	17.5707
2 0 12			0.91		73.07		31.49		0.23654	0.8079	50.6101057273	16.6151
4 0 10			0.91		73.97		31.33		0.2364	0.6243	53.7713327333	45.2096
1 3 1			0.93		74.9		30.95		0.23639	0.5324	28.3265170018	42.1271
0 0 10			0.92		75.82		30.78		0.23625	0.8316	38.8438017949	41.7013
2 6 0			0.63		76.45		33.8		0.23625	4.3567	58.0028534629	558.9791
5 1 9			0.9		77.34		33.42		0.23633	0.4583	58.9619928854	19.0838
3 3 1			0.9		78.24		33.02		0.23633	0.5106	38.1558496662	33.1617
3 5 1			0.91		79.15		32.63		0.23633	0.5283	53.2544885252	31.9012
6 0 0			0.91		80.06		32.3		0.23633	0.7256	54.7363985401	55.434
6 0 10			0.91		80.97		31.98		0.23635	1.0728	69.1331306246	8.9056
4 2 6			0.87		81.83		32.16		0.23633	1.6049	46.7233273538	62.1975
1 5 9			0.91		82.75		31.83		0.23645	0.4394	58.984264935	17.7365
6 4 6			0.89		83.64		31.79		0.23642	0.9247	71.9614498967	41.9809
2 0 2			0.91		84.55		31.56		0.23642	0.6502	19.2320929378	35.9547
6 4 4			0.92		85.46		31.29		0.23642	0.6669	69.2748711385	33.991
3 1 3			0.87		86.33		31.53		0.23645	1.2003	30.3814370344	67.5761
1 1 15			0.91		87.25		31.29		0.23641	0.656	61.3839959686	20.6242
5 3 9			0.93		88.17		30.96		0.23641	0.4833	65.0662013285	20.8409
3 3 9			0.93		89.1		30.67		0.23651	0.3816	52.4524123761	12.0632
4 2 0			0.92		90.02		30.48		0.23651	0.9287	40.0811891304	86.5118
1 1 1			0.93		90.95		30.2		0.23651	0.5749	13.0194761966	56.7652
0 6 4			0.93		91.88		29.99		0.23653	0.6675	57.2171401797	42.9768
4 0 2			0.83		92.71		30.84		0.23653	1.7854	36.5531212028	138.5255
3 1 1			0.93		93.64		30.55		0.23653	0.5239	28.3131072915	41.7464
0 6 6			0.9		94.55		30.55		0.23652	1.0147	60.183190367	40.9583