HKL Value		Reward		TotalReward	Chi Squared	Z Appr. 	Error	Two-Thetas	Sfs2
0 2 20			0.0		0.0		0.0		0.3	0.4494	86.0769303832	2.8517
4 6 4			0.0		0.0		5.78		0.24534	1.0731	69.291881243	33.3045
1 1 13			3.52		3.52		3.09		0.25293	0.3722	52.9310122384	10.9703
9 1 1			3.42		6.94		2.41		0.25316	0.8793	87.9915459652	19.6393
0 0 4			2.59		9.53		3.21		0.25335	0.8482	15.2869714585	59.1035
6 4 2			3.09		12.62		2.81		0.25337	0.2211	67.6401768609	4.8049
5 1 13			3.38		16.0		2.37		0.25275	0.4567	71.2764535317	11.3258
1 3 9			3.25		19.25		2.37		0.25216	0.2622	45.3040218183	7.1674
2 4 14			3.26		22.51		2.36		0.2519	0.5221	70.6383718296	19.4111
4 0 4			3.04		25.55		2.59		0.25194	1.2165	39.0343929222	79.1487
6 0 8			2.58		28.14		3.28		0.25231	2.9234	64.163237895	5.3359
0 2 8			2.83		30.97		3.18		0.25252	0.1155	35.7619852008	1.7384
4 6 0			2.99		33.96		2.92		0.25252	0.7863	67.1083315067	59.4729
3 3 13			3.1		37.06		2.7		0.25282	0.5636	65.4922780779	9.1158
2 4 10			2.92		39.98		2.85		0.25271	0.607	57.0555982332	12.0937
3 1 3			1.48		41.47		5.96		0.25305	1.2003	30.3814370344	67.5761
2 4 2			2.14		43.61		5.71		0.25305	0.3828	40.8766170199	13.2501
6 4 0			2.22		45.83		5.38		0.25305	1.8287	67.0910631577	58.6803
0 6 2			2.27		48.1		5.1		0.25304	0.2356	55.3895592761	6.1752
4 4 4			2.25		50.35		5.02		0.25309	0.8476	53.9354251327	76.9211
6 2 4			2.22		52.57		5.04		0.25317	0.8727	60.3342977717	77.9073
7 1 1			2.33		54.9		4.81		0.25313	0.5207	65.7483230412	25.2044
0 6 16			2.2		57.1		4.99		0.26347	0.4825	89.3859051251	7.6515
1 5 1			2.3		59.4		4.84		0.26338	0.4978	46.196563203	27.3004
0 6 14			2.05		61.45		5.39		0.26157	0.9096	81.7552219026	27.2955
0 2 14			2.24		63.69		5.17		0.26142	0.2479	58.6982494177	6.3292
3 1 13			2.19		65.88		5.19		0.26017	0.3869	59.4126405656	11.7895
0 6 8			2.23		68.11		5.11		0.26204	0.7694	64.1950429677	5.6946
2 4 0			2.09		70.2		5.42		0.26204	1.4359	40.0960076051	88.2765
4 4 10			1.94		72.14		5.97		0.26418	0.6886	66.23802526	47.6672
2 2 10			1.92		74.06		6.34		0.26566	0.6429	46.7739448495	44.8949