HKL Value		Reward		TotalReward	Chi Squared	Z Appr. 	Error	Two-Thetas	Sfs2
1 1 13			0.0		0.0		0.0		0.3	0.3722	52.9310122384	10.9703
9 1 1			0.0		0.0		0.08		0.28628	0.8793	87.9915459652	19.6393
0 2 6			0.0		0.0		34.43		0.28948	1.1672	29.1471999487	131.5155
0 2 20			1.83		1.84		23.27		0.28897	0.4494	86.0769303832	2.8517
0 0 4			1.76		3.6		17.55		0.28869	0.8482	15.2869714585	59.1035
4 0 8			0.0		3.61		50.67		0.28585	2.9483	47.8850437629	244.3799
5 1 13			1.27		4.87		42.23		0.28596	0.4567	71.2764535317	11.3258
6 4 2			1.24		6.12		36.23		0.28598	0.2211	67.6401768609	4.8049
2 4 14			1.23		7.35		31.76		0.28597	0.5221	70.6383718296	19.4111
4 0 4			1.23		8.58		28.26		0.28589	1.2165	39.0343929222	79.1487
1 3 9			1.22		9.8		25.6		0.28578	0.2622	45.3040218183	7.1674
6 0 8			1.23		11.03		23.49		0.28588	2.9234	64.163237895	5.3359
4 6 0			1.27		12.3		21.53		0.28588	0.7863	67.1083315067	59.4729
0 0 12			0.21		12.51		32.42		0.28433	3.2426	47.0346015839	274.3783
6 4 0			1.1		13.61		30.1		0.28433	1.8287	67.0910631577	58.6803
0 2 8			1.11		14.72		28.14		0.28406	0.1155	35.7619852008	1.7384
3 3 13			1.13		15.85		26.39		0.28421	0.5636	65.4922780779	9.1158
2 4 10			1.14		16.98		24.91		0.28389	0.607	57.0555982332	12.0937
2 4 2			1.14		18.12		23.7		0.28387	0.3828	40.8766170199	13.2501
0 6 2			1.17		19.29		22.49		0.28385	0.2356	55.3895592761	6.1752
6 2 4			1.19		20.48		21.37		0.28385	0.8727	60.3342977717	77.9073
4 4 4			1.21		21.69		20.36		0.28381	0.8476	53.9354251327	76.9211
0 6 16			1.22		22.92		19.49		0.28373	0.4825	89.3859051251	7.6515
7 1 1			1.23		24.15		18.74		0.28369	0.5207	65.7483230412	25.2044
2 6 4			1.26		25.41		17.96		0.28369	0.8772	60.3635846112	78.02
4 6 2			1.28		26.69		17.25		0.28369	0.2349	67.657370766	5.5969
1 5 1			1.28		27.98		16.71		0.28365	0.4978	46.196563203	27.3004
0 4 4			1.32		29.29		16.1		0.28364	0.8482	39.0545896029	78.0016
3 3 15			1.34		30.63		15.52		0.28374	0.3402	73.0835579415	3.8877
0 6 14			1.34		31.97		15.06		0.2838	0.9096	81.7552219026	27.2955
1 5 7			0.17		32.14		27.86		0.28228	0.6035	54.1236034243	4.2528
0 2 14			1.04		33.18		26.98		0.28215	0.2479	58.6982494177	6.3292
0 6 12			1.05		34.23		26.15		0.28215	0.3425	75.0250979777	1.887
0 6 8			1.06		35.29		25.45		0.28214	0.7694	64.1950429677	5.6946
3 1 13			1.07		36.35		24.77		0.28259	0.3869	59.4126405656	11.7895
6 2 10			1.08		37.43		24.13		0.28191	0.7103	71.9901825081	43.9921
2 0 14			1.09		38.52		23.47		0.28186	0.2634	58.6945218607	7.3942
5 3 1			1.09		39.62		22.94		0.2818	0.5252	53.2386121167	32.835
6 0 12			1.12		40.73		22.34		0.2818	0.5892	74.995462768	0.9301
2 4 8			1.12		41.86		21.79		0.28183	0.1687	51.4325245866	2.4593
5 1 7			0.81		42.67		24.05		0.26274	0.2609	54.1000446603	4.252
0 4 20			1.09		43.76		23.47		0.26288	1.027	94.1654323607	18.6345
4 2 14			1.07		44.82		23.18		0.26273	1.2576	70.6282605877	19.9713
1 3 13			1.09		45.91		22.78		0.26268	0.3907	59.4200243294	11.5335
4 4 10			1.05		46.96		22.76		0.2629	0.6886	66.23802526	47.6672
0 2 10			1.07		48.03		22.56		0.26287	0.4317	42.9590557724	21.0204
2 4 0			1.08		49.11		22.37		0.26287	1.4359	40.0960076051	88.2765
4 2 2			1.11		50.22		21.93		0.26287	0.457	40.8620305525	12.2524
7 3 1			1.12		51.34		21.47		0.26287	0.5095	71.5359286583	22.1332
2 2 10			1.08		52.42		21.44		0.26308	0.6429	46.7739448495	44.8949
2 4 12			1.04		53.46		21.8		0.26476	0.2205	63.4791913795	4.8908
4 2 12			1.06		54.52		21.91		0.26605	0.2244	63.468523569	4.7972
5 1 1			1.12		55.63		21.52		0.26604	0.5346	46.1701152	26.7419
2 2 4			1.12		56.76		21.15		0.26605	0.7551	29.4672289371	73.6026
0 4 10			1.1		57.86		21.01		0.26631	0.9893	53.7871001638	44.1425
2 0 10			1.11		58.97		20.88		0.26631	0.6169	42.9543880851	20.236
1 7 1			1.14		60.11		20.53		0.26631	0.5219	65.7901743415	26.2984
4 6 6			1.09		61.2		20.64		0.26637	1.1903	71.9781772466	41.9784
3 1 9			1.14		62.33		20.35		0.26641	0.36	45.2950695798	8.7768
2 2 0			0.22		62.56		31.02		0.26641	11.1953	25.0390113278	1035.9387
4 2 10			0.94		63.5		30.61		0.26643	1.1102	57.0442200735	11.3144
1 3 15			0.88		64.38		30.87		0.26638	0.2862	67.3623786269	8.1809
3 7 1			0.95		65.32		30.37		0.26638	1.2822	71.5694631273	22.2453
2 6 10			0.93		66.26		30.11		0.26673	0.7069	72.0169435829	44.7171
0 6 10			0.95		67.21		29.71		0.26677	0.8527	69.1637693973	8.5049
2 0 16			0.96		68.16		29.32		0.26652	0.5935	67.2372591268	11.8907
0 2 16			0.96		69.12		28.96		0.26622	1.8687	67.2407114996	13.8307
1 5 13			0.96		70.08		28.64		0.26621	1.1973	71.2966048402	12.6128
4 6 4			0.97		71.05		28.33		0.26616	1.0731	69.291881243	33.3045
1 1 9			0.98		72.03		27.98		0.26589	0.2216	37.1193146943	1.1702
4 2 8			0.99		73.01		27.59		0.26596	0.7605	51.4203212226	2.5419
5 5 1			0.99		74.0		27.21		0.26596	0.5073	65.769247456	23.9531
2 0 8			1.0		75.0		26.83		0.26596	0.1665	35.7565424018	1.5727
3 3 3			0.94		75.94		27.07		0.26607	0.8081	39.7679129272	70.9373
6 0 4			0.99		76.93		26.84		0.26604	0.7069	57.1830782131	42.6751
0 2 12			1.0		77.92		26.54		0.2665	0.3827	50.6142203783	17.5707
2 0 12			1.0		78.93		26.25		0.267	0.8079	50.6101057273	16.6151
4 0 10			0.99		79.92		26.08		0.26734	0.6243	53.7713327333	45.2096
0 6 0			1.01		80.93		25.83		0.26734	1.4277	54.7714555341	59.4019
1 3 1			1.01		81.94		25.57		0.26732	0.5324	28.3265170018	42.1271
4 2 6			0.96		82.9		25.83		0.26738	1.6049	46.7233273538	62.1975
5 1 9			1.0		83.9		25.66		0.2674	0.4583	58.9619928854	19.0838
3 3 1			1.02		84.92		25.38		0.2674	0.5106	38.1558496662	33.1617
3 5 1			1.02		85.94		25.1		0.26739	0.5283	53.2544885252	31.9012
0 0 10			1.02		86.96		24.94		0.26774	0.8316	38.8438017949	41.7013
6 0 10			1.03		87.99		24.7		0.26779	1.0728	69.1331306246	8.9056
6 0 0			1.03		89.02		24.47		0.26779	0.7256	54.7363985401	55.434
6 4 6			1.01		90.03		24.49		0.2679	0.9247	71.9614498967	41.9809
0 0 14			0.98		91.01		24.76		0.26884	0.8389	55.4890953336	74.9432
1 5 9			1.02		92.03		24.61		0.2689	0.4394	58.984264935	17.7365
2 0 2			1.02		93.05		24.46		0.2689	0.6502	19.2320929378	35.9547
3 3 7			0.74		93.79		27.05		0.26472	0.1558	47.1418707618	3.5073
6 4 4			0.98		94.78		26.84		0.26469	0.6669	69.2748711385	33.991
1 1 15			0.99		95.77		26.56		0.26465	0.656	61.3839959686	20.6242
5 3 9			0.98		96.76		26.42		0.26466	0.4833	65.0662013285	20.8409
3 3 9			1.0		97.75		26.21		0.2647	0.3816	52.4524123761	12.0632
0 6 4			0.99		98.75		26.04		0.26469	0.6675	57.2171401797	42.9768
1 1 1			1.0		99.75		25.85		0.26466	0.5749	13.0194761966	56.7652
3 1 1			1.01		100.75		25.63		0.26464	0.5239	28.3131072915	41.7464
0 6 6			0.98		101.74		25.68		0.26464	1.0147	60.183190367	40.9583
0 0 20			1.01		102.75		25.45		0.26495	0.4542	83.3712939521	4.3689
3 7 3			0.97		103.72		25.63		0.26503	0.8954	72.6346668965	71.6226