HKL Value		Reward		TotalReward	Chi Squared	Z Appr. 	Error	Two-Thetas	Sfs2
9 1 1			0.0		0.0		0.0		0.3	0.8793	87.9915459652	19.6393
0 2 20			0.0		0.0		0.33		0.2949	0.4494	86.0769303832	2.8517
1 1 13			23.36		23.36		0.05		0.28652	0.3722	52.9310122384	10.9703
0 2 14			7.92		31.28		0.38		0.2866	0.2479	58.6982494177	6.3292
0 0 4			9.03		40.31		0.31		0.28652	0.8482	15.2869714585	59.1035
5 1 13			10.07		50.38		0.25		0.28646	0.4567	71.2764535317	11.3258
6 4 2			10.13		60.51		0.24		0.28648	0.2211	67.6401768609	4.8049
2 4 14			9.37		69.88		0.28		0.28645	0.5221	70.6383718296	19.4111
4 0 4			9.28		79.16		0.29		0.28637	1.2165	39.0343929222	79.1487
1 3 9			7.33		86.48		0.45		0.28624	0.2622	45.3040218183	7.1674
6 0 8			6.2		92.69		0.63		0.28636	2.9234	64.163237895	5.3359
4 6 0			6.62		99.31		0.58		0.28636	0.7863	67.1083315067	59.4729
6 4 0			6.91		106.22		0.53		0.28636	1.8287	67.0910631577	58.6803
0 2 8			6.13		112.35		0.65		0.28582	0.1155	35.7619852008	1.7384
3 3 13			6.43		118.78		0.61		0.28572	0.5636	65.4922780779	9.1158
2 4 10			5.76		124.55		0.74		0.28531	0.607	57.0555982332	12.0937
2 4 2			5.23		129.77		0.89		0.28528	0.3828	40.8766170199	13.2501
0 6 2			5.3		135.07		0.89		0.28527	0.2356	55.3895592761	6.1752