HKL Value		Reward		TotalReward	Chi Squared	Z Appr. 	Error	Two-Thetas	Sfs2
0 2 20			0.0		0.0		0.0		0.3	0.4494	86.0769303832	2.8517
9 1 1			0.0		0.0		0.33		0.2949	0.8793	87.9915459652	19.6393
1 1 13			23.36		23.36		0.05		0.28652	0.3722	52.9310122384	10.9703
0 0 4			19.06		42.42		0.07		0.28645	0.8482	15.2869714585	59.1035
5 1 13			21.93		64.35		0.05		0.28642	0.4567	71.2764535317	11.3258
6 4 2			17.05		81.4		0.09		0.28643	0.2211	67.6401768609	4.8049
2 4 14			12.55		93.95		0.16		0.28641	0.5221	70.6383718296	19.4111
4 0 4			11.69		105.64		0.18		0.28633	1.2165	39.0343929222	79.1487
1 3 9			8.0		113.64		0.38		0.28621	0.2622	45.3040218183	7.1674
2 6 4			8.48		122.12		0.35		0.28616	0.8772	60.3635846112	78.02
6 0 8			6.7		128.82		0.54		0.28627	2.9234	64.163237895	5.3359
4 6 0			7.15		135.97		0.49		0.28627	0.7863	67.1083315067	59.4729
0 2 8			6.26		142.23		0.62		0.28578	0.1155	35.7619852008	1.7384
6 4 0			6.62		148.85		0.58		0.28578	1.8287	67.0910631577	58.6803
3 3 13			6.83		155.68		0.54		0.28569	0.5636	65.4922780779	9.1158
2 4 10			6.04		161.72		0.67		0.2853	0.607	57.0555982332	12.0937
2 4 2			5.42		167.14		0.83		0.28528	0.3828	40.8766170199	13.2501
0 6 2			5.48		172.62		0.83		0.28527	0.2356	55.3895592761	6.1752