HKL Value		Reward		TotalReward	Chi Squared	Z Appr. 	Error	Two-Thetas	Sfs2
1 1 13			0.0		0.0		0.0		0.3	0.3722	52.9310122384	10.9703
0 2 20			0.0		0.0		0.02		0.28654	0.4494	86.0769303832	2.8517
9 1 1			22.71		22.71		0.05		0.28652	0.8793	87.9915459652	19.6393
0 0 4			19.06		41.77		0.07		0.28645	0.8482	15.2869714585	59.1035
1 1 11			0.0		41.77		48.49		0.28377	2.144	44.8525636461	378.5934
6 4 2			1.37		43.14		38.85		0.28379	0.2211	67.6401768609	4.8049
5 1 13			1.33		44.47		32.53		0.28405	0.4567	71.2764535317	11.3258
2 4 14			1.32		45.79		27.97		0.2841	0.5221	70.6383718296	19.4111
4 0 4			1.32		47.11		24.48		0.28406	1.2165	39.0343929222	79.1487
1 3 9			1.31		48.42		21.91		0.28401	0.2622	45.3040218183	7.1674
6 0 8			1.31		49.74		19.97		0.28404	2.9234	64.163237895	5.3359
2 0 14			1.36		51.1		18.19		0.284	0.2634	58.6945218607	7.3942
0 2 8			1.39		52.48		16.72		0.28383	0.1155	35.7619852008	1.7384
4 6 0			1.42		53.9		15.44		0.28383	0.7863	67.1083315067	59.4729
3 3 13			1.45		55.35		14.36		0.28396	0.5636	65.4922780779	9.1158
6 4 0			1.48		56.84		13.4		0.28396	1.8287	67.0910631577	58.6803
2 4 10			1.51		58.34		12.62		0.28374	0.607	57.0555982332	12.0937
2 4 2			1.51		59.86		12.06		0.28372	0.3828	40.8766170199	13.2501
0 6 2			1.56		61.42		11.44		0.28372	0.2356	55.3895592761	6.1752
6 2 4			1.6		63.02		10.84		0.28371	0.8727	60.3342977717	77.9073
0 2 6			0.94		63.97		14.11		0.28425	1.1672	29.1471999487	131.5155
4 4 4			1.45		65.41		13.45		0.28421	0.8476	53.9354251327	76.9211
7 1 1			1.45		66.87		12.95		0.28419	0.5207	65.7483230412	25.2044
0 6 16			1.48		68.35		12.44		0.28411	0.4825	89.3859051251	7.6515
1 5 1			1.49		69.84		12.07		0.28408	0.4978	46.196563203	27.3004
0 6 14			1.52		71.36		11.66		0.28413	0.9096	81.7552219026	27.2955
0 0 18			0.99		72.34		14.45		0.28862	0.6609	73.530655613	37.988
4 6 2			1.41		73.75		13.92		0.28861	0.2349	67.657370766	5.5969
3 3 15			1.42		75.17		13.47		0.28856	0.3402	73.0835579415	3.8877
6 2 10			1.35		76.52		13.54		0.28803	0.7103	71.9901825081	43.9921
0 2 14			1.43		77.95		13.12		0.28807	0.2479	58.6982494177	6.3292
0 4 4			1.45		79.4		12.71		0.28804	0.8482	39.0545896029	78.0016
3 1 13			1.47		80.88		12.33		0.28791	0.3869	59.4126405656	11.7895
0 6 8			1.48		82.36		12.02		0.28796	0.7694	64.1950429677	5.6946
0 6 12			1.51		83.87		11.67		0.28796	0.3425	75.0250979777	1.887
5 3 1			1.5		85.37		11.47		0.28794	0.5252	53.2386121167	32.835
2 4 0			1.46		86.84		11.54		0.28794	1.4359	40.0960076051	88.2765
4 4 10			1.48		88.32		11.47		0.28757	0.6886	66.23802526	47.6672
7 3 1			1.53		89.86		11.18		0.28756	0.5095	71.5359286583	22.1332
2 0 6			1.22		91.08		12.62		0.2879	1.6278	29.1406672869	128.8477
2 2 6			0.25		91.34		23.38		0.28855	8.3224	34.2684003079	615.2447
2 2 10			1.06		92.4		23.12		0.28814	0.6429	46.7739448495	44.8949
5 1 1			1.09		93.49		22.66		0.28812	0.5346	46.1701152	26.7419
4 2 2			1.11		94.6		22.2		0.28811	0.457	40.8620305525	12.2524
2 0 10			1.12		95.72		21.7		0.28808	0.6169	42.9543880851	20.236
0 4 10			1.09		96.82		21.52		0.28764	0.9893	53.7871001638	44.1425
6 0 12			1.14		97.95		21.06		0.28764	0.5892	74.995462768	0.9301
1 7 1			1.14		99.09		20.68		0.28762	0.5219	65.7901743415	26.2984
0 6 10			1.12		100.21		20.52		0.28714	0.8527	69.1637693973	8.5049
4 6 4			1.12		101.33		20.41		0.28708	1.0731	69.291881243	33.3045
2 0 16			1.15		102.47		20.11		0.28698	0.5935	67.2372591268	11.8907
2 6 10			1.14		103.61		19.92		0.28658	0.7069	72.0169435829	44.7171
2 2 14			1.12		104.73		19.94		0.28654	1.0835	61.7979105177	101.9829
4 2 10			1.16		105.89		19.65		0.2863	1.1102	57.0442200735	11.3144
4 2 12			1.17		107.06		19.33		0.2863	0.2244	63.468523569	4.7972
3 1 9			1.18		108.24		19.02		0.28628	0.36	45.2950695798	8.7768
1 1 9			1.17		109.41		18.84		0.28649	0.2216	37.1193146943	1.1702
0 4 20			1.2		110.61		18.51		0.2865	1.027	94.1654323607	18.6345
2 4 4			1.11		111.72		18.86		0.28643	0.8182	43.1484985256	64.6996
2 4 8			1.19		112.92		18.54		0.28644	0.1687	51.4325245866	2.4593
2 4 12			1.2		114.12		18.27		0.28644	0.2205	63.4791913795	4.8908
1 3 15			1.2		115.32		18.02		0.28636	0.2862	67.3623786269	8.1809
6 0 4			1.18		116.5		18.03		0.28629	0.7069	57.1830782131	42.6751
2 0 8			1.21		117.71		17.78		0.28614	0.1665	35.7565424018	1.5727
2 2 4			1.22		118.93		17.52		0.28611	0.7551	29.4672289371	73.6026
5 5 1			1.23		120.17		17.25		0.28611	0.5073	65.769247456	23.9531
4 2 8			1.24		121.41		16.99		0.28611	0.7605	51.4203212226	2.5419
0 2 12			1.23		122.63		16.9		0.2861	0.3827	50.6142203783	17.5707
2 0 12			1.23		123.87		16.8		0.28608	0.8079	50.6101057273	16.6151
0 2 16			1.24		125.11		16.65		0.28601	1.8687	67.2407114996	13.8307
6 4 4			1.23		126.34		16.62		0.28595	0.6669	69.2748711385	33.991
3 5 1			1.25		127.59		16.45		0.28593	0.5283	53.2544885252	31.9012
0 6 0			1.25		128.84		16.31		0.28593	1.4277	54.7714555341	59.4019
1 3 13			1.27		130.12		16.08		0.28596	0.3907	59.4200243294	11.5335
6 0 10			1.26		131.38		15.98		0.28567	1.0728	69.1331306246	8.9056
1 3 1			1.27		132.65		15.87		0.28566	0.5324	28.3265170018	42.1271
3 3 1			1.28		133.92		15.72		0.28564	0.5106	38.1558496662	33.1617
5 1 9			1.27		135.19		15.67		0.28563	0.4583	58.9619928854	19.0838
3 3 9			1.28		136.48		15.53		0.28559	0.3816	52.4524123761	12.0632
5 5 5			1.15		137.63		16.29		0.28554	1.5862	69.0631626084	104.8873
2 0 2			1.24		138.88		16.25		0.28552	0.6502	19.2320929378	35.9547
1 1 15			1.25		140.12		16.21		0.28543	0.656	61.3839959686	20.6242
1 5 13			1.27		141.39		16.02		0.28549	1.1973	71.2966048402	12.6128
1 5 9			1.26		142.65		15.96		0.28547	0.4394	58.984264935	17.7365
3 1 1			1.27		143.92		15.86		0.28546	0.5239	28.3131072915	41.7464
0 6 6			1.25		145.16		15.93		0.28557	1.0147	60.183190367	40.9583
0 2 2			1.26		146.42		15.9		0.28555	0.4614	19.2417464495	36.8131
4 0 10			1.27		147.69		15.8		0.28529	0.6243	53.7713327333	45.2096
6 0 2			1.28		148.97		15.63		0.28529	0.2214	55.354768557	5.4487
2 6 4			1.29		150.27		15.45		0.28528	0.8772	60.3635846112	78.02
2 4 6			1.24		151.51		15.66		0.28542	0.785	46.7364348384	64.2552
3 1 15			1.29		152.79		15.51		0.28533	0.2871	67.3554895111	7.7692
3 7 1			1.3		154.09		15.35		0.28533	1.2822	71.5694631273	22.2453
0 2 10			1.3		155.39		15.19		0.28536	0.4317	42.9590557724	21.0204
6 0 6			1.27		156.66		15.24		0.28546	1.0815	60.1501886982	39.9969
1 1 1			1.29		157.95		15.2		0.28545	0.5749	13.0194761966	56.7652
0 0 20			1.3		159.26		15.06		0.28516	0.4542	83.3712939521	4.3689
1 1 3			1.28		160.54		15.12		0.28518	0.4514	16.9416048235	36.8187
3 3 3			1.26		161.79		15.31		0.28524	0.8081	39.7679129272	70.9373
3 1 3			1.25		163.04		15.5		0.28529	1.2003	30.3814370344	67.5761