HKL Value		Reward		TotalReward	Chi Squared	Z Appr. 	Error	Two-Thetas	Sfs2
9 1 1			0.0		0.0		0.0		0.3	0.8793	87.9915459652	19.6393
0 2 20			0.0		0.0		0.33		0.2949	0.4494	86.0769303832	2.8517
1 1 13			23.36		23.36		0.05		0.28652	0.3722	52.9310122384	10.9703
0 0 4			19.06		42.42		0.07		0.28645	0.8482	15.2869714585	59.1035
6 4 2			15.31		57.73		0.11		0.28647	0.2211	67.6401768609	4.8049
5 1 13			17.13		74.87		0.09		0.28643	0.4567	71.2764535317	11.3258
1 3 9			8.06		82.93		0.37		0.28631	0.2622	45.3040218183	7.1674
6 0 8			6.16		89.08		0.63		0.28643	2.9234	64.163237895	5.3359
0 2 8			5.42		94.5		0.82		0.28588	0.1155	35.7619852008	1.7384
4 6 0			5.88		100.38		0.74		0.28588	0.7863	67.1083315067	59.4729
3 3 13			6.15		106.52		0.67		0.28577	0.5636	65.4922780779	9.1158
2 4 10			5.37		111.89		0.84		0.28535	0.607	57.0555982332	12.0937
2 4 2			4.82		116.71		1.04		0.28533	0.3828	40.8766170199	13.2501
6 4 0			5.14		121.85		0.96		0.28533	1.8287	67.0910631577	58.6803
0 6 2			5.11		126.96		0.96		0.28532	0.2356	55.3895592761	6.1752
4 4 4			5.24		132.21		0.92		0.28527	0.8476	53.9354251327	76.9211
6 2 4			5.41		137.62		0.86		0.28525	0.8727	60.3342977717	77.9073
7 1 1			5.08		142.7		0.95		0.28522	0.5207	65.7483230412	25.2044
0 6 16			5.0		147.71		0.99		0.28511	0.4825	89.3859051251	7.6515
1 5 1			4.66		152.36		1.12		0.28507	0.4978	46.196563203	27.3004