HKL Value		Reward		TotalReward	Chi Squared	Z Appr. 	Error	Two-Thetas	Sfs2
0 4 18			0.0		0.0		0.0		0.3	0.8369	84.5238780681	17.4513
0 4 20			0.0		0.0		2.06		0.31243	1.027	94.1654323607	18.6345
3 1 9			5.29		5.29		1.06		0.31236	0.36	45.2950695798	8.7768
0 2 14			5.16		10.44		0.96		0.3121	0.2479	58.6982494177	6.3292
6 0 2			4.53		14.97		1.17		0.31208	0.2214	55.354768557	5.4487
2 0 16			1.62		16.59		4.63		0.31193	0.5935	67.2372591268	11.8907
4 2 2			2.3		18.89		4.67		0.31188	0.457	40.8620305525	12.2524
2 0 12			2.65		21.54		4.01		0.31196	0.8079	50.6101057273	16.6151
0 2 16			1.97		23.51		5.16		0.31178	1.8687	67.2407114996	13.8307
2 0 10			2.45		25.96		4.6		0.31187	0.6169	42.9543880851	20.236
4 2 6			2.4		28.36		4.45		0.31214	1.6049	46.7233273538	62.1975
2 6 8			0.1		28.47		20.91		0.31214	4.3291	67.1483383839	218.3417
0 4 10			1.19		29.65		20.19		0.31338	0.9893	53.7871001638	44.1425
2 4 0			1.18		30.83		19.7		0.31338	1.4359	40.0960076051	88.2765
1 7 1			1.26		32.09		18.72		0.31334	0.5219	65.7901743415	26.2984
1 7 7			0.89		32.98		20.77		0.31576	0.4353	72.3061031614	6.1143
3 5 1			1.2		34.18		19.96		0.31573	0.5283	53.2544885252	31.9012
6 0 6			1.28		35.46		18.78		0.31573	1.0815	60.1501886982	39.9969
0 6 8			1.28		36.74		17.88		0.31578	0.7694	64.1950429677	5.6946
1 5 7			0.93		37.67		19.83		0.31754	0.6035	54.1236034243	4.2528
4 0 10			1.24		38.91		18.94		0.31774	0.6243	53.7713327333	45.2096
4 6 0			1.27		40.18		18.04		0.31774	0.7863	67.1083315067	59.4729
0 6 0			1.25		41.43		17.52		0.31774	1.4277	54.7714555341	59.4019
5 1 11			0.46		41.89		24.22		0.31774	3.2753	64.7131722767	203.727
4 6 6			1.1		43.0		23.46		0.3176	1.1903	71.9781772466	41.9784
6 4 6			1.11		44.11		22.77		0.31745	0.9247	71.9614498967	41.9809
0 4 16			1.14		45.25		21.99		0.31765	1.5557	75.7704700384	94.8658
4 4 10			1.16		46.42		21.21		0.31778	0.6886	66.23802526	47.6672
0 0 10			1.17		47.59		20.53		0.31796	0.8316	38.8438017949	41.7013
6 4 2			1.19		48.78		19.83		0.31796	0.2211	67.6401768609	4.8049
5 5 1			1.2		49.98		19.25		0.31794	0.5073	65.769247456	23.9531
0 6 14			1.18		51.16		18.94		0.31802	0.9096	81.7552219026	27.2955
3 1 1			1.17		52.34		18.75		0.318	0.5239	28.3131072915	41.7464
3 1 13			1.07		53.41		19.38		0.31911	0.3869	59.4126405656	11.7895
1 3 9			1.18		54.58		19.08		0.31885	0.2622	45.3040218183	7.1674
0 6 6			1.22		55.8		18.54		0.31884	1.0147	60.183190367	40.9583
4 2 10			1.23		57.04		18.03		0.31886	1.1102	57.0442200735	11.3144
7 3 1			1.24		58.27		17.61		0.31885	0.5095	71.5359286583	22.1332
0 6 2			1.25		59.52		17.21		0.31885	0.2356	55.3895592761	6.1752
9 1 1			1.26		60.79		16.82		0.31883	0.8793	87.9915459652	19.6393
0 6 12			1.12		61.9		17.52		0.31749	0.3425	75.0250979777	1.887
0 2 12			1.24		63.14		17.22		0.31723	0.3827	50.6142203783	17.5707
0 2 18			1.25		64.39		16.93		0.31686	0.3755	76.3208597895	3.7538
0 2 6			1.21		65.6		16.97		0.31694	1.1672	29.1471999487	131.5155
0 6 18			1.26		66.86		16.67		0.31668	0.7949	98.0280769063	1.8601
6 4 4			1.2		68.05		16.85		0.31667	0.6669	69.2748711385	33.991
0 0 16			1.27		69.33		16.48		0.31668	1.3342	64.286058028	116.6634
6 2 10			1.27		70.6		16.22		0.31681	0.7103	71.9901825081	43.9921
0 6 16			1.22		71.82		16.34		0.31709	0.4825	89.3859051251	7.6515
4 2 0			1.25		73.07		16.27		0.31709	0.9287	40.0811891304	86.5118
3 3 13			1.08		74.15		17.36		0.31784	0.5636	65.4922780779	9.1158
7 3 3			1.2		75.35		17.36		0.31786	1.9283	72.601334037	69.5466
1 5 13			1.14		76.49		17.8		0.3183	1.1973	71.2966048402	12.6128