HKL Value		Reward		TotalReward	Chi Squared	Z Appr. 	Error	Two-Thetas	Sfs2
0 4 18			0.0		0.0		0.0		0.3	0.8369	84.5238780681	17.4513
1 1 17			0.0		0.0		71.64		0.29735	2.447	70.2810461715	248.4175
3 1 9			1.61		1.61		38.27		0.29736	0.36	45.2950695798	8.7768
0 2 14			1.77		3.38		26.01		0.29711	0.2479	58.6982494177	6.3292
1 1 9			1.73		5.12		19.51		0.29712	0.2216	37.1193146943	1.1702
0 4 10			0.75		5.87		22.72		0.29653	0.9893	53.7871001638	44.1425
0 4 20			0.53		6.4		27.93		0.29309	1.027	94.1654323607	18.6345
6 0 2			1.36		7.76		24.06		0.29309	0.2214	55.354768557	5.4487
6 0 8			1.37		9.13		21.11		0.29312	2.9234	64.163237895	5.3359
2 0 12			1.24		10.38		19.93		0.29313	0.8079	50.6101057273	16.6151
4 2 14			1.35		11.72		18.25		0.29298	1.2576	70.6282605877	19.9713
2 4 6			1.1		12.82		18.79		0.29322	0.785	46.7364348384	64.2552
0 2 10			1.35		14.17		17.38		0.29313	0.4317	42.9590557724	21.0204
2 0 10			1.37		15.55		16.21		0.29303	0.6169	42.9543880851	20.236
4 2 2			1.39		16.93		15.28		0.29301	0.457	40.8620305525	12.2524
4 2 6			1.2		18.14		15.77		0.29325	1.6049	46.7233273538	62.1975
5 3 1			1.36		19.5		15.13		0.29323	0.5252	53.2386121167	32.835
5 1 1			1.39		20.89		14.48		0.29321	0.5346	46.1701152	26.7419
4 4 12			0.89		21.77		17.41		0.2933	1.9475	72.2035773977	130.2426
9 1 1			1.33		23.11		16.51		0.29329	0.8793	87.9915459652	19.6393
6 2 2			0.66		23.76		21.11		0.29332	3.3001	58.5687226088	135.1206
4 6 2			1.22		24.98		20.11		0.29332	0.2349	67.657370766	5.5969
2 0 16			1.2		26.17		19.49		0.29342	0.5935	67.2372591268	11.8907
1 7 1			1.22		27.4		18.81		0.2934	0.5219	65.7901743415	26.2984
0 2 16			1.21		28.61		18.36		0.29353	1.8687	67.2407114996	13.8307
2 0 14			1.27		29.88		17.64		0.29347	0.2634	58.6945218607	7.3942
0 4 6			0.19		30.07		29.62		0.29441	3.7688	42.9189471786	481.9509
0 2 20			1.03		31.1		28.52		0.29446	0.4494	86.0769303832	2.8517
6 4 0			1.04		32.14		27.5		0.29446	1.8287	67.0910631577	58.6803
0 2 18			1.04		33.18		26.65		0.29518	0.3755	76.3208597895	3.7538
4 6 0			1.06		34.25		25.76		0.29518	0.7863	67.1083315067	59.4729
7 1 1			1.06		35.31		25.04		0.29516	0.5207	65.7483230412	25.2044
6 0 0			1.07		36.38		24.4		0.29516	0.7256	54.7363985401	55.434
0 6 8			1.1		37.48		23.67		0.29519	0.7694	64.1950429677	5.6946
5 3 9			1.06		38.54		23.38		0.2952	0.4833	65.0662013285	20.8409
6 4 2			1.11		39.65		22.71		0.2952	0.2211	67.6401768609	4.8049
2 2 16			1.59		41.25		18.47		0.31336	1.1693	70.1293332912	108.6018
3 3 15			1.23		42.48		17.99		0.31349	0.3402	73.0835579415	3.8877
0 4 16			1.22		43.7		17.68		0.31358	1.5557	75.7704700384	94.8658
2 4 0			1.2		44.9		17.58		0.31358	1.4359	40.0960076051	88.2765
6 0 6			1.26		46.16		17.14		0.31361	1.0815	60.1501886982	39.9969
2 6 10			1.24		47.4		16.94		0.31415	0.7069	72.0169435829	44.7171
0 2 12			1.27		48.67		16.55		0.31404	0.3827	50.6142203783	17.5707
4 0 12			1.18		49.85		16.9		0.31475	2.7435	60.4154589103	161.2613
0 0 16			1.27		51.12		16.52		0.31478	1.3342	64.286058028	116.6634
6 4 6			1.27		52.39		16.24		0.31467	0.9247	71.9614498967	41.9809
0 6 0			1.27		53.66		16.03		0.31467	1.4277	54.7714555341	59.4019
2 2 10			1.28		54.95		15.82		0.31495	0.6429	46.7739448495	44.8949
1 1 1			1.26		56.2		15.83		0.31492	0.5749	13.0194761966	56.7652
0 0 22			1.29		57.5		15.59		0.31511	2.2765	94.0325860765	137.6091
7 1 5			1.09		58.58		16.79		0.31515	1.5264	69.0427278305	98.726
4 6 6			1.26		59.84		16.54		0.31507	1.1903	71.9781772466	41.9784
1 5 9			1.28		61.12		16.23		0.31502	0.4394	58.984264935	17.7365
3 5 1			1.27		62.38		16.07		0.31501	0.5283	53.2544885252	31.9012
5 5 1			1.29		63.67		15.81		0.31499	0.5073	65.769247456	23.9531
3 1 15			1.3		64.97		15.56		0.31509	0.2871	67.3554895111	7.7692
0 6 16			1.23		66.2		15.78		0.31546	0.4825	89.3859051251	7.6515
0 0 4			1.26		67.46		15.78		0.31536	0.8482	15.2869714585	59.1035
2 4 2			1.29		68.74		15.6		0.31535	0.3828	40.8766170199	13.2501
0 6 6			1.31		70.05		15.34		0.31535	1.0147	60.183190367	40.9583
3 3 1			1.3		71.35		15.22		0.31534	0.5106	38.1558496662	33.1617
5 1 9			1.32		72.67		14.97		0.31531	0.4583	58.9619928854	19.0838
4 2 12			1.3		73.97		14.89		0.31478	0.2244	63.468523569	4.7972
4 4 10			1.32		75.3		14.73		0.31496	0.6886	66.23802526	47.6672
2 4 14			1.33		76.63		14.57		0.31505	0.5221	70.6383718296	19.4111
7 3 1			1.34		77.97		14.38		0.31504	0.5095	71.5359286583	22.1332
5 1 3			1.3		79.26		14.5		0.31507	0.9592	47.5591860667	88.1873
3 1 13			1.19		80.45		15.28		0.31598	0.3869	59.4126405656	11.7895
5 5 5			1.15		81.6		16.16		0.31602	1.5862	69.0631626084	104.8873