HKL Value		Reward		TotalReward	Chi Squared	Z Appr. 	Error	Two-Thetas	Sfs2
0 4 18			0.0		0.0		0.0		0.3	0.8369	84.5238780681	17.4513
4 4 8			0.0		0.0		184.38		0.29932	3.9407	61.1479986878	218.5721
3 1 9			1.03		1.03		94.49		0.29984	0.36	45.2950695798	8.7768
0 2 14			1.25		2.28		63.85		0.29876	0.2479	58.6982494177	6.3292
1 1 9			1.37		3.65		47.9		0.29865	0.2216	37.1193146943	1.1702
0 4 20			0.55		4.19		50.42		0.2931	1.027	94.1654323607	18.6345
6 0 2			1.26		5.45		42.16		0.2931	0.2214	55.354768557	5.4487
6 0 8			1.24		6.69		36.2		0.29314	2.9234	64.163237895	5.3359
2 0 12			1.12		7.81		32.98		0.29314	0.8079	50.6101057273	16.6151
4 2 14			1.19		9.0		29.67		0.29298	1.2576	70.6282605877	19.9713
2 4 6			0.97		9.97		29.12		0.29326	0.785	46.7364348384	64.2552
4 2 2			1.17		11.14		26.76		0.29324	0.457	40.8620305525	12.2524
0 6 6			1.09		12.23		25.67		0.29346	1.0147	60.183190367	40.9583
2 0 10			1.19		13.42		23.88		0.29334	0.6169	42.9543880851	20.236
0 0 22			0.53		13.95		28.9		0.29293	2.2765	94.0325860765	137.6091
5 3 1			1.09		15.04		27.34		0.29289	0.5252	53.2386121167	32.835
0 2 10			1.13		16.17		25.73		0.29278	0.4317	42.9590557724	21.0204
4 2 6			1.0		17.17		25.57		0.29309	1.6049	46.7233273538	62.1975
5 1 1			1.12		18.3		24.37		0.29306	0.5346	46.1701152	26.7419
9 1 1			1.16		19.46		23.1		0.29306	0.8793	87.9915459652	19.6393
4 6 2			1.18		20.64		21.95		0.29306	0.2349	67.657370766	5.5969
2 0 16			1.16		21.79		21.23		0.29317	0.5935	67.2372591268	11.8907
0 2 16			1.16		22.95		20.64		0.29331	1.8687	67.2407114996	13.8307
1 7 1			1.2		24.15		19.9		0.29328	0.5219	65.7901743415	26.2984
0 2 20			1.23		25.38		19.08		0.29337	0.4494	86.0769303832	2.8517
7 1 1			1.23		26.61		18.45		0.29335	0.5207	65.7483230412	25.2044
7 3 1			1.26		27.87		17.77		0.29334	0.5095	71.5359286583	22.1332
0 4 10			1.13		29.0		18.14		0.29263	0.9893	53.7871001638	44.1425
6 0 0			1.24		30.24		17.66		0.29263	0.7256	54.7363985401	55.434
4 6 4			1.19		31.44		17.65		0.29251	1.0731	69.291881243	33.3045
6 4 0			1.28		32.71		17.06		0.29251	1.8287	67.0910631577	58.6803
0 2 18			1.25		33.96		16.81		0.29386	0.3755	76.3208597895	3.7538
4 6 0			1.3		35.26		16.28		0.29386	0.7863	67.1083315067	59.4729
2 0 14			1.31		36.57		15.8		0.29381	0.2634	58.6945218607	7.3942
0 6 8			1.33		37.9		15.35		0.29384	0.7694	64.1950429677	5.6946
2 4 0			1.28		39.18		15.3		0.29384	1.4359	40.0960076051	88.2765
6 4 2			1.35		40.53		14.88		0.29384	0.2211	67.6401768609	4.8049
2 2 16			1.22		41.75		15.37		0.29515	1.1693	70.1293332912	108.6018
5 3 9			1.28		43.03		15.34		0.29515	0.4833	65.0662013285	20.8409
1 1 1			1.29		44.31		15.27		0.2951	0.5749	13.0194761966	56.7652
0 6 16			1.33		45.64		14.96		0.29548	0.4825	89.3859051251	7.6515
6 0 12			1.35		47.0		14.59		0.29548	0.5892	74.995462768	0.9301
2 2 10			1.26		48.25		14.92		0.29463	0.6429	46.7739448495	44.8949
0 4 16			2.26		50.52		9.92		0.31324	1.5557	75.7704700384	94.8658
4 6 6			1.62		52.14		9.76		0.31313	1.1903	71.9781772466	41.9784
0 0 4			1.58		53.72		9.85		0.31297	0.8482	15.2869714585	59.1035
6 0 6			1.64		55.36		9.63		0.31299	1.0815	60.1501886982	39.9969
0 6 0			1.63		56.99		9.57		0.31299	1.4277	54.7714555341	59.4019
3 3 15			1.66		58.65		9.39		0.31307	0.3402	73.0835579415	3.8877
6 4 6			1.66		60.31		9.25		0.31296	0.9247	71.9614498967	41.9809
4 2 12			1.67		61.99		9.13		0.31256	0.2244	63.468523569	4.7972
0 2 12			1.7		63.68		8.95		0.31257	0.3827	50.6142203783	17.5707
5 5 1			1.71		65.39		8.81		0.31256	0.5073	65.769247456	23.9531
3 5 1			1.69		67.08		8.79		0.31254	0.5283	53.2544885252	31.9012
4 4 4			1.65		68.73		8.93		0.31238	0.8476	53.9354251327	76.9211
4 0 10			1.66		70.39		8.98		0.31278	0.6243	53.7713327333	45.2096
4 4 10			1.67		72.07		8.95		0.31309	0.6886	66.23802526	47.6672
0 4 6			0.84		72.91		13.42		0.31347	3.7688	42.9189471786	481.9509
0 4 12			1.3		74.21		13.79		0.31399	1.4889	60.4300914167	161.7651
0 0 10			1.36		75.57		13.7		0.31423	0.8316	38.8438017949	41.7013
0 6 14			1.35		76.92		13.68		0.31434	0.9096	81.7552219026	27.2955
2 4 2			1.37		78.3		13.55		0.31433	0.3828	40.8766170199	13.2501
2 4 14			1.38		79.68		13.41		0.3144	0.5221	70.6383718296	19.4111
0 6 12			1.37		81.05		13.38		0.31393	0.3425	75.0250979777	1.887
0 6 18			1.4		82.45		13.17		0.31392	0.7949	98.0280769063	1.8601
4 2 0			1.38		83.83		13.17		0.31392	0.9287	40.0811891304	86.5118
1 7 5			1.21		85.05		14.13		0.31394	1.0841	69.0835930101	99.7513
0 6 2			1.36		86.41		13.96		0.31394	0.2356	55.3895592761	6.1752
1 1 3			1.34		87.74		13.96		0.31395	0.4514	16.9416048235	36.8187
3 1 15			1.37		89.11		13.79		0.31402	0.2871	67.3554895111	7.7692
3 3 1			1.36		90.47		13.71		0.31401	0.5106	38.1558496662	33.1617
3 1 1			1.35		91.83		13.69		0.314	0.5239	28.3131072915	41.7464
2 4 8			1.32		93.15		13.86		0.31404	0.1687	51.4325245866	2.4593
0 0 16			1.37		94.52		13.68		0.31405	1.3342	64.286058028	116.6634
3 3 9			1.38		95.91		13.49		0.31404	0.3816	52.4524123761	12.0632
1 3 7			1.23		97.13		14.29		0.31478	0.1893	39.2755843192	5.3372
2 4 12			1.34		98.47		14.21		0.31452	0.2205	63.4791913795	4.8908
2 4 10			1.35		99.82		14.06		0.31459	0.607	57.0555982332	12.0937
6 0 10			1.35		101.17		13.97		0.31473	1.0728	69.1331306246	8.9056
3 7 3			1.33		102.5		14.04		0.31475	0.8954	72.6346668965	71.6226
0 2 2			1.32		103.82		14.1		0.31474	0.4614	19.2417464495	36.8131
3 5 9			1.36		105.18		13.94		0.31476	0.4755	65.0802252419	19.5165
7 1 3			1.32		106.49		14.08		0.31478	1.4031	66.8553232335	91.2915
4 2 10			1.36		107.85		13.94		0.31486	1.1102	57.0442200735	11.3144
0 6 10			1.35		109.2		13.86		0.31499	0.8527	69.1637693973	8.5049
1 5 1			1.36		110.56		13.78		0.31499	0.4978	46.196563203	27.3004
3 7 1			1.37		111.93		13.65		0.31498	1.2822	71.5694631273	22.2453
0 4 4			1.35		113.28		13.69		0.31492	0.8482	39.0545896029	78.0016
3 1 3			1.34		114.61		13.78		0.31494	1.2003	30.3814370344	67.5761
1 7 7			1.28		115.9		14.15		0.31531	0.4353	72.3061031614	6.1143