HKL Value		Reward		TotalReward	Chi Squared	Z Appr. 	Error	Two-Thetas	Sfs2
3 1 9			0.0		0.0		0.0		0.3	0.36	45.2950695798	8.7768
1 1 3			0.0		0.0		14.16		0.35414	0.4514	16.9416048235	36.8187
0 4 18			2.87		2.87		7.31		0.35591	0.8369	84.5238780681	17.4513
0 2 14			2.61		5.48		5.2		0.35566	0.2479	58.6982494177	6.3292
1 1 9			2.77		8.25		4.01		0.35642	0.2216	37.1193146943	1.1702
0 4 20			2.53		10.79		3.94		0.36298	1.027	94.1654323607	18.6345
6 0 2			2.74		13.53		3.56		0.36304	0.2214	55.354768557	5.4487
6 0 8			2.72		16.25		3.45		0.36254	2.9234	64.163237895	5.3359
2 0 12			2.49		18.74		3.78		0.36197	0.8079	50.6101057273	16.6151
4 2 14			2.72		21.46		3.53		0.36172	1.2576	70.6282605877	19.9713
2 4 6			2.34		23.8		4.11		0.36121	0.785	46.7364348384	64.2552
2 0 10			2.1		25.9		4.89		0.36106	0.6169	42.9543880851	20.236
0 2 10			1.98		27.88		5.59		0.3609	0.4317	42.9590557724	21.0204
4 2 2			2.07		29.95		5.71		0.36092	0.457	40.8620305525	12.2524
4 2 6			2.04		31.99		5.84		0.3605	1.6049	46.7233273538	62.1975