HKL Value		Reward		TotalReward	Chi Squared	Z Appr. 	Error	Two-Thetas	Sfs2
3 1 9			0.0		0.0		0.0		0.3	0.36	45.2950695798	8.7768
0 2 14			0.0		0.0		1.62		0.27871	0.2479	58.6982494177	6.3292
1 1 11			0.0		0.0		82.21		0.2741	2.144	44.8525636461	378.5934
0 4 18			1.05		1.05		70.99		0.25994	0.8369	84.5238780681	17.4513
1 1 9			1.32		2.37		53.28		0.25987	0.2216	37.1193146943	1.1702
0 4 6			0.0		2.37		123.96		0.26015	3.7688	42.9189471786	481.9509
0 4 20			0.95		3.32		104.16		0.26123	1.027	94.1654323607	18.6345
6 0 2			0.99		4.31		89.3		0.26123	0.2214	55.354768557	5.4487
6 0 8			0.99		5.3		78.57		0.26137	2.9234	64.163237895	5.3359
2 0 12			0.89		6.19		72.45		0.2623	0.8079	50.6101057273	16.6151
4 2 14			0.93		7.12		66.26		0.26212	1.2576	70.6282605877	19.9713
2 4 6			0.71		7.82		64.72		0.26216	0.785	46.7364348384	64.2552
4 2 2			0.94		8.76		59.47		0.26215	0.457	40.8620305525	12.2524
2 0 10			0.88		9.64		55.89		0.2621	0.6169	42.9543880851	20.236
0 2 10			0.87		10.51		52.87		0.26206	0.4317	42.9590557724	21.0204
4 2 6			0.71		11.23		52.51		0.26209	1.6049	46.7233273538	62.1975
5 3 1			0.91		12.14		49.35		0.26207	0.5252	53.2386121167	32.835
5 1 1			0.92		13.06		46.52		0.26206	0.5346	46.1701152	26.7419
9 1 1			0.93		13.98		43.96		0.26207	0.8793	87.9915459652	19.6393
4 6 2			0.93		14.92		41.67		0.26207	0.2349	67.657370766	5.5969
2 0 16			0.94		15.86		39.6		0.26201	0.5935	67.2372591268	11.8907
0 2 16			0.95		16.81		37.74		0.2619	1.8687	67.2407114996	13.8307
1 7 1			0.96		17.77		36.06		0.26189	0.5219	65.7901743415	26.2984
0 2 20			0.97		18.74		34.51		0.26196	0.4494	86.0769303832	2.8517
0 4 10			0.91		19.65		33.9		0.26214	0.9893	53.7871001638	44.1425
1 3 11			0.51		20.16		38.11		0.26271	2.4293	52.0561920156	298.4303
2 0 14			0.93		21.09		36.66		0.26264	0.2634	58.6945218607	7.3942
6 0 0			0.93		22.02		35.48		0.26264	0.7256	54.7363985401	55.434
0 2 18			0.92		22.95		34.52		0.26194	0.3755	76.3208597895	3.7538
6 4 0			0.96		23.91		33.33		0.26194	1.8287	67.0910631577	58.6803
7 1 1			0.97		24.88		32.24		0.26194	0.5207	65.7483230412	25.2044
4 6 0			0.98		25.86		31.2		0.26194	0.7863	67.1083315067	59.4729
6 4 2			0.99		26.84		30.26		0.26194	0.2211	67.6401768609	4.8049
0 6 8			0.99		27.83		29.42		0.262	0.7694	64.1950429677	5.6946
2 2 16			0.99		28.82		28.77		0.26171	1.1693	70.1293332912	108.6018
6 0 10			1.0		29.82		28.08		0.26169	1.0728	69.1331306246	8.9056
2 4 0			0.98		30.81		27.69		0.26169	1.4359	40.0960076051	88.2765
5 3 9			0.99		31.8		27.32		0.2617	0.4833	65.0662013285	20.8409
0 4 16			1.03		32.82		26.67		0.26152	1.5557	75.7704700384	94.8658
1 1 1			1.02		33.85		26.15		0.26151	0.5749	13.0194761966	56.7652
3 3 15			0.85		34.7		27.38		0.2603	0.3402	73.0835579415	3.8877
6 0 6			0.95		35.65		27.44		0.2603	1.0815	60.1501886982	39.9969
2 2 10			0.97		36.61		27.33		0.26042	0.6429	46.7739448495	44.8949
0 0 22			0.9		37.52		27.83		0.26129	2.2765	94.0325860765	137.6091
0 6 0			1.0		38.51		27.35		0.26129	1.4277	54.7714555341	59.4019
4 6 6			0.95		39.47		27.38		0.26131	1.1903	71.9781772466	41.9784
0 6 16			1.02		40.48		26.79		0.2614	0.4825	89.3859051251	7.6515
5 5 1			1.03		41.51		26.23		0.2614	0.5073	65.769247456	23.9531
6 4 6			0.97		42.48		26.28		0.26143	0.9247	71.9614498967	41.9809
3 5 1			1.03		43.51		25.78		0.26143	0.5283	53.2544885252	31.9012
0 0 4			1.03		44.54		25.35		0.26144	0.8482	15.2869714585	59.1035
0 2 12			1.0		45.55		25.27		0.26192	0.3827	50.6142203783	17.5707
4 2 12			0.93		46.47		25.87		0.2629	0.2244	63.468523569	4.7972
5 5 5			0.92		47.4		26.44		0.26279	1.5862	69.0631626084	104.8873
4 4 10			0.98		48.38		26.35		0.26289	0.6886	66.23802526	47.6672
4 4 4			1.02		49.4		25.92		0.26291	0.8476	53.9354251327	76.9211
4 0 10			0.99		50.39		25.8		0.26301	0.6243	53.7713327333	45.2096
0 0 10			1.0		51.39		25.67		0.26312	0.8316	38.8438017949	41.7013
0 6 2			1.03		52.43		25.23		0.26312	0.2356	55.3895592761	6.1752
0 6 6			0.99		53.41		25.32		0.26312	1.0147	60.183190367	40.9583
3 1 15			0.97		54.38		25.57		0.26273	0.2871	67.3554895111	7.7692
2 4 14			1.02		55.4		25.33		0.26265	0.5221	70.6383718296	19.4111
2 4 2			1.03		56.43		24.95		0.26264	0.3828	40.8766170199	13.2501
7 3 3			0.97		57.4		25.24		0.26269	1.9283	72.601334037	69.5466
0 6 14			1.01		58.41		25.13		0.26262	0.9096	81.7552219026	27.2955
0 6 18			1.03		59.43		24.88		0.26212	0.7949	98.0280769063	1.8601
0 6 12			0.91		60.34		25.72		0.26322	0.3425	75.0250979777	1.887
4 4 12			1.03		61.37		25.35		0.26319	1.9475	72.2035773977	130.2426
2 6 4			1.03		62.4		25.03		0.2632	0.8772	60.3635846112	78.02
5 1 9			1.02		63.42		24.85		0.2632	0.4583	58.9619928854	19.0838
1 1 3			1.0		64.42		24.87		0.2632	0.4514	16.9416048235	36.8187
3 3 1			1.04		65.46		24.55		0.2632	0.5106	38.1558496662	33.1617
3 1 1			1.04		66.5		24.27		0.26319	0.5239	28.3131072915	41.7464
0 0 16			1.03		67.53		24.13		0.26296	1.3342	64.286058028	116.6634
2 4 12			0.98		68.51		24.43		0.26353	0.2205	63.4791913795	4.8908
3 3 9			1.04		69.55		24.2		0.26354	0.3816	52.4524123761	12.0632
2 6 2			0.89		70.44		25.33		0.26354	1.2892	58.5985395934	134.3564
1 5 3			0.96		71.4		25.64		0.26358	0.9511	47.585042181	85.8034
2 4 10			1.01		72.41		25.41		0.26358	0.607	57.0555982332	12.0937
2 4 8			1.02		73.44		25.12		0.26361	0.1687	51.4325245866	2.4593
3 7 3			0.97		74.41		25.36		0.26364	0.8954	72.6346668965	71.6226
0 6 10			1.02		75.43		25.11		0.26364	0.8527	69.1637693973	8.5049
3 5 9			1.01		76.44		24.95		0.26364	0.4755	65.0802252419	19.5165
1 5 1			1.03		77.48		24.67		0.26364	0.4978	46.196563203	27.3004
0 2 2			1.02		78.5		24.52		0.26364	0.4614	19.2417464495	36.8131
1 3 9			1.04		79.54		24.27		0.26365	0.2622	45.3040218183	7.1674
4 2 10			1.04		80.58		24.06		0.26365	1.1102	57.0442200735	11.3144
3 7 1			1.05		81.63		23.78		0.26365	1.2822	71.5694631273	22.2453
1 3 15			1.0		82.63		23.97		0.26345	0.2862	67.3623786269	8.1809
7 3 1			1.05		83.69		23.7		0.26345	0.5095	71.5359286583	22.1332
0 4 4			1.05		84.74		23.47		0.26345	0.8482	39.0545896029	78.0016
3 1 3			1.0		85.74		23.71		0.26348	1.2003	30.3814370344	67.5761
6 0 12			0.94		86.68		24.5		0.26461	0.5892	74.995462768	0.9301
1 1 17			0.81		87.49		26.39		0.26461	2.447	70.2810461715	248.4175