HKL Value		Reward		TotalReward	Chi Squared	Z Appr. 	Error	Two-Thetas	Sfs2
3 1 9			0.0		0.0		0.0		0.3	0.36	45.2950695798	8.7768
0 2 14			0.0		0.0		1.62		0.27871	0.2479	58.6982494177	6.3292
0 4 18			18.52		18.52		0.09		0.31024	0.8369	84.5238780681	17.4513
1 1 9			13.17		31.69		0.14		0.30988	0.2216	37.1193146943	1.1702
0 4 20			4.55		36.24		1.02		0.31185	1.027	94.1654323607	18.6345
6 0 2			4.54		40.78		1.18		0.31183	0.2214	55.354768557	5.4487
6 0 8			3.87		44.65		1.56		0.31182	2.9234	64.163237895	5.3359
2 0 12			4.4		49.06		1.34		0.31188	0.8079	50.6101057273	16.6151
4 2 14			3.19		52.25		2.12		0.31218	1.2576	70.6282605877	19.9713
2 4 6			3.24		55.49		2.3		0.31234	0.785	46.7364348384	64.2552
4 2 2			3.05		58.54		2.56		0.31232	0.457	40.8620305525	12.2524
2 0 10			3.34		61.88		2.33		0.31235	0.6169	42.9543880851	20.236
0 2 10			3.48		65.36		2.14		0.31236	0.4317	42.9590557724	21.0204
4 2 6			3.35		68.71		2.2		0.31249	1.6049	46.7233273538	62.1975
3 1 11			0.09		68.8		19.59		0.31223	2.3814	52.0481274199	292.2152
5 3 1			1.23		70.03		18.81		0.31219	0.5252	53.2386121167	32.835
5 1 1			1.26		71.3		18.03		0.31216	0.5346	46.1701152	26.7419
9 1 1			1.32		72.62		17.04		0.31215	0.8793	87.9915459652	19.6393
2 4 2			1.31		73.92		16.41		0.31212	0.3828	40.8766170199	13.2501
4 6 2			1.36		75.29		15.57		0.31211	0.2349	67.657370766	5.5969
2 0 16			1.24		76.53		15.71		0.312	0.5935	67.2372591268	11.8907
0 2 16			1.28		77.81		15.59		0.31187	1.8687	67.2407114996	13.8307
1 7 1			1.34		79.15		15.15		0.31182	0.5219	65.7901743415	26.2984
0 2 20			1.39		80.54		14.51		0.31201	0.4494	86.0769303832	2.8517
0 4 4			1.31		81.85		14.5		0.31163	0.8482	39.0545896029	78.0016
0 4 10			1.32		83.17		14.47		0.31268	0.9893	53.7871001638	44.1425
2 0 14			1.41		84.57		13.93		0.31251	0.2634	58.6945218607	7.3942
0 2 18			1.43		86.0		13.42		0.31258	0.3755	76.3208597895	3.7538
6 0 0			1.42		87.42		13.11		0.31258	0.7256	54.7363985401	55.434
2 0 2			1.35		88.77		13.28		0.31253	0.6502	19.2320929378	35.9547
6 4 0			1.45		90.23		12.83		0.31253	1.8287	67.0910631577	58.6803
4 6 0			1.47		91.7		12.42		0.31253	0.7863	67.1083315067	59.4729
7 1 1			1.46		93.16		12.2		0.31249	0.5207	65.7483230412	25.2044
6 4 2			1.5		94.66		11.83		0.31248	0.2211	67.6401768609	4.8049
0 6 8			1.5		96.17		11.57		0.31248	0.7694	64.1950429677	5.6946
2 2 16			1.53		97.69		11.29		0.31248	1.1693	70.1293332912	108.6018
2 4 0			1.47		99.17		11.36		0.31248	1.4359	40.0960076051	88.2765
5 3 9			1.53		100.7		11.11		0.31271	0.4833	65.0662013285	20.8409
0 4 16			1.53		102.22		10.99		0.31273	1.5557	75.7704700384	94.8658
0 0 14			1.26		103.49		12.25		0.31273	0.8389	55.4890953336	74.9432
6 0 6			1.49		104.98		11.95		0.31278	1.0815	60.1501886982	39.9969
1 1 1			1.43		106.4		12.04		0.31272	0.5749	13.0194761966	56.7652
3 3 15			1.49		107.9		11.78		0.31286	0.3402	73.0835579415	3.8877
2 2 10			1.47		109.36		11.72		0.31354	0.6429	46.7739448495	44.8949
0 0 22			1.48		110.85		11.6		0.31406	2.2765	94.0325860765	137.6091
0 6 0			1.49		112.34		11.49		0.31406	1.4277	54.7714555341	59.4019
4 6 6			1.51		113.85		11.31		0.31393	1.1903	71.9781772466	41.9784
0 6 16			1.4		115.25		11.73		0.31431	0.4825	89.3859051251	7.6515
1 3 13			1.23		116.48		13.0		0.31586	0.3907	59.4200243294	11.5335
5 5 1			1.43		117.91		12.78		0.31585	0.5073	65.769247456	23.9531
3 5 1			1.42		119.33		12.68		0.31583	0.5283	53.2544885252	31.9012
6 4 6			1.43		120.76		12.52		0.31573	0.9247	71.9614498967	41.9809
0 0 4			1.4		122.16		12.58		0.31561	0.8482	15.2869714585	59.1035
0 2 12			1.45		123.61		12.38		0.31542	0.3827	50.6142203783	17.5707
4 2 12			1.43		125.04		12.34		0.31481	0.2244	63.468523569	4.7972
4 4 10			1.45		126.49		12.2		0.31502	0.6886	66.23802526	47.6672
4 4 4			1.41		127.9		12.31		0.31489	0.8476	53.9354251327	76.9211
4 0 10			1.45		129.34		12.21		0.31514	0.6243	53.7713327333	45.2096
0 0 10			1.45		130.79		12.1		0.31536	0.8316	38.8438017949	41.7013
0 6 2			1.47		132.26		11.94		0.31536	0.2356	55.3895592761	6.1752
0 6 6			1.49		133.75		11.74		0.31536	1.0147	60.183190367	40.9583
3 1 15			1.49		135.24		11.57		0.31545	0.2871	67.3554895111	7.7692
2 4 14			1.49		136.73		11.45		0.31552	0.5221	70.6383718296	19.4111
0 6 14			1.48		138.21		11.45		0.31561	0.9096	81.7552219026	27.2955
0 6 18			1.51		139.72		11.29		0.31549	0.7949	98.0280769063	1.8601
0 6 12			1.47		141.19		11.38		0.31487	0.3425	75.0250979777	1.887
5 1 9			1.52		142.71		11.21		0.31486	0.4583	58.9619928854	19.0838
1 1 3			1.49		144.19		11.25		0.31487	0.4514	16.9416048235	36.8187
3 1 1			1.49		145.68		11.27		0.31486	0.5239	28.3131072915	41.7464
3 3 1			1.5		147.18		11.21		0.31484	0.5106	38.1558496662	33.1617
0 0 16			1.52		148.7		11.06		0.31486	1.3342	64.286058028	116.6634
6 0 10			1.52		150.22		10.99		0.31505	1.0728	69.1331306246	8.9056
3 3 9			1.54		151.76		10.85		0.31502	0.3816	52.4524123761	12.0632
2 4 12			1.52		153.28		10.82		0.31468	0.2205	63.4791913795	4.8908
2 4 10			1.54		154.83		10.71		0.31476	0.607	57.0555982332	12.0937
2 4 8			1.49		156.31		10.91		0.31482	0.1687	51.4325245866	2.4593
3 7 3			1.49		157.8		11.03		0.31484	0.8954	72.6346668965	71.6226
0 6 10			1.52		159.32		10.98		0.31501	0.8527	69.1637693973	8.5049
3 5 9			1.54		160.86		10.84		0.31504	0.4755	65.0802252419	19.5165
2 0 0			1.43		162.28		11.29		0.31504	2.02	17.6289686615	175.6782
1 5 1			1.5		163.78		11.24		0.31504	0.4978	46.196563203	27.3004
3 7 1			1.51		165.3		11.13		0.31503	1.2822	71.5694631273	22.2453
0 2 2			1.48		166.78		11.22		0.31502	0.4614	19.2417464495	36.8131
1 3 9			1.51		168.29		11.12		0.31493	0.2622	45.3040218183	7.1674
4 2 10			1.52		169.81		11.02		0.31502	1.1102	57.0442200735	11.3144
1 3 15			1.53		171.34		10.91		0.31508	0.2862	67.3623786269	8.1809
7 3 1			1.53		172.87		10.81		0.31507	0.5095	71.5359286583	22.1332
0 6 4			1.47		174.34		11.05		0.31506	0.6675	57.2171401797	42.9768
3 1 3			1.48		175.82		11.17		0.31507	1.2003	30.3814370344	67.5761
6 2 10			1.51		177.33		11.13		0.31522	0.7103	71.9901825081	43.9921
6 0 12			1.46		178.79		11.31		0.31455	0.5892	74.995462768	0.9301
6 2 4			1.48		180.26		11.37		0.31449	0.8727	60.3342977717	77.9073
2 2 4			1.47		181.73		11.44		0.31442	0.7551	29.4672289371	73.6026