HKL Value		Reward		TotalReward	Chi Squared	Z Appr. 	Error	Two-Thetas	Sfs2
6 2 2			0.0		0.0		0.0		0.3	3.3001	58.5687226088	135.1206
0 4 18			0.0		0.0		105.22		0.31054	0.8369	84.5238780681	17.4513
1 3 11			0.0		0.0		159.99		0.29611	2.4293	52.0561920156	298.4303
0 2 14			0.97		0.97		106.94		0.29586	0.2479	58.6982494177	6.3292
3 1 9			1.1		2.06		81.43		0.29581	0.36	45.2950695798	8.7768
1 1 9			1.18		3.24		65.16		0.2959	0.2216	37.1193146943	1.1702
0 4 20			0.82		4.06		61.86		0.29241	1.027	94.1654323607	18.6345
6 0 2			1.14		5.2		53.15		0.2924	0.2214	55.354768557	5.4487
6 0 8			1.13		6.33		46.58		0.29245	2.9234	64.163237895	5.3359
2 0 12			1.03		7.36		42.56		0.29245	0.8079	50.6101057273	16.6151
4 2 14			1.09		8.45		38.57		0.29232	1.2576	70.6282605877	19.9713
2 4 6			0.91		9.36		37.34		0.29256	0.785	46.7364348384	64.2552
4 2 2			1.07		10.43		34.49		0.29256	0.457	40.8620305525	12.2524
2 0 10			1.08		11.51		31.99		0.29245	0.6169	42.9543880851	20.236
0 2 10			1.1		12.6		29.81		0.29236	0.4317	42.9590557724	21.0204
4 2 6			0.96		13.56		29.39		0.2926	1.6049	46.7233273538	62.1975
2 6 6			0.18		13.74		40.75		0.29323	5.383	63.2392339525	346.2148
5 3 1			0.95		14.69		38.67		0.2932	0.5252	53.2386121167	32.835
5 1 1			0.97		15.66		36.75		0.29318	0.5346	46.1701152	26.7419
9 1 1			0.99		16.65		34.83		0.29317	0.8793	87.9915459652	19.6393
4 6 2			1.01		17.66		33.09		0.29317	0.2349	67.657370766	5.5969
2 0 16			0.99		18.65		31.84		0.29327	0.5935	67.2372591268	11.8907
0 2 16			0.99		19.64		30.76		0.2934	1.8687	67.2407114996	13.8307
0 6 18			1.01		20.65		29.64		0.29435	0.7949	98.0280769063	1.8601
1 7 1			1.03		21.67		28.57		0.29433	0.5219	65.7901743415	26.2984
0 2 20			1.05		22.73		27.43		0.29436	0.4494	86.0769303832	2.8517
0 4 10			0.94		23.67		27.55		0.29393	0.9893	53.7871001638	44.1425
7 1 1			1.05		24.72		26.65		0.29391	0.5207	65.7483230412	25.2044
2 0 14			1.07		25.79		25.71		0.29385	0.2634	58.6945218607	7.3942
0 2 18			1.07		26.85		24.99		0.29446	0.3755	76.3208597895	3.7538
6 0 0			1.08		27.93		24.31		0.29446	0.7256	54.7363985401	55.434
6 4 0			1.1		29.04		23.53		0.29446	1.8287	67.0910631577	58.6803
4 6 0			1.12		30.15		22.79		0.29446	0.7863	67.1083315067	59.4729
6 4 2			1.13		31.28		22.1		0.29446	0.2211	67.6401768609	4.8049
0 6 8			1.14		32.43		21.46		0.29449	0.7694	64.1950429677	5.6946
2 2 16			1.05		33.47		21.73		0.29545	1.1693	70.1293332912	108.6018
2 4 0			1.1		34.57		21.51		0.29545	1.4359	40.0960076051	88.2765
5 3 9			1.1		35.68		21.3		0.29547	0.4833	65.0662013285	20.8409
0 4 16			1.7		37.37		16.77		0.31386	1.5557	75.7704700384	94.8658
6 4 6			1.27		38.65		16.42		0.31371	0.9247	71.9614498967	41.9809
3 3 15			1.29		39.94		16.03		0.31381	0.3402	73.0835579415	3.8877
1 1 1			1.25		41.19		16.03		0.31377	0.5749	13.0194761966	56.7652
6 0 6			1.31		42.5		15.65		0.31378	1.0815	60.1501886982	39.9969
2 2 10			1.29		43.79		15.46		0.31419	0.6429	46.7739448495	44.8949
0 0 22			1.31		45.1		15.23		0.31451	2.2765	94.0325860765	137.6091
3 7 5			1.11		46.21		16.33		0.31456	1.0548	74.7470539899	89.5814
0 6 0			1.27		47.48		16.11		0.31456	1.4277	54.7714555341	59.4019
4 6 6			1.29		48.77		15.85		0.31446	1.1903	71.9781772466	41.9784
0 6 16			1.21		49.98		16.14		0.31483	0.4825	89.3859051251	7.6515
5 5 1			1.29		51.27		15.85		0.31482	0.5073	65.769247456	23.9531
0 2 12			1.3		52.57		15.55		0.31468	0.3827	50.6142203783	17.5707
3 5 1			1.29		53.86		15.4		0.31466	0.5283	53.2544885252	31.9012
0 2 4			1.06		54.92		16.87		0.31466	1.326	23.4223631322	110.0283
0 0 4			1.22		56.14		16.83		0.31454	0.8482	15.2869714585	59.1035
4 2 12			1.24		57.39		16.65		0.31399	0.2244	63.468523569	4.7972
4 4 10			1.26		58.64		16.45		0.31425	0.6886	66.23802526	47.6672
1 3 1			1.24		59.88		16.38		0.31424	0.5324	28.3265170018	42.1271
5 5 7			1.06		60.94		17.62		0.31545	0.6639	72.2860687267	4.3062
4 0 10			1.22		62.16		17.41		0.31562	0.6243	53.7713327333	45.2096
4 4 4			1.19		63.36		17.44		0.31554	0.8476	53.9354251327	76.9211
0 6 6			1.24		64.6		17.15		0.31553	1.0147	60.183190367	40.9583
0 0 10			1.24		65.83		16.96		0.31569	0.8316	38.8438017949	41.7013
0 6 2			1.25		67.08		16.73		0.31569	0.2356	55.3895592761	6.1752
0 6 14			1.24		68.32		16.64		0.31575	0.9096	81.7552219026	27.2955
2 4 14			1.26		69.57		16.44		0.31581	0.5221	70.6383718296	19.4111
3 1 15			1.27		70.84		16.2		0.31587	0.2871	67.3554895111	7.7692
2 4 2			1.27		72.11		16.05		0.31587	0.3828	40.8766170199	13.2501
0 6 12			1.24		73.34		16.11		0.3153	0.3425	75.0250979777	1.887
3 3 1			1.26		74.61		15.99		0.31529	0.5106	38.1558496662	33.1617
5 1 9			1.29		75.89		15.76		0.31527	0.4583	58.9619928854	19.0838
1 1 3			1.26		77.16		15.73		0.31529	0.4514	16.9416048235	36.8187
3 1 1			1.27		78.43		15.69		0.31527	0.5239	28.3131072915	41.7464
2 4 12			1.27		79.7		15.61		0.31495	0.2205	63.4791913795	4.8908
0 0 16			1.3		81.0		15.4		0.31495	1.3342	64.286058028	116.6634
3 3 9			1.31		82.3		15.2		0.31494	0.3816	52.4524123761	12.0632
6 0 10			1.3		83.61		15.08		0.31508	1.0728	69.1331306246	8.9056
2 4 10			1.32		84.92		14.91		0.31516	0.607	57.0555982332	12.0937
2 4 8			1.27		86.19		15.04		0.31521	0.1687	51.4325245866	2.4593
0 2 2			1.28		87.48		15.09		0.3152	0.4614	19.2417464495	36.8131
3 7 3			1.28		88.75		15.15		0.31521	0.8954	72.6346668965	71.6226