HKL Value		Reward		TotalReward	Chi Squared	Z Appr. 	Error	Two-Thetas	Sfs2
0 4 18			0.0		0.0		0.0		0.3	0.8369	84.5238780681	17.4513
0 2 4			0.0		0.0		89.62		0.30032	1.326	23.4223631322	110.0283
3 1 9			1.48		1.48		45.89		0.31015	0.36	45.2950695798	8.7768
0 2 14			1.7		3.18		30.59		0.31012	0.2479	58.6982494177	6.3292
1 1 9			1.67		4.85		22.99		0.30976	0.2216	37.1193146943	1.1702
0 4 20			1.53		6.37		19.15		0.31184	1.027	94.1654323607	18.6345
6 0 2			1.56		7.93		16.26		0.31182	0.2214	55.354768557	5.4487
6 0 8			1.53		9.47		14.43		0.31181	2.9234	64.163237895	5.3359
2 0 12			1.64		11.1		12.63		0.31187	0.8079	50.6101057273	16.6151
1 1 11			0.0		11.11		46.23		0.31141	2.144	44.8525636461	378.5934
4 2 14			1.02		12.13		42.41		0.31175	1.2576	70.6282605877	19.9713
2 4 6			1.05		13.18		38.92		0.31193	0.785	46.7364348384	64.2552
2 0 10			1.08		14.26		35.69		0.31199	0.6169	42.9543880851	20.236
0 2 10			1.08		15.34		32.94		0.31201	0.4317	42.9590557724	21.0204
4 2 2			1.06		16.4		30.94		0.31198	0.457	40.8620305525	12.2524
4 2 6			1.08		17.48		29.09		0.31213	1.6049	46.7233273538	62.1975
5 3 1			1.06		18.55		27.76		0.3121	0.5252	53.2386121167	32.835
5 1 1			1.08		19.63		26.5		0.31206	0.5346	46.1701152	26.7419
9 1 1			1.13		20.75		25.09		0.31205	0.8793	87.9915459652	19.6393
4 6 2			1.15		21.9		23.8		0.31203	0.2349	67.657370766	5.5969
2 0 16			1.06		22.96		23.53		0.31191	0.5935	67.2372591268	11.8907
1 7 1			1.13		24.09		22.69		0.31187	0.5219	65.7901743415	26.2984
0 2 16			1.1		25.19		22.25		0.31169	1.8687	67.2407114996	13.8307
0 2 20			1.18		26.36		21.31		0.3119	0.4494	86.0769303832	2.8517
2 0 14			1.2		27.56		20.42		0.31178	0.2634	58.6945218607	7.3942
6 4 0			1.21		28.77		19.61		0.31178	1.8287	67.0910631577	58.6803
0 2 18			1.23		30.0		18.87		0.3119	0.3755	76.3208597895	3.7538
2 4 12			1.24		31.24		18.22		0.31146	0.2205	63.4791913795	4.8908
6 0 0			1.24		32.48		17.74		0.31146	0.7256	54.7363985401	55.434
7 1 1			1.25		33.73		17.3		0.31143	0.5207	65.7483230412	25.2044
4 6 0			1.29		35.02		16.73		0.31143	0.7863	67.1083315067	59.4729
0 4 10			1.23		36.25		16.66		0.31225	0.9893	53.7871001638	44.1425
0 6 8			1.29		37.54		16.23		0.31225	0.7694	64.1950429677	5.6946
2 2 16			1.31		38.85		15.79		0.31223	1.1693	70.1293332912	108.6018
6 4 2			1.33		40.18		15.34		0.31222	0.2211	67.6401768609	4.8049
5 3 9			1.34		41.51		14.97		0.31243	0.4833	65.0662013285	20.8409
2 4 0			1.3		42.81		14.93		0.31243	1.4359	40.0960076051	88.2765
0 4 16			1.33		44.14		14.7		0.31243	1.5557	75.7704700384	94.8658
6 0 6			1.37		45.51		14.32		0.31247	1.0815	60.1501886982	39.9969
3 3 15			1.38		46.89		13.98		0.31259	0.3402	73.0835579415	3.8877
1 5 7			1.07		47.96		15.68		0.31462	0.6035	54.1236034243	4.2528
1 1 1			1.26		49.22		15.7		0.31459	0.5749	13.0194761966	56.7652
2 6 10			1.29		50.51		15.49		0.31488	0.7069	72.0169435829	44.7171
6 4 6			1.31		51.82		15.23		0.31478	0.9247	71.9614498967	41.9809
2 4 14			1.32		53.14		14.98		0.31488	0.5221	70.6383718296	19.4111
2 2 10			1.33		54.47		14.77		0.31511	0.6429	46.7739448495	44.8949
0 0 22			1.34		55.81		14.54		0.31525	2.2765	94.0325860765	137.6091
0 2 12			1.36		57.17		14.26		0.31514	0.3827	50.6142203783	17.5707
4 6 6			1.36		58.53		14.05		0.31506	1.1903	71.9781772466	41.9784
0 6 0			1.36		59.89		13.89		0.31506	1.4277	54.7714555341	59.4019
5 1 13			1.15		61.04		15.06		0.31598	0.4567	71.2764535317	11.3258
3 5 1			1.31		62.35		14.92		0.31597	0.5283	53.2544885252	31.9012
3 3 5			1.0		63.35		16.91		0.31601	1.3995	42.8396693434	151.0913
5 5 1			1.26		64.61		16.63		0.31601	0.5073	65.769247456	23.9531
4 2 4			1.13		65.74		17.26		0.31599	0.7624	43.1345383828	64.2766
0 6 16			1.18		66.92		17.4		0.31631	0.4825	89.3859051251	7.6515
0 0 4			1.2		68.13		17.38		0.31625	0.8482	15.2869714585	59.1035
3 1 15			1.24		69.37		17.09		0.3163	0.2871	67.3554895111	7.7692
1 5 9			1.25		70.62		16.81		0.31625	0.4394	58.984264935	17.7365
0 6 6			1.26		71.88		16.53		0.31625	1.0147	60.183190367	40.9583
3 3 1			1.25		73.13		16.38		0.31624	0.5106	38.1558496662	33.1617
4 4 10			1.27		74.4		16.15		0.31634	0.6886	66.23802526	47.6672
4 2 12			1.25		75.65		16.14		0.31589	0.2244	63.468523569	4.7972
5 1 9			1.28		76.93		15.89		0.31586	0.4583	58.9619928854	19.0838
0 0 16			1.29		78.22		15.65		0.31588	1.3342	64.286058028	116.6634
2 4 2			1.29		79.51		15.5		0.31588	0.3828	40.8766170199	13.2501
4 0 10			1.3		80.8		15.33		0.316	0.6243	53.7713327333	45.2096
7 3 1			1.31		82.11		15.14		0.316	0.5095	71.5359286583	22.1332
0 6 2			1.32		83.43		14.95		0.31599	0.2356	55.3895592761	6.1752
0 0 10			1.32		84.74		14.8		0.31612	0.8316	38.8438017949	41.7013
4 4 4			1.29		86.03		14.88		0.31605	0.8476	53.9354251327	76.9211
0 6 18			1.33		87.36		14.69		0.31592	0.7949	98.0280769063	1.8601
0 6 14			1.31		88.67		14.64		0.31597	0.9096	81.7552219026	27.2955
0 6 12			1.29		89.96		14.73		0.31547	0.3425	75.0250979777	1.887
1 3 9			1.33		91.29		14.57		0.31539	0.2622	45.3040218183	7.1674
1 1 3			1.31		92.6		14.56		0.31539	0.4514	16.9416048235	36.8187
6 0 10			1.33		93.93		14.44		0.31552	1.0728	69.1331306246	8.9056
3 1 1			1.32		95.25		14.41		0.31551	0.5239	28.3131072915	41.7464
3 3 9			1.35		96.6		14.24		0.31549	0.3816	52.4524123761	12.0632
2 4 10			1.35		97.95		14.07		0.31554	0.607	57.0555982332	12.0937
3 5 7			1.25		99.21		14.56		0.31597	0.2309	60.5203777188	5.6046
6 2 10			1.33		100.53		14.45		0.31607	0.7103	71.9901825081	43.9921
2 4 8			1.29		101.83		14.57		0.31612	0.1687	51.4325245866	2.4593
6 0 12			1.26		103.09		14.85		0.31549	0.5892	74.995462768	0.9301
0 4 6			0.88		103.98		17.74		0.31562	3.7688	42.9189471786	481.9509