HKL Value		Reward		TotalReward	Chi Squared	Z Appr. 	Error	Two-Thetas	Sfs2
3 1 9			0.0		0.0		0.0		0.3	0.36	45.2950695798	8.7768
0 4 18			0.0		0.0		0.18		0.31035	0.8369	84.5238780681	17.4513
0 2 14			16.4		16.4		0.09		0.31024	0.2479	58.6982494177	6.3292
0 2 18			8.56		24.96		0.33		0.31062	0.3755	76.3208597895	3.7538
0 4 20			5.41		30.37		0.78		0.3122	1.027	94.1654323607	18.6345
1 1 9			5.27		35.64		0.88		0.31195	0.2216	37.1193146943	1.1702
6 0 2			4.84		40.47		1.04		0.31193	0.2214	55.354768557	5.4487
4 2 2			3.77		44.24		1.59		0.3119	0.457	40.8620305525	12.2524
2 4 6			3.55		47.8		1.88		0.31208	0.785	46.7364348384	64.2552
6 0 8			3.43		51.23		2.05		0.31207	2.9234	64.163237895	5.3359
2 0 12			3.74		54.97		1.85		0.31211	0.8079	50.6101057273	16.6151
2 0 16			2.35		57.33		3.36		0.312	0.5935	67.2372591268	11.8907
4 2 6			2.74		60.07		3.34		0.31218	1.6049	46.7233273538	62.1975
2 0 10			2.91		62.98		3.09		0.31223	0.6169	42.9543880851	20.236
0 2 16			2.39		65.37		3.82		0.31217	1.8687	67.2407114996	13.8307
0 4 10			2.26		67.63		4.4		0.31316	0.9893	53.7871001638	44.1425
1 7 1			2.34		69.96		4.49		0.31312	0.5219	65.7901743415	26.2984