HKL Value		Reward		TotalReward	Chi Squared	Z Appr. 	Error	Two-Thetas	Sfs2
0 4 18			0.0		0.0		0.0		0.3	0.8369	84.5238780681	17.4513
3 1 9			0.0		0.0		0.18		0.31035	0.36	45.2950695798	8.7768
0 2 14			16.4		16.4		0.09		0.31024	0.2479	58.6982494177	6.3292
1 1 9			13.17		29.57		0.14		0.30988	0.2216	37.1193146943	1.1702
0 4 20			4.55		34.12		1.02		0.31186	1.027	94.1654323607	18.6345
6 0 2			4.54		38.66		1.18		0.31183	0.2214	55.354768557	5.4487
6 0 8			3.87		42.53		1.56		0.31182	2.9234	64.163237895	5.3359
2 4 2			3.25		45.78		2.13		0.31178	0.3828	40.8766170199	13.2501
2 0 12			3.75		49.53		1.87		0.31185	0.8079	50.6101057273	16.6151
4 2 14			2.98		52.51		2.5		0.31215	1.2576	70.6282605877	19.9713
2 4 6			3.05		55.55		2.63		0.31232	0.785	46.7364348384	64.2552
0 2 10			3.3		58.85		2.39		0.31233	0.4317	42.9590557724	21.0204
2 0 10			3.43		62.29		2.2		0.31236	0.6169	42.9543880851	20.236
4 2 2			3.16		65.45		2.41		0.31233	0.457	40.8620305525	12.2524
4 2 6			3.19		68.64		2.44		0.31247	1.6049	46.7233273538	62.1975
5 3 1			2.88		71.52		2.81		0.31243	0.5252	53.2386121167	32.835