HKL Value		Reward		TotalReward	Chi Squared	Z Appr. 	Error	Two-Thetas	Sfs2
3 1 9			0.0		0.0		0.0		0.3	0.36	45.2950695798	8.7768
0 2 14			0.0		0.0		1.62		0.27871	0.2479	58.6982494177	6.3292
1 1 9			2.74		2.74		2.71		0.29412	0.2216	37.1193146943	1.1702
0 4 18			16.27		19.0		0.14		0.30988	0.8369	84.5238780681	17.4513
0 4 20			4.55		23.56		1.02		0.31185	1.027	94.1654323607	18.6345
6 0 2			4.54		28.1		1.18		0.31183	0.2214	55.354768557	5.4487
6 0 8			3.87		31.97		1.56		0.31182	2.9234	64.163237895	5.3359
4 2 14			2.96		34.93		2.42		0.31216	1.2576	70.6282605877	19.9713
2 4 6			3.06		37.99		2.59		0.31234	0.785	46.7364348384	64.2552
2 0 12			3.38		41.37		2.3		0.31234	0.8079	50.6101057273	16.6151
4 2 2			3.05		44.42		2.56		0.31232	0.457	40.8620305525	12.2524
2 0 10			3.34		47.76		2.33		0.31235	0.6169	42.9543880851	20.236
4 2 6			3.22		50.99		2.38		0.31249	1.6049	46.7233273538	62.1975
0 2 10			3.43		54.41		2.2		0.31249	0.4317	42.9590557724	21.0204
5 1 1			3.08		57.49		2.5		0.31246	0.5346	46.1701152	26.7419
9 1 1			3.24		60.74		2.41		0.31245	0.8793	87.9915459652	19.6393
2 0 16			2.46		63.19		3.42		0.31244	0.5935	67.2372591268	11.8907
0 2 16			2.37		65.56		4.0		0.31242	1.8687	67.2407114996	13.8307
1 7 1			2.44		68.0		4.11		0.31238	0.5219	65.7901743415	26.2984