HKL Value		Reward		TotalReward	Chi Squared	Z Appr. 	Error	Two-Thetas	Sfs2
3 3 9			0.0		0.0		0.0		0.3	0.3816	52.4524123761	12.0632
3 5 5			0.0		0.0		19.49		0.39493	1.2751	56.9624934876	133.7285
4 2 2			4.08		4.08		11.33		0.39721	0.457	40.8620305525	12.2524
0 0 10			0.14		4.22		11.04		0.38205	0.8316	38.8438017949	41.7013
6 0 8			0.63		4.85		9.78		0.38413	2.9234	64.163237895	5.3359
7 1 1			-0.48		4.37		10.26		0.38394	0.5207	65.7483230412	25.2044
1 5 9			-0.06		4.32		10.32		0.38426	0.4394	58.984264935	17.7365
5 1 9			-0.18		4.13		10.5		0.38456	0.4583	58.9619928854	19.0838
6 4 0			0.66		4.79		9.19		0.38456	1.8287	67.0910631577	58.6803
0 6 2			0.49		5.28		8.2		0.38471	0.2356	55.3895592761	6.1752
4 6 0			0.41		5.69		7.39		0.38471	0.7863	67.1083315067	59.4729
4 2 10			0.27		5.96		6.84		0.38307	1.1102	57.0442200735	11.3144
6 0 6			-1.23		4.74		8.07		0.38174	1.0815	60.1501886982	39.9969
6 4 2			0.26		5.0		7.54		0.38186	0.2211	67.6401768609	4.8049
4 6 2			0.21		5.21		7.13		0.382	0.2349	67.657370766	5.5969
1 7 1			-0.38		4.83		7.51		0.38187	0.5219	65.7901743415	26.2984
3 7 5			0.18		5.01		7.14		0.3823	1.0548	74.7470539899	89.5814
2 0 14			0.21		5.22		6.72		0.38229	0.2634	58.6945218607	7.3942
3 1 15			0.16		5.38		6.41		0.38302	0.2871	67.3554895111	7.7692
4 0 0			-24.72		-19.34		31.12		0.38302	8.3901	35.6934066618	787.9925
1 1 11			-7.99		-27.33		39.11		0.36385	2.144	44.8525636461	378.5934
0 2 14			0.93		-26.4		37.25		0.36388	0.2479	58.6982494177	6.3292
1 3 1			0.4		-26.0		36.45		0.36368	0.5324	28.3265170018	42.1271
0 0 4			-0.23		-26.23		36.68		0.36348	0.8482	15.2869714585	59.1035
0 6 8			0.71		-25.51		35.26		0.36254	0.7694	64.1950429677	5.6946
1 5 13			0.7		-24.81		33.85		0.363	1.1973	71.2966048402	12.6128
2 4 10			0.51		-24.3		32.83		0.36284	0.607	57.0555982332	12.0937
3 5 1			0.36		-23.94		32.11		0.36274	0.5283	53.2544885252	31.9012
0 4 2			-1.93		-25.88		34.04		0.36333	3.2657	36.5744795411	137.7475
5 3 1			0.34		-25.53		33.36		0.36323	0.5252	53.2386121167	32.835
4 0 4			-0.62		-26.15		33.98		0.363	1.2165	39.0343929222	79.1487
2 0 16			0.55		-25.6		32.88		0.36325	0.5935	67.2372591268	11.8907
6 0 2			0.49		-25.12		31.91		0.3633	0.2214	55.354768557	5.4487
1 5 1			0.3		-24.82		31.31		0.36324	0.4978	46.196563203	27.3004
0 6 10			0.39		-24.42		30.52		0.36316	0.8527	69.1637693973	8.5049
6 0 0			0.37		-24.05		29.79		0.36316	0.7256	54.7363985401	55.434
5 1 1			0.25		-23.8		29.29		0.36309	0.5346	46.1701152	26.7419
3 3 1			0.21		-23.6		28.87		0.36302	0.5106	38.1558496662	33.1617
3 1 1			0.12		-23.47		28.62		0.36292	0.5239	28.3131072915	41.7464
2 4 2			0.27		-23.2		28.08		0.36297	0.3828	40.8766170199	13.2501
5 3 7			0.33		-22.87		27.43		0.36301	0.2523	60.5057581853	5.4388
1 3 15			0.3		-22.57		26.83		0.3632	0.2862	67.3623786269	8.1809
2 0 4			-1.08		-23.66		27.91		0.36339	1.3874	23.4143586184	109.347
0 2 10			0.16		-23.49		27.58		0.36325	0.4317	42.9590557724	21.0204
4 2 14			0.29		-23.2		27.0		0.36283	1.2576	70.6282605877	19.9713
2 4 14			0.28		-22.92		26.44		0.3625	0.5221	70.6383718296	19.4111
1 1 7			0.27		-22.65		25.9		0.36254	0.2012	29.7561292971	6.5386
1 7 7			0.25		-22.4		25.4		0.36258	0.4353	72.3061031614	6.1143
1 5 7			0.25		-22.15		24.9		0.36261	0.6035	54.1236034243	4.2528
3 5 7			0.24		-21.92		24.43		0.36266	0.2309	60.5203777188	5.6046
3 3 11			-1.17		-23.09		25.6		0.36284	2.1204	58.6030846927	249.5822
2 4 8			0.22		-22.87		25.17		0.3624	0.1687	51.4325245866	2.4593
5 5 7			0.23		-22.64		24.7		0.36243	0.6639	72.2860687267	4.3062
4 0 10			0.05		-22.59		24.61		0.36308	0.6243	53.7713327333	45.2096
2 0 10			0.11		-22.49		24.4		0.36296	0.6169	42.9543880851	20.236
2 6 10			0.05		-22.43		24.29		0.36366	0.7069	72.0169435829	44.7171
4 4 10			0.04		-22.4		24.22		0.36441	0.6886	66.23802526	47.6672
1 1 3			0.07		-22.33		24.08		0.36427	0.4514	16.9416048235	36.8187
4 4 12			-0.42		-22.74		24.49		0.36234	1.9475	72.2035773977	130.2426
0 4 20			0.2		-22.54		24.09		0.36284	1.027	94.1654323607	18.6345
4 2 8			0.17		-22.37		23.74		0.36256	0.7605	51.4203212226	2.5419
5 3 9			0.11		-22.25		23.51		0.36227	0.4833	65.0662013285	20.8409
6 0 10			0.15		-22.1		23.21		0.36221	1.0728	69.1331306246	8.9056
3 1 7			0.17		-21.93		22.87		0.36223	0.257	39.2655360855	5.205
7 3 1			0.13		-21.8		22.61		0.3622	0.5095	71.5359286583	22.1332
2 2 10			0.02		-21.79		22.58		0.36263	0.6429	46.7739448495	44.8949
0 6 16			0.17		-21.62		22.24		0.36256	0.4825	89.3859051251	7.6515
3 3 15			0.16		-21.46		21.92		0.36261	0.3402	73.0835579415	3.8877
1 1 1			-0.04		-21.5		21.96		0.36257	0.5749	13.0194761966	56.7652
3 3 13			0.16		-21.34		21.64		0.36252	0.5636	65.4922780779	9.1158
3 7 1			0.11		-21.23		21.43		0.3625	1.2822	71.5694631273	22.2453
0 4 4			-0.41		-21.64		21.84		0.36244	0.8482	39.0545896029	78.0016
1 5 11			-0.54		-22.18		22.37		0.36253	1.8219	64.7342781598	204.7444
3 3 5			-0.46		-22.64		22.83		0.36294	1.3995	42.8396693434	151.0913