HKL Value		Reward		TotalReward	Chi Squared	Z Appr. 	Error	Two-Thetas	Sfs2
4 2 2			0.0		0.0		0.0		0.3	0.457	40.8620305525	12.2524
0 2 22			0.0		0.0		19.9		0.45439	1.8317	96.7387030121	97.213
0 0 10			-2.46		-2.46		22.36		0.45489	0.8316	38.8438017949	41.7013
6 0 8			3.71		1.25		14.94		0.45476	2.9234	64.163237895	5.3359
7 1 1			-0.11		1.14		15.05		0.45473	0.5207	65.7483230412	25.2044
6 4 0			1.5		2.64		12.04		0.45473	1.8287	67.0910631577	58.6803
0 0 4			0.83		3.47		10.38		0.45521	0.8482	15.2869714585	59.1035
2 6 10			-2.17		1.31		12.55		0.45589	0.7069	72.0169435829	44.7171
0 6 2			-1.19		0.11		13.74		0.455	0.2356	55.3895592761	6.1752
4 0 4			0.61		0.72		12.53		0.4556	1.2165	39.0343929222	79.1487
1 5 7			-1.28		-0.56		13.8		0.47754	0.6035	54.1236034243	4.2528
5 1 9			0.21		-0.35		13.38		0.47652	0.4583	58.9619928854	19.0838
1 7 7			0.56		0.21		12.27		0.47658	0.4353	72.3061031614	6.1143
2 6 0			-20.25		-20.04		32.52		0.47659	4.3567	58.0028534629	558.9791
4 6 0			1.16		-18.88		30.2		0.47659	0.7863	67.1083315067	59.4729
6 0 0			0.85		-18.03		28.5		0.47659	0.7256	54.7363985401	55.434
1 3 1			0.04		-17.99		28.42		0.47657	0.5324	28.3265170018	42.1271
4 2 10			0.8		-17.19		26.82		0.47727	1.1102	57.0442200735	11.3144
7 1 7			0.74		-16.45		25.33		0.4774	0.3505	72.2660298289	5.0526
0 2 10			0.5		-15.94		24.32		0.47847	0.4317	42.9590557724	21.0204
0 6 10			0.61		-15.34		23.11		0.47843	0.8527	69.1637693973	8.5049
6 4 2			0.09		-15.24		22.92		0.47819	0.2211	67.6401768609	4.8049
1 7 1			0.14		-15.1		22.63		0.47817	0.5219	65.7901743415	26.2984
2 6 6			-5.59		-20.68		28.22		0.48012	5.383	63.2392339525	346.2148
4 6 2			0.26		-20.42		27.7		0.47995	0.2349	67.657370766	5.5969
5 5 7			0.55		-19.87		26.6		0.48005	0.6639	72.2860687267	4.3062
5 1 7			0.51		-19.36		25.57		0.48006	0.2609	54.1000446603	4.252
1 3 15			0.47		-18.89		24.64		0.48044	0.2862	67.3623786269	8.1809
2 4 10			0.44		-18.46		23.76		0.4805	0.607	57.0555982332	12.0937
3 5 7			0.41		-18.05		22.94		0.48047	0.2309	60.5203777188	5.6046
0 2 14			0.35		-17.7		22.25		0.48021	0.2479	58.6982494177	6.3292
2 0 14			0.32		-17.38		21.61		0.47993	0.2634	58.6945218607	7.3942
0 6 8			0.34		-17.05		20.94		0.47996	0.7694	64.1950429677	5.6946
1 5 9			0.17		-16.88		20.61		0.47975	0.4394	58.984264935	17.7365
3 5 1			0.01		-16.87		20.59		0.47974	0.5283	53.2544885252	31.9012
2 4 8			0.29		-16.58		20.0		0.47973	0.1687	51.4325245866	2.4593
3 5 9			0.1		-16.47		19.79		0.4796	0.4755	65.0802252419	19.5165
7 1 3			-1.46		-17.94		21.26		0.47962	1.4031	66.8553232335	91.2915
0 2 20			0.02		-17.92		21.22		0.48284	0.4494	86.0769303832	2.8517
5 3 7			0.27		-17.65		20.69		0.4828	0.2523	60.5057581853	5.4388
2 4 2			0.21		-17.44		20.26		0.48278	0.3828	40.8766170199	13.2501
3 3 7			0.25		-17.19		19.77		0.48278	0.1558	47.1418707618	3.5073
3 1 7			0.23		-16.96		19.3		0.48277	0.257	39.2655360855	5.205
2 6 2			-0.07		-17.03		19.37		0.4828	1.2892	58.5985395934	134.3564
4 2 8			0.21		-16.82		18.94		0.48271	0.7605	51.4203212226	2.5419
1 5 1			0.02		-16.8		18.91		0.4827	0.4978	46.196563203	27.3004
2 0 16			0.15		-16.65		18.61		0.48299	0.5935	67.2372591268	11.8907
5 3 1			-0.05		-16.7		18.66		0.48299	0.5252	53.2386121167	32.835
3 3 1			-0.04		-16.74		18.7		0.48299	0.5106	38.1558496662	33.1617
5 1 1			0.02		-16.72		18.67		0.48299	0.5346	46.1701152	26.7419
5 3 9			0.05		-16.67		18.57		0.48299	0.4833	65.0662013285	20.8409
2 4 14			0.06		-16.61		18.45		0.48315	0.5221	70.6383718296	19.4111
4 2 14			0.05		-16.56		18.35		0.48334	1.2576	70.6282605877	19.9713
3 1 1			-0.16		-16.72		18.51		0.48334	0.5239	28.3131072915	41.7464
5 3 3			-0.95		-17.68		19.46		0.48337	0.9351	54.4936931553	89.9375
1 1 7			0.18		-17.5		19.11		0.48335	0.2012	29.7561292971	6.5386
6 0 6			0.17		-17.33		18.77		0.48333	1.0815	60.1501886982	39.9969
2 2 10			0.14		-17.19		18.49		0.48288	0.6429	46.7739448495	44.8949
6 0 2			-0.42		-17.61		18.91		0.48274	0.2214	55.354768557	5.4487
2 0 10			0.15		-17.46		18.61		0.48293	0.6169	42.9543880851	20.236
6 0 10			0.13		-17.33		18.34		0.48256	1.0728	69.1331306246	8.9056
3 1 15			0.15		-17.18		18.04		0.48246	0.2871	67.3554895111	7.7692
6 4 6			0.11		-17.07		17.83		0.48227	0.9247	71.9614498967	41.9809
0 6 16			0.12		-16.95		17.6		0.48243	0.4825	89.3859051251	7.6515
4 6 4			0.08		-16.88		17.44		0.4825	1.0731	69.291881243	33.3045
0 4 20			0.1		-16.78		17.25		0.48295	1.027	94.1654323607	18.6345
1 1 1			-0.27		-17.05		17.51		0.48295	0.5749	13.0194761966	56.7652
5 5 1			0.04		-17.01		17.44		0.48295	0.5073	65.769247456	23.9531
5 5 5			-0.83		-17.84		18.27		0.48281	1.5862	69.0631626084	104.8873
1 1 3			0.05		-17.79		18.16		0.48284	0.4514	16.9416048235	36.8187
3 7 1			0.04		-17.75		18.08		0.48284	1.2822	71.5694631273	22.2453
0 6 14			0.0		-17.75		18.08		0.48308	0.9096	81.7552219026	27.2955
0 2 16			0.08		-17.66		17.91		0.48343	1.8687	67.2407114996	13.8307
3 3 15			0.12		-17.54		17.67		0.48355	0.3402	73.0835579415	3.8877
7 3 5			-0.61		-18.15		18.28		0.48345	1.0496	74.7140851895	88.0788
0 0 20			0.12		-18.03		18.03		0.4834	0.4542	83.3712939521	4.3689
0 2 12			0.1		-17.93		17.84		0.48298	0.3827	50.6142203783	17.5707
4 0 10			0.1		-17.83		17.64		0.48272	0.6243	53.7713327333	45.2096
2 0 12			0.09		-17.74		17.46		0.48239	0.8079	50.6101057273	16.6151
6 2 10			0.09		-17.64		17.27		0.48217	0.7103	71.9901825081	43.9921
7 3 1			0.03		-17.61		17.2		0.48216	0.5095	71.5359286583	22.1332
9 1 1			0.04		-17.57		17.12		0.48216	0.8793	87.9915459652	19.6393
0 4 10			0.09		-17.48		16.94		0.48197	0.9893	53.7871001638	44.1425
3 3 9			0.06		-17.42		16.82		0.48197	0.3816	52.4524123761	12.0632
4 4 10			0.1		-17.33		16.63		0.48186	0.6886	66.23802526	47.6672
4 6 6			0.07		-17.25		16.48		0.48175	1.1903	71.9781772466	41.9784
0 4 0			-5.67		-22.93		22.16		0.48175	6.137	35.7152072575	818.959
3 1 9			0.1		-22.83		21.96		0.48175	0.36	45.2950695798	8.7768
6 2 4			0.11		-22.72		21.74		0.48172	0.8727	60.3342977717	77.9073
2 4 0			0.04		-22.67		21.65		0.48172	1.4359	40.0960076051	88.2765
4 2 0			0.05		-22.62		21.55		0.48172	0.9287	40.0811891304	86.5118
1 7 5			-0.59		-23.22		22.14		0.48166	1.0841	69.0835930101	99.7513
0 6 6			0.12		-23.1		21.9		0.48166	1.0147	60.183190367	40.9583
0 2 2			0.06		-23.04		21.79		0.48166	0.4614	19.2417464495	36.8131
6 4 4			0.07		-22.97		21.64		0.48172	0.6669	69.2748711385	33.991
0 6 4			0.06		-22.91		21.53		0.48176	0.6675	57.2171401797	42.9768
2 2 4			0.11		-22.8		21.32		0.48174	0.7551	29.4672289371	73.6026
0 6 0			0.08		-22.73		21.17		0.48174	1.4277	54.7714555341	59.4019
0 2 18			0.11		-22.62		20.96		0.48161	0.3755	76.3208597895	3.7538
1 1 13			0.1		-22.52		20.75		0.48169	0.3722	52.9310122384	10.9703
0 4 4			0.09		-22.42		20.56		0.48166	0.8482	39.0545896029	78.0016
2 6 4			0.09		-22.33		20.38		0.48163	0.8772	60.3635846112	78.02