HKL Value		Reward		TotalReward	Chi Squared	Z Appr. 	Error	Two-Thetas	Sfs2
3 1 5			0.0		0.0		0.0		0.3	2.8985	34.1781376955	186.2389
0 4 10			0.0		0.0		52.75		0.41824	0.9893	53.7871001638	44.1425
6 2 6			-114.77		-114.77		167.52		0.41859	3.9921	63.2107357729	344.5633
4 2 2			27.84		-86.93		111.84		0.41882	0.457	40.8620305525	12.2524
0 0 10			13.91		-73.02		84.02		0.42014	0.8316	38.8438017949	41.7013
6 0 8			8.39		-64.63		67.24		0.4203	2.9234	64.163237895	5.3359
7 1 1			4.41		-60.21		58.41		0.42024	0.5207	65.7483230412	25.2044
1 3 1			2.38		-57.83		53.65		0.42015	0.5324	28.3265170018	42.1271
6 4 0			3.35		-54.48		46.94		0.42014	1.8287	67.0910631577	58.6803
0 6 2			2.4		-52.08		42.15		0.4197	0.2356	55.3895592761	6.1752
4 6 0			2.11		-49.98		37.94		0.4197	0.7863	67.1083315067	59.4729
4 2 0			1.14		-48.83		35.65		0.4197	0.9287	40.0811891304	86.5118
4 2 10			1.49		-47.35		32.68		0.41966	1.1102	57.0442200735	11.3144
3 1 15			1.16		-46.19		30.37		0.41885	0.2871	67.3554895111	7.7692
6 4 2			1.06		-45.13		28.24		0.41873	0.2211	67.6401768609	4.8049
0 0 4			0.01		-45.12		28.23		0.41958	0.8482	15.2869714585	59.1035
4 6 2			0.87		-44.25		26.48		0.41949	0.2349	67.657370766	5.5969
1 7 1			0.33		-43.91		25.81		0.41944	0.5219	65.7901743415	26.2984
2 0 14			0.7		-43.21		24.42		0.41991	0.2634	58.6945218607	7.3942
2 0 16			0.51		-42.7		23.39		0.42123	0.5935	67.2372591268	11.8907
3 3 7			1.29		-41.42		20.82		0.38117	0.1558	47.1418707618	3.5073
4 0 4			-1.52		-42.94		22.34		0.38124	1.2165	39.0343929222	79.1487
4 2 14			0.29		-42.65		21.76		0.38193	1.2576	70.6282605877	19.9713
0 2 14			0.47		-42.18		20.82		0.38187	0.2479	58.6982494177	6.3292
6 0 0			0.34		-41.84		20.14		0.38187	0.7256	54.7363985401	55.434
2 4 10			0.4		-41.44		19.34		0.38178	0.607	57.0555982332	12.0937
0 6 10			0.34		-41.1		18.66		0.38133	0.8527	69.1637693973	8.5049
5 5 7			0.31		-40.78		18.03		0.38102	0.6639	72.2860687267	4.3062
0 6 8			0.2		-40.58		17.62		0.3813	0.7694	64.1950429677	5.6946
1 1 11			-4.77		-45.35		22.39		0.36256	2.144	44.8525636461	378.5934
5 3 1			0.14		-45.21		22.12		0.36246	0.5252	53.2386121167	32.835
3 5 1			0.14		-45.07		21.84		0.36235	0.5283	53.2544885252	31.9012
1 7 7			0.3		-44.77		21.23		0.36241	0.4353	72.3061031614	6.1143
3 1 7			0.3		-44.47		20.63		0.36247	0.257	39.2655360855	5.205
6 0 2			0.28		-44.19		20.07		0.36255	0.2214	55.354768557	5.4487
1 5 7			0.27		-43.92		19.54		0.3626	0.6035	54.1236034243	4.2528
3 1 1			0.0		-43.92		19.53		0.36248	0.5239	28.3131072915	41.7464
3 5 7			0.24		-43.68		19.06		0.36253	0.2309	60.5203777188	5.6046
0 4 6			-6.85		-50.53		25.91		0.35166	3.7688	42.9189471786	481.9509
3 3 1			0.17		-50.36		25.56		0.35147	0.5106	38.1558496662	33.1617
6 2 0			-6.42		-56.78		31.98		0.35147	4.3933	57.9728440251	566.5186
5 3 7			0.37		-56.41		31.24		0.35137	0.2523	60.5057581853	5.4388
2 2 12			-0.12		-56.53		31.36		0.34741	1.9766	54.0147953295	208.0279
5 1 1			0.25		-56.28		30.87		0.34734	0.5346	46.1701152	26.7419
2 4 2			0.26		-56.02		30.35		0.34732	0.3828	40.8766170199	13.2501
1 7 3			0.07		-55.95		30.2		0.34718	0.9932	66.8968211493	90.2271
0 2 10			0.21		-55.74		29.78		0.34729	0.4317	42.9590557724	21.0204
1 5 1			0.2		-55.53		29.38		0.34721	0.4978	46.196563203	27.3004
2 6 10			0.03		-55.51		29.32		0.34704	0.7069	72.0169435829	44.7171
1 3 15			0.3		-55.21		28.72		0.34733	0.2862	67.3623786269	8.1809
2 4 8			0.28		-54.93		28.17		0.34738	0.1687	51.4325245866	2.4593
1 1 7			0.27		-54.66		27.63		0.34731	0.2012	29.7561292971	6.5386
2 4 14			0.22		-54.45		27.2		0.34785	0.5221	70.6383718296	19.4111
5 1 7			0.25		-54.2		26.7		0.34781	0.2609	54.1000446603	4.252
2 4 0			0.12		-54.08		26.47		0.34781	1.4359	40.0960076051	88.2765
2 2 10			-0.02		-54.1		26.48		0.34771	0.6429	46.7739448495	44.8949
2 0 10			0.15		-53.95		26.19		0.34777	0.6169	42.9543880851	20.236
4 2 8			0.22		-53.73		25.75		0.34782	0.7605	51.4203212226	2.5419
5 3 9			0.22		-53.51		25.3		0.34785	0.4833	65.0662013285	20.8409
6 0 10			0.19		-53.32		24.92		0.34789	1.0728	69.1331306246	8.9056
0 6 16			0.19		-53.12		24.54		0.34774	0.4825	89.3859051251	7.6515
0 4 4			-0.33		-53.46		24.87		0.34748	0.8482	39.0545896029	78.0016
2 0 0			-0.35		-53.8		25.22		0.34748	2.02	17.6289686615	175.6782
7 3 1			0.16		-53.65		24.9		0.34744	0.5095	71.5359286583	22.1332
3 7 1			0.15		-53.49		24.59		0.3474	1.2822	71.5694631273	22.2453
6 2 10			-0.02		-53.51		24.61		0.34729	0.7103	71.9901825081	43.9921
5 5 1			0.15		-53.36		24.31		0.34725	0.5073	65.769247456	23.9531
2 2 4			-0.31		-53.67		24.62		0.34701	0.7551	29.4672289371	73.6026
3 5 9			0.18		-53.49		24.27		0.34713	0.4755	65.0802252419	19.5165
0 6 14			0.12		-53.38		24.03		0.34773	0.9096	81.7552219026	27.2955
2 6 4			-0.29		-53.67		24.32		0.3475	0.8772	60.3635846112	78.02
2 2 16			-0.57		-54.24		24.89		0.34833	1.1693	70.1293332912	108.6018
0 4 20			-0.45		-54.68		25.34		0.34095	1.027	94.1654323607	18.6345