HKL Value		Reward		TotalReward	Chi Squared	Z Appr. 	Error	Two-Thetas	Sfs2
0 0 10			0.0		0.0		0.0		0.3	0.8316	38.8438017949	41.7013
5 5 5			0.0		0.0		5.0		0.42001	1.5862	69.0631626084	104.8873
4 0 0			-235.52		-235.52		240.52		0.42001	8.3901	35.6934066618	787.9925
4 2 2			40.02		-195.5		160.48		0.42019	0.457	40.8620305525	12.2524
6 0 8			20.05		-175.45		120.38		0.42044	2.9234	64.163237895	5.3359
1 5 13			11.29		-164.16		97.8		0.42028	1.1973	71.2966048402	12.6128
7 1 1			6.96		-157.2		83.88		0.42017	0.5207	65.7483230412	25.2044
6 4 0			5.99		-151.21		71.9		0.42017	1.8287	67.0910631577	58.6803
0 6 2			4.26		-146.95		63.38		0.41938	0.2356	55.3895592761	6.1752
4 0 4			1.74		-145.21		59.91		0.42169	1.2165	39.0343929222	79.1487
4 6 0			2.99		-142.22		53.92		0.42169	0.7863	67.1083315067	59.4729
4 2 10			2.44		-139.78		49.05		0.42096	1.1102	57.0442200735	11.3144
6 4 2			2.01		-137.78		45.03		0.42074	0.2211	67.6401768609	4.8049
2 2 14			0.69		-137.09		43.65		0.42383	1.0835	61.7979105177	101.9829
0 6 8			1.56		-135.53		40.54		0.42372	0.7694	64.1950429677	5.6946
0 2 0			-0.46		-135.99		41.0		0.42372	1.4407	17.6394681947	177.2483
5 3 5			0.47		-135.52		40.06		0.42256	2.2247	56.9473208346	134.0256
4 6 2			1.16		-134.36		37.74		0.42246	0.2349	67.657370766	5.5969
3 1 15			0.93		-133.43		35.87		0.42222	0.2871	67.3554895111	7.7692
1 7 1			0.54		-132.88		34.78		0.42217	0.5219	65.7901743415	26.2984
2 0 14			0.87		-132.01		33.04		0.42227	0.2634	58.6945218607	7.3942
1 3 1			0.19		-131.83		32.67		0.4222	0.5324	28.3265170018	42.1271
0 0 4			0.17		-131.66		32.34		0.4231	0.8482	15.2869714585	59.1035
0 2 14			0.7		-130.96		30.93		0.42294	0.2479	58.6982494177	6.3292
2 0 16			0.61		-130.35		29.71		0.42398	0.5935	67.2372591268	11.8907
2 4 10			0.56		-129.79		28.6		0.42338	0.607	57.0555982332	12.0937
3 5 1			0.2		-129.59		28.2		0.42333	0.5283	53.2544885252	31.9012
6 0 0			0.44		-129.16		27.33		0.42333	0.7256	54.7363985401	55.434
5 1 9			0.48		-128.68		26.37		0.42357	0.4583	58.9619928854	19.0838
5 3 1			0.13		-128.55		26.11		0.42353	0.5252	53.2386121167	32.835
0 6 10			0.43		-128.12		25.25		0.42331	0.8527	69.1637693973	8.5049
6 0 2			0.3		-127.81		24.64		0.42302	0.2214	55.354768557	5.4487
1 5 1			0.13		-127.68		24.38		0.42299	0.4978	46.196563203	27.3004
5 1 1			0.13		-127.55		24.12		0.42297	0.5346	46.1701152	26.7419
3 3 1			0.08		-127.47		23.96		0.42293	0.5106	38.1558496662	33.1617
5 5 7			-1.38		-128.85		25.34		0.36261	0.6639	72.2860687267	4.3062
3 1 1			0.08		-128.77		25.17		0.3625	0.5239	28.3131072915	41.7464
2 4 2			0.23		-128.53		24.7		0.36254	0.3828	40.8766170199	13.2501
1 5 7			0.31		-128.23		24.09		0.36259	0.6035	54.1236034243	4.2528
5 3 7			0.29		-127.94		23.51		0.36264	0.2523	60.5057581853	5.4388
0 2 10			0.12		-127.82		23.27		0.36241	0.4317	42.9590557724	21.0204
1 3 15			0.25		-127.57		22.78		0.36267	0.2862	67.3623786269	8.1809
2 6 4			-0.66		-128.23		23.43		0.36246	0.8772	60.3635846112	78.02
1 7 7			0.24		-127.98		22.94		0.36251	0.4353	72.3061031614	6.1143
1 1 7			0.24		-127.74		22.46		0.36258	0.2012	29.7561292971	6.5386
5 1 7			0.23		-127.5		21.99		0.36263	0.2609	54.1000446603	4.252
4 2 14			0.22		-127.28		21.55		0.36216	1.2576	70.6282605877	19.9713
2 4 14			0.21		-127.07		21.12		0.36178	0.5221	70.6383718296	19.4111
2 4 8			0.19		-126.88		20.73		0.36104	0.1687	51.4325245866	2.4593
2 0 2			-0.11		-126.98		20.84		0.36096	0.6502	19.2320929378	35.9547
2 6 10			0.0		-126.98		20.84		0.36204	0.7069	72.0169435829	44.7171
3 5 7			0.19		-126.8		20.46		0.36208	0.2309	60.5203777188	5.6046
2 0 10			0.07		-126.72		20.32		0.36184	0.6169	42.9543880851	20.236
5 3 9			0.11		-126.61		20.1		0.36077	0.4833	65.0662013285	20.8409
4 2 8			0.17		-126.44		19.76		0.35972	0.7605	51.4203212226	2.5419
6 0 10			0.14		-126.3		19.48		0.35914	1.0728	69.1331306246	8.9056
2 2 10			-0.06		-126.37		19.54		0.36099	0.6429	46.7739448495	44.8949
4 4 10			-0.06		-126.43		19.61		0.36241	0.6886	66.23802526	47.6672
3 1 7			0.16		-126.27		19.29		0.36246	0.257	39.2655360855	5.205
0 4 20			0.16		-126.11		18.97		0.36299	1.027	94.1654323607	18.6345
1 7 3			-0.16		-126.28		19.13		0.36281	0.9932	66.8968211493	90.2271
0 6 16			0.16		-126.12		18.82		0.3627	0.4825	89.3859051251	7.6515
3 3 15			0.15		-125.97		18.53		0.36275	0.3402	73.0835579415	3.8877
3 7 1			0.09		-125.88		18.34		0.36273	1.2822	71.5694631273	22.2453
2 2 12			-1.28		-127.16		19.62		0.36123	1.9766	54.0147953295	208.0279
0 0 6			-5.88		-133.04		25.5		0.35952	7.4326	23.0169618987	709.6598
7 3 1			0.15		-132.9		25.21		0.35948	0.5095	71.5359286583	22.1332
0 4 4			-0.37		-133.26		25.58		0.35935	0.8482	39.0545896029	78.0016
5 5 1			0.14		-133.12		25.29		0.3593	0.5073	65.769247456	23.9531
6 2 10			0.02		-133.1		25.25		0.35972	0.7103	71.9901825081	43.9921
1 1 9			0.18		-132.92		24.89		0.35969	0.2216	37.1193146943	1.1702
1 1 1			0.0		-132.91		24.88		0.35963	0.5749	13.0194761966	56.7652
0 6 14			0.16		-132.75		24.56		0.35949	0.9096	81.7552219026	27.2955
6 2 4			-0.34		-133.1		24.9		0.35936	0.8727	60.3342977717	77.9073
3 3 11			-0.82		-133.92		25.72		0.35995	2.1204	58.6030846927	249.5822
4 0 10			0.02		-133.9		25.68		0.3603	0.6243	53.7713327333	45.2096
0 2 12			0.14		-133.76		25.41		0.35992	0.3827	50.6142203783	17.5707
3 5 9			0.12		-133.64		25.16		0.35956	0.4755	65.0802252419	19.5165
0 4 10			0.02		-133.62		25.12		0.35991	0.9893	53.7871001638	44.1425
4 4 4			-0.33		-133.94		25.45		0.35983	0.8476	53.9354251327	76.9211
2 2 4			-0.3		-134.24		25.75		0.35973	0.7551	29.4672289371	73.6026
2 0 12			0.14		-134.11		25.48		0.3593	0.8079	50.6101057273	16.6151
0 6 0			0.12		-133.99		25.24		0.3593	1.4277	54.7714555341	59.4019
9 1 1			0.12		-133.87		25.0		0.35927	0.8793	87.9915459652	19.6393
0 2 16			0.12		-133.75		24.76		0.35981	1.8687	67.2407114996	13.8307
3 5 3			-0.11		-133.86		24.86		0.35966	0.9259	54.5093201099	87.7589
7 1 7			0.13		-133.72		24.6		0.35966	0.3505	72.2660298289	5.0526
2 4 12			0.14		-133.58		24.32		0.35953	0.2205	63.4791913795	4.8908
4 2 0			0.07		-133.52		24.19		0.35953	0.9287	40.0811891304	86.5118
1 5 9			0.12		-133.4		23.95		0.3592	0.4394	58.984264935	17.7365
3 3 9			0.12		-133.28		23.7		0.35893	0.3816	52.4524123761	12.0632
1 3 7			0.12		-133.15		23.46		0.35893	0.1893	39.2755843192	5.3372
0 2 4			-0.55		-133.71		24.01		0.35908	1.326	23.4223631322	110.0283
2 4 0			0.05		-133.65		23.9		0.35908	1.4359	40.0960076051	88.2765
0 2 20			0.12		-133.53		23.66		0.35903	0.4494	86.0769303832	2.8517
4 2 12			0.12		-133.41		23.41		0.35892	0.2244	63.468523569	4.7972
3 1 9			0.12		-133.29		23.18		0.35872	0.36	45.2950695798	8.7768
7 3 5			0.03		-133.26		23.12		0.35921	1.0496	74.7140851895	88.0788
0 0 20			-0.05		-133.32		23.18		0.36254	0.4542	83.3712939521	4.3689
4 6 6			0.12		-133.2		22.94		0.36254	1.1903	71.9781772466	41.9784
1 1 3			0.04		-133.16		22.87		0.3625	0.4514	16.9416048235	36.8187
3 3 3			-0.02		-133.18		22.89		0.36245	0.8081	39.7679129272	70.9373