HKL Value		Reward		TotalReward	Chi Squared	Z Appr. 	Error	Two-Thetas	Sfs2
0 2 18			0.0		0.0		0.0		0.3	0.3755	76.3208597895	3.7538
0 6 12			0.0		0.0		0.39		0.29734	0.3425	75.0250979777	1.887
1 3 15			-0.74		-0.74		1.5		0.29779	0.2862	67.3623786269	8.1809
3 3 7			-0.96		-1.7		37.6		0.31644	0.1558	47.1418707618	3.5073
0 6 18			0.31		-1.39		28.71		0.31601	0.7949	98.0280769063	1.8601
0 6 8			0.22		-1.17		23.48		0.31605	0.7694	64.1950429677	5.6946
6 0 8			0.17		-1.0		20.07		0.31609	2.9234	64.163237895	5.3359
6 4 0			0.17		-0.83		17.21		0.31609	1.8287	67.0910631577	58.6803
4 6 2			0.14		-0.7		15.14		0.31608	0.2349	67.657370766	5.5969
6 4 2			0.12		-0.57		13.5		0.31607	0.2211	67.6401768609	4.8049
0 0 8			-0.52		-1.09		28.1		0.31607	2.1948	30.8548203523	183.9052
4 6 0			0.1		-0.99		25.55		0.31607	0.7863	67.1083315067	59.4729
9 1 1			0.09		-0.91		23.54		0.31605	0.8793	87.9915459652	19.6393
7 3 1			0.07		-0.83		21.91		0.31604	0.5095	71.5359286583	22.1332
2 0 10			0.07		-0.76		20.39		0.31596	0.6169	42.9543880851	20.236
1 1 11			-0.49		-1.25		40.32		0.31587	2.144	44.8525636461	378.5934
3 7 1			0.06		-1.19		37.95		0.31586	1.2822	71.5694631273	22.2453
6 0 2			0.06		-1.13		35.84		0.31586	0.2214	55.354768557	5.4487
3 1 3			0.02		-1.11		35.06		0.31589	1.2003	30.3814370344	67.5761
3 1 15			0.05		-1.06		33.27		0.31602	0.2871	67.3554895111	7.7692
0 0 10			0.05		-1.01		31.83		0.3163	0.8316	38.8438017949	41.7013
0 6 2			0.05		-0.97		30.44		0.3163	0.2356	55.3895592761	6.1752
2 4 12			0.03		-0.94		29.69		0.31549	0.2205	63.4791913795	4.8908
2 2 16			0.04		-0.9		28.44		0.31555	1.1693	70.1293332912	108.6018
2 0 16			0.02		-0.88		27.87		0.3159	0.5935	67.2372591268	11.8907
0 6 4			-0.01		-0.88		28.02		0.31587	0.6675	57.2171401797	42.9768
3 5 1			0.03		-0.85		27.25		0.31585	0.5283	53.2544885252	31.9012
0 4 4			0.01		-0.84		26.9		0.3157	0.8482	39.0545896029	78.0016
3 3 3			0.01		-0.83		26.7		0.31573	0.8081	39.7679129272	70.9373
0 2 10			0.03		-0.8		25.81		0.31566	0.4317	42.9590557724	21.0204
2 4 2			0.03		-0.77		25.14		0.31564	0.3828	40.8766170199	13.2501
6 2 0			-0.25		-1.02		33.44		0.31564	4.3933	57.9728440251	566.5186
1 5 3			0.01		-1.01		33.04		0.31568	0.9511	47.585042181	85.8034
6 0 6			0.03		-0.98		32.04		0.31568	1.0815	60.1501886982	39.9969
0 0 4			0.02		-0.96		31.56		0.31555	0.8482	15.2869714585	59.1035
3 5 9			0.03		-0.93		30.66		0.31559	0.4755	65.0802252419	19.5165
2 0 14			0.03		-0.91		29.89		0.31541	0.2634	58.6945218607	7.3942
1 5 5			-0.06		-0.97		31.83		0.31547	1.8923	50.2743192378	127.3636
3 3 9			0.03		-0.94		31.01		0.31539	0.3816	52.4524123761	12.0632
0 0 16			0.03		-0.91		30.22		0.31543	1.3342	64.286058028	116.6634
4 2 2			0.02		-0.89		29.6		0.31541	0.457	40.8620305525	12.2524
0 0 18			0.02		-0.87		28.89		0.31528	0.6609	73.530655613	37.988
5 5 1			0.02		-0.85		28.24		0.31526	0.5073	65.769247456	23.9531
2 4 14			0.02		-0.83		27.69		0.31536	0.5221	70.6383718296	19.4111
2 2 14			-0.04		-0.87		28.97		0.31534	1.0835	61.7979105177	101.9829
4 6 6			0.02		-0.85		28.42		0.31524	1.1903	71.9781772466	41.9784
4 2 6			0.02		-0.83		27.84		0.31528	1.6049	46.7233273538	62.1975
3 5 11			-0.1		-0.93		30.87		0.31523	1.8915	70.5555824797	206.4699
0 4 16			0.02		-0.91		30.33		0.31536	1.5557	75.7704700384	94.8658
4 4 4			0.01		-0.9		30.1		0.31522	0.8476	53.9354251327	76.9211
2 0 12			0.02		-0.88		29.54		0.31501	0.8079	50.6101057273	16.6151
0 4 6			-0.13		-1.02		34.02		0.31537	3.7688	42.9189471786	481.9509
2 4 10			0.02		-1.0		33.39		0.31549	0.607	57.0555982332	12.0937
0 6 10			0.02		-0.98		32.87		0.31572	0.8527	69.1637693973	8.5049
7 1 7			-0.01		-0.99		33.2		0.31642	0.3505	72.2660298289	5.0526
0 6 6			0.02		-0.97		32.6		0.31642	1.0147	60.183190367	40.9583
1 5 9			0.02		-0.95		32.03		0.31637	0.4394	58.984264935	17.7365
1 7 1			0.01		-0.94		31.58		0.31636	0.5219	65.7901743415	26.2984
1 1 9			0.01		-0.93		31.17		0.31615	0.2216	37.1193146943	1.1702
0 2 20			0.01		-0.91		30.71		0.31586	0.4494	86.0769303832	2.8517
0 2 16			0.01		-0.9		30.36		0.31599	1.8687	67.2407114996	13.8307
1 3 9			0.01		-0.89		29.93		0.31589	0.2622	45.3040218183	7.1674
1 3 7			-0.01		-0.9		30.38		0.31646	0.1893	39.2755843192	5.3372
6 4 6			0.01		-0.89		29.98		0.31641	0.9247	71.9614498967	41.9809
6 0 10			0.01		-0.87		29.57		0.31651	1.0728	69.1331306246	8.9056
5 3 9			0.02		-0.86		29.12		0.31653	0.4833	65.0662013285	20.8409
0 0 22			0.01		-0.84		28.71		0.31657	2.2765	94.0325860765	137.6091
0 2 14			0.01		-0.83		28.38		0.31648	0.2479	58.6982494177	6.3292
2 4 6			0.01		-0.82		27.98		0.3165	0.785	46.7364348384	64.2552
5 1 1			0.01		-0.81		27.68		0.3165	0.5346	46.1701152	26.7419
5 1 9			0.01		-0.79		27.29		0.31647	0.4583	58.9619928854	19.0838
4 2 14			0.01		-0.78		26.96		0.3165	1.2576	70.6282605877	19.9713
1 3 3			0.0		-0.78		26.87		0.31651	0.7045	30.3940112777	66.1614
0 6 0			0.01		-0.77		26.59		0.31651	1.4277	54.7714555341	59.4019
3 3 1			0.01		-0.76		26.34		0.3165	0.5106	38.1558496662	33.1617
6 0 0			0.01		-0.75		26.05		0.3165	0.7256	54.7363985401	55.434
1 3 1			0.01		-0.74		25.88		0.3165	0.5324	28.3265170018	42.1271
0 0 6			-0.14		-0.88		30.26		0.31667	7.4326	23.0169618987	709.6598
3 3 15			0.01		-0.87		29.88		0.31665	0.3402	73.0835579415	3.8877
4 4 10			0.01		-0.86		29.52		0.31671	0.6886	66.23802526	47.6672
3 1 9			0.01		-0.85		29.19		0.31665	0.36	45.2950695798	8.7768
1 1 15			0.01		-0.84		28.96		0.31672	0.656	61.3839959686	20.6242
7 1 1			0.01		-0.83		28.68		0.31671	0.5207	65.7483230412	25.2044
6 2 4			0.0		-0.83		28.55		0.31666	0.8727	60.3342977717	77.9073
4 2 10			0.01		-0.81		28.22		0.3167	1.1102	57.0442200735	11.3144
1 5 1			0.01		-0.81		27.98		0.31669	0.4978	46.196563203	27.3004
0 4 20			0.01		-0.8		27.69		0.3166	1.027	94.1654323607	18.6345
5 3 1			0.01		-0.79		27.47		0.3166	0.5252	53.2386121167	32.835
0 2 12			0.01		-0.78		27.2		0.31649	0.3827	50.6142203783	17.5707
1 1 5			-0.06		-0.84		29.07		0.31653	1.9661	22.8949597146	247.5537
4 2 12			0.0		-0.84		28.94		0.31622	0.2244	63.468523569	4.7972
2 6 6			-0.04		-0.88		30.18		0.31633	5.383	63.2392339525	346.2148
0 6 16			0.0		-0.88		30.12		0.31653	0.4825	89.3859051251	7.6515
2 4 0			0.01		-0.87		29.94		0.31653	1.4359	40.0960076051	88.2765
2 4 4			-0.01		-0.88		30.17		0.31653	0.8182	43.1484985256	64.6996
4 6 4			0.0		-0.88		30.1		0.31653	1.0731	69.291881243	33.3045
2 2 6			-0.1		-0.97		33.29		0.31666	8.3224	34.2684003079	615.2447
0 4 10			0.01		-0.96		32.99		0.31674	0.9893	53.7871001638	44.1425
0 2 8			-0.02		-0.98		33.65		0.31691	0.1155	35.7619852008	1.7384
2 6 2			-0.02		-1.0		34.35		0.31692	1.2892	58.5985395934	134.3564
0 4 18			0.0		-1.0		34.2		0.31651	0.8369	84.5238780681	17.4513
2 2 0			-0.15		-1.15		40.3		0.31651	11.1953	25.0390113278	1035.9387