HKL Value		Reward		TotalReward	Chi Squared	Z Appr. 	Error	Two-Thetas	Sfs2
0 6 18			0.0		0.0		0.0		0.3	0.7949	98.0280769063	1.8601
4 2 8			0.0		0.0		4.31		0.29571	0.7605	51.4203212226	2.5419
4 0 0			-0.98		-0.98		240.18		0.29571	8.3901	35.6934066618	787.9925
0 2 18			0.5		-0.48		160.31		0.29636	0.3755	76.3208597895	3.7538
0 6 8			0.33		-0.15		120.24		0.29639	0.7694	64.1950429677	5.6946
5 1 3			0.18		0.03		102.18		0.29673	0.9592	47.5591860667	88.1873
6 0 8			0.2		0.23		85.15		0.29673	2.9234	64.163237895	5.3359
6 4 0			0.17		0.39		72.99		0.29673	1.8287	67.0910631577	58.6803
6 4 2			0.14		0.54		63.87		0.29674	0.2211	67.6401768609	4.8049
4 6 2			0.12		0.66		56.77		0.29673	0.2349	67.657370766	5.5969
9 1 1			0.11		0.77		51.13		0.2967	0.8793	87.9915459652	19.6393
3 7 1			0.1		0.87		46.57		0.29666	1.2822	71.5694631273	22.2453
4 6 0			0.09		0.96		42.7		0.29666	0.7863	67.1083315067	59.4729
6 0 2			0.08		1.04		39.49		0.29664	0.2214	55.354768557	5.4487
1 5 11			-0.14		0.9		45.9		0.2949	1.8219	64.7342781598	204.7444
0 6 2			0.07		0.97		42.93		0.29488	0.2356	55.3895592761	6.1752
3 1 15			0.06		1.03		40.44		0.29498	0.2871	67.3554895111	7.7692
7 3 1			0.06		1.09		38.11		0.29496	0.5095	71.5359286583	22.1332
1 3 15			0.05		1.15		36.17		0.29506	0.2862	67.3623786269	8.1809
5 3 9			0.03		1.18		35.01		0.29507	0.4833	65.0662013285	20.8409
0 0 16			0.01		1.19		34.71		0.29763	1.3342	64.286058028	116.6634
2 0 10			0.04		1.23		33.27		0.29734	0.6169	42.9543880851	20.236
0 4 2			-0.1		1.14		36.79		0.29749	3.2657	36.5744795411	137.7475
1 3 5			-0.12		1.01		41.99		0.29743	3.1323	34.189462707	190.138
2 0 8			0.01		1.02		41.67		0.29488	0.1665	35.7565424018	1.5727
3 3 9			0.03		1.05		40.29		0.29486	0.3816	52.4524123761	12.0632
3 5 7			-0.07		0.98		43.41		0.31787	0.2309	60.5203777188	5.6046
2 4 14			0.04		1.02		41.91		0.31793	0.5221	70.6383718296	19.4111
2 2 16			0.04		1.06		40.41		0.31796	1.1693	70.1293332912	108.6018
6 0 6			0.04		1.09		39.02		0.31794	1.0815	60.1501886982	39.9969
7 1 3			0.01		1.1		38.55		0.31797	1.4031	66.8553232335	91.2915
3 5 9			0.03		1.14		37.31		0.31796	0.4755	65.0802252419	19.5165
0 2 10			0.03		1.17		36.21		0.31785	0.4317	42.9590557724	21.0204
3 3 3			0.01		1.18		35.74		0.31789	0.8081	39.7679129272	70.9373
2 0 14			0.03		1.21		34.85		0.31775	0.2634	58.6945218607	7.3942
4 2 2			0.02		1.23		34.01		0.31774	0.457	40.8620305525	12.2524
4 6 6			0.02		1.25		33.24		0.31762	1.1903	71.9781772466	41.9784
4 2 6			0.03		1.28		32.37		0.31766	1.6049	46.7233273538	62.1975
5 1 1			0.02		1.3		31.7		0.31764	0.5346	46.1701152	26.7419
5 5 1			0.02		1.33		30.94		0.31763	0.5073	65.769247456	23.9531
5 3 3			-0.0		1.32		30.97		0.31766	0.9351	54.4936931553	89.9375
1 5 9			0.02		1.35		30.26		0.31754	0.4394	58.984264935	17.7365
3 3 15			0.02		1.37		29.56		0.31739	0.3402	73.0835579415	3.8877
1 3 9			0.02		1.39		29.01		0.31716	0.2622	45.3040218183	7.1674
0 2 16			0.02		1.41		28.52		0.31743	1.8687	67.2407114996	13.8307
2 0 12			0.02		1.43		28.02		0.31707	0.8079	50.6101057273	16.6151
1 7 1			0.02		1.44		27.55		0.31705	0.5219	65.7901743415	26.2984
1 1 9			0.01		1.46		27.16		0.31668	0.2216	37.1193146943	1.1702
2 2 10			0.02		1.48		26.66		0.31686	0.6429	46.7739448495	44.8949
4 4 10			0.02		1.5		26.15		0.31698	0.6886	66.23802526	47.6672
1 1 11			-0.18		1.31		32.02		0.31695	2.144	44.8525636461	378.5934
6 0 10			0.02		1.33		31.44		0.31711	1.0728	69.1331306246	8.9056
0 4 16			0.02		1.35		30.9		0.31724	1.5557	75.7704700384	94.8658
2 4 12			0.01		1.36		30.68		0.31652	0.2205	63.4791913795	4.8908
0 6 6			0.02		1.37		30.12		0.31652	1.0147	60.183190367	40.9583
1 1 15			0.01		1.39		29.76		0.31667	0.656	61.3839959686	20.6242
0 2 14			0.01		1.4		29.34		0.3165	0.2479	58.6982494177	6.3292
0 0 2			-0.03		1.37		30.25		0.3165	1.161	7.62646333295	98.931
1 3 1			0.01		1.38		29.95		0.31649	0.5324	28.3265170018	42.1271
5 3 11			-0.07		1.31		32.3		0.31645	1.8677	70.5420870211	204.0714
0 4 12			0.0		1.31		32.14		0.31687	1.4889	60.4300914167	161.7651
0 2 20			0.01		1.33		31.72		0.31637	0.4494	86.0769303832	2.8517
0 4 6			-0.1		1.22		35.32		0.31661	3.7688	42.9189471786	481.9509
6 4 6			0.01		1.24		34.85		0.31654	0.9247	71.9614498967	41.9809
5 1 9			0.02		1.25		34.31		0.3165	0.4583	58.9619928854	19.0838
2 6 8			-0.06		1.19		36.63		0.31652	4.3291	67.1483383839	218.3417
4 0 4			0.01		1.2		36.37		0.31643	1.2165	39.0343929222	79.1487
1 7 7			-0.0		1.2		36.37		0.31693	0.4353	72.3061031614	6.1143
6 0 0			0.01		1.21		35.91		0.31693	0.7256	54.7363985401	55.434
2 2 8			-0.06		1.15		38.11		0.31694	1.8488	40.1384116224	216.1995
4 2 14			0.01		1.17		37.61		0.31699	1.2576	70.6282605877	19.9713
1 1 7			-0.01		1.16		37.82		0.31753	0.2012	29.7561292971	6.5386
0 6 0			0.01		1.17		37.38		0.31753	1.4277	54.7714555341	59.4019
0 2 12			0.01		1.18		36.94		0.31736	0.3827	50.6142203783	17.5707
6 2 6			-0.04		1.15		38.32		0.31749	3.9921	63.2107357729	344.5633
4 0 10			0.01		1.16		37.83		0.31757	0.6243	53.7713327333	45.2096
3 3 1			0.01		1.17		37.44		0.31756	0.5106	38.1558496662	33.1617
2 0 16			0.01		1.18		37.09		0.31773	0.5935	67.2372591268	11.8907
2 4 2			0.01		1.19		36.69		0.31773	0.3828	40.8766170199	13.2501
4 0 6			-0.07		1.12		39.48		0.31786	5.3963	42.900258124	488.2208
6 2 4			0.01		1.13		39.23		0.3178	0.8727	60.3342977717	77.9073
6 2 10			0.01		1.14		38.78		0.31787	0.7103	71.9901825081	43.9921
4 2 10			0.01		1.15		38.31		0.3179	1.1102	57.0442200735	11.3144
3 1 9			0.01		1.16		37.9		0.31782	0.36	45.2950695798	8.7768
3 1 3			0.01		1.17		37.7		0.31784	1.2003	30.3814370344	67.5761
2 4 6			0.01		1.18		37.27		0.31785	0.785	46.7364348384	64.2552
0 0 22			0.01		1.19		36.86		0.31786	2.2765	94.0325860765	137.6091
5 3 1			0.01		1.2		36.54		0.31785	0.5252	53.2386121167	32.835
7 1 1			0.01		1.21		36.19		0.31785	0.5207	65.7483230412	25.2044
3 7 3			0.01		1.21		36.0		0.31785	0.8954	72.6346668965	71.6226
7 3 5			-0.01		1.21		36.29		0.31788	1.0496	74.7140851895	88.0788
1 5 1			0.01		1.21		35.97		0.31788	0.4978	46.196563203	27.3004
4 4 8			-0.04		1.17		37.62		0.31788	3.9407	61.1479986878	218.5721
0 4 10			0.01		1.18		37.24		0.31796	0.9893	53.7871001638	44.1425
0 6 16			0.01		1.19		37.03		0.31818	0.4825	89.3859051251	7.6515
0 4 18			0.0		1.19		36.97		0.31756	0.8369	84.5238780681	17.4513
4 2 12			0.0		1.19		36.83		0.31721	0.2244	63.468523569	4.7972
4 4 12			0.01		1.2		36.5		0.31729	1.9475	72.2035773977	130.2426
7 3 3			0.01		1.21		36.3		0.3173	1.9283	72.601334037	69.5466
2 6 10			0.01		1.22		35.97		0.31737	0.7069	72.0169435829	44.7171
2 4 0			0.01		1.22		35.74		0.31737	1.4359	40.0960076051	88.2765
1 7 3			0.0		1.22		35.63		0.31738	0.9932	66.8968211493	90.2271