HKL Value		Reward		TotalReward	Chi Squared	Z Appr. 	Error	Two-Thetas	Sfs2
0 0 4			0.0		0.0		0.0		0.3	0.8482	15.2869714585	59.1035
9 1 1			0.0		0.0		0.03		0.28342	0.8793	87.9915459652	19.6393
0 2 18			-0.98		-0.98		1.66		0.29662	0.3755	76.3208597895	3.7538
0 6 18			0.46		-0.52		1.13		0.29692	0.7949	98.0280769063	1.8601
4 6 6			-0.23		-0.75		1.47		0.29765	1.1903	71.9781772466	41.9784
3 1 13			-0.79		-1.54		7.11		0.29447	0.3869	59.4126405656	11.7895
6 0 2			0.17		-1.37		6.09		0.29446	0.2214	55.354768557	5.4487
4 6 0			0.17		-1.2		5.22		0.29446	0.7863	67.1083315067	59.4729
1 3 3			-0.35		-1.56		8.09		0.29456	0.7045	30.3940112777	66.1614
1 5 1			0.05		-1.51		7.7		0.29453	0.4978	46.196563203	27.3004
4 0 4			0.07		-1.44		7.2		0.29444	1.2165	39.0343929222	79.1487
5 1 1			0.04		-1.4		6.93		0.29442	0.5346	46.1701152	26.7419
2 0 2			-0.08		-1.48		7.56		0.29438	0.6502	19.2320929378	35.9547
3 1 15			0.05		-1.44		7.23		0.29445	0.2871	67.3554895111	7.7692
1 7 1			0.03		-1.4		6.99		0.29443	0.5219	65.7901743415	26.2984
3 3 1			0.02		-1.39		6.86		0.2944	0.5106	38.1558496662	33.1617
3 1 1			-0.02		-1.41		7.01		0.29437	0.5239	28.3131072915	41.7464
4 2 10			-0.1		-1.51		7.78		0.29401	1.1102	57.0442200735	11.3144
6 2 10			-0.14		-1.64		9.04		0.29359	0.7103	71.9901825081	43.9921