HKL Value		Reward		TotalReward	Chi Squared	Z Appr. 	Error	Two-Thetas	Sfs2
0 2 20			0.0		0.0		0.0		0.3	0.4494	86.0769303832	2.8517
2 6 8			0.0		0.0		72.39		0.24851	4.3291	67.1483383839	218.3417
0 6 18			0.98		0.98		36.5		0.24855	0.7949	98.0280769063	1.8601
0 2 18			0.47		1.46		24.77		0.24738	0.3755	76.3208597895	3.7538
0 6 8			0.21		1.66		20.52		0.24476	0.7694	64.1950429677	5.6946
6 2 8			-0.35		1.32		31.48		0.24913	3.3751	67.1207225085	222.106
6 4 2			0.19		1.51		26.44		0.24912	0.2211	67.6401768609	4.8049
6 4 0			0.17		1.67		22.66		0.24911	1.8287	67.0910631577	58.6803
6 0 8			0.08		1.75		20.99		0.24594	2.9234	64.163237895	5.3359
3 5 1			0.12		1.87		18.71		0.24572	0.5283	53.2544885252	31.9012
4 6 2			0.11		1.98		16.91		0.24569	0.2349	67.657370766	5.5969
2 0 6			-0.31		1.67		24.55		0.24501	1.6278	29.1406672869	128.8477
0 0 16			0.09		1.76		22.5		0.24504	1.3342	64.286058028	116.6634
4 6 0			0.08		1.84		20.77		0.24504	0.7863	67.1083315067	59.4729
6 0 6			-0.03		1.81		21.42		0.24507	1.0815	60.1501886982	39.9969
4 0 4			0.06		1.87		20.27		0.24487	1.2165	39.0343929222	79.1487
0 4 18			0.07		1.94		19.01		0.24526	0.8369	84.5238780681	17.4513
1 1 9			0.06		2.0		17.9		0.24565	0.2216	37.1193146943	1.1702
9 1 1			0.05		2.05		17.01		0.24581	0.8793	87.9915459652	19.6393
3 3 13			0.06		2.11		16.11		0.25428	0.5636	65.4922780779	9.1158
3 7 1			0.05		2.16		15.32		0.25434	1.2822	71.5694631273	22.2453
0 6 16			0.0		2.16		15.32		0.25729	0.4825	89.3859051251	7.6515
2 4 8			0.02		2.18		15.0		0.25765	0.1687	51.4325245866	2.4593
2 4 2			0.04		2.22		14.43		0.25765	0.3828	40.8766170199	13.2501
6 0 2			0.04		2.26		13.84		0.25765	0.2214	55.354768557	5.4487
1 1 7			-0.08		2.18		15.02		0.24554	0.2012	29.7561292971	6.5386
0 6 2			0.04		2.22		14.46		0.24554	0.2356	55.3895592761	6.1752
7 3 1			0.04		2.26		13.95		0.24558	0.5095	71.5359286583	22.1332
3 1 15			0.03		2.29		13.58		0.24585	0.2871	67.3554895111	7.7692
1 3 15			0.03		2.31		13.24		0.24625	0.2862	67.3623786269	8.1809
2 6 4			0.02		2.33		12.98		0.2462	0.8772	60.3635846112	78.02
5 5 7			-0.0		2.33		12.99		0.24461	0.6639	72.2860687267	4.3062
2 0 10			0.01		2.34		12.92		0.24471	0.6169	42.9543880851	20.236
3 5 9			0.02		2.36		12.62		0.24442	0.4755	65.0802252419	19.5165
0 2 12			-0.08		2.28		13.72		0.24287	0.3827	50.6142203783	17.5707
2 0 14			0.03		2.31		13.37		0.24264	0.2634	58.6945218607	7.3942
0 2 10			0.0		2.31		13.34		0.24272	0.4317	42.9590557724	21.0204
3 3 9			0.03		2.34		12.98		0.24271	0.3816	52.4524123761	12.0632
0 4 2			-0.17		2.17		15.64		0.24271	3.2657	36.5744795411	137.7475
0 2 6			-0.12		2.04		17.87		0.24264	1.1672	29.1471999487	131.5155
2 2 14			-0.08		1.96		19.52		0.24255	1.0835	61.7979105177	101.9829