HKL Value		Reward		TotalReward	Chi Squared	Z Appr. 	Error	Two-Thetas	Sfs2
0 6 18			0.0		0.0		0.0		0.3	0.7949	98.0280769063	1.8601
0 2 18			0.0		0.0		0.0		0.2975	0.3755	76.3208597895	3.7538
0 6 8			0.53		0.53		0.0		0.29749	0.7694	64.1950429677	5.6946
4 6 4			-1.0		-0.47		6.49		0.29702	1.0731	69.291881243	33.3045
5 3 7			-0.68		-1.15		20.43		0.31691	0.2523	60.5057581853	5.4388
6 2 2			-0.45		-1.6		37.02		0.31697	3.3001	58.5687226088	135.1206
6 4 2			0.2		-1.4		30.92		0.31697	0.2211	67.6401768609	4.8049
0 4 8			-0.44		-1.84		55.23		0.31702	4.1351	47.9021960727	235.0989
6 0 8			0.13		-1.71		48.67		0.31707	2.9234	64.163237895	5.3359
4 6 2			0.12		-1.59		43.34		0.31707	0.2349	67.657370766	5.5969
0 6 16			0.06		-1.53		41.02		0.31782	0.4825	89.3859051251	7.6515
4 6 0			0.1		-1.43		37.29		0.31782	0.7863	67.1083315067	59.4729
0 0 6			-0.42		-1.85		64.11		0.31825	7.4326	23.0169618987	709.6598
5 5 3			0.06		-1.79		60.69		0.31827	0.8107	66.8760743485	64.1048
1 3 3			0.05		-1.74		57.81		0.3183	0.7045	30.3940112777	66.1614
6 4 0			0.07		-1.67		53.95		0.3183	1.8287	67.0910631577	58.6803
9 1 1			0.06		-1.61		50.68		0.31829	0.8793	87.9915459652	19.6393
3 7 1			0.06		-1.55		47.86		0.31827	1.2822	71.5694631273	22.2453
6 0 2			0.06		-1.49		45.31		0.31827	0.2214	55.354768557	5.4487
2 2 16			0.06		-1.44		42.93		0.31829	1.1693	70.1293332912	108.6018
7 3 1			0.05		-1.39		40.91		0.31829	0.5095	71.5359286583	22.1332
3 1 15			0.05		-1.34		38.97		0.31829	0.2871	67.3554895111	7.7692
1 3 15			0.05		-1.29		37.2		0.3183	0.2862	67.3623786269	8.1809
4 0 12			0.02		-1.26		36.31		0.31864	2.7435	60.4154589103	161.2613
2 0 10			0.04		-1.22		34.89		0.31855	0.6169	42.9543880851	20.236
0 6 2			0.04		-1.19		33.6		0.31855	0.2356	55.3895592761	6.1752
0 4 0			-0.35		-1.54		51.71		0.31855	6.137	35.7152072575	818.959
6 0 6			0.04		-1.5		49.8		0.31853	1.0815	60.1501886982	39.9969
4 0 4			0.02		-1.48		48.79		0.31843	1.2165	39.0343929222	79.1487
3 7 3			0.02		-1.46		47.76		0.31845	0.8954	72.6346668965	71.6226
3 5 9			0.03		-1.42		46.17		0.31844	0.4755	65.0802252419	19.5165
3 3 9			0.03		-1.39		44.77		0.31834	0.3816	52.4524123761	12.0632
0 2 10			0.03		-1.36		43.44		0.31825	0.4317	42.9590557724	21.0204
2 0 14			0.03		-1.33		42.31		0.31814	0.2634	58.6945218607	7.3942
0 0 16			0.03		-1.3		41.06		0.31812	1.3342	64.286058028	116.6634
0 2 20			0.02		-1.28		40.27		0.31735	0.4494	86.0769303832	2.8517
4 2 2			0.02		-1.26		39.3		0.31734	0.457	40.8620305525	12.2524
4 6 6			0.02		-1.23		38.39		0.31725	1.1903	71.9781772466	41.9784
5 5 1			0.03		-1.21		37.44		0.31724	0.5073	65.769247456	23.9531
2 4 14			0.02		-1.18		36.56		0.3173	0.5221	70.6383718296	19.4111
0 6 10			0.02		-1.16		35.71		0.31744	0.8527	69.1637693973	8.5049
4 2 6			0.02		-1.14		34.87		0.31746	1.6049	46.7233273538	62.1975
6 2 10			0.02		-1.11		34.11		0.3176	0.7103	71.9901825081	43.9921
4 2 0			0.01		-1.1		33.61		0.3176	0.9287	40.0811891304	86.5118
1 7 1			0.02		-1.08		32.99		0.31759	0.5219	65.7901743415	26.2984
2 6 0			-0.14		-1.22		38.38		0.31759	4.3567	58.0028534629	558.9791
2 0 12			0.02		-1.2		37.69		0.31732	0.8079	50.6101057273	16.6151
1 3 9			0.02		-1.18		37.01		0.31715	0.2622	45.3040218183	7.1674
1 5 9			0.02		-1.16		36.27		0.31708	0.4394	58.984264935	17.7365
0 4 16			0.02		-1.14		35.59		0.31719	1.5557	75.7704700384	94.8658
4 0 14			-0.04		-1.18		36.96		0.31716	1.986	67.7459682929	124.3248
5 3 9			0.02		-1.16		36.24		0.31718	0.4833	65.0662013285	20.8409
0 6 6			0.02		-1.14		35.54		0.31718	1.0147	60.183190367	40.9583
1 3 7			-0.01		-1.15		35.78		0.31777	0.1893	39.2755843192	5.3372
4 4 10			0.02		-1.13		35.13		0.31783	0.6886	66.23802526	47.6672
1 3 1			0.01		-1.12		34.73		0.31782	0.5324	28.3265170018	42.1271
6 4 4			0.01		-1.11		34.56		0.31782	0.6669	69.2748711385	33.991
1 1 9			0.01		-1.1		34.16		0.31759	0.2216	37.1193146943	1.1702
0 2 16			0.01		-1.09		33.68		0.31774	1.8687	67.2407114996	13.8307
6 2 6			-0.05		-1.14		35.45		0.31788	3.9921	63.2107357729	344.5633
2 2 12			0.0		-1.14		35.43		0.31817	1.9766	54.0147953295	208.0279
2 4 4			-0.01		-1.14		35.68		0.31817	0.8182	43.1484985256	64.6996
0 0 22			0.02		-1.13		35.14		0.31817	2.2765	94.0325860765	137.6091
6 4 6			0.01		-1.12		34.69		0.31811	0.9247	71.9614498967	41.9809
5 3 11			-0.06		-1.17		36.78		0.31811	1.8677	70.5420870211	204.0714
0 2 14			0.01		-1.16		36.34		0.31803	0.2479	58.6982494177	6.3292
6 0 0			0.01		-1.15		35.86		0.31803	0.7256	54.7363985401	55.434
5 1 1			0.01		-1.14		35.43		0.31802	0.5346	46.1701152	26.7419
1 7 5			-0.02		-1.15		36.02		0.31805	1.0841	69.0835930101	99.7513
4 2 14			0.01		-1.14		35.54		0.31808	1.2576	70.6282605877	19.9713
0 6 0			0.01		-1.13		35.13		0.31808	1.4277	54.7714555341	59.4019
0 0 8			-0.05		-1.17		36.88		0.31808	2.1948	30.8548203523	183.9052
2 4 0			0.01		-1.17		36.56		0.31808	1.4359	40.0960076051	88.2765
4 4 4			0.01		-1.16		36.35		0.31801	0.8476	53.9354251327	76.9211
5 1 9			0.01		-1.15		35.88		0.31796	0.4583	58.9619928854	19.0838
2 6 4			0.01		-1.14		35.67		0.3179	0.8772	60.3635846112	78.02
1 1 15			0.01		-1.13		35.31		0.318	0.656	61.3839959686	20.6242
1 3 11			-0.07		-1.2		38.16		0.318	2.4293	52.0561920156	298.4303
3 3 15			0.01		-1.19		37.69		0.31789	0.3402	73.0835579415	3.8877
7 3 5			-0.01		-1.2		37.99		0.31792	1.0496	74.7140851895	88.0788
0 2 0			-0.0		-1.2		38.11		0.31792	1.4407	17.6394681947	177.2483
2 4 6			0.01		-1.19		37.66		0.31794	0.785	46.7364348384	64.2552
7 1 1			0.01		-1.18		37.27		0.31794	0.5207	65.7483230412	25.2044
2 0 16			0.01		-1.17		36.93		0.3181	0.5935	67.2372591268	11.8907
3 1 9			0.01		-1.16		36.54		0.31801	0.36	45.2950695798	8.7768
3 3 1			0.01		-1.15		36.21		0.31801	0.5106	38.1558496662	33.1617
6 2 4			0.01		-1.15		36.01		0.31794	0.8727	60.3342977717	77.9073
4 2 8			0.0		-1.14		35.85		0.31803	0.7605	51.4203212226	2.5419
2 4 2			0.01		-1.13		35.51		0.31803	0.3828	40.8766170199	13.2501
0 4 10			0.01		-1.12		35.14		0.3181	0.9893	53.7871001638	44.1425
3 3 5			-0.03		-1.15		36.05		0.31813	1.3995	42.8396693434	151.0913
4 2 10			0.01		-1.14		35.66		0.31815	1.1102	57.0442200735	11.3144
5 1 7			-0.0		-1.14		35.73		0.31854	0.2609	54.1000446603	4.252
2 4 12			0.0		-1.14		35.67		0.3181	0.2205	63.4791913795	4.8908
1 1 1			0.01		-1.13		35.47		0.31809	0.5749	13.0194761966	56.7652
0 2 12			0.01		-1.12		35.18		0.31793	0.3827	50.6142203783	17.5707
4 2 12			0.0		-1.12		35.08		0.31753	0.2244	63.468523569	4.7972
6 2 8			-0.04		-1.16		36.66		0.31755	3.3751	67.1207225085	222.106
3 1 11			-0.06		-1.22		38.82		0.31754	2.3814	52.0481274199	292.2152
5 3 1			0.01		-1.21		38.52		0.31754	0.5252	53.2386121167	32.835
0 4 12			0.0		-1.21		38.33		0.31771	1.4889	60.4300914167	161.7651
1 5 1			0.01		-1.2		38.02		0.31771	0.4978	46.196563203	27.3004