HKL Value		Reward		TotalReward	Chi Squared	Z Appr. 	Error	Two-Thetas	Sfs2
0 2 18			0.0		0.0		0.0		0.3	0.3755	76.3208597895	3.7538
0 6 18			0.0		0.0		0.0		0.2975	0.7949	98.0280769063	1.8601
0 4 6			-1.0		-1.0		129.67		0.31549	3.7688	42.9189471786	481.9509
0 6 8			0.48		-0.52		87.33		0.31556	0.7694	64.1950429677	5.6946
6 0 8			0.32		-0.2		66.28		0.31565	2.9234	64.163237895	5.3359
0 4 2			-0.11		-0.31		74.39		0.31575	3.2657	36.5744795411	137.7475
6 4 2			0.2		-0.11		62.05		0.31574	0.2211	67.6401768609	4.8049
6 4 0			0.17		0.06		53.19		0.31574	1.8287	67.0910631577	58.6803
4 6 2			0.14		0.2		46.62		0.31571	0.2349	67.657370766	5.5969
9 1 1			0.12		0.32		41.6		0.31569	0.8793	87.9915459652	19.6393
2 0 2			0.06		0.38		39.29		0.31561	0.6502	19.2320929378	35.9547
4 6 0			0.1		0.48		35.72		0.31561	0.7863	67.1083315067	59.4729
3 7 1			0.08		0.56		32.95		0.31558	1.2822	71.5694631273	22.2453
6 0 2			0.08		0.64		30.57		0.31555	0.2214	55.354768557	5.4487
0 6 2			0.07		0.71		28.56		0.31553	0.2356	55.3895592761	6.1752
3 1 15			0.07		0.78		26.74		0.31583	0.2871	67.3554895111	7.7692
4 4 4			0.02		0.8		26.28		0.31545	0.8476	53.9354251327	76.9211
1 7 5			-0.1		0.7		29.23		0.31559	1.0841	69.0835930101	99.7513
7 3 1			0.05		0.75		27.74		0.31555	0.5095	71.5359286583	22.1332
1 3 15			0.05		0.8		26.36		0.31586	0.2862	67.3623786269	8.1809
7 3 5			-0.06		0.74		28.18		0.316	1.0496	74.7140851895	88.0788
6 0 6			0.05		0.79		26.84		0.316	1.0815	60.1501886982	39.9969
0 2 14			0.04		0.83		25.84		0.31546	0.2479	58.6982494177	6.3292
2 0 10			0.04		0.87		24.73		0.31531	0.6169	42.9543880851	20.236
3 3 9			0.04		0.91		23.72		0.31514	0.3816	52.4524123761	12.0632
0 0 16			0.04		0.95		22.78		0.31523	1.3342	64.286058028	116.6634
2 2 16			0.04		0.99		21.95		0.31539	1.1693	70.1293332912	108.6018
3 5 9			0.04		1.03		21.15		0.31549	0.4755	65.0802252419	19.5165
0 2 10			0.04		1.07		20.41		0.31535	0.4317	42.9590557724	21.0204
2 0 14			0.03		1.1		19.8		0.31494	0.2634	58.6945218607	7.3942
2 4 14			0.03		1.12		19.28		0.31523	0.5221	70.6383718296	19.4111
4 2 2			0.02		1.15		18.83		0.31519	0.457	40.8620305525	12.2524
4 6 6			0.02		1.17		18.37		0.31493	1.1903	71.9781772466	41.9784
4 2 6			0.03		1.2		17.87		0.31506	1.6049	46.7233273538	62.1975
5 5 1			0.03		1.23		17.4		0.31504	0.5073	65.769247456	23.9531
5 1 1			0.02		1.25		17.09		0.315	0.5346	46.1701152	26.7419
1 3 9			0.02		1.27		16.68		0.31459	0.2622	45.3040218183	7.1674
1 5 9			0.03		1.3		16.24		0.31449	0.4394	58.984264935	17.7365
2 0 12			0.03		1.32		15.83		0.31415	0.8079	50.6101057273	16.6151
0 2 16			0.01		1.33		15.74		0.31455	1.8687	67.2407114996	13.8307
5 3 9			0.02		1.35		15.37		0.31472	0.4833	65.0662013285	20.8409
2 2 14			-0.1		1.26		17.05		0.31464	1.0835	61.7979105177	101.9829
1 7 1			0.02		1.27		16.79		0.3146	0.5219	65.7901743415	26.2984
1 1 9			0.02		1.29		16.49		0.31398	0.2216	37.1193146943	1.1702
4 4 10			0.02		1.31		16.23		0.31457	0.6886	66.23802526	47.6672
0 2 6			-0.01		1.3		16.34		0.31488	1.1672	29.1471999487	131.5155
5 3 7			-0.05		1.25		17.2		0.31632	0.2523	60.5057581853	5.4388
6 0 10			0.02		1.27		16.91		0.31653	1.0728	69.1331306246	8.9056
0 4 16			0.02		1.28		16.63		0.31668	1.5557	75.7704700384	94.8658
0 6 6			0.02		1.3		16.29		0.31668	1.0147	60.183190367	40.9583
0 0 8			-0.15		1.15		19.15		0.31668	2.1948	30.8548203523	183.9052
1 1 15			0.01		1.16		18.99		0.31683	0.656	61.3839959686	20.6242
0 2 20			0.01		1.18		18.74		0.31629	0.4494	86.0769303832	2.8517
5 1 9			0.02		1.19		18.4		0.31624	0.4583	58.9619928854	19.0838
6 4 6			0.01		1.21		18.15		0.31616	0.9247	71.9614498967	41.9809
6 0 0			0.01		1.22		17.9		0.31616	0.7256	54.7363985401	55.434
4 2 14			0.01		1.24		17.65		0.31623	1.2576	70.6282605877	19.9713
0 6 0			0.01		1.25		17.46		0.31623	1.4277	54.7714555341	59.4019
2 0 4			-0.07		1.18		18.73		0.31624	1.3874	23.4143586184	109.347
1 3 13			-0.03		1.15		19.39		0.31715	0.3907	59.4200243294	11.5335
3 3 1			0.01		1.16		19.2		0.31714	0.5106	38.1558496662	33.1617
2 0 16			0.01		1.16		19.07		0.31736	0.5935	67.2372591268	11.8907
2 4 2			0.01		1.17		18.86		0.31735	0.3828	40.8766170199	13.2501
0 2 12			0.01		1.18		18.64		0.31715	0.3827	50.6142203783	17.5707
4 2 10			0.02		1.2		18.36		0.3172	1.1102	57.0442200735	11.3144
3 1 9			0.01		1.21		18.12		0.3171	0.36	45.2950695798	8.7768
6 2 6			-0.09		1.12		19.96		0.31726	3.9921	63.2107357729	344.5633
6 2 4			0.0		1.12		19.94		0.31719	0.8727	60.3342977717	77.9073
6 2 10			0.01		1.13		19.69		0.3173	0.7103	71.9901825081	43.9921
2 4 6			0.01		1.15		19.43		0.31732	0.785	46.7364348384	64.2552
0 0 22			0.01		1.16		19.18		0.31735	2.2765	94.0325860765	137.6091
3 3 15			0.01		1.17		18.92		0.31728	0.3402	73.0835579415	3.8877
5 3 1			0.01		1.18		18.78		0.31727	0.5252	53.2386121167	32.835
7 1 1			0.01		1.19		18.6		0.31726	0.5207	65.7483230412	25.2044
5 3 3			-0.01		1.18		18.79		0.31728	0.9351	54.4936931553	89.9375
0 4 10			0.01		1.19		18.58		0.31737	0.9893	53.7871001638	44.1425
7 1 3			-0.0		1.19		18.66		0.31739	1.4031	66.8553232335	91.2915
1 5 1			0.01		1.2		18.51		0.31738	0.4978	46.196563203	27.3004
4 0 4			-0.0		1.2		18.54		0.31732	1.2165	39.0343929222	79.1487
0 6 16			-0.0		1.19		18.56		0.31759	0.4825	89.3859051251	7.6515
2 4 10			0.01		1.21		18.33		0.31761	0.607	57.0555982332	12.0937
4 2 12			-0.0		1.2		18.39		0.31716	0.2244	63.468523569	4.7972
0 4 18			-0.0		1.2		18.43		0.3166	0.8369	84.5238780681	17.4513
2 4 12			0.0		1.2		18.41		0.31625	0.2205	63.4791913795	4.8908
4 4 12			0.01		1.21		18.26		0.31637	1.9475	72.2035773977	130.2426
7 3 3			0.0		1.21		18.25		0.31638	1.9283	72.601334037	69.5466
2 6 10			0.01		1.22		18.09		0.31647	0.7069	72.0169435829	44.7171
2 4 0			0.0		1.22		18.04		0.31647	1.4359	40.0960076051	88.2765
0 2 2			-0.0		1.22		18.06		0.31646	0.4614	19.2417464495	36.8131
2 4 8			-0.0		1.22		18.13		0.31652	0.1687	51.4325245866	2.4593
3 1 1			0.0		1.22		18.07		0.31652	0.5239	28.3131072915	41.7464
3 3 13			-0.04		1.19		18.73		0.31714	0.5636	65.4922780779	9.1158
6 0 12			-0.02		1.17		19.08		0.31642	0.5892	74.995462768	0.9301
0 6 10			0.01		1.18		18.92		0.3165	0.8527	69.1637693973	8.5049
1 5 7			-0.02		1.16		19.3		0.31686	0.6035	54.1236034243	4.2528
1 3 1			0.0		1.16		19.24		0.31685	0.5324	28.3265170018	42.1271
1 1 5			-0.09		1.07		21.05		0.31688	1.9661	22.8949597146	247.5537
7 1 7			-0.01		1.06		21.29		0.31716	0.3505	72.2660298289	5.0526
3 5 1			0.01		1.07		21.15		0.31716	0.5283	53.2544885252	31.9012
5 1 3			-0.0		1.07		21.16		0.31716	0.9592	47.5591860667	88.1873
0 4 20			0.01		1.08		21.0		0.31709	1.027	94.1654323607	18.6345
3 7 3			0.0		1.08		20.98		0.3171	0.8954	72.6346668965	71.6226