HKL Value		Reward		TotalReward	Chi Squared	Z Appr. 	Error	Two-Thetas	Sfs2
4 0 6			0.0		0.0		0.0		0.3	5.3963	42.900258124	488.2208
0 6 18			0.0		0.0		263.14		0.35027	0.7949	98.0280769063	1.8601
0 2 18			0.99		0.99		132.45		0.35117	0.3755	76.3208597895	3.7538
0 6 8			0.5		1.48		88.57		0.3513	0.7694	64.1950429677	5.6946
6 4 2			0.32		1.8		66.97		0.3513	0.2211	67.6401768609	4.8049
4 6 2			0.24		2.04		54.11		0.35127	0.2349	67.657370766	5.5969
6 4 0			0.2		2.24		45.1		0.35127	1.8287	67.0910631577	58.6803
4 6 0			0.17		2.41		38.66		0.35127	0.7863	67.1083315067	59.4729
6 0 8			0.14		2.55		33.9		0.3514	2.9234	64.163237895	5.3359
6 2 10			0.03		2.57		33.05		0.35146	0.7103	71.9901825081	43.9921
4 4 2			-0.14		2.43		38.61		0.3517	1.2125	52.0311030722	128.6454
9 1 1			0.09		2.52		35.49		0.35166	0.8793	87.9915459652	19.6393
6 0 2			0.08		2.6		32.73		0.35168	0.2214	55.354768557	5.4487
3 7 1			0.07		2.67		30.64		0.35163	1.2822	71.5694631273	22.2453
7 3 1			0.06		2.73		28.85		0.35159	0.5095	71.5359286583	22.1332
0 6 2			0.06		2.8		27.12		0.35161	0.2356	55.3895592761	6.1752
2 0 10			0.04		2.84		26.06		0.35157	0.6169	42.9543880851	20.236
1 3 15			0.06		2.9		24.63		0.35119	0.2862	67.3623786269	8.1809
1 7 3			-0.0		2.9		24.64		0.35107	0.9932	66.8968211493	90.2271
2 4 0			0.02		2.92		24.07		0.35107	1.4359	40.0960076051	88.2765
3 5 9			0.05		2.97		22.87		0.35098	0.4755	65.0802252419	19.5165
3 1 7			0.05		3.02		21.85		0.35096	0.257	39.2655360855	5.205
2 0 14			0.05		3.07		20.86		0.35098	0.2634	58.6945218607	7.3942
6 0 6			0.05		3.11		19.95		0.35098	1.0815	60.1501886982	39.9969
2 2 16			-0.07		3.04		21.41		0.35328	1.1693	70.1293332912	108.6018
3 1 15			0.04		3.08		20.66		0.35228	0.2871	67.3554895111	7.7692
0 2 10			0.02		3.1		20.28		0.35216	0.4317	42.9590557724	21.0204
0 4 6			-0.3		2.8		29.08		0.35088	3.7688	42.9189471786	481.9509
4 0 14			-0.01		2.79		29.26		0.35175	1.986	67.7459682929	124.3248
0 0 16			-0.02		2.77		29.85		0.35991	1.3342	64.286058028	116.6634