HKL Value		Reward		TotalReward	Chi Squared	Z Appr. 	Error	Two-Thetas	Sfs2
0 4 4			0.0		0.0		0.0		0.3	0.8482	39.0545896029	78.0016
9 1 1			0.0		0.0		0.02		0.28231	0.8793	87.9915459652	19.6393
2 4 8			-0.2		-0.2		0.22		0.28624	0.1687	51.4325245866	2.4593
7 1 7			-12.53		-12.73		12.75		0.33235	0.3505	72.2660298289	5.0526
6 0 2			1.27		-11.46		10.21		0.33229	0.2214	55.354768557	5.4487
4 6 2			0.85		-10.61		8.51		0.33207	0.2349	67.657370766	5.5969
5 3 1			-0.33		-10.94		8.84		0.33167	0.5252	53.2386121167	32.835
6 0 8			0.61		-10.33		7.63		0.33113	2.9234	64.163237895	5.3359
1 1 15			0.4		-9.93		6.82		0.33025	0.656	61.3839959686	20.6242
4 6 0			0.38		-9.55		6.07		0.33025	0.7863	67.1083315067	59.4729
0 6 0			-0.04		-9.6		6.11		0.33025	1.4277	54.7714555341	59.4019
0 0 4			-1.89		-11.49		8.0		0.32866	0.8482	15.2869714585	59.1035
5 5 1			0.2		-11.28		7.59		0.3285	0.5073	65.769247456	23.9531
0 4 16			-0.08		-11.36		7.67		0.32512	1.5557	75.7704700384	94.8658
6 4 4			-1.17		-12.54		8.85		0.32524	0.6669	69.2748711385	33.991
0 4 8			-12.47		-25.01		21.32		0.326	4.1351	47.9021960727	235.0989