HKL Value		Reward		TotalReward	Chi Squared	Z Appr. 	Error	Two-Thetas	Sfs2
3 0 7			0.0		0.0		0.0		0.5	0.18	64.5726747292	2.8781
2 0 1			0.0		0.0		0.01		0.44562	0.15	29.01034049	0.0
1 -1 2			0.27		0.27		0.01		0.44726	0.39	32.1995090242	11.6912
3 0 4			0.5		0.77		0.01		0.44726	0.64	50.7360354343	0.0
2 1 0			-0.91		-0.14		0.07		0.44726	0.16	38.6117414796	0.0084
4 0 1			0.25		0.11		0.05		0.44726	0.27	58.8934376912	0.0
1 0 4			0.2		0.31		0.04		0.44726	0.08	29.3672081998	0.0
3 1 0			0.16		0.47		0.04		0.44726	0.86	50.7823995615	0.002
2 0 5			0.14		0.61		0.03		0.44726	5.26	43.4052500519	0.0
0 0 3			0.12		0.74		0.03		0.44726	0.03	19.1797885945	0.0
1 0 0			0.11		0.85		0.03		0.44726	0.0	14.0285801003	0.0
2 0 3			0.1		0.95		0.02		0.44726	0.09	34.3920319457	0.0
4 0 5			0.09		1.04		0.02		0.44726	0.26	68.3700248267	0.0
1 2 6			0.07		1.11		0.02		0.44537	0.11	69.4566609057	1.2895
3 0 2			0.08		1.19		0.02		0.44537	0.46	45.0164041053	0.0
3 0 6			0.07		1.26		0.02		0.44537	0.11	59.366558438	0.0
0 0 -8			-0.33		0.93		0.03		0.43972	0.38	52.7511004195	15.5355
3 0 8			0.06		0.99		0.03		0.43972	0.3	70.3147352648	0.0
3 0 0			0.06		1.05		0.02		0.43972	0.45	42.9814560157	0.0
3 1 3			-0.68		0.37		0.07		0.43909	0.4	54.7770496801	12.6586
2 0 7			0.05		0.42		0.07		0.43909	4.16	54.6555056564	0.0
3 1 4			0.05		0.47		0.07		0.43907	0.33	57.7518627408	0.9567
4 0 3			0.05		0.52		0.06		0.43907	0.29	62.1413926063	0.0
0 0 7			0.05		0.56		0.06		0.43907	0.2	45.7499157105	0.0
1 1 2			0.02		0.58		0.06		0.43925	0.52	32.1995090242	11.6912
1 0 6			0.04		0.62		0.06		0.43925	0.25	41.5701214249	0.0
2 2 3			0.04		0.66		0.06		0.43931	0.31	64.6616050849	6.6891
4 1 3			0.04		0.7		0.05		0.43931	0.15	68.408649436	0.0043
-1 -1 2			0.01		0.71		0.05		0.43949	0.13	32.1995090242	11.6912
0 1 5			0.04		0.75		0.05		0.43944	0.34	41.7114803244	7.6693
4 1 1			0.02		0.77		0.05		0.43944	0.21	65.3342299592	0.4263
4 0 6			-0.11		0.65		0.06		0.43787	0.38	72.4962488704	6.3028
2 1 6			-0.53		0.13		0.12		0.44309	0.16	55.9883197776	2.0239
2 1 1			0.03		0.15		0.12		0.44309	0.13	39.1745550983	0.4263
1 0 8			0.03		0.19		0.11		0.44309	0.24	54.8685935926	0.0
2 1 7			0.03		0.21		0.11		0.44304	0.57	61.3678684761	8.4036
-2 0 4			-0.02		0.19		0.11		0.44261	0.22	38.5541558059	1.7476
0 1 8			-0.12		0.07		0.13		0.44502	2.05	59.6041295708	7.5134
3 0 3			-0.01		0.06		0.13		0.44569	0.33	47.4629609511	3.2424