HKL Value		Reward		TotalReward	Chi Squared	Z Appr. 	Error	Two-Thetas	Sfs2
3 0 7			0.0		0.0		0.0		0.5	0.18	64.5726747292	2.8781
2 0 1			0.0		0.0		0.01		0.44562	0.15	29.01034049	0.0
3 0 4			1.0		1.0		0.01		0.44562	0.64	50.7360354343	0.0
4 0 1			0.5		1.5		0.0		0.44562	0.27	58.8934376912	0.0
0 0 -8			-0.79		0.71		0.02		0.43839	0.38	52.7511004195	15.5355
1 0 4			0.25		0.96		0.01		0.43839	0.08	29.3672081998	0.0
0 0 3			0.2		1.16		0.01		0.43839	0.03	19.1797885945	0.0
2 0 5			0.17		1.33		0.01		0.43839	5.26	43.4052500519	0.0
3 1 7			-0.41		0.91		0.02		0.43743	0.32	70.7276559911	1.1017
1 0 0			0.12		1.04		0.02		0.43743	0.0	14.0285801003	0.0
3 2 4			0.02		1.06		0.02		0.43723	0.0	76.369138646	3.3351
3 1 0			0.09		1.15		0.01		0.43723	0.86	50.7823995615	0.002
4 1 1			-0.03		1.12		0.01		0.43723	0.21	65.3342299592	0.4263
2 0 3			0.08		1.21		0.01		0.43723	0.09	34.3920319457	0.0
4 0 5			0.08		1.28		0.01		0.43723	0.26	68.3700248267	0.0
3 0 2			0.07		1.36		0.01		0.43723	0.46	45.0164041053	0.0
2 0 7			0.07		1.42		0.01		0.43723	4.16	54.6555056564	0.0
3 0 6			0.06		1.49		0.01		0.43723	0.11	59.366558438	0.0
3 0 8			0.06		1.54		0.01		0.43723	0.3	70.3147352648	0.0
0 0 7			0.06		1.6		0.01		0.43723	0.2	45.7499157105	0.0
3 0 0			0.05		1.65		0.01		0.43723	0.45	42.9814560157	0.0
4 0 3			0.05		1.7		0.01		0.43723	0.29	62.1413926063	0.0
1 0 6			0.05		1.75		0.01		0.43723	0.25	41.5701214249	0.0
1 0 8			0.05		1.8		0.01		0.43723	0.24	54.8685935926	0.0
4 1 3			0.03		1.83		0.01		0.43724	0.15	68.408649436	0.0043
1 -1 2			-0.17		1.66		0.01		0.43742	0.39	32.1995090242	11.6912
2 1 0			-0.51		1.15		0.02		0.43742	0.16	38.6117414796	0.0084
0 1 5			0.04		1.18		0.02		0.43745	0.34	41.7114803244	7.6693
3 1 4			0.02		1.21		0.02		0.43744	0.33	57.7518627408	0.9567
-1 -1 -2			-0.05		1.16		0.02		0.4376	0.31	32.1995090242	11.6912
1 1 2			-0.04		1.12		0.02		0.43777	0.52	32.1995090242	11.6912
3 1 2			-0.04		1.08		0.02		0.43794	0.11	52.5840292854	11.6912