HKL Value		Reward		TotalReward	Chi Squared	Z Appr. 	Error	Two-Thetas	Sfs2
3 0 7			0.0		0.0		0.0		0.5	0.18	64.5726747292	2.8781
2 0 1			0.0		0.0		0.01		0.44562	0.15	29.01034049	0.0
3 0 4			1.0		1.0		0.01		0.44562	0.64	50.7360354343	0.0
4 0 1			0.5		1.5		0.0		0.44562	0.27	58.8934376912	0.0
0 0 7			0.33		1.83		0.0		0.44562	0.2	45.7499157105	0.0
1 0 4			0.25		2.08		0.0		0.44562	0.08	29.3672081998	0.0
0 0 3			0.2		2.28		0.0		0.44562	0.03	19.1797885945	0.0
3 1 0			0.04		2.33		0.0		0.44562	0.86	50.7823995615	0.002
2 0 5			0.14		2.47		0.0		0.44562	5.26	43.4052500519	0.0
1 0 0			0.12		2.59		0.0		0.44562	0.0	14.0285801003	0.0
2 0 3			0.11		2.7		0.0		0.44562	0.09	34.3920319457	0.0
4 0 3			0.1		2.8		0.0		0.44562	0.29	62.1413926063	0.0
4 0 5			0.09		2.89		0.0		0.44562	0.26	68.3700248267	0.0
3 0 2			0.08		2.98		0.0		0.44562	0.46	45.0164041053	0.0
2 0 7			0.08		3.06		0.0		0.44562	4.16	54.6555056564	0.0
0 1 8			-0.86		2.19		0.01		0.45344	2.05	59.6041295708	7.5134
3 0 8			0.07		2.26		0.01		0.45344	0.3	70.3147352648	0.0
3 0 6			0.06		2.32		0.01		0.45344	0.11	59.366558438	0.0
3 0 0			0.06		2.38		0.01		0.45344	0.45	42.9814560157	0.0
1 -1 2			0.05		2.43		0.01		0.45339	0.39	32.1995090242	11.6912
1 0 6			0.05		2.48		0.0		0.45339	0.25	41.5701214249	0.0
4 1 0			-0.7		1.79		0.02		0.4534	0.2	64.9447604845	0.0084
4 1 4			-0.46		1.33		0.03		0.45317	0.37	71.0458443611	0.4076
1 0 8			0.05		1.37		0.03		0.45317	0.24	54.8685935926	0.0
4 1 3			0.04		1.42		0.03		0.45317	0.15	68.408649436	0.0043
3 1 4			0.02		1.44		0.03		0.45312	0.33	57.7518627408	0.9567
-1 -1 2			0.04		1.47		0.03		0.4531	0.13	32.1995090242	11.6912
3 1 2			0.04		1.51		0.03		0.45308	0.11	52.5840292854	11.6912
3 0 3			0.01		1.52		0.02		0.4535	0.33	47.4629609511	3.2424
1 1 2			0.04		1.56		0.02		0.45348	0.52	32.1995090242	11.6912
1 1 4			0.01		1.57		0.02		0.45343	0.3	39.4492672371	0.9567
2 2 3			-0.06		1.51		0.03		0.4529	0.31	64.6616050849	6.6891
-1 -1 -2			0.03		1.54		0.02		0.45289	0.31	32.1995090242	11.6912
1 2 6			-0.08		1.46		0.03		0.45199	0.11	69.4566609057	1.2895
4 1 1			0.01		1.47		0.03		0.45199	0.21	65.3342299592	0.4263
2 1 1			0.01		1.48		0.03		0.45199	0.13	39.1745550983	0.4263
2 1 7			-0.05		1.43		0.03		0.4515	0.57	61.3678684761	8.4036
1 1 3			-0.52		0.91		0.06		0.45119	0.54	35.3770121777	12.6586
1 1 5			-0.34		0.57		0.09		0.44793	3.06	44.2189644299	8.5457