HKL Value		Reward		TotalReward	Chi Squared	Z Appr. 	Error	Two-Thetas	Sfs2
3 0 7			0.0		0.0		0.0		0.5	0.18	64.5726747292	2.8781
2 0 1			0.0		0.0		0.01		0.44562	0.15	29.01034049	0.0
3 0 4			1.0		1.0		0.01		0.44562	0.64	50.7360354343	0.0
4 0 1			0.5		1.5		0.0		0.44562	0.27	58.8934376912	0.0
1 0 4			0.33		1.83		0.0		0.44562	0.08	29.3672081998	0.0
1 -1 2			-0.21		1.63		0.0		0.44726	0.39	32.1995090242	11.6912
0 0 3			0.2		1.83		0.0		0.44726	0.03	19.1797885945	0.0
2 0 5			0.17		1.99		0.0		0.44726	5.26	43.4052500519	0.0
3 0 5			-0.7		1.29		0.01		0.45223	0.2	54.7330754518	7.0489
1 0 0			0.12		1.42		0.01		0.45223	0.0	14.0285801003	0.0
3 1 0			0.09		1.51		0.01		0.45223	0.86	50.7823995615	0.002
2 0 3			0.1		1.61		0.01		0.45223	0.09	34.3920319457	0.0
4 0 5			0.09		1.7		0.01		0.45223	0.26	68.3700248267	0.0
-2 0 4			-0.82		0.88		0.03		0.45101	0.22	38.5541558059	1.7476
3 0 2			0.08		0.96		0.03		0.45101	0.46	45.0164041053	0.0
2 0 7			0.07		1.03		0.03		0.45101	4.16	54.6555056564	0.0
3 0 8			0.07		1.09		0.03		0.45101	0.3	70.3147352648	0.0
0 0 7			0.06		1.16		0.02		0.45101	0.2	45.7499157105	0.0
3 0 6			0.06		1.21		0.02		0.45101	0.11	59.366558438	0.0
0 1 4			-0.4		0.81		0.04		0.45101	0.09	36.6772811508	0.4076
3 0 0			0.05		0.87		0.04		0.45101	0.45	42.9814560157	0.0
4 0 3			0.05		0.92		0.03		0.45101	0.29	62.1413926063	0.0
1 0 6			0.05		0.96		0.03		0.45101	0.25	41.5701214249	0.0
3 2 3			-0.41		0.56		0.06		0.45105	1.08	73.8091166097	1.7896
3 2 0			-0.07		0.48		0.06		0.45105	0.67	70.467230504	2.2538
1 0 8			0.04		0.53		0.06		0.45105	0.24	54.8685935926	0.0
4 1 3			0.04		0.57		0.06		0.45105	0.15	68.408649436	0.0043
3 1 4			0.03		0.59		0.05		0.45095	0.33	57.7518627408	0.9567
3 1 2			0.04		0.63		0.05		0.45102	0.11	52.5840292854	11.6912
-1 -1 -2			0.04		0.67		0.05		0.45105	0.31	32.1995090242	11.6912
0 0 6			-0.36		0.31		0.08		0.44464	0.27	38.9249808314	6.3028
1 1 4			0.03		0.34		0.08		0.44459	0.3	39.4492672371	0.9567
1 1 2			0.03		0.36		0.07		0.4448	0.52	32.1995090242	11.6912
-1 -1 2			0.03		0.39		0.07		0.445	0.13	32.1995090242	11.6912
4 1 1			0.02		0.41		0.07		0.445	0.21	65.3342299592	0.4263
2 2 3			0.03		0.44		0.07		0.44477	0.31	64.6616050849	6.6891
2 1 7			0.03		0.46		0.07		0.44448	0.57	61.3678684761	8.4036
0 1 7			0.03		0.49		0.07		0.44425	0.26	53.2385720724	8.4036
2 1 1			0.02		0.51		0.06		0.44425	0.13	39.1745550983	0.4263
0 1 5			0.02		0.53		0.06		0.44399	0.34	41.7114803244	7.6693
1 0 7			0.02		0.55		0.06		0.44407	0.54	48.0896902272	2.8781
1 2 6			0.02		0.57		0.06		0.44417	0.11	69.4566609057	1.2895
4 1 5			0.02		0.59		0.06		0.44397	1.53	74.3771604481	7.6693
3 2 2			-0.05		0.54		0.06		0.44377	0.0	71.9603042663	6.6617
0 1 8			-0.14		0.4		0.07		0.44704	2.05	59.6041295708	7.5134
1 1 6			0.02		0.42		0.07		0.44722	0.38	49.5460147793	8.8974
0 2 7			0.01		0.43		0.07		0.44771	0.0	72.5085769296	0.0094
3 0 1			-0.02		0.42		0.07		0.44768	0.76	43.4972935008	0.0644
3 2 4			-0.02		0.4		0.07		0.44721	0.0	76.369138646	3.3351
3 0 3			-0.01		0.39		0.07		0.44775	0.33	47.4629609511	3.2424