HKL Value		Reward		TotalReward	Chi Squared	Z Appr. 	Error	Two-Thetas	Sfs2
2 0 3			0.0		0.0		0.0		0.5	0.09	34.3920319457	0.0
0 1 4			0.0		0.0		0.31		0.45113	0.09	36.6772811508	0.4076
2 0 7			1.0		1.0		0.16		0.45113	4.16	54.6555056564	0.0
1 0 8			0.5		1.5		0.1		0.45113	0.24	54.8685935926	0.0
3 0 4			0.33		1.83		0.08		0.45113	0.64	50.7360354343	0.0
4 0 3			0.25		2.08		0.06		0.45113	0.29	62.1413926063	0.0
2 0 1			0.2		2.28		0.05		0.45113	0.15	29.01034049	0.0
3 0 2			0.17		2.45		0.04		0.45113	0.46	45.0164041053	0.0
0 0 3			0.14		2.59		0.04		0.45113	0.03	19.1797885945	0.0
3 0 6			0.12		2.72		0.03		0.45113	0.11	59.366558438	0.0
3 0 0			0.11		2.83		0.03		0.45113	0.45	42.9814560157	0.0
1 0 0			0.1		2.93		0.03		0.45113	0.0	14.0285801003	0.0
1 0 4			0.09		3.02		0.03		0.45113	0.08	29.3672081998	0.0
4 0 1			0.08		3.1		0.02		0.45113	0.27	58.8934376912	0.0
0 0 6			-0.5		2.6		0.05		0.43566	0.27	38.9249808314	6.3028
1 1 3			-0.53		2.07		0.1		0.43349	0.54	35.3770121777	12.6586
1 0 7			-0.03		2.04		0.11		0.43679	0.54	48.0896902272	2.8781