HKL Value		Reward		TotalReward	Chi Squared	Z Appr. 	Error	Two-Thetas	Sfs2
2 0 3			0.0		0.0		0.0		0.5	0.09	34.3920319457	0.0
2 0 7			0.0		0.0		0.0		0.49991	4.16	54.6555056564	0.0
1 0 8			0.6		0.6		0.0		0.4999	0.24	54.8685935926	0.0
3 2 2			-1.0		-0.4		0.0		0.56163	0.0	71.9603042663	6.6617
3 1 0			-1.0		-1.4		0.0		0.56163	0.86	50.7823995615	0.002
3 0 4			0.25		-1.15		0.0		0.56163	0.64	50.7360354343	0.0
4 0 3			0.2		-0.95		0.0		0.56163	0.29	62.1413926063	0.0
2 0 1			0.17		-0.78		0.0		0.56163	0.15	29.01034049	0.0
2 2 5			-0.97		-1.75		0.01		0.57837	0.26	70.7747179536	2.8196
3 0 2			0.12		-1.63		0.01		0.57837	0.46	45.0164041053	0.0
0 0 3			0.11		-1.51		0.01		0.57837	0.03	19.1797885945	0.0
3 0 6			0.1		-1.41		0.0		0.57837	0.11	59.366558438	0.0
2 2 3			-0.97		-2.39		0.19		0.59238	0.31	64.6616050849	6.6891
3 0 0			0.08		-2.3		0.17		0.59238	0.45	42.9814560157	0.0
1 0 0			0.08		-2.23		0.16		0.59238	0.0	14.0285801003	0.0
1 0 4			0.07		-2.16		0.15		0.59238	0.08	29.3672081998	0.0
4 0 1			0.07		-2.09		0.14		0.59238	0.27	58.8934376912	0.0
0 1 5			0.47		-1.62		0.1		0.64647	0.34	41.7114803244	7.6693
3 0 8			0.06		-1.56		0.09		0.64647	0.3	70.3147352648	0.0
0 0 7			0.06		-1.51		0.09		0.64647	0.2	45.7499157105	0.0
4 0 5			0.05		-1.45		0.08		0.64647	0.26	68.3700248267	0.0
2 2 4			-0.02		-1.48		0.08		0.64397	0.5	67.3692384702	10.6939
2 0 5			0.05		-1.43		0.08		0.64397	5.26	43.4052500519	0.0
1 0 7			-0.49		-1.92		0.15		0.59888	0.54	48.0896902272	2.8781
4 1 3			-0.41		-2.32		0.26		0.5967	0.15	68.408649436	0.0043
1 0 6			0.04		-2.28		0.25		0.5967	0.25	41.5701214249	0.0
4 1 1			0.04		-2.24		0.24		0.5967	0.21	65.3342299592	0.4263
1 1 4			0.03		-2.21		0.23		0.59689	0.3	39.4492672371	0.9567
3 1 4			0.03		-2.18		0.23		0.59705	0.33	57.7518627408	0.9567
2 1 1			0.03		-2.14		0.22		0.59705	0.13	39.1745550983	0.4263
3 0 7			0.02		-2.12		0.21		0.59456	0.18	64.5726747292	2.8781
2 1 7			0.02		-2.09		0.21		0.59294	0.57	61.3678684761	8.4036
0 1 7			0.03		-2.07		0.2		0.59095	0.26	53.2385720724	8.4036
4 1 5			-0.15		-2.21		0.24		0.59694	1.53	74.3771604481	7.6693
3 1 2			-0.22		-2.43		0.3		0.59671	0.11	52.5840292854	11.6912
1 1 6			0.01		-2.43		0.3		0.59787	0.38	49.5460147793	8.8974
1 1 2			-0.17		-2.6		0.36		0.59772	0.52	32.1995090242	11.6912
1 2 6			-0.0		-2.6		0.36		0.60118	0.11	69.4566609057	1.2895
-1 -1 -2			-0.13		-2.73		0.42		0.60118	0.31	32.1995090242	11.6912