HKL Value		Reward		TotalReward	Chi Squared	Z Appr. 	Error	Two-Thetas	Sfs2
2 1 7			0.0		0.0		0.0		0.5	0.57	61.3678684761	8.4036
2 0 3			0.0		0.0		0.0		0.48632	0.09	34.3920319457	0.0
2 0 7			1.0		1.0		0.0		0.48632	4.16	54.6555056564	0.0
1 0 8			0.5		1.5		0.0		0.48632	0.24	54.8685935926	0.0
3 0 4			0.33		1.83		0.0		0.48632	0.64	50.7360354343	0.0
4 0 3			0.25		2.08		0.0		0.48632	0.29	62.1413926063	0.0
2 0 1			0.2		2.28		0.0		0.48632	0.15	29.01034049	0.0
3 0 2			0.17		2.45		0.0		0.48632	0.46	45.0164041053	0.0
0 0 3			0.14		2.59		0.0		0.48632	0.03	19.1797885945	0.0
3 0 6			0.12		2.72		0.0		0.48632	0.11	59.366558438	0.0
0 1 8			-1.0		1.72		0.08		0.50598	2.05	59.6041295708	7.5134
3 0 0			0.1		1.82		0.08		0.50598	0.45	42.9814560157	0.0
1 0 4			0.09		1.91		0.07		0.50598	0.08	29.3672081998	0.0
0 0 6			0.0		1.91		0.07		0.50838	0.27	38.9249808314	6.3028
2 0 0			-0.6		1.32		0.17		0.50838	0.07	28.2731138415	46.4355
1 0 0			0.07		1.39		0.16		0.50838	0.0	14.0285801003	0.0
4 0 1			0.07		1.45		0.15		0.50838	0.27	58.8934376912	0.0
4 0 5			0.06		1.52		0.14		0.50838	0.26	68.3700248267	0.0
0 0 8			-0.06		1.46		0.15		0.50374	0.5	52.7511004195	15.5355
0 0 7			0.06		1.51		0.14		0.50374	0.2	45.7499157105	0.0
2 1 4			-0.63		0.88		0.38		0.49442	2.11	46.9440445598	0.4076
2 0 5			0.05		0.93		0.36		0.49442	5.26	43.4052500519	0.0
1 0 7			1.34		2.27		0.16		0.44162	0.54	48.0896902272	2.8781
3 0 8			0.05		2.32		0.15		0.44162	0.3	70.3147352648	0.0
0 0 4			-0.0		2.31		0.15		0.44104	0.08	25.6679215219	1.7476
1 0 6			0.04		2.35		0.14		0.44104	0.25	41.5701214249	0.0
3 1 0			0.04		2.39		0.14		0.44104	0.86	50.7823995615	0.002
3 0 7			0.03		2.42		0.13		0.44127	0.18	64.5726747292	2.8781
3 1 3			-0.19		2.24		0.16		0.4408	0.4	54.7770496801	12.6586
3 2 0			0.0		2.24		0.16		0.4408	0.67	70.467230504	2.2538
3 2 2			-0.0		2.24		0.16		0.44064	0.0	71.9603042663	6.6617
2 1 1			0.03		2.27		0.16		0.44064	0.13	39.1745550983	0.4263
3 1 4			0.03		2.3		0.16		0.44064	0.33	57.7518627408	0.9567
4 1 1			0.03		2.33		0.15		0.44062	0.21	65.3342299592	0.4263
1 1 4			0.03		2.36		0.15		0.44062	0.3	39.4492672371	0.9567
0 1 7			0.03		2.38		0.14		0.44071	0.26	53.2385720724	8.4036
4 1 5			0.03		2.41		0.14		0.44064	1.53	74.3771604481	7.6693
4 1 3			0.03		2.44		0.14		0.44064	0.15	68.408649436	0.0043
0 1 5			0.03		2.47		0.13		0.44058	0.34	41.7114803244	7.6693
1 0 1			0.0		2.47		0.13		0.44058	0.06	15.4189733366	0.0644
1 2 6			0.02		2.49		0.13		0.44102	0.11	69.4566609057	1.2895
3 1 2			0.02		2.51		0.13		0.44111	0.11	52.5840292854	11.6912
1 1 6			0.01		2.52		0.12		0.44143	0.38	49.5460147793	8.8974
2 1 2			-0.0		2.52		0.13		0.44164	0.36	40.8238903893	0.1747
1 1 2			0.02		2.54		0.12		0.44172	0.52	32.1995090242	11.6912
1 1 7			-0.01		2.52		0.12		0.44082	0.15	55.34320722	1.1017
1 0 5			-0.08		2.45		0.13		0.44252	0.22	35.3149362404	7.049
-1 -1 2			0.02		2.47		0.13		0.44259	0.13	32.1995090242	11.6912
-1 -1 -2			0.02		2.49		0.13		0.44265	0.31	32.1995090242	11.6912
2 0 4			-0.01		2.48		0.13		0.44233	0.23	38.5541558059	1.7476
1 -1 2			0.02		2.49		0.13		0.44239	0.39	32.1995090242	11.6912
3 0 1			0.0		2.49		0.13		0.44239	0.76	43.4972935008	0.0644
1 2 7			-0.0		2.49		0.13		0.44259	0.71	74.291810142	3.5836
3 0 3			-0.02		2.48		0.13		0.4432	0.33	47.4629609511	3.2424
2 0 -4			-0.01		2.47		0.13		0.44288	0.31	38.5541558059	1.7476