HKL Value		Reward		TotalReward	Chi Squared	Z Appr. 	Error	Two-Thetas	Sfs2
2 0 3			0.0		0.0		0.0		0.5	0.09	34.3920319457	0.0
-2 0 4			0.0		0.0		0.0		0.49524	0.22	38.5541558059	1.7476
2 0 7			1.0		1.0		0.0		0.49524	4.16	54.6555056564	0.0
0 0 4			-0.65		0.35		0.0		0.49524	0.08	25.6679215219	1.7476
1 0 8			0.33		0.68		0.0		0.49524	0.24	54.8685935926	0.0
3 0 4			0.25		0.93		0.0		0.49524	0.64	50.7360354343	0.0
4 0 3			0.2		1.13		0.0		0.49524	0.29	62.1413926063	0.0
2 0 1			0.17		1.3		0.0		0.49524	0.15	29.01034049	0.0
3 0 2			0.14		1.44		0.0		0.49524	0.46	45.0164041053	0.0
0 0 3			0.12		1.57		0.0		0.49524	0.03	19.1797885945	0.0
3 0 6			0.11		1.68		0.0		0.49524	0.11	59.366558438	0.0
3 0 0			0.1		1.78		0.0		0.49524	0.45	42.9814560157	0.0
1 0 1			-1.0		0.78		0.03		0.49308	0.06	15.4189733366	0.0644
1 1 5			-0.77		0.01		0.13		0.50379	3.06	44.2189644299	8.5457
2 1 7			-0.1		-0.08		0.14		0.49856	0.57	61.3678684761	8.4036