HKL Value		Reward		TotalReward	Chi Squared	Z Appr. 	Error	Two-Thetas	Sfs2
2 0 3			0.0		0.0		0.0		0.5	0.09	34.3920319457	0.0
2 0 7			0.0		0.0		0.0		0.49991	4.16	54.6555056564	0.0
1 0 0			0.99		0.99		0.0		0.49991	0.0	14.0285801003	0.0
1 0 8			0.2		1.2		0.0		0.4999	0.24	54.8685935926	0.0
3 0 4			0.09		1.29		0.0		0.4999	0.64	50.7360354343	0.0
4 0 3			0.23		1.51		0.0		0.4999	0.29	62.1413926063	0.0
2 0 1			0.19		1.7		0.0		0.4999	0.15	29.01034049	0.0
3 0 2			0.16		1.87		0.0		0.4999	0.46	45.0164041053	0.0
0 0 3			0.14		2.01		0.0		0.4999	0.03	19.1797885945	0.0
3 0 6			0.08		2.08		0.0		0.4999	0.11	59.366558438	0.0
3 0 0			0.11		2.2		0.0		0.4999	0.45	42.9814560157	0.0
1 0 4			-0.25		1.95		0.0		0.4999	0.08	29.3672081998	0.0
4 0 1			-0.23		1.72		0.0		0.4999	0.27	58.8934376912	0.0
4 0 5			-0.29		1.43		0.0		0.4999	0.26	68.3700248267	0.0
2 0 5			-0.58		0.85		0.0		0.4999	5.26	43.4052500519	0.0