HKL Value		Reward		TotalReward	Chi Squared	Z Appr. 	Error	Two-Thetas	Sfs2
1 1 4			0.0		0.0		0.0		0.4	0.3	39.4492672371	0.9567
4 0 5			0.0		0.0		0.0		0.40413	0.26	68.3700248267	0.0
1 0 4			1.0		1.0		0.0		0.40413	0.08	29.3672081998	0.0
-2 0 4			-0.64		0.36		0.0		0.42748	0.22	38.5541558059	1.7476
2 0 5			0.33		0.69		0.0		0.42748	5.26	43.4052500519	0.0
3 0 0			0.25		0.94		0.0		0.42748	0.45	42.9814560157	0.0
1 1 5			-0.83		0.12		0.0		0.42496	3.06	44.2189644299	8.5457
1 0 6			0.17		0.28		0.0		0.42496	0.25	41.5701214249	0.0
3 0 2			0.14		0.43		0.0		0.42496	0.46	45.0164041053	0.0
3 0 4			0.12		0.55		0.0		0.42496	0.64	50.7360354343	0.0
2 1 4			-0.98		-0.43		0.09		0.43279	2.11	46.9440445598	0.4076
4 0 1			0.1		-0.33		0.08		0.43279	0.27	58.8934376912	0.0
3 0 6			0.09		-0.24		0.08		0.43279	0.11	59.366558438	0.0
1 1 7			0.08		-0.15		0.07		0.43265	0.15	55.34320722	1.1017
0 0 7			0.08		-0.08		0.06		0.43265	0.2	45.7499157105	0.0
-1 -1 -2			-0.01		-0.08		0.07		0.43318	0.31	32.1995090242	11.6912
1 0 0			0.07		-0.02		0.06		0.43318	0.0	14.0285801003	0.0
2 1 7			-0.03		-0.04		0.06		0.4348	0.57	61.3678684761	8.4036
1 0 8			0.06		0.01		0.06		0.4348	0.24	54.8685935926	0.0
2 0 3			0.06		0.07		0.06		0.4348	0.09	34.3920319457	0.0
4 0 3			0.05		0.12		0.05		0.4348	0.29	62.1413926063	0.0
0 0 3			0.05		0.17		0.05		0.4348	0.03	19.1797885945	0.0
3 1 0			0.05		0.22		0.05		0.4348	0.86	50.7823995615	0.002
4 1 3			0.04		0.26		0.05		0.43482	0.15	68.408649436	0.0043
0 1 5			0.04		0.3		0.05		0.43507	0.34	41.7114803244	7.6693
2 0 1			0.04		0.34		0.04		0.43507	0.15	29.01034049	0.0
1 -1 2			-0.01		0.33		0.04		0.43542	0.39	32.1995090242	11.6912
1 2 6			-0.09		0.23		0.05		0.4376	0.11	69.4566609057	1.2895
1 1 2			0.01		0.24		0.05		0.43783	0.52	32.1995090242	11.6912
2 0 7			0.04		0.28		0.05		0.43783	4.16	54.6555056564	0.0
3 0 8			0.03		0.31		0.04		0.43783	0.3	70.3147352648	0.0
2 1 1			0.02		0.33		0.04		0.43783	0.13	39.1745550983	0.4263
3 1 4			0.03		0.36		0.04		0.43781	0.33	57.7518627408	0.9567
2 2 3			0.03		0.38		0.04		0.43793	0.31	64.6616050849	6.6891
3 1 2			0.0		0.39		0.04		0.43815	0.11	52.5840292854	11.6912
3 0 7			-0.01		0.37		0.04		0.43883	0.18	64.5726747292	2.8781
0 1 8			-0.39		-0.01		0.07		0.44316	2.05	59.6041295708	7.5134
0 1 6			-0.31		-0.32		0.1		0.44767	0.0	47.2608104201	2.0239