HKL Value		Reward		TotalReward	Chi Squared	Z Appr. 	Error	Two-Thetas	Sfs2
4 0 5			0.0		0.0		0.0		0.4	0.26	68.3700248267	0.0
1 0 4			0.0		0.0		0.0		0.4	0.08	29.3672081998	0.0
3 0 0			1.0		1.0		0.0		0.4	0.45	42.9814560157	0.0
2 0 5			-0.55		0.45		0.0		0.39997	5.26	43.4052500519	0.0
3 1 3			-1.0		-0.55		0.0		0.38701	0.4	54.7770496801	12.6586
3 0 2			0.25		-0.3		0.0		0.38701	0.46	45.0164041053	0.0
3 0 1			-1.0		-1.3		0.04		0.39228	0.76	43.4972935008	0.0644
1 0 6			0.17		-1.13		0.04		0.39228	0.25	41.5701214249	0.0
3 0 4			0.14		-0.99		0.03		0.39228	0.64	50.7360354343	0.0
4 0 1			0.13		-0.86		0.03		0.39228	0.27	58.8934376912	0.0
3 0 6			0.11		-0.75		0.03		0.39228	0.11	59.366558438	0.0
0 0 7			0.1		-0.65		0.02		0.39228	0.2	45.7499157105	0.0
1 0 8			0.09		-0.56		0.02		0.39228	0.24	54.8685935926	0.0
1 0 0			0.08		-0.48		0.02		0.39228	0.0	14.0285801003	0.0
2 0 3			0.08		-0.4		0.02		0.39228	0.09	34.3920319457	0.0
0 0 6			-0.67		-1.07		0.06		0.42627	0.27	38.9249808314	6.3028
4 0 3			0.07		-1.0		0.05		0.42627	0.29	62.1413926063	0.0
0 0 3			0.06		-0.94		0.05		0.42627	0.03	19.1797885945	0.0
1 1 4			0.06		-0.88		0.05		0.42627	0.3	39.4492672371	0.9567
3 2 2			-0.04		-0.92		0.05		0.4254	0.0	71.9603042663	6.6617
2 0 7			0.05		-0.87		0.05		0.4254	4.16	54.6555056564	0.0
2 0 1			0.05		-0.82		0.04		0.4254	0.15	29.01034049	0.0
2 1 7			-0.19		-1.01		0.06		0.43084	0.57	61.3678684761	8.4036
3 0 8			0.05		-0.97		0.05		0.43085	0.3	70.3147352648	0.0
3 1 0			0.04		-0.92		0.05		0.43085	0.86	50.7823995615	0.002
3 1 4			0.04		-0.88		0.05		0.43083	0.33	57.7518627408	0.9567
4 0 0			-0.53		-1.42		0.1		0.43083	0.08	58.4798162983	46.4355
-1 -1 -2			0.01		-1.41		0.1		0.43159	0.31	32.1995090242	11.6912
3 0 7			-0.04		-1.45		0.11		0.43564	0.18	64.5726747292	2.8781
4 1 1			0.03		-1.42		0.1		0.43564	0.21	65.3342299592	0.4263
4 1 3			0.03		-1.38		0.1		0.43567	0.15	68.408649436	0.0043
-2 0 4			0.01		-1.37		0.1		0.43493	0.22	38.5541558059	1.7476
1 -1 2			0.01		-1.36		0.1		0.43523	0.39	32.1995090242	11.6912
1 1 2			0.01		-1.34		0.1		0.43553	0.52	32.1995090242	11.6912
0 1 5			0.03		-1.32		0.09		0.4357	0.34	41.7114803244	7.6693
1 1 6			-0.02		-1.33		0.1		0.4365	0.38	49.5460147793	8.8974
-1 -1 2			0.01		-1.32		0.09		0.43681	0.13	32.1995090242	11.6912
3 1 2			0.01		-1.3		0.09		0.4371	0.11	52.5840292854	11.6912
1 2 6			-0.0		-1.31		0.09		0.43882	0.11	69.4566609057	1.2895
2 1 1			0.02		-1.29		0.09		0.43882	0.13	39.1745550983	0.4263
1 0 7			0.01		-1.28		0.09		0.43945	0.54	48.0896902272	2.8781
0 1 4			-0.09		-1.36		0.1		0.44038	0.09	36.6772811508	0.4076
2 2 3			0.02		-1.34		0.1		0.44042	0.31	64.6616050849	6.6891
0 1 7			0.02		-1.31		0.09		0.44056	0.26	53.2385720724	8.4036
4 1 5			0.02		-1.29		0.09		0.44048	1.53	74.3771604481	7.6693
3 0 5			-0.1		-1.39		0.1		0.44356	0.2	54.7330754518	7.0489
3 2 4			0.01		-1.39		0.1		0.44309	0.0	76.369138646	3.3351
1 2 7			-0.01		-1.39		0.1		0.44346	0.71	74.291810142	3.5836
0 2 7			-0.01		-1.4		0.1		0.44481	0.0	72.5085769296	0.0094
4 0 4			-0.02		-1.42		0.11		0.44434	0.13	64.9051128666	1.7476