HKL Value		Reward		TotalReward	Chi Squared	Z Appr. 	Error	Two-Thetas	Sfs2
3 3 7			0.0		0.0		0.0		0.3	0.1558	47.1418707618	3.5073
6 2 10			0.0		0.0		14.21		0.33049	0.7103	71.9901825081	43.9921
6 0 8			3.51		3.51		7.18		0.33015	2.9234	64.163237895	5.3359
4 6 0			1.19		4.7		4.8		0.33015	0.7863	67.1083315067	59.4729
7 1 7			0.43		5.14		3.93		0.33148	0.3505	72.2660298289	5.0526
0 6 8			0.35		5.49		3.23		0.33108	0.7694	64.1950429677	5.6946
6 4 0			0.27		5.76		2.7		0.33109	1.8287	67.0910631577	58.6803
4 6 2			0.08		5.83		2.54		0.33097	0.2349	67.657370766	5.5969
6 4 4			-2.52		3.31		5.07		0.33146	0.6669	69.2748711385	33.991
0 6 2			0.11		3.42		4.84		0.33141	0.2356	55.3895592761	6.1752
6 4 2			0.18		3.6		4.48		0.3313	0.2211	67.6401768609	4.8049
3 1 15			-2.48		1.12		6.97		0.3255	0.2871	67.3554895111	7.7692
2 0 14			0.1		1.21		6.77		0.32624	0.2634	58.6945218607	7.3942
0 2 14			0.06		1.27		6.66		0.32745	0.2479	58.6982494177	6.3292
6 0 2			0.15		1.42		6.36		0.32743	0.2214	55.354768557	5.4487
1 7 7			0.13		1.55		6.11		0.32832	0.4353	72.3061031614	6.1143
3 5 7			0.09		1.64		5.92		0.32939	0.2309	60.5203777188	5.6046
5 3 7			0.1		1.74		5.71		0.33037	0.2523	60.5057581853	5.4388
1 5 7			0.1		1.84		5.51		0.33152	0.6035	54.1236034243	4.2528
6 2 4			-1.39		0.45		6.9		0.33043	0.8727	60.3342977717	77.9073
5 1 7			0.12		0.57		6.66		0.33129	0.2609	54.1000446603	4.252
2 4 8			0.12		0.7		6.42		0.33222	0.1687	51.4325245866	2.4593
4 2 8			0.13		0.82		6.17		0.3332	0.7605	51.4203212226	2.5419
7 3 1			0.05		0.87		6.07		0.33304	0.5095	71.5359286583	22.1332
0 6 16			0.04		0.91		5.99		0.33304	0.4825	89.3859051251	7.6515
6 0 6			0.08		0.99		5.84		0.33304	1.0815	60.1501886982	39.9969
0 6 6			0.08		1.06		5.68		0.33304	1.0147	60.183190367	40.9583
4 2 6			0.11		1.17		5.47		0.33304	1.6049	46.7233273538	62.1975
9 1 1			0.05		1.22		5.37		0.3327	0.8793	87.9915459652	19.6393
3 3 13			0.08		1.3		5.21		0.33177	0.5636	65.4922780779	9.1158
6 0 10			0.01		1.31		5.18		0.33143	1.0728	69.1331306246	8.9056
5 3 9			0.0		1.32		5.18		0.33122	0.4833	65.0662013285	20.8409
0 6 10			0.02		1.34		5.14		0.33088	0.8527	69.1637693973	8.5049
6 0 0			0.01		1.34		5.12		0.33088	0.7256	54.7363985401	55.434
2 0 16			-0.02		1.32		5.15		0.33025	0.5935	67.2372591268	11.8907
0 2 16			-0.05		1.27		5.2		0.32958	1.8687	67.2407114996	13.8307
4 2 10			-0.0		1.27		5.2		0.32929	1.1102	57.0442200735	11.3144