HKL Value		Reward		TotalReward	Chi Squared	Z Appr. 	Error	Two-Thetas	Sfs2
0 4 4			0.0		0.0		0.0		0.3	0.8482	39.0545896029	78.0016
2 0 16			0.0		0.0		5.53		0.29995	0.5935	67.2372591268	11.8907
0 0 20			1.77		1.77		2.0		0.28274	0.4542	83.3712939521	4.3689
4 4 12			-0.38		1.39		3.22		0.26493	1.9475	72.2035773977	130.2426
4 6 0			0.33		1.72		2.43		0.26493	0.7863	67.1083315067	59.4729
0 2 16			-0.08		1.64		2.63		0.26441	1.8687	67.2407114996	13.8307
6 4 0			0.2		1.84		2.2		0.26441	1.8287	67.0910631577	58.6803
6 2 10			-0.47		1.36		4.18		0.26499	0.7103	71.9901825081	43.9921
4 4 10			-0.29		1.07		5.93		0.26594	0.6886	66.23802526	47.6672
2 6 10			0.02		1.09		5.82		0.27582	0.7069	72.0169435829	44.7171
3 7 5			-0.48		0.61		11.17		0.27465	1.0548	74.7470539899	89.5814
0 0 10			0.09		0.69		10.28		0.27587	0.8316	38.8438017949	41.7013
2 2 10			0.08		0.77		9.52		0.27658	0.6429	46.7739448495	44.8949
4 0 10			0.08		0.85		8.83		0.27699	0.6243	53.7713327333	45.2096
4 4 8			-0.5		0.35		17.7		0.27464	3.9407	61.1479986878	218.5721
4 4 2			-0.25		0.1		23.63		0.27467	1.2125	52.0311030722	128.6454
0 6 10			0.06		0.16		22.21		0.27511	0.8527	69.1637693973	8.5049
1 7 5			-0.12		0.05		25.13		0.27456	1.0841	69.0835930101	99.7513
5 3 1			0.05		0.1		23.91		0.27446	0.5252	53.2386121167	32.835
6 0 10			0.05		0.15		22.71		0.27492	1.0728	69.1331306246	8.9056
0 6 8			0.05		0.2		21.63		0.27467	0.7694	64.1950429677	5.6946
2 4 10			0.04		0.25		20.74		0.27525	0.607	57.0555982332	12.0937
0 6 16			0.04		0.29		19.91		0.27556	0.4825	89.3859051251	7.6515
4 6 2			0.04		0.33		19.05		0.27557	0.2349	67.657370766	5.5969
2 4 14			0.03		0.36		18.48		0.27622	0.5221	70.6383718296	19.4111
4 2 10			0.04		0.4		17.8		0.27654	1.1102	57.0442200735	11.3144
0 4 10			0.04		0.44		17.13		0.27677	0.9893	53.7871001638	44.1425
6 4 2			0.04		0.48		16.52		0.27678	0.2211	67.6401768609	4.8049
3 5 1			0.03		0.51		16.03		0.27674	0.5283	53.2544885252	31.9012
2 2 6			-0.5		0.01		32.03		0.27786	8.3224	34.2684003079	615.2447
6 0 6			0.01		0.01		31.83		0.27807	1.0815	60.1501886982	39.9969
1 5 11			-0.03		-0.02		32.88		0.27747	1.8219	64.7342781598	204.7444
1 5 7			-0.17		-0.19		39.55		0.2628	0.6035	54.1236034243	4.2528
6 0 8			0.03		-0.16		38.43		0.26293	2.9234	64.163237895	5.3359
0 4 16			0.03		-0.13		37.44		0.26248	1.5557	75.7704700384	94.8658
0 6 6			0.01		-0.13		37.24		0.26248	1.0147	60.183190367	40.9583
3 5 9			0.02		-0.11		36.57		0.26251	0.4755	65.0802252419	19.5165
6 0 2			0.03		-0.08		35.58		0.26251	0.2214	55.354768557	5.4487
4 0 8			-0.05		-0.13		37.5		0.26215	2.9483	47.8850437629	244.3799
5 1 9			0.02		-0.11		36.85		0.26213	0.4583	58.9619928854	19.0838
2 0 2			0.02		-0.1		36.21		0.26212	0.6502	19.2320929378	35.9547
3 5 11			-0.02		-0.12		37.04		0.26262	1.8915	70.5555824797	206.4699
5 3 9			0.02		-0.1		36.49		0.26264	0.4833	65.0662013285	20.8409
4 2 14			0.02		-0.09		35.9		0.26248	1.2576	70.6282605877	19.9713
9 1 1			0.02		-0.06		35.09		0.26249	0.8793	87.9915459652	19.6393
3 7 1			0.02		-0.04		34.31		0.26249	1.2822	71.5694631273	22.2453
1 3 7			-0.05		-0.09		36.24		0.26086	0.1893	39.2755843192	5.3372
1 1 15			0.02		-0.07		35.47		0.26084	0.656	61.3839959686	20.6242
0 2 18			0.02		-0.05		34.79		0.26058	0.3755	76.3208597895	3.7538
4 2 6			-0.01		-0.06		35.05		0.2606	1.6049	46.7233273538	62.1975
5 5 1			0.02		-0.04		34.35		0.2606	0.5073	65.769247456	23.9531
2 2 16			0.02		-0.02		33.76		0.2604	1.1693	70.1293332912	108.6018
1 3 15			0.01		-0.02		33.57		0.25993	0.2862	67.3623786269	8.1809
3 1 5			-0.05		-0.06		35.27		0.25979	2.8985	34.1781376955	186.2389
0 0 16			0.02		-0.05		34.69		0.25961	1.3342	64.286058028	116.6634
2 0 14			0.02		-0.03		34.07		0.25963	0.2634	58.6945218607	7.3942
5 1 11			-0.03		-0.06		34.99		0.25994	3.2753	64.7131722767	203.727
7 3 1			0.02		-0.04		34.38		0.25994	0.5095	71.5359286583	22.1332
1 1 5			-0.06		-0.1		36.57		0.25978	1.9661	22.8949597146	247.5537
0 6 12			-0.04		-0.13		37.97		0.26133	0.3425	75.0250979777	1.887
2 4 6			-0.01		-0.14		38.16		0.26134	0.785	46.7364348384	64.2552