HKL Value		Reward		TotalReward	Chi Squared	Z Appr. 	Error	Two-Thetas	Sfs2
2 0 16			0.0		0.0		0.0		0.3	0.5935	67.2372591268	11.8907
2 0 14			0.0		0.0		3.86		0.30072	0.2634	58.6945218607	7.3942
2 0 0			-0.85		-0.85		25.11		0.30072	2.02	17.6289686615	175.6782
6 4 2			0.5		-0.35		16.74		0.30072	0.2211	67.6401768609	4.8049
0 0 20			0.23		-0.12		13.66		0.32736	0.4542	83.3712939521	4.3689
4 4 12			0.22		0.1		11.2		0.32432	1.9475	72.2035773977	130.2426
4 6 0			0.2		0.3		9.34		0.32432	0.7863	67.1083315067	59.4729
0 2 16			0.16		0.46		8.03		0.32359	1.8687	67.2407114996	13.8307
6 4 0			0.14		0.6		7.03		0.32359	1.8287	67.0910631577	58.6803
2 6 10			0.11		0.72		6.31		0.3231	0.7069	72.0169435829	44.7171
2 2 10			0.1		0.82		5.73		0.3227	0.6429	46.7739448495	44.8949
6 2 10			0.1		0.92		5.22		0.32254	0.7103	71.9901825081	43.9921
0 0 10			0.09		1.0		4.8		0.32239	0.8316	38.8438017949	41.7013
2 4 10			0.06		1.07		4.51		0.32214	0.607	57.0555982332	12.0937
0 6 8			0.06		1.13		4.24		0.32225	0.7694	64.1950429677	5.6946
4 0 10			0.07		1.2		3.97		0.32214	0.6243	53.7713327333	45.2096
2 2 16			0.03		1.23		3.85		0.32164	1.1693	70.1293332912	108.6018
0 6 10			0.06		1.29		3.62		0.32165	0.8527	69.1637693973	8.5049
2 4 14			0.02		1.32		3.54		0.32165	0.5221	70.6383718296	19.4111
6 2 0			-0.81		0.51		18.2		0.32165	4.3933	57.9728440251	566.5186
4 6 2			0.05		0.56		17.34		0.32163	0.2349	67.657370766	5.5969
2 6 0			-0.41		0.15		29.64		0.32163	4.3567	58.0028534629	558.9791
4 2 10			0.05		0.19		28.31		0.32152	1.1102	57.0442200735	11.3144
6 0 10			0.05		0.24		27.08		0.32152	1.0728	69.1331306246	8.9056
4 4 10			0.04		0.28		25.96		0.32143	0.6886	66.23802526	47.6672
0 4 16			0.04		0.32		24.92		0.3214	1.5557	75.7704700384	94.8658
0 6 6			0.04		0.36		23.98		0.32137	1.0147	60.183190367	40.9583
0 4 10			0.04		0.4		23.09		0.32138	0.9893	53.7871001638	44.1425
3 5 9			0.04		0.44		22.3		0.32129	0.4755	65.0802252419	19.5165
6 0 8			0.03		0.47		21.58		0.32136	2.9234	64.163237895	5.3359
7 1 7			0.0		0.47		21.51		0.32207	0.3505	72.2660298289	5.0526
4 2 14			0.03		0.5		20.89		0.32206	1.2576	70.6282605877	19.9713
6 0 2			0.03		0.53		20.31		0.32205	0.2214	55.354768557	5.4487
0 0 8			-0.17		0.36		24.53		0.32206	2.1948	30.8548203523	183.9052
3 1 15			0.03		0.39		23.92		0.32165	0.2871	67.3554895111	7.7692
0 6 4			-0.01		0.38		24.16		0.32165	0.6675	57.2171401797	42.9768
6 0 6			0.03		0.4		23.51		0.32162	1.0815	60.1501886982	39.9969
0 0 16			0.02		0.43		22.95		0.32138	1.3342	64.286058028	116.6634
5 5 1			0.02		0.45		22.41		0.32137	0.5073	65.769247456	23.9531
1 3 15			0.02		0.48		21.9		0.32113	0.2862	67.3623786269	8.1809
1 1 15			0.02		0.5		21.44		0.3213	0.656	61.3839959686	20.6242
5 1 5			-0.08		0.42		23.34		0.32137	1.1901	50.2495039981	127.1383
5 3 9			0.02		0.44		22.79		0.32133	0.4833	65.0662013285	20.8409
2 4 6			0.02		0.46		22.28		0.32135	0.785	46.7364348384	64.2552
4 2 6			0.02		0.49		21.78		0.32136	1.6049	46.7233273538	62.1975
3 7 1			0.02		0.5		21.36		0.32135	1.2822	71.5694631273	22.2453
2 2 14			-0.06		0.44		22.73		0.32135	1.0835	61.7979105177	101.9829
5 1 9			0.02		0.46		22.34		0.32121	0.4583	58.9619928854	19.0838
9 1 1			0.02		0.48		21.91		0.3212	0.8793	87.9915459652	19.6393
0 6 0			0.01		0.5		21.6		0.3212	1.4277	54.7714555341	59.4019
0 2 10			0.02		0.51		21.27		0.32108	0.4317	42.9590557724	21.0204
1 5 1			0.01		0.52		21.0		0.32106	0.4978	46.196563203	27.3004
0 4 12			0.01		0.53		20.79		0.32132	1.4889	60.4300914167	161.7651
0 6 2			0.02		0.55		20.45		0.32131	0.2356	55.3895592761	6.1752
0 0 12			-0.02		0.53		20.86		0.32176	3.2426	47.0346015839	274.3783
7 1 1			0.01		0.54		20.59		0.32175	0.5207	65.7483230412	25.2044
5 3 1			0.01		0.55		20.39		0.32174	0.5252	53.2386121167	32.835
1 7 1			0.01		0.57		20.15		0.32173	0.5219	65.7901743415	26.2984
0 2 14			0.01		0.57		19.98		0.32174	0.2479	58.6982494177	6.3292
0 6 16			0.01		0.59		19.71		0.32201	0.4825	89.3859051251	7.6515
3 1 13			0.0		0.59		19.62		0.32252	0.3869	59.4126405656	11.7895
7 3 1			0.01		0.61		19.35		0.32252	0.5095	71.5359286583	22.1332
4 2 2			0.01		0.62		19.13		0.32251	0.457	40.8620305525	12.2524
3 3 9			0.01		0.63		18.95		0.32236	0.3816	52.4524123761	12.0632
2 2 4			-0.01		0.62		19.06		0.32227	0.7551	29.4672289371	73.6026
6 4 6			0.01		0.63		18.92		0.3222	0.9247	71.9614498967	41.9809
1 5 9			0.01		0.64		18.74		0.32206	0.4394	58.984264935	17.7365
1 3 7			-0.0		0.64		18.78		0.32245	0.1893	39.2755843192	5.3372
4 2 8			0.0		0.64		18.71		0.32261	0.7605	51.4203212226	2.5419
1 1 1			0.0		0.64		18.7		0.3226	0.5749	13.0194761966	56.7652
4 0 12			0.01		0.65		18.53		0.32275	2.7435	60.4154589103	161.2613
3 5 5			-0.06		0.59		19.68		0.32281	1.2751	56.9624934876	133.7285
2 0 10			0.01		0.6		19.49		0.32272	0.6169	42.9543880851	20.236
1 5 13			0.01		0.61		19.36		0.32307	1.1973	71.2966048402	12.6128
5 3 3			-0.01		0.6		19.52		0.32309	0.9351	54.4936931553	89.9375
2 4 8			0.0		0.6		19.44		0.32325	0.1687	51.4325245866	2.4593
2 4 0			0.0		0.61		19.37		0.32325	1.4359	40.0960076051	88.2765
1 3 1			0.0		0.61		19.3		0.32324	0.5324	28.3265170018	42.1271
5 1 13			0.01		0.62		19.19		0.3236	0.4567	71.2764535317	11.3258
2 4 2			0.01		0.63		19.03		0.32359	0.3828	40.8766170199	13.2501
6 0 0			0.01		0.64		18.85		0.32359	0.7256	54.7363985401	55.434
3 7 3			0.0		0.64		18.84		0.3236	0.8954	72.6346668965	71.6226
5 1 3			-0.0		0.63		18.86		0.32361	0.9592	47.5591860667	88.1873
3 1 1			0.0		0.64		18.8		0.3236	0.5239	28.3131072915	41.7464
2 6 4			-0.0		0.63		18.88		0.32352	0.8772	60.3635846112	78.02
2 6 6			-0.06		0.57		20.18		0.32362	5.383	63.2392339525	346.2148
5 3 7			0.0		0.57		20.1		0.32386	0.2523	60.5057581853	5.4388
4 6 6			0.01		0.58		20.0		0.32381	1.1903	71.9781772466	41.9784
2 0 12			-0.01		0.57		20.17		0.32335	0.8079	50.6101057273	16.6151
6 0 4			-0.01		0.56		20.31		0.32335	0.7069	57.1830782131	42.6751
0 4 4			-0.0		0.56		20.36		0.32328	0.8482	39.0545896029	78.0016