HKL Value		Reward		TotalReward	Chi Squared	Z Appr. 	Error	Two-Thetas	Sfs2
2 0 16			0.0		0.0		0.0		0.3	0.5935	67.2372591268	11.8907
1 3 5			0.0		0.0		156.42		0.30128	3.1323	34.189462707	190.138
0 0 20			1.11		1.11		74.22		0.32637	0.4542	83.3712939521	4.3689
0 0 10			0.48		1.59		50.01		0.32401	0.8316	38.8438017949	41.7013
0 2 22			0.14		1.73		43.75		0.32096	1.8317	96.7387030121	97.213
4 4 12			0.25		1.98		35.03		0.32115	1.9475	72.2035773977	130.2426
4 6 0			0.2		2.18		29.2		0.32115	0.7863	67.1083315067	59.4729
0 2 16			0.16		2.35		25.12		0.32155	1.8687	67.2407114996	13.8307
6 4 0			0.14		2.49		21.99		0.32155	1.8287	67.0910631577	58.6803
2 6 10			0.12		2.61		19.54		0.32154	0.7069	72.0169435829	44.7171
4 6 6			0.06		2.67		18.5		0.32125	1.1903	71.9781772466	41.9784
6 2 10			0.1		2.77		16.82		0.3213	0.7103	71.9901825081	43.9921
2 2 10			0.09		2.86		15.42		0.32126	0.6429	46.7739448495	44.8949
3 3 11			-0.49		2.37		30.33		0.32142	2.1204	58.6030846927	249.5822
0 6 8			0.07		2.44		28.24		0.32151	0.7694	64.1950429677	5.6946
0 4 18			-0.05		2.39		29.8		0.31759	0.8369	84.5238780681	17.4513
4 0 10			0.06		2.45		28.07		0.31778	0.6243	53.7713327333	45.2096
2 4 10			0.06		2.51		26.43		0.31783	0.607	57.0555982332	12.0937
0 0 6			-0.41		2.1		44.91		0.31825	7.4326	23.0169618987	709.6598
0 6 10			0.05		2.16		42.63		0.3184	0.8527	69.1637693973	8.5049
6 2 2			-0.07		2.09		45.65		0.31844	3.3001	58.5687226088	135.1206
0 2 14			0.04		2.13		43.88		0.31828	0.2479	58.6982494177	6.3292
4 6 2			0.05		2.18		41.92		0.31827	0.2349	67.657370766	5.5969
6 0 10			0.04		2.22		40.16		0.3184	1.0728	69.1331306246	8.9056
4 2 10			0.04		2.26		38.49		0.31843	1.1102	57.0442200735	11.3144
0 4 16			0.04		2.3		37.01		0.31856	1.5557	75.7704700384	94.8658
0 4 0			-0.33		1.98		54.99		0.31856	6.137	35.7152072575	818.959
4 4 10			0.04		2.02		52.97		0.31863	0.6886	66.23802526	47.6672
0 4 10			0.04		2.05		51.13		0.31873	0.9893	53.7871001638	44.1425
0 6 6			0.04		2.09		49.37		0.31872	1.0147	60.183190367	40.9583
6 4 2			0.03		2.12		47.74		0.31872	0.2211	67.6401768609	4.8049
0 2 8			-0.03		2.09		49.07		0.31927	0.1155	35.7619852008	1.7384
6 0 8			0.03		2.12		47.6		0.31931	2.9234	64.163237895	5.3359
5 3 5			-0.03		2.09		49.26		0.31938	2.2247	56.9473208346	134.0256
0 0 8			-0.06		2.03		52.51		0.31938	2.1948	30.8548203523	183.9052
3 5 9			0.03		2.06		51.01		0.31935	0.4755	65.0802252419	19.5165
6 0 6			0.03		2.09		49.6		0.31933	1.0815	60.1501886982	39.9969
4 4 2			-0.03		2.06		50.98		0.31936	1.2125	52.0311030722	128.6454
4 2 14			0.03		2.09		49.7		0.31939	1.2576	70.6282605877	19.9713
1 1 1			0.02		2.1		48.87		0.31937	0.5749	13.0194761966	56.7652
2 2 16			0.03		2.13		47.65		0.31934	1.1693	70.1293332912	108.6018
6 0 2			0.02		2.15		46.54		0.31934	0.2214	55.354768557	5.4487
0 0 16			0.02		2.18		45.44		0.31928	1.3342	64.286058028	116.6634
3 1 15			0.02		2.2		44.39		0.31922	0.2871	67.3554895111	7.7692
1 3 15			0.02		2.22		43.39		0.31919	0.2862	67.3623786269	8.1809
5 5 1			0.02		2.24		42.47		0.31919	0.5073	65.769247456	23.9531
1 1 17			-0.07		2.17		45.79		0.31896	2.447	70.2810461715	248.4175
1 1 15			0.02		2.19		44.97		0.31912	0.656	61.3839959686	20.6242
2 4 14			0.02		2.21		44.08		0.31914	0.5221	70.6383718296	19.4111
5 3 9			0.02		2.23		43.18		0.31914	0.4833	65.0662013285	20.8409
4 2 6			0.02		2.25		42.33		0.31915	1.6049	46.7233273538	62.1975
5 1 9			0.02		2.27		41.55		0.31907	0.4583	58.9619928854	19.0838
3 7 1			0.02		2.29		40.8		0.31906	1.2822	71.5694631273	22.2453
9 1 1			0.02		2.31		40.06		0.31905	0.8793	87.9915459652	19.6393
2 4 6			0.02		2.33		39.34		0.31908	0.785	46.7364348384	64.2552
0 6 0			0.02		2.34		38.74		0.31908	1.4277	54.7714555341	59.4019
0 2 10			0.02		2.36		38.1		0.31899	0.4317	42.9590557724	21.0204
1 5 1			0.01		2.37		37.57		0.31898	0.4978	46.196563203	27.3004
0 6 2			0.02		2.39		36.96		0.31898	0.2356	55.3895592761	6.1752
7 1 7			0.0		2.39		36.86		0.31946	0.3505	72.2660298289	5.0526
1 5 13			0.0		2.4		36.7		0.32004	1.1973	71.2966048402	12.6128
2 2 6			-0.11		2.28		41.46		0.32021	8.3224	34.2684003079	615.2447
2 0 10			0.01		2.3		40.85		0.32014	0.6169	42.9543880851	20.236
7 1 1			0.01		2.31		40.3		0.32014	0.5207	65.7483230412	25.2044
1 1 13			0.0		2.31		40.11		0.32068	0.3722	52.9310122384	10.9703
1 1 9			0.01		2.32		39.83		0.32039	0.2216	37.1193146943	1.1702
5 3 1			0.01		2.33		39.37		0.32038	0.5252	53.2386121167	32.835
1 7 1			0.01		2.35		38.88		0.32037	0.5219	65.7901743415	26.2984
7 3 1			0.01		2.36		38.35		0.32037	0.5095	71.5359286583	22.1332
4 2 2			0.01		2.37		37.87		0.32036	0.457	40.8620305525	12.2524
1 3 11			-0.08		2.3		40.96		0.32038	2.4293	52.0561920156	298.4303
3 3 9			0.01		2.31		40.45		0.32029	0.3816	52.4524123761	12.0632
4 2 4			-0.0		2.31		40.6		0.32029	0.7624	43.1345383828	64.2766
2 0 12			0.01		2.31		40.27		0.31998	0.8079	50.6101057273	16.6151
0 4 12			0.01		2.32		39.89		0.32015	1.4889	60.4300914167	161.7651
2 0 6			0.01		2.33		39.56		0.3202	1.6278	29.1406672869	128.8477
6 4 6			0.01		2.34		39.14		0.32015	0.9247	71.9614498967	41.9809
0 0 2			-0.01		2.33		39.68		0.32015	1.161	7.62646333295	98.931
2 0 14			0.01		2.34		39.27		0.32012	0.2634	58.6945218607	7.3942
0 6 16			0.01		2.35		38.88		0.32036	0.4825	89.3859051251	7.6515
3 1 13			0.0		2.35		38.7		0.32078	0.3869	59.4126405656	11.7895
1 5 9			0.01		2.36		38.29		0.3207	0.4394	58.984264935	17.7365
4 2 8			0.01		2.37		38.03		0.3208	0.7605	51.4203212226	2.5419
4 0 12			0.01		2.38		37.7		0.32093	2.7435	60.4154589103	161.2613
5 1 13			0.0		2.38		37.53		0.32131	0.4567	71.2764535317	11.3258
5 3 11			-0.04		2.35		39.06		0.32134	1.8677	70.5420870211	204.0714
3 5 11			-0.04		2.31		40.59		0.32136	1.8915	70.5555824797	206.4699
1 3 1			0.01		2.32		40.28		0.32136	0.5324	28.3265170018	42.1271
2 4 0			0.01		2.32		39.98		0.32136	1.4359	40.0960076051	88.2765
2 4 2			0.01		2.33		39.6		0.32135	0.3828	40.8766170199	13.2501
6 0 0			0.01		2.34		39.21		0.32135	0.7256	54.7363985401	55.434
3 7 3			0.01		2.35		38.99		0.32135	0.8954	72.6346668965	71.6226
2 4 8			0.01		2.35		38.74		0.32146	0.1687	51.4325245866	2.4593
2 6 4			0.0		2.36		38.57		0.32141	0.8772	60.3635846112	78.02
5 3 7			0.0		2.36		38.39		0.32164	0.2523	60.5057581853	5.4388
3 1 9			0.01		2.37		38.1		0.32153	0.36	45.2950695798	8.7768
0 2 12			0.0		2.38		37.91		0.32127	0.3827	50.6142203783	17.5707
1 7 7			0.01		2.38		37.68		0.32145	0.4353	72.3061031614	6.1143
3 1 7			0.0		2.39		37.56		0.32168	0.257	39.2655360855	5.205
5 5 3			0.0		2.39		37.37		0.32169	0.8107	66.8760743485	64.1048
3 1 1			0.01		2.4		37.13		0.32168	0.5239	28.3131072915	41.7464
6 0 4			0.0		2.4		37.08		0.32168	0.7069	57.1830782131	42.6751