HKL Value		Reward		TotalReward	Chi Squared	Z Appr. 	Error	Two-Thetas	Sfs2
0 0 20			0.0		0.0		0.0		0.3	0.4542	83.3712939521	4.3689
2 0 16			0.0		0.0		1.86		0.32369	0.5935	67.2372591268	11.8907
4 4 12			0.78		0.78		1.05		0.32313	1.9475	72.2035773977	130.2426
4 6 0			0.47		1.25		0.71		0.32313	0.7863	67.1083315067	59.4729
0 2 16			0.33		1.58		0.54		0.32306	1.8687	67.2407114996	13.8307
0 0 22			-0.67		0.91		1.61		0.32175	2.2765	94.0325860765	137.6091
2 2 10			0.19		1.1		1.36		0.32165	0.6429	46.7739448495	44.8949
0 4 16			0.16		1.26		1.17		0.32155	1.5557	75.7704700384	94.8658
2 4 10			0.06		1.32		1.1		0.32139	0.607	57.0555982332	12.0937
6 4 0			0.12		1.44		0.98		0.32139	1.8287	67.0910631577	58.6803
0 6 16			-0.24		1.2		1.29		0.32212	0.4825	89.3859051251	7.6515
0 6 8			0.03		1.23		1.25		0.32219	0.7694	64.1950429677	5.6946
2 6 10			0.08		1.32		1.15		0.32214	0.7069	72.0169435829	44.7171
6 2 10			0.08		1.4		1.07		0.32211	0.7103	71.9901825081	43.9921
2 2 16			-0.07		1.33		1.15		0.3218	1.1693	70.1293332912	108.6018
0 0 10			0.07		1.4		1.07		0.32178	0.8316	38.8438017949	41.7013
0 6 6			0.03		1.44		1.03		0.32176	1.0147	60.183190367	40.9583
0 2 14			-0.35		1.09		1.58		0.32179	0.2479	58.6982494177	6.3292
4 0 10			0.06		1.15		1.5		0.32176	0.6243	53.7713327333	45.2096
1 5 1			-0.18		0.97		1.83		0.32173	0.4978	46.196563203	27.3004
0 6 0			-0.11		0.85		2.06		0.32173	1.4277	54.7714555341	59.4019
3 5 9			0.02		0.88		2.01		0.32164	0.4755	65.0802252419	19.5165
5 1 9			-0.06		0.82		2.14		0.32141	0.4583	58.9619928854	19.0838
4 6 2			0.02		0.84		2.09		0.3214	0.2349	67.657370766	5.5969
3 7 1			-0.02		0.83		2.13		0.32138	1.2822	71.5694631273	22.2453
6 0 8			0.02		0.84		2.09		0.32145	2.9234	64.163237895	5.3359
4 0 12			-0.11		0.73		2.35		0.32182	2.7435	60.4154589103	161.2613
5 5 1			-0.0		0.73		2.36		0.3218	0.5073	65.769247456	23.9531
1 7 1			-0.06		0.66		2.52		0.32178	0.5219	65.7901743415	26.2984