HKL Value		Reward		TotalReward	Chi Squared	Z Appr. 	Error	Two-Thetas	Sfs2
2 0 16			0.0		0.0		0.0		0.3	0.5935	67.2372591268	11.8907
2 2 8			0.0		0.0		185.2		0.29989	1.8488	40.1384116224	216.1995
4 0 2			0.25		0.25		148.12		0.30041	1.7854	36.5531212028	138.5255
4 2 10			0.38		0.63		107.4		0.30233	1.1102	57.0442200735	11.3144
0 0 20			0.46		1.09		73.53		0.32413	0.4542	83.3712939521	4.3689
6 0 0			0.23		1.32		59.75		0.32413	0.7256	54.7363985401	55.434
0 2 16			0.2		1.52		49.82		0.32354	1.8687	67.2407114996	13.8307
1 3 5			-0.22		1.3		63.74		0.32451	3.1323	34.189462707	190.138
4 4 12			0.14		1.44		55.85		0.32394	1.9475	72.2035773977	130.2426
3 5 9			0.12		1.56		49.89		0.32339	0.4755	65.0802252419	19.5165
5 1 13			0.1		1.66		45.49		0.32577	0.4567	71.2764535317	11.3258
4 6 0			0.1		1.76		41.36		0.32577	0.7863	67.1083315067	59.4729
6 4 0			0.09		1.85		37.91		0.32577	1.8287	67.0910631577	58.6803
6 2 10			0.08		1.93		35.15		0.32514	0.7103	71.9901825081	43.9921
2 6 10			0.07		2.0		32.75		0.32468	0.7069	72.0169435829	44.7171
6 2 4			0.01		2.02		32.3		0.32428	0.8727	60.3342977717	77.9073
0 0 10			0.06		2.08		30.34		0.324	0.8316	38.8438017949	41.7013
2 2 10			0.06		2.14		28.62		0.32373	0.6429	46.7739448495	44.8949
4 0 10			0.06		2.2		27.08		0.32354	0.6243	53.7713327333	45.2096
0 6 10			0.05		2.25		25.67		0.32345	0.8527	69.1637693973	8.5049
6 0 10			0.05		2.3		24.4		0.32335	1.0728	69.1331306246	8.9056
0 2 2			0.01		2.31		24.23		0.3233	0.4614	19.2417464495	36.8131
1 5 3			0.01		2.32		24.0		0.32333	0.9511	47.585042181	85.8034
0 6 8			0.04		2.37		22.98		0.3234	0.7694	64.1950429677	5.6946
2 4 10			0.04		2.41		22.1		0.32323	0.607	57.0555982332	12.0937
4 6 2			0.04		2.44		21.26		0.32321	0.2349	67.657370766	5.5969
4 4 10			0.04		2.48		20.48		0.32303	0.6886	66.23802526	47.6672
0 4 10			0.04		2.52		19.73		0.32295	0.9893	53.7871001638	44.1425
6 4 2			0.04		2.56		19.06		0.32293	0.2211	67.6401768609	4.8049
4 4 4			-0.01		2.54		19.31		0.32273	0.8476	53.9354251327	76.9211
0 4 16			0.03		2.58		18.69		0.32256	1.5557	75.7704700384	94.8658
6 0 8			0.03		2.61		18.12		0.32261	2.9234	64.163237895	5.3359
0 6 6			0.03		2.64		17.57		0.32259	1.0147	60.183190367	40.9583
2 2 4			-0.01		2.62		17.83		0.32242	0.7551	29.4672289371	73.6026
6 0 2			0.03		2.65		17.37		0.32241	0.2214	55.354768557	5.4487
6 0 6			0.03		2.68		16.9		0.32238	1.0815	60.1501886982	39.9969
4 2 14			0.02		2.7		16.5		0.32236	1.2576	70.6282605877	19.9713
3 7 1			0.02		2.73		16.13		0.32234	1.2822	71.5694631273	22.2453
2 2 16			0.02		2.75		15.77		0.32208	1.1693	70.1293332912	108.6018
5 3 9			0.03		2.77		15.39		0.32201	0.4833	65.0662013285	20.8409
0 4 18			-0.09		2.68		16.93		0.31931	0.8369	84.5238780681	17.4513
9 1 1			0.02		2.7		16.56		0.31931	0.8793	87.9915459652	19.6393
1 1 15			0.01		2.72		16.32		0.31946	0.656	61.3839959686	20.6242
5 5 1			0.02		2.74		16.0		0.31946	0.5073	65.769247456	23.9531
0 0 16			0.02		2.76		15.64		0.31939	1.3342	64.286058028	116.6634
2 4 14			0.02		2.78		15.35		0.31942	0.5221	70.6383718296	19.4111
1 3 15			0.02		2.8		15.02		0.31937	0.2862	67.3623786269	8.1809
4 2 6			0.02		2.82		14.71		0.31939	1.6049	46.7233273538	62.1975
5 1 9			0.02		2.84		14.46		0.31931	0.4583	58.9619928854	19.0838
0 6 4			-0.02		2.82		14.82		0.3193	0.6675	57.2171401797	42.9768
0 6 16			0.0		2.82		14.76		0.31964	0.4825	89.3859051251	7.6515
1 3 9			0.01		2.83		14.67		0.31945	0.2622	45.3040218183	7.1674
7 3 1			0.02		2.84		14.44		0.31945	0.5095	71.5359286583	22.1332
3 7 5			-0.06		2.78		15.35		0.31949	1.0548	74.7470539899	89.5814
2 4 6			0.02		2.8		15.08		0.31951	0.785	46.7364348384	64.2552
3 1 15			0.02		2.82		14.81		0.31945	0.2871	67.3554895111	7.7692
0 6 0			0.01		2.83		14.66		0.31945	1.4277	54.7714555341	59.4019
0 6 2			0.01		2.84		14.45		0.31945	0.2356	55.3895592761	6.1752
4 2 2			0.01		2.86		14.3		0.31944	0.457	40.8620305525	12.2524
0 2 10			0.01		2.87		14.12		0.31937	0.4317	42.9590557724	21.0204
3 3 9			0.01		2.88		13.94		0.31928	0.3816	52.4524123761	12.0632
5 1 5			-0.09		2.79		15.35		0.31932	1.1901	50.2495039981	127.1383
2 0 14			0.01		2.8		15.21		0.31926	0.2634	58.6945218607	7.3942
7 1 1			0.01		2.81		15.07		0.31925	0.5207	65.7483230412	25.2044
1 5 1			0.01		2.82		14.95		0.31924	0.4978	46.196563203	27.3004
2 0 10			0.01		2.83		14.76		0.31917	0.6169	42.9543880851	20.236
1 7 1			0.01		2.84		14.64		0.31916	0.5219	65.7901743415	26.2984
2 4 2			0.01		2.85		14.51		0.31915	0.3828	40.8766170199	13.2501
2 0 0			-0.03		2.81		14.98		0.31915	2.02	17.6289686615	175.6782
0 2 14			0.01		2.82		14.9		0.31908	0.2479	58.6982494177	6.3292
5 3 5			-0.08		2.74		16.15		0.31912	2.2247	56.9473208346	134.0256
5 1 7			-0.02		2.73		16.44		0.3196	0.2609	54.1000446603	4.252
4 2 0			0.0		2.73		16.39		0.3196	0.9287	40.0811891304	86.5118
0 4 12			0.0		2.73		16.35		0.31981	1.4889	60.4300914167	161.7651
5 1 1			0.01		2.74		16.22		0.3198	0.5346	46.1701152	26.7419
1 5 9			0.01		2.75		16.06		0.31971	0.4394	58.984264935	17.7365
4 0 12			0.0		2.75		16.02		0.31989	2.7435	60.4154589103	161.2613
0 0 18			-0.0		2.75		16.04		0.31937	0.6609	73.530655613	37.988
5 3 1			0.01		2.76		15.95		0.31935	0.5252	53.2386121167	32.835
3 1 13			-0.01		2.74		16.15		0.31981	0.3869	59.4126405656	11.7895
1 5 13			-0.01		2.74		16.27		0.32019	1.1973	71.2966048402	12.6128
3 5 1			0.01		2.74		16.17		0.32019	0.5283	53.2544885252	31.9012
4 2 8			-0.0		2.74		16.19		0.32028	0.7605	51.4203212226	2.5419
6 4 6			0.01		2.75		16.1		0.32023	0.9247	71.9614498967	41.9809
2 4 8			-0.0		2.74		16.13		0.32032	0.1687	51.4325245866	2.4593
2 4 0			0.0		2.75		16.1		0.32032	1.4359	40.0960076051	88.2765
3 3 11			-0.12		2.62		18.35		0.32035	2.1204	58.6030846927	249.5822
1 3 1			0.0		2.63		18.3		0.32034	0.5324	28.3265170018	42.1271
3 1 9			0.01		2.63		18.18		0.32024	0.36	45.2950695798	8.7768
3 1 1			0.0		2.64		18.13		0.32023	0.5239	28.3131072915	41.7464
5 5 3			-0.0		2.63		18.14		0.32023	0.8107	66.8760743485	64.1048
4 6 6			0.01		2.64		18.03		0.3202	1.1903	71.9781772466	41.9784
3 7 3			-0.0		2.64		18.04		0.32021	0.8954	72.6346668965	71.6226
0 4 4			-0.0		2.64		18.08		0.32015	0.8482	39.0545896029	78.0016
7 1 7			-0.0		2.63		18.16		0.32041	0.3505	72.2660298289	5.0526