HKL Value		Reward		TotalReward	Chi Squared	Z Appr. 	Error	Two-Thetas	Sfs2
2 0 16			0.0		0.0		0.0		0.3	0.5935	67.2372591268	11.8907
0 0 20			0.0		0.0		1.86		0.32369	0.4542	83.3712939521	4.3689
4 4 12			0.78		0.78		1.05		0.32313	1.9475	72.2035773977	130.2426
5 1 1			-0.67		0.1		3.22		0.32298	0.5346	46.1701152	26.7419
4 6 0			0.33		0.43		2.43		0.32298	0.7863	67.1083315067	59.4729
3 3 11			-0.94		-0.51		43.48		0.32445	2.1204	58.6030846927	249.5822
0 2 16			0.2		-0.32		36.28		0.3237	1.8687	67.2407114996	13.8307
6 4 0			0.17		-0.15		31.1		0.3237	1.8287	67.0910631577	58.6803
2 6 10			0.14		-0.01		27.28		0.32321	0.7069	72.0169435829	44.7171
2 2 10			0.12		0.11		24.32		0.32283	0.6429	46.7739448495	44.8949
6 2 0			-0.51		-0.4		50.11		0.32283	4.3933	57.9728440251	566.5186
6 2 10			0.1		-0.3		45.57		0.32266	0.7103	71.9901825081	43.9921
0 0 10			0.09		-0.21		41.78		0.32251	0.8316	38.8438017949	41.7013
1 1 1			0.05		-0.17		39.94		0.32242	0.5749	13.0194761966	56.7652
2 4 10			0.07		-0.09		37.16		0.32219	0.607	57.0555982332	12.0937
0 6 8			0.07		-0.02		34.73		0.32229	0.7694	64.1950429677	5.6946
1 5 7			0.03		0.01		33.72		0.32377	0.6035	54.1236034243	4.2528
4 0 10			0.06		0.07		31.78		0.32353	0.6243	53.7713327333	45.2096
0 6 10			0.06		0.13		30.03		0.32343	0.8527	69.1637693973	8.5049
4 6 2			0.05		0.18		28.51		0.32341	0.2349	67.657370766	5.5969
4 2 10			0.05		0.23		27.15		0.32322	1.1102	57.0442200735	11.3144
6 0 10			0.05		0.28		25.87		0.32313	1.0728	69.1331306246	8.9056
0 4 16			0.05		0.33		24.74		0.32285	1.5557	75.7704700384	94.8658
4 4 10			0.04		0.37		23.7		0.32269	0.6886	66.23802526	47.6672
0 6 6			0.04		0.41		22.74		0.32265	1.0147	60.183190367	40.9583
0 4 10			0.04		0.45		21.84		0.32259	0.9893	53.7871001638	44.1425
0 4 0			-0.46		-0.01		40.4		0.32259	6.137	35.7152072575	818.959
3 5 9			0.04		0.03		38.96		0.32248	0.4755	65.0802252419	19.5165
6 0 8			0.04		0.07		37.61		0.32254	2.9234	64.163237895	5.3359
0 6 14			0.03		0.09		36.61		0.3225	0.9096	81.7552219026	27.2955
6 4 2			0.03		0.13		35.42		0.32249	0.2211	67.6401768609	4.8049
3 5 11			-0.11		0.02		39.74		0.32262	1.8915	70.5555824797	206.4699
7 1 7			0.02		0.04		38.97		0.32326	0.3505	72.2660298289	5.0526
2 2 16			0.03		0.07		37.92		0.32288	1.1693	70.1293332912	108.6018
4 2 14			0.03		0.1		36.87		0.32285	1.2576	70.6282605877	19.9713
6 0 2			0.03		0.12		35.89		0.32285	0.2214	55.354768557	5.4487
3 1 15			0.02		0.15		35.06		0.32236	0.2871	67.3554895111	7.7692
6 0 6			0.03		0.17		34.13		0.32233	1.0815	60.1501886982	39.9969
0 0 16			0.02		0.2		33.35		0.32206	1.3342	64.286058028	116.6634
5 5 1			0.02		0.22		32.56		0.32205	0.5073	65.769247456	23.9531
1 3 15			0.02		0.24		31.83		0.32177	0.2862	67.3623786269	8.1809
1 1 15			0.02		0.27		31.13		0.32191	0.656	61.3839959686	20.6242
5 3 9			0.02		0.29		30.4		0.32187	0.4833	65.0662013285	20.8409
2 4 6			0.02		0.31		29.71		0.32189	0.785	46.7364348384	64.2552
4 2 6			0.02		0.34		29.04		0.3219	1.6049	46.7233273538	62.1975
2 4 14			0.02		0.36		28.44		0.32189	0.5221	70.6383718296	19.4111
3 7 1			0.02		0.38		27.89		0.32188	1.2822	71.5694631273	22.2453
5 1 9			0.02		0.4		27.4		0.32175	0.4583	58.9619928854	19.0838
9 1 1			0.02		0.42		26.87		0.32174	0.8793	87.9915459652	19.6393
0 6 0			0.02		0.43		26.46		0.32174	1.4277	54.7714555341	59.4019
0 2 10			0.02		0.45		26.04		0.32163	0.4317	42.9590557724	21.0204
1 7 3			0.0		0.45		25.99		0.32165	0.9932	66.8968211493	90.2271
1 5 1			0.01		0.46		25.64		0.32164	0.4978	46.196563203	27.3004
0 4 12			0.01		0.48		25.32		0.32185	1.4889	60.4300914167	161.7651
7 1 1			0.01		0.49		24.97		0.32184	0.5207	65.7483230412	25.2044
0 6 2			0.02		0.51		24.56		0.32184	0.2356	55.3895592761	6.1752
5 3 1			0.01		0.52		24.29		0.32182	0.5252	53.2386121167	32.835
3 7 5			-0.03		0.49		24.93		0.32188	1.0548	74.7470539899	89.5814
1 7 1			0.01		0.5		24.62		0.32187	0.5219	65.7901743415	26.2984
0 2 14			0.01		0.51		24.38		0.32189	0.2479	58.6982494177	6.3292
3 1 13			0.01		0.52		24.22		0.32243	0.3869	59.4126405656	11.7895
0 6 16			0.01		0.54		23.87		0.32262	0.4825	89.3859051251	7.6515
7 3 1			0.01		0.55		23.53		0.32262	0.5095	71.5359286583	22.1332
4 2 2			0.01		0.56		23.25		0.3226	0.457	40.8620305525	12.2524
3 3 9			0.01		0.57		23.01		0.32247	0.3816	52.4524123761	12.0632
6 4 6			0.01		0.58		22.81		0.3224	0.9247	71.9614498967	41.9809
2 0 14			0.01		0.59		22.58		0.32243	0.2634	58.6945218607	7.3942
1 5 9			0.01		0.6		22.35		0.32229	0.4394	58.984264935	17.7365
4 4 0			-0.17		0.43		26.82		0.32229	4.9852	51.3853572345	648.027
5 5 7			-0.0		0.43		26.83		0.32276	0.6639	72.2860687267	4.3062
4 2 8			0.01		0.44		26.64		0.32292	0.7605	51.4203212226	2.5419
2 0 10			0.01		0.45		26.36		0.32283	0.6169	42.9543880851	20.236
1 5 13			0.01		0.46		26.12		0.32318	1.1973	71.2966048402	12.6128
2 4 8			0.01		0.47		25.95		0.32334	0.1687	51.4325245866	2.4593
4 0 12			0.01		0.48		25.67		0.32347	2.7435	60.4154589103	161.2613
1 1 11			-0.13		0.35		29.55		0.32357	2.144	44.8525636461	378.5934
2 4 0			0.01		0.35		29.34		0.32357	1.4359	40.0960076051	88.2765
1 3 1			0.01		0.36		29.15		0.32356	0.5324	28.3265170018	42.1271
5 1 13			0.01		0.37		28.89		0.32391	0.4567	71.2764535317	11.3258
2 4 2			0.01		0.38		28.61		0.32391	0.3828	40.8766170199	13.2501
6 0 0			0.01		0.39		28.31		0.32391	0.7256	54.7363985401	55.434
3 7 3			0.0		0.39		28.18		0.32391	0.8954	72.6346668965	71.6226
5 1 3			0.0		0.4		28.09		0.32392	0.9592	47.5591860667	88.1873
2 6 4			0.0		0.4		28.06		0.32385	0.8772	60.3635846112	78.02
5 3 7			0.01		0.41		27.88		0.32408	0.2523	60.5057581853	5.4388
4 6 6			0.01		0.41		27.68		0.32403	1.1903	71.9781772466	41.9784
2 0 12			-0.0		0.41		27.79		0.32355	0.8079	50.6101057273	16.6151
6 0 4			-0.0		0.41		27.84		0.32355	0.7069	57.1830782131	42.6751
0 4 4			0.0		0.41		27.81		0.32347	0.8482	39.0545896029	78.0016
3 1 9			0.01		0.41		27.65		0.32332	0.36	45.2950695798	8.7768
3 5 1			0.01		0.42		27.44		0.32331	0.5283	53.2544885252	31.9012
1 5 3			0.0		0.42		27.35		0.32332	0.9511	47.585042181	85.8034
4 2 0			0.01		0.43		27.2		0.32332	0.9287	40.0811891304	86.5118
3 1 1			0.01		0.44		27.05		0.32331	0.5239	28.3131072915	41.7464
5 5 3			0.0		0.44		26.97		0.32331	0.8107	66.8760743485	64.1048
2 2 12			0.0		0.44		26.86		0.3235	1.9766	54.0147953295	208.0279
0 4 20			0.01		0.45		26.69		0.32348	1.027	94.1654323607	18.6345
0 0 14			-0.01		0.44		27.02		0.32347	0.8389	55.4890953336	74.9432
2 2 4			-0.0		0.44		27.02		0.3234	0.7551	29.4672289371	73.6026
1 1 13			0.01		0.44		26.85		0.3237	0.3722	52.9310122384	10.9703
3 3 15			-0.0		0.44		26.87		0.3231	0.3402	73.0835579415	3.8877
0 2 20			-0.01		0.43		27.19		0.32265	0.4494	86.0769303832	2.8517