HKL Value		Reward		TotalReward	Chi Squared	Z Appr. 	Error	Two-Thetas	Sfs2
0 6 6			0.0		0.0		0.0		0.3	1.0147	60.183190367	40.9583
2 0 16			0.0		0.0		5.59		0.30253	0.5935	67.2372591268	11.8907
0 0 20			3.23		3.23		1.32		0.32337	0.4542	83.3712939521	4.3689
6 0 12			-0.91		2.33		13.94		0.31346	0.5892	74.995462768	0.9301
0 0 14			-0.45		1.87		25.5		0.31348	0.8389	55.4890953336	74.9432
0 4 2			-0.39		1.48		41.89		0.31354	3.2657	36.5744795411	137.7475
4 4 12			0.14		1.62		36.86		0.31422	1.9475	72.2035773977	130.2426
4 6 0			0.17		1.79		31.6		0.31422	0.7863	67.1083315067	59.4729
0 2 16			0.08		1.87		29.18		0.31452	1.8687	67.2407114996	13.8307
6 4 0			0.12		1.99		25.94		0.31452	1.8287	67.0910631577	58.6803
6 2 10			0.08		2.07		24.11		0.31512	0.7103	71.9901825081	43.9921
4 2 14			0.08		2.15		22.34		0.31531	1.2576	70.6282605877	19.9713
2 6 10			0.07		2.22		20.94		0.3158	0.7069	72.0169435829	44.7171
5 3 3			-0.04		2.17		21.85		0.31586	0.9351	54.4936931553	89.9375
3 3 7			-0.15		2.02		25.69		0.31805	0.1558	47.1418707618	3.5073
0 0 10			0.07		2.09		24.09		0.31826	0.8316	38.8438017949	41.7013
2 2 10			0.06		2.15		22.66		0.3184	0.6429	46.7739448495	44.8949
4 0 10			0.06		2.21		21.4		0.31854	0.6243	53.7713327333	45.2096
0 6 10			0.05		2.27		20.28		0.31868	0.8527	69.1637693973	8.5049
6 0 10			0.05		2.32		19.27		0.3188	1.0728	69.1331306246	8.9056
1 1 5			-0.31		2.01		27.91		0.31892	1.9661	22.8949597146	247.5537
0 6 8			0.05		2.06		26.66		0.31896	0.7694	64.1950429677	5.6946
2 4 10			0.05		2.11		25.45		0.31896	0.607	57.0555982332	12.0937
2 2 4			0.0		2.11		25.33		0.31883	0.7551	29.4672289371	73.6026
4 6 2			0.04		2.15		24.31		0.31881	0.2349	67.657370766	5.5969
4 2 10			0.04		2.19		23.34		0.31884	1.1102	57.0442200735	11.3144
4 4 10			0.04		2.23		22.46		0.31889	0.6886	66.23802526	47.6672
0 4 10			0.04		2.27		21.67		0.319	0.9893	53.7871001638	44.1425
6 4 2			0.04		2.31		20.91		0.319	0.2211	67.6401768609	4.8049
0 4 16			0.03		2.34		20.22		0.3191	1.5557	75.7704700384	94.8658
6 0 8			0.03		2.37		19.62		0.31914	2.9234	64.163237895	5.3359
0 4 6			-0.27		2.1		27.0		0.3194	3.7688	42.9189471786	481.9509
3 5 9			0.03		2.13		26.17		0.31936	0.4755	65.0802252419	19.5165
6 0 6			0.03		2.16		25.38		0.31935	1.0815	60.1501886982	39.9969
6 0 2			0.03		2.19		24.7		0.31935	0.2214	55.354768557	5.4487
5 3 9			0.03		2.22		24.0		0.31934	0.4833	65.0662013285	20.8409
2 0 2			0.01		2.22		23.86		0.31931	0.6502	19.2320929378	35.9547
3 7 1			0.02		2.25		23.29		0.3193	1.2822	71.5694631273	22.2453
9 1 1			0.02		2.27		22.72		0.3193	0.8793	87.9915459652	19.6393
1 1 15			0.02		2.29		22.31		0.31947	0.656	61.3839959686	20.6242
5 5 1			0.02		2.31		21.81		0.31946	0.5073	65.769247456	23.9531
2 2 16			0.02		2.34		21.28		0.31943	1.1693	70.1293332912	108.6018
0 2 12			0.01		2.35		21.04		0.31905	0.3827	50.6142203783	17.5707
2 4 14			0.02		2.37		20.6		0.31907	0.5221	70.6383718296	19.4111
0 0 16			0.02		2.39		20.14		0.31902	1.3342	64.286058028	116.6634
1 3 15			0.02		2.42		19.7		0.319	0.2862	67.3623786269	8.1809
4 2 6			0.02		2.44		19.28		0.31902	1.6049	46.7233273538	62.1975
2 2 2			-0.08		2.36		21.01		0.31904	1.1162	26.2109248846	125.5642
5 1 9			0.02		2.37		20.62		0.31896	0.4583	58.9619928854	19.0838
7 3 1			0.02		2.39		20.25		0.31896	0.5095	71.5359286583	22.1332
0 6 16			0.01		2.4		20.11		0.31931	0.4825	89.3859051251	7.6515
5 1 7			-0.01		2.39		20.4		0.31981	0.2609	54.1000446603	4.252
2 4 6			0.02		2.4		20.03		0.31983	0.785	46.7364348384	64.2552
3 1 15			0.02		2.42		19.66		0.31976	0.2871	67.3554895111	7.7692
0 6 2			0.02		2.44		19.35		0.31976	0.2356	55.3895592761	6.1752
3 3 11			-0.15		2.29		22.81		0.31978	2.1204	58.6030846927	249.5822
0 6 0			0.01		2.3		22.52		0.31978	1.4277	54.7714555341	59.4019
6 0 4			-0.01		2.29		22.68		0.31977	0.7069	57.1830782131	42.6751
4 4 2			-0.06		2.24		24.02		0.31979	1.2125	52.0311030722	128.6454
4 2 2			0.01		2.25		23.71		0.31978	0.457	40.8620305525	12.2524
5 5 5			-0.03		2.22		24.52		0.31983	1.5862	69.0631626084	104.8873
0 2 10			0.01		2.23		24.18		0.31976	0.4317	42.9590557724	21.0204
6 0 0			0.01		2.24		23.87		0.31976	0.7256	54.7363985401	55.434
1 7 7			0.0		2.25		23.82		0.32006	0.4353	72.3061031614	6.1143
3 3 9			0.01		2.26		23.52		0.31997	0.3816	52.4524123761	12.0632
2 0 8			-0.04		2.22		24.54		0.32038	0.1665	35.7565424018	1.5727
7 1 1			0.01		2.23		24.26		0.32038	0.5207	65.7483230412	25.2044
1 5 1			0.01		2.24		24.01		0.32037	0.4978	46.196563203	27.3004
2 0 14			0.01		2.25		23.76		0.32034	0.2634	58.6945218607	7.3942
5 1 11			-0.08		2.17		25.9		0.32036	3.2753	64.7131722767	203.727
2 0 10			0.01		2.18		25.59		0.32028	0.6169	42.9543880851	20.236
1 7 1			0.01		2.19		25.32		0.32028	0.5219	65.7901743415	26.2984
2 4 2			0.01		2.2		25.06		0.32027	0.3828	40.8766170199	13.2501
0 2 14			0.01		2.21		24.85		0.32023	0.2479	58.6982494177	6.3292
1 5 9			0.01		2.22		24.58		0.32013	0.4394	58.984264935	17.7365
0 4 12			0.01		2.23		24.41		0.32033	1.4889	60.4300914167	161.7651
4 2 0			0.01		2.23		24.26		0.32033	0.9287	40.0811891304	86.5118
4 0 12			0.01		2.24		24.09		0.32051	2.7435	60.4154589103	161.2613
5 1 13			-0.0		2.24		24.11		0.32102	0.4567	71.2764535317	11.3258
5 3 1			0.01		2.25		23.92		0.32102	0.5252	53.2386121167	32.835
2 0 4			-0.03		2.21		24.75		0.32102	1.3874	23.4143586184	109.347
0 2 8			-0.03		2.19		25.4		0.32143	0.1155	35.7619852008	1.7384
0 0 6			-0.13		2.05		29.36		0.3216	7.4326	23.0169618987	709.6598