HKL Value		Reward		TotalReward	Chi Squared	Z Appr. 	Error	Two-Thetas	Sfs2
0 2 20			0.0		0.0		0.0		0.3	0.4494	86.0769303832	2.8517
2 0 16			0.0		0.0		0.86		0.30176	0.5935	67.2372591268	11.8907
0 0 20			-0.91		-0.91		9.16		0.31578	0.4542	83.3712939521	4.3689
4 4 12			0.13		-0.78		8.11		0.31656	1.9475	72.2035773977	130.2426
4 6 0			0.33		-0.45		6.1		0.31656	0.7863	67.1083315067	59.4729
0 2 16			-0.06		-0.51		6.48		0.31729	1.8687	67.2407114996	13.8307
6 4 0			0.2		-0.31		5.4		0.31729	1.8287	67.0910631577	58.6803
5 1 1			-0.04		-0.34		5.62		0.31725	0.5346	46.1701152	26.7419
6 2 10			0.06		-0.28		5.28		0.31774	0.7103	71.9901825081	43.9921
2 6 10			0.07		-0.21		4.91		0.31812	0.7069	72.0169435829	44.7171
3 3 7			-0.49		-0.7		9.72		0.32098	0.1558	47.1418707618	3.5073
2 2 10			0.1		-0.6		8.83		0.32098	0.6429	46.7739448495	44.8949
0 0 10			0.09		-0.51		8.1		0.32104	0.8316	38.8438017949	41.7013
4 0 10			0.08		-0.43		7.48		0.32106	0.6243	53.7713327333	45.2096
0 6 10			0.08		-0.35		6.95		0.32112	0.8527	69.1637693973	8.5049
0 6 8			0.06		-0.29		6.56		0.32122	0.7694	64.1950429677	5.6946
2 4 10			0.06		-0.23		6.18		0.32109	0.607	57.0555982332	12.0937
6 0 10			0.06		-0.17		5.82		0.32111	1.0728	69.1331306246	8.9056
3 3 3			-0.12		-0.29		6.62		0.32115	0.8081	39.7679129272	70.9373
2 6 4			-0.11		-0.4		7.46		0.3209	0.8772	60.3635846112	78.02
0 6 12			-0.27		-0.67		10.21		0.31839	0.3425	75.0250979777	1.887