HKL Value		Reward		TotalReward	Chi Squared	Z Appr. 	Error	Two-Thetas	Sfs2
1 1 17			0.0		0.0		0.0		0.3	2.447	70.2810461715	248.4175
3 1 9			0.0		0.0		67.77		0.2939	0.36	45.2950695798	8.7768
2 0 16			0.84		0.84		36.88		0.29507	0.5935	67.2372591268	11.8907
0 0 20			0.08		0.92		34.16		0.28642	0.4542	83.3712939521	4.3689
5 5 7			-0.76		0.16		140.25		0.28693	0.6639	72.2860687267	4.3062
4 4 12			0.12		0.28		124.97		0.2862	1.9475	72.2035773977	130.2426
4 6 0			0.2		0.48		104.15		0.28619	0.7863	67.1083315067	59.4729
0 2 16			0.15		0.64		90.19		0.28584	1.8687	67.2407114996	13.8307
4 2 14			0.14		0.78		79.0		0.28583	1.2576	70.6282605877	19.9713
6 4 0			0.12		0.9		70.22		0.28583	1.8287	67.0910631577	58.6803
6 2 10			0.72		1.63		40.79		0.26099	0.7103	71.9901825081	43.9921
2 6 10			0.05		1.67		39.01		0.26116	0.7069	72.0169435829	44.7171
0 0 10			0.04		1.71		37.44		0.26133	0.8316	38.8438017949	41.7013
2 2 10			0.03		1.75		36.23		0.26153	0.6429	46.7739448495	44.8949
0 4 16			0.07		1.82		33.8		0.26125	1.5557	75.7704700384	94.8658
4 0 10			0.03		1.84		32.97		0.26143	0.6243	53.7713327333	45.2096
0 6 10			0.06		1.9		31.18		0.2614	0.8527	69.1637693973	8.5049
6 0 10			0.05		1.95		29.62		0.26136	1.0728	69.1331306246	8.9056
0 6 8			0.05		2.01		28.13		0.26147	0.7694	64.1950429677	5.6946
7 1 5			-0.05		1.95		29.73		0.26129	1.5264	69.0427278305	98.726
2 4 10			0.04		1.99		28.58		0.26125	0.607	57.0555982332	12.0937
4 6 2			0.05		2.04		27.25		0.26125	0.2349	67.657370766	5.5969
4 2 10			0.04		2.08		26.29		0.26121	1.1102	57.0442200735	11.3144
4 4 10			0.0		2.08		26.18		0.2614	0.6886	66.23802526	47.6672
0 4 10			0.01		2.09		25.94		0.26159	0.9893	53.7871001638	44.1425
6 4 2			0.04		2.13		24.94		0.26159	0.2211	67.6401768609	4.8049
5 1 11			-0.08		2.06		26.99		0.2622	3.2753	64.7131722767	203.727
6 0 8			0.03		2.09		26.09		0.26233	2.9234	64.163237895	5.3359
0 6 6			-0.01		2.08		26.25		0.26233	1.0147	60.183190367	40.9583
0 6 4			0.02		2.11		25.67		0.2623	0.6675	57.2171401797	42.9768
3 5 9			0.02		2.12		25.24		0.26231	0.4755	65.0802252419	19.5165
6 0 2			0.03		2.16		24.43		0.26232	0.2214	55.354768557	5.4487
6 0 6			-0.01		2.15		24.6		0.26232	1.0815	60.1501886982	39.9969
3 3 11			-0.09		2.06		26.92		0.26304	2.1204	58.6030846927	249.5822
5 3 9			0.01		2.08		26.53		0.26307	0.4833	65.0662013285	20.8409
3 7 1			0.03		2.11		25.78		0.26307	1.2822	71.5694631273	22.2453
9 1 1			0.03		2.14		25.07		0.26308	0.8793	87.9915459652	19.6393
2 2 4			0.03		2.16		24.45		0.26312	0.7551	29.4672289371	73.6026
1 1 15			0.03		2.19		23.83		0.26304	0.656	61.3839959686	20.6242
5 5 1			0.03		2.21		23.22		0.26304	0.5073	65.769247456	23.9531
2 2 16			0.01		2.23		22.89		0.2624	1.1693	70.1293332912	108.6018
2 4 14			0.01		2.24		22.58		0.26224	0.5221	70.6383718296	19.4111
0 0 16			0.01		2.26		22.29		0.26173	1.3342	64.286058028	116.6634
1 3 15			-0.01		2.25		22.47		0.26103	0.2862	67.3623786269	8.1809
4 2 6			-0.02		2.22		23.05		0.26105	1.6049	46.7233273538	62.1975
5 1 9			0.01		2.23		22.81		0.26103	0.4583	58.9619928854	19.0838
7 3 1			0.02		2.25		22.31		0.26103	0.5095	71.5359286583	22.1332
0 6 16			0.02		2.28		21.86		0.26117	0.4825	89.3859051251	7.6515
2 4 6			-0.03		2.25		22.43		0.26119	0.785	46.7364348384	64.2552
3 1 15			-0.01		2.24		22.58		0.26053	0.2871	67.3554895111	7.7692
0 6 2			0.02		2.26		22.14		0.26052	0.2356	55.3895592761	6.1752
0 6 0			0.01		2.28		21.83		0.26052	1.4277	54.7714555341	59.4019
4 2 2			0.02		2.3		21.44		0.26052	0.457	40.8620305525	12.2524
4 2 12			-0.04		2.25		22.36		0.26205	0.2244	63.468523569	4.7972
0 2 10			0.01		2.26		22.2		0.26202	0.4317	42.9590557724	21.0204
0 4 2			-0.07		2.19		23.86		0.26202	3.2657	36.5744795411	137.7475
2 4 12			-0.02		2.17		24.34		0.26381	0.2205	63.4791913795	4.8908
6 0 0			0.01		2.19		23.99		0.26381	0.7256	54.7363985401	55.434
3 3 9			0.01		2.2		23.7		0.26385	0.3816	52.4524123761	12.0632
7 1 1			0.02		2.22		23.31		0.26385	0.5207	65.7483230412	25.2044
1 5 1			0.02		2.23		22.94		0.26384	0.4978	46.196563203	27.3004
2 0 14			0.02		2.25		22.59		0.2637	0.2634	58.6945218607	7.3942
2 0 10			0.01		2.25		22.44		0.26367	0.6169	42.9543880851	20.236
1 7 1			0.02		2.27		22.1		0.26365	0.5219	65.7901743415	26.2984
2 4 2			0.01		2.28		21.79		0.26364	0.3828	40.8766170199	13.2501
7 3 5			-0.02		2.27		22.18		0.26342	1.0496	74.7140851895	88.0788
0 2 14			0.02		2.28		21.85		0.26334	0.2479	58.6982494177	6.3292
4 2 0			0.01		2.29		21.71		0.26334	0.9287	40.0811891304	86.5118
1 5 9			0.01		2.29		21.56		0.26333	0.4394	58.984264935	17.7365
0 4 12			0.01		2.3		21.43		0.26293	1.4889	60.4300914167	161.7651
3 7 5			-0.02		2.28		21.8		0.26276	1.0548	74.7470539899	89.5814
7 3 3			-0.01		2.27		22.1		0.26283	1.9283	72.601334037	69.5466
4 0 12			0.01		2.28		21.94		0.26253	2.7435	60.4154589103	161.2613
0 0 18			0.01		2.29		21.74		0.26205	0.6609	73.530655613	37.988
5 3 1			0.01		2.3		21.47		0.26204	0.5252	53.2386121167	32.835
3 1 13			0.01		2.31		21.26		0.26201	0.3869	59.4126405656	11.7895
1 5 13			0.01		2.32		21.07		0.26197	1.1973	71.2966048402	12.6128
3 5 1			0.01		2.33		20.82		0.26196	0.5283	53.2544885252	31.9012
2 0 6			-0.05		2.29		21.81		0.26201	1.6278	29.1406672869	128.8477
4 2 8			0.01		2.3		21.58		0.26209	0.7605	51.4203212226	2.5419
5 1 13			0.01		2.3		21.39		0.26206	0.4567	71.2764535317	11.3258
2 4 0			0.0		2.31		21.29		0.26206	1.4359	40.0960076051	88.2765
5 1 1			0.01		2.32		21.05		0.26205	0.5346	46.1701152	26.7419
6 4 6			-0.0		2.32		21.14		0.26207	0.9247	71.9614498967	41.9809
2 4 8			0.01		2.33		20.93		0.26216	0.1687	51.4325245866	2.4593
3 5 11			-0.03		2.3		21.52		0.26248	1.8915	70.5555824797	206.4699
1 3 1			0.01		2.31		21.32		0.26246	0.5324	28.3265170018	42.1271
1 3 3			-0.01		2.3		21.58		0.26251	0.7045	30.3940112777	66.1614
1 1 7			-0.05		2.24		22.8		0.2614	0.2012	29.7561292971	6.5386
3 3 1			0.01		2.25		22.56		0.26139	0.5106	38.1558496662	33.1617
3 1 1			0.01		2.26		22.36		0.26138	0.5239	28.3131072915	41.7464
4 6 6			-0.0		2.26		22.43		0.2614	1.1903	71.9781772466	41.9784
5 5 3			-0.01		2.25		22.66		0.26144	0.8107	66.8760743485	64.1048
7 1 7			-0.04		2.21		23.51		0.26056	0.3505	72.2660298289	5.0526