HKL Value		Reward		TotalReward	Chi Squared	Z Appr. 	Error	Two-Thetas	Sfs2
2 0 16			0.0		0.0		0.0		0.3	0.5935	67.2372591268	11.8907
0 2 14			0.0		0.0		3.15		0.30076	0.2479	58.6982494177	6.3292
0 0 20			-0.11		-0.11		3.55		0.33273	0.4542	83.3712939521	4.3689
2 0 2			-0.63		-0.75		9.66		0.3322	0.6502	19.2320929378	35.9547
4 4 12			0.23		-0.52		7.87		0.32455	1.9475	72.2035773977	130.2426
4 6 0			0.25		-0.27		6.31		0.32455	0.7863	67.1083315067	59.4729
0 2 16			0.19		-0.08		5.3		0.32363	1.8687	67.2407114996	13.8307
6 4 0			0.17		0.09		4.54		0.32363	1.8287	67.0910631577	58.6803
6 2 10			0.13		0.21		4.03		0.32314	0.7103	71.9901825081	43.9921
2 6 10			0.11		0.33		3.62		0.32281	0.7069	72.0169435829	44.7171
0 0 10			0.1		0.43		3.27		0.32259	0.8316	38.8438017949	41.7013
2 2 10			0.09		0.52		3.01		0.32236	0.6429	46.7739448495	44.8949
4 0 10			0.09		0.61		2.77		0.32222	0.6243	53.7713327333	45.2096
0 6 10			0.08		0.69		2.56		0.32219	0.8527	69.1637693973	8.5049
6 0 10			0.08		0.76		2.38		0.32213	1.0728	69.1331306246	8.9056
0 6 8			0.05		0.81		2.28		0.32223	0.7694	64.1950429677	5.6946
2 4 10			0.04		0.85		2.19		0.32204	0.607	57.0555982332	12.0937
4 6 2			0.03		0.88		2.12		0.32202	0.2349	67.657370766	5.5969
4 2 10			0.04		0.92		2.04		0.32187	1.1102	57.0442200735	11.3144
1 3 5			-0.79		0.13		9.77		0.32212	3.1323	34.189462707	190.138
4 4 10			0.05		0.18		9.3		0.32196	0.6886	66.23802526	47.6672
0 4 4			-0.07		0.11		10.0		0.32167	0.8482	39.0545896029	78.0016
0 4 10			0.05		0.16		9.54		0.32166	0.9893	53.7871001638	44.1425
2 2 4			-0.07		0.09		10.22		0.32141	0.7551	29.4672289371	73.6026
6 4 2			0.04		0.13		9.82		0.32139	0.2211	67.6401768609	4.8049
0 4 16			0.04		0.17		9.43		0.32136	1.5557	75.7704700384	94.8658
6 0 8			0.03		0.21		9.12		0.32143	2.9234	64.163237895	5.3359
0 6 6			0.04		0.25		8.8		0.3214	1.0147	60.183190367	40.9583
3 5 9			0.03		0.28		8.52		0.3213	0.4755	65.0802252419	19.5165
6 0 2			0.03		0.3		8.3		0.32129	0.2214	55.354768557	5.4487
6 0 6			0.03		0.34		8.05		0.32125	1.0815	60.1501886982	39.9969
4 2 14			0.02		0.36		7.86		0.32125	1.2576	70.6282605877	19.9713
3 7 1			0.02		0.38		7.71		0.32123	1.2822	71.5694631273	22.2453
5 3 9			0.03		0.41		7.49		0.32116	0.4833	65.0662013285	20.8409
1 1 15			0.01		0.42		7.38		0.32145	0.656	61.3839959686	20.6242
9 1 1			0.02		0.45		7.22		0.32144	0.8793	87.9915459652	19.6393
5 5 1			0.02		0.46		7.09		0.32142	0.5073	65.769247456	23.9531
0 0 22			0.01		0.48		7.01		0.32115	2.2765	94.0325860765	137.6091
0 0 16			0.02		0.49		6.88		0.3209	1.3342	64.286058028	116.6634
2 2 16			0.02		0.52		6.72		0.32076	1.1693	70.1293332912	108.6018
1 3 15			0.02		0.54		6.59		0.32056	0.2862	67.3623786269	8.1809
2 4 14			0.02		0.56		6.48		0.32057	0.5221	70.6383718296	19.4111
4 4 6			-0.36		0.19		10.13		0.32082	4.3817	57.0116572758	400.3855
4 2 6			0.02		0.22		9.91		0.32083	1.6049	46.7233273538	62.1975
5 1 9			0.01		0.23		9.77		0.32069	0.4583	58.9619928854	19.0838
0 6 16			0.01		0.24		9.7		0.32108	0.4825	89.3859051251	7.6515
7 3 1			0.02		0.25		9.55		0.32107	0.5095	71.5359286583	22.1332
2 4 6			0.02		0.27		9.36		0.32109	0.785	46.7364348384	64.2552
4 4 8			-0.28		-0.01		13.05		0.32115	3.9407	61.1479986878	218.5721
6 0 4			-0.03		-0.04		13.44		0.32114	0.7069	57.1830782131	42.6751
3 1 15			0.02		-0.02		13.22		0.32093	0.2871	67.3554895111	7.7692
0 6 0			0.01		-0.01		13.09		0.32093	1.4277	54.7714555341	59.4019
3 3 11			-0.22		-0.23		16.86		0.32098	2.1204	58.6030846927	249.5822
0 6 2			0.02		-0.22		16.59		0.32097	0.2356	55.3895592761	6.1752
4 2 2			0.01		-0.21		16.39		0.32096	0.457	40.8620305525	12.2524
0 2 10			0.01		-0.19		16.18		0.32085	0.4317	42.9590557724	21.0204
3 3 9			0.01		-0.18		15.99		0.3207	0.3816	52.4524123761	12.0632
2 0 14			0.01		-0.17		15.84		0.32067	0.2634	58.6945218607	7.3942
6 0 0			0.01		-0.16		15.65		0.32067	0.7256	54.7363985401	55.434
7 1 1			0.01		-0.15		15.49		0.32066	0.5207	65.7483230412	25.2044
1 5 1			0.01		-0.14		15.36		0.32064	0.4978	46.196563203	27.3004
2 0 10			0.01		-0.13		15.17		0.32053	0.6169	42.9543880851	20.236
4 0 4			-0.01		-0.14		15.31		0.32041	1.2165	39.0343929222	79.1487
1 7 1			0.01		-0.13		15.17		0.3204	0.5219	65.7901743415	26.2984
2 4 2			0.01		-0.12		15.03		0.32039	0.3828	40.8766170199	13.2501
4 2 0			0.0		-0.12		15.0		0.32039	0.9287	40.0811891304	86.5118
7 1 5			-0.06		-0.17		15.89		0.32044	1.5264	69.0427278305	98.726
0 4 12			0.0		-0.17		15.82		0.32072	1.4889	60.4300914167	161.7651
4 0 12			0.01		-0.16		15.74		0.32097	2.7435	60.4154589103	161.2613
1 5 9			0.01		-0.15		15.59		0.32083	0.4394	58.984264935	17.7365
5 3 1			0.01		-0.15		15.5		0.32081	0.5252	53.2386121167	32.835
3 1 13			-0.0		-0.15		15.57		0.32143	0.3869	59.4126405656	11.7895
1 5 13			-0.0		-0.15		15.57		0.3219	1.1973	71.2966048402	12.6128
5 1 13			-0.0		-0.15		15.59		0.32237	0.4567	71.2764535317	11.3258