HKL Value		Reward		TotalReward	Chi Squared	Z Appr. 	Error	Two-Thetas	Sfs2
0 0 20			0.0		0.0		0.0		0.3	0.4542	83.3712939521	4.3689
2 0 16			0.0		0.0		1.86		0.32369	0.5935	67.2372591268	11.8907
4 4 12			0.78		0.78		1.05		0.32313	1.9475	72.2035773977	130.2426
1 1 7			-0.79		-0.01		4.97		0.32785	0.2012	29.7561292971	6.5386
6 2 2			-0.82		-0.83		27.82		0.33438	3.3001	58.5687226088	135.1206
4 6 0			0.25		-0.58		22.27		0.33438	0.7863	67.1083315067	59.4729
2 2 10			0.12		-0.47		19.92		0.32599	0.6429	46.7739448495	44.8949
0 2 16			0.15		-0.31		17.28		0.32508	1.8687	67.2407114996	13.8307
2 4 10			0.12		-0.2		15.46		0.32461	0.607	57.0555982332	12.0937
6 4 0			0.12		-0.07		13.74		0.32461	1.8287	67.0910631577	58.6803
4 0 10			0.1		0.03		12.51		0.32415	0.6243	53.7713327333	45.2096
0 6 8			0.1		0.12		11.4		0.32424	0.7694	64.1950429677	5.6946
2 6 10			0.08		0.21		10.53		0.32392	0.7069	72.0169435829	44.7171
2 0 6			-0.01		0.19		10.66		0.32413	1.6278	29.1406672869	128.8477
6 2 10			0.07		0.27		9.96		0.32388	0.7103	71.9901825081	43.9921
0 4 16			0.06		0.32		9.41		0.3234	1.5557	75.7704700384	94.8658
1 3 3			-0.06		0.26		10.04		0.32344	0.7045	30.3940112777	66.1614
0 0 22			0.01		0.27		9.91		0.32275	2.2765	94.0325860765	137.6091
2 2 16			0.04		0.31		9.53		0.32237	1.1693	70.1293332912	108.6018
0 2 14			-0.0		0.31		9.56		0.32246	0.2479	58.6982494177	6.3292
4 2 8			-0.02		0.29		9.78		0.32283	0.7605	51.4203212226	2.5419
0 0 10			0.05		0.34		9.32		0.32276	0.8316	38.8438017949	41.7013
1 5 1			0.01		0.34		9.26		0.32274	0.4978	46.196563203	27.3004
4 4 2			-0.3		0.05		13.18		0.32279	1.2125	52.0311030722	128.6454
0 6 16			0.04		0.08		12.71		0.32308	0.4825	89.3859051251	7.6515
0 6 6			0.04		0.12		12.23		0.32306	1.0147	60.183190367	40.9583
0 6 0			0.02		0.14		12.0		0.32306	1.4277	54.7714555341	59.4019
4 0 4			-0.04		0.1		12.52		0.32289	1.2165	39.0343929222	79.1487
5 1 9			0.02		0.12		12.3		0.32267	0.4583	58.9619928854	19.0838
4 0 12			0.02		0.13		12.1		0.32295	2.7435	60.4154589103	161.2613
7 3 3			-0.01		0.12		12.26		0.32297	1.9283	72.601334037	69.5466
1 3 13			0.01		0.13		12.19		0.32361	0.3907	59.4200243294	11.5335
3 7 1			0.02		0.15		11.91		0.32359	1.2822	71.5694631273	22.2453
4 6 2			0.03		0.18		11.58		0.32358	0.2349	67.657370766	5.5969
4 4 10			0.03		0.21		11.28		0.32346	0.6886	66.23802526	47.6672
3 1 13			0.01		0.21		11.19		0.32394	0.3869	59.4126405656	11.7895
5 5 1			0.02		0.24		10.96		0.32393	0.5073	65.769247456	23.9531
2 0 14			0.01		0.25		10.84		0.32403	0.2634	58.6945218607	7.3942
4 2 2			0.01		0.26		10.71		0.32402	0.457	40.8620305525	12.2524
2 4 2			0.01		0.27		10.61		0.32401	0.3828	40.8766170199	13.2501
6 2 4			-0.03		0.23		10.98		0.32388	0.8727	60.3342977717	77.9073
0 0 16			0.01		0.24		10.9		0.32353	1.3342	64.286058028	116.6634
4 2 14			0.02		0.26		10.7		0.3235	1.2576	70.6282605877	19.9713
6 0 2			0.02		0.28		10.51		0.3235	0.2214	55.354768557	5.4487
0 2 20			-0.1		0.18		11.65		0.32268	0.4494	86.0769303832	2.8517
6 4 6			0.0		0.18		11.62		0.32257	0.9247	71.9614498967	41.9809
1 5 13			0.0		0.19		11.58		0.32317	1.1973	71.2966048402	12.6128
0 6 10			0.02		0.21		11.34		0.32314	0.8527	69.1637693973	8.5049
3 1 1			-0.0		0.2		11.39		0.32312	0.5239	28.3131072915	41.7464
2 2 12			-0.01		0.19		11.5		0.32346	1.9766	54.0147953295	208.0279
0 6 12			-0.15		0.05		13.47		0.32132	0.3425	75.0250979777	1.887