HKL Value		Reward		TotalReward	Chi Squared	Z Appr. 	Error	Two-Thetas	Sfs2
2 0 16			0.0		0.0		0.0		0.3	0.5935	67.2372591268	11.8907
0 4 18			0.0		0.0		0.01		0.3013	0.8369	84.5238780681	17.4513
0 0 20			-1.0		-1.0		13.15		0.31473	0.4542	83.3712939521	4.3689
4 4 12			0.14		-0.86		11.57		0.3155	1.9475	72.2035773977	130.2426
4 6 0			0.33		-0.53		8.69		0.3155	0.7863	67.1083315067	59.4729
0 4 4			-0.17		-0.7		10.48		0.31522	0.8482	39.0545896029	78.0016
3 3 15			0.2		-0.5		8.74		0.31527	0.3402	73.0835579415	3.8877
1 3 7			-0.44		-0.95		15.69		0.31711	0.1893	39.2755843192	5.3372
0 2 16			0.07		-0.87		14.63		0.3175	1.8687	67.2407114996	13.8307
6 4 0			0.12		-0.75		13.01		0.3175	1.8287	67.0910631577	58.6803
1 1 13			-0.2		-0.95		16.3		0.31895	0.3722	52.9310122384	10.9703
1 3 15			0.1		-0.85		14.82		0.31893	0.2862	67.3623786269	8.1809
6 2 10			0.08		-0.77		13.69		0.31904	0.7103	71.9901825081	43.9921
3 7 5			-0.22		-0.98		17.46		0.3191	1.0548	74.7470539899	89.5814
2 6 10			0.07		-0.91		16.27		0.31919	0.7069	72.0169435829	44.7171
2 2 10			0.07		-0.84		15.22		0.31925	0.6429	46.7739448495	44.8949
0 0 10			0.06		-0.78		14.32		0.31933	0.8316	38.8438017949	41.7013
1 5 9			0.05		-0.73		13.68		0.31921	0.4394	58.984264935	17.7365
4 0 10			0.06		-0.68		12.96		0.31928	0.6243	53.7713327333	45.2096
5 1 11			-0.39		-1.07		21.3		0.31929	3.2753	64.7131722767	203.727
6 0 12			-0.12		-1.18		24.08		0.3174	0.5892	74.995462768	0.9301
0 6 10			0.04		-1.14		23.06		0.31753	0.8527	69.1637693973	8.5049
0 6 8			0.04		-1.1		22.11		0.31755	0.7694	64.1950429677	5.6946
2 4 10			0.04		-1.05		21.16		0.31758	0.607	57.0555982332	12.0937
6 0 10			0.04		-1.01		20.36		0.31768	1.0728	69.1331306246	8.9056
4 6 2			0.04		-0.97		19.58		0.31767	0.2349	67.657370766	5.5969
4 2 10			0.04		-0.93		18.84		0.31771	1.1102	57.0442200735	11.3144
0 4 16			0.03		-0.9		18.23		0.3178	1.5557	75.7704700384	94.8658
4 4 10			0.04		-0.86		17.61		0.31786	0.6886	66.23802526	47.6672
3 5 5			-0.14		-1.01		20.55		0.3179	1.2751	56.9624934876	133.7285
4 6 6			0.02		-0.98		20.08		0.31784	1.1903	71.9781772466	41.9784
0 4 10			0.03		-0.95		19.5		0.31794	0.9893	53.7871001638	44.1425
6 0 8			0.03		-0.93		18.97		0.31796	2.9234	64.163237895	5.3359
6 4 2			0.03		-0.9		18.41		0.31796	0.2211	67.6401768609	4.8049
0 6 6			0.03		-0.87		17.87		0.31795	1.0147	60.183190367	40.9583
3 5 9			0.03		-0.84		17.36		0.31795	0.4755	65.0802252419	19.5165
2 6 8			-0.21		-1.05		22.0		0.31797	4.3291	67.1483383839	218.3417
6 0 6			0.03		-1.02		21.41		0.31797	1.0815	60.1501886982	39.9969
4 2 14			0.02		-1.0		20.93		0.31799	1.2576	70.6282605877	19.9713
6 0 2			0.02		-0.97		20.44		0.31799	0.2214	55.354768557	5.4487
2 2 16			0.03		-0.95		19.94		0.318	1.1693	70.1293332912	108.6018
0 0 16			0.02		-0.92		19.45		0.31799	1.3342	64.286058028	116.6634
1 1 15			0.01		-0.91		19.19		0.31811	0.656	61.3839959686	20.6242
5 3 9			0.02		-0.89		18.75		0.31811	0.4833	65.0662013285	20.8409
5 5 1			0.02		-0.87		18.37		0.31811	0.5073	65.769247456	23.9531
3 7 1			0.02		-0.85		18.02		0.31809	1.2822	71.5694631273	22.2453
2 4 14			0.02		-0.83		17.69		0.31812	0.5221	70.6383718296	19.4111
3 3 1			0.01		-0.82		17.49		0.31811	0.5106	38.1558496662	33.1617
6 0 0			0.02		-0.8		17.22		0.31811	0.7256	54.7363985401	55.434
3 1 15			0.02		-0.78		16.87		0.31812	0.2871	67.3554895111	7.7692
4 2 6			0.02		-0.76		16.55		0.31814	1.6049	46.7233273538	62.1975
9 1 1			0.02		-0.74		16.26		0.31814	0.8793	87.9915459652	19.6393
1 5 7			-0.03		-0.77		16.77		0.31857	0.6035	54.1236034243	4.2528
5 1 9			0.02		-0.76		16.49		0.31852	0.4583	58.9619928854	19.0838
6 4 4			-0.01		-0.76		16.64		0.31852	0.6669	69.2748711385	33.991
2 4 6			0.02		-0.75		16.36		0.31854	0.785	46.7364348384	64.2552
0 2 10			0.02		-0.73		16.11		0.31848	0.4317	42.9590557724	21.0204
2 6 2			-0.09		-0.82		17.62		0.31851	1.2892	58.5985395934	134.3564
0 6 0			0.01		-0.81		17.43		0.31851	1.4277	54.7714555341	59.4019
1 5 1			0.01		-0.8		17.26		0.31851	0.4978	46.196563203	27.3004
5 1 5			-0.07		-0.87		18.65		0.31852	1.1901	50.2495039981	127.1383
7 3 1			0.01		-0.86		18.38		0.31852	0.5095	71.5359286583	22.1332
7 1 1			0.01		-0.85		18.18		0.31851	0.5207	65.7483230412	25.2044
2 2 6			-0.21		-1.06		23.14		0.31866	8.3224	34.2684003079	615.2447
4 2 2			0.01		-1.05		22.87		0.31866	0.457	40.8620305525	12.2524
2 4 2			0.01		-1.04		22.61		0.31865	0.3828	40.8766170199	13.2501
0 6 16			0.01		-1.03		22.49		0.3189	0.4825	89.3859051251	7.6515
3 3 9			0.01		-1.02		22.2		0.31883	0.3816	52.4524123761	12.0632
6 4 6			0.01		-1.01		21.98		0.31879	0.9247	71.9614498967	41.9809
0 6 2			0.01		-1.0		21.69		0.31879	0.2356	55.3895592761	6.1752
6 0 4			-0.01		-1.0		21.84		0.31879	0.7069	57.1830782131	42.6751
1 7 1			0.01		-0.99		21.63		0.31877	0.5219	65.7901743415	26.2984
1 1 9			0.0		-0.99		21.53		0.31857	0.2216	37.1193146943	1.1702
0 4 12			0.0		-0.98		21.46		0.31875	1.4889	60.4300914167	161.7651
4 0 12			0.0		-0.98		21.39		0.31891	2.7435	60.4154589103	161.2613
2 0 14			0.01		-0.97		21.19		0.31886	0.2634	58.6945218607	7.3942
0 2 14			0.01		-0.96		21.03		0.31881	0.2479	58.6982494177	6.3292
3 1 13			-0.01		-0.97		21.22		0.31924	0.3869	59.4126405656	11.7895
1 5 13			-0.01		-0.98		21.33		0.31961	1.1973	71.2966048402	12.6128
5 3 1			0.01		-0.97		21.17		0.31961	0.5252	53.2386121167	32.835
5 1 13			-0.01		-0.98		21.32		0.31999	0.4567	71.2764535317	11.3258
2 0 10			0.01		-0.97		21.1		0.31994	0.6169	42.9543880851	20.236
7 1 7			-0.0		-0.97		21.17		0.32016	0.3505	72.2660298289	5.0526
4 2 8			0.0		-0.97		21.13		0.32024	0.7605	51.4203212226	2.5419
2 4 0			0.0		-0.96		21.04		0.32024	1.4359	40.0960076051	88.2765
2 6 4			-0.0		-0.96		21.05		0.32019	0.8772	60.3635846112	78.02
2 4 8			0.0		-0.96		21.03		0.32027	0.1687	51.4325245866	2.4593
1 1 1			0.0		-0.96		20.98		0.32026	0.5749	13.0194761966	56.7652
3 7 3			0.0		-0.96		20.96		0.32027	0.8954	72.6346668965	71.6226
4 2 0			0.0		-0.96		20.86		0.32027	0.9287	40.0811891304	86.5118
3 1 9			0.01		-0.95		20.72		0.32019	0.36	45.2950695798	8.7768
1 1 11			-0.14		-1.09		24.0		0.32021	2.144	44.8525636461	378.5934
3 3 5			-0.04		-1.13		25.0		0.32024	1.3995	42.8396693434	151.0913
5 5 3			0.0		-1.12		24.94		0.32024	0.8107	66.8760743485	64.1048
4 6 4			0.0		-1.12		24.93		0.32024	1.0731	69.291881243	33.3045
4 0 2			-0.03		-1.16		25.79		0.32027	1.7854	36.5531212028	138.5255
3 5 1			0.01		-1.15		25.61		0.32026	0.5283	53.2544885252	31.9012
1 3 1			0.0		-1.14		25.48		0.32026	0.5324	28.3265170018	42.1271
2 2 4			0.0		-1.14		25.47		0.32021	0.7551	29.4672289371	73.6026
2 0 12			0.0		-1.14		25.38		0.32	0.8079	50.6101057273	16.6151
0 2 20			-0.0		-1.14		25.43		0.31957	0.4494	86.0769303832	2.8517
5 3 7			-0.0		-1.14		25.48		0.31979	0.2523	60.5057581853	5.4388