HKL Value		Reward		TotalReward	Chi Squared	Z Appr. 	Error	Two-Thetas	Sfs2
2 0 16			0.0		0.0		0.0		0.3	0.5935	67.2372591268	11.8907
0 0 20			0.0		0.0		1.86		0.32369	0.4542	83.3712939521	4.3689
4 4 12			0.78		0.78		1.05		0.32313	1.9475	72.2035773977	130.2426
4 6 0			0.47		1.25		0.71		0.32313	0.7863	67.1083315067	59.4729
0 2 16			0.33		1.58		0.54		0.32306	1.8687	67.2407114996	13.8307
6 4 0			0.24		1.82		0.43		0.32306	1.8287	67.0910631577	58.6803
6 2 10			0.09		1.91		0.4		0.32281	0.7103	71.9901825081	43.9921
2 6 10			0.06		1.97		0.37		0.3226	0.7069	72.0169435829	44.7171
5 1 13			-0.76		1.22		1.53		0.32449	0.4567	71.2764535317	11.3258
2 6 4			-0.64		0.58		4.22		0.3241	0.8772	60.3635846112	78.02
0 0 10			0.09		0.66		3.89		0.32386	0.8316	38.8438017949	41.7013
5 5 5			-0.61		0.06		9.87		0.32413	1.5862	69.0631626084	104.8873
0 0 2			-0.37		-0.32		15.74		0.32417	1.161	7.62646333295	98.931
2 2 10			0.08		-0.24		14.63		0.32388	0.6429	46.7739448495	44.8949
4 0 10			0.07		-0.17		13.65		0.32367	0.6243	53.7713327333	45.2096
0 6 10			0.07		-0.1		12.76		0.32357	0.8527	69.1637693973	8.5049
3 1 3			-0.04		-0.13		13.24		0.32361	1.2003	30.3814370344	67.5761
6 0 10			0.06		-0.07		12.49		0.32351	1.0728	69.1331306246	8.9056
2 6 6			-0.34		-0.42		18.99		0.32384	5.383	63.2392339525	346.2148
3 1 9			0.01		-0.4		18.74		0.32332	0.36	45.2950695798	8.7768
5 5 3			-0.0		-0.4		18.75		0.32335	0.8107	66.8760743485	64.1048
0 6 8			0.05		-0.36		17.88		0.32341	0.7694	64.1950429677	5.6946
2 4 10			0.04		-0.31		17.15		0.32325	0.607	57.0555982332	12.0937
4 6 2			0.04		-0.27		16.45		0.32323	0.2349	67.657370766	5.5969
7 1 1			0.03		-0.24		16.03		0.32321	0.5207	65.7483230412	25.2044
1 5 5			-0.17		-0.41		19.31		0.32335	1.8923	50.2743192378	127.3636
2 4 6			0.04		-0.37		18.58		0.32337	0.785	46.7364348384	64.2552
3 7 3			0.0		-0.37		18.57		0.3234	0.8954	72.6346668965	71.6226
4 2 10			0.03		-0.34		17.95		0.32326	1.1102	57.0442200735	11.3144
4 4 10			0.03		-0.31		17.37		0.32308	0.6886	66.23802526	47.6672
0 4 10			0.03		-0.27		16.8		0.32299	0.9893	53.7871001638	44.1425
6 4 2			0.03		-0.24		16.29		0.32298	0.2211	67.6401768609	4.8049
1 5 9			0.02		-0.22		16.03		0.32269	0.4394	58.984264935	17.7365
0 6 18			-0.06		-0.28		17.04		0.32001	0.7949	98.0280769063	1.8601
0 4 16			0.03		-0.25		16.54		0.32006	1.5557	75.7704700384	94.8658
6 0 8			0.03		-0.23		16.12		0.32008	2.9234	64.163237895	5.3359
0 2 20			-0.02		-0.25		16.5		0.31922	0.4494	86.0769303832	2.8517
0 6 6			0.03		-0.22		16.06		0.31921	1.0147	60.183190367	40.9583
3 5 9			0.03		-0.2		15.64		0.31919	0.4755	65.0802252419	19.5165
6 0 2			0.02		-0.17		15.29		0.31919	0.2214	55.354768557	5.4487
6 0 6			0.03		-0.15		14.92		0.31917	1.0815	60.1501886982	39.9969
2 2 4			-0.01		-0.16		15.11		0.31909	0.7551	29.4672289371	73.6026
4 2 14			0.02		-0.14		14.82		0.31911	1.2576	70.6282605877	19.9713
1 1 7			-0.04		-0.18		15.36		0.31961	0.2012	29.7561292971	6.5386
5 3 9			0.02		-0.15		15.01		0.3196	0.4833	65.0662013285	20.8409
3 7 1			0.02		-0.13		14.74		0.31959	1.2822	71.5694631273	22.2453
9 1 1			0.02		-0.12		14.46		0.31959	0.8793	87.9915459652	19.6393
1 1 15			0.01		-0.1		14.28		0.31971	0.656	61.3839959686	20.6242
0 2 8			-0.09		-0.2		15.74		0.32012	0.1155	35.7619852008	1.7384
5 5 1			0.02		-0.18		15.47		0.32012	0.5073	65.769247456	23.9531
2 4 12			-0.03		-0.21		16.02		0.31934	0.2205	63.4791913795	4.8908
2 2 16			0.02		-0.19		15.7		0.31933	1.1693	70.1293332912	108.6018
0 0 16			0.02		-0.17		15.41		0.31928	1.3342	64.286058028	116.6634
2 4 14			0.02		-0.16		15.16		0.3193	0.5221	70.6383718296	19.4111
1 3 15			0.02		-0.14		14.89		0.31927	0.2862	67.3623786269	8.1809
4 2 6			0.02		-0.12		14.63		0.31929	1.6049	46.7233273538	62.1975
5 1 9			0.02		-0.11		14.41		0.31923	0.4583	58.9619928854	19.0838
4 4 8			-0.17		-0.28		17.44		0.31925	3.9407	61.1479986878	218.5721
7 3 1			0.01		-0.26		17.19		0.31925	0.5095	71.5359286583	22.1332
0 6 16			0.01		-0.26		17.1		0.31951	0.4825	89.3859051251	7.6515
3 1 15			0.02		-0.24		16.82		0.31947	0.2871	67.3554895111	7.7692
4 4 2			-0.08		-0.32		18.19		0.31948	1.2125	52.0311030722	128.6454
0 6 2			0.01		-0.3		17.94		0.31948	0.2356	55.3895592761	6.1752
0 6 0			0.01		-0.29		17.76		0.31948	1.4277	54.7714555341	59.4019
4 2 2			0.01		-0.28		17.57		0.31947	0.457	40.8620305525	12.2524
3 1 1			0.0		-0.28		17.5		0.31946	0.5239	28.3131072915	41.7464
3 1 7			-0.02		-0.29		17.77		0.31982	0.257	39.2655360855	5.205
0 2 10			0.01		-0.28		17.56		0.31976	0.4317	42.9590557724	21.0204
6 0 0			0.01		-0.27		17.37		0.31976	0.7256	54.7363985401	55.434
3 3 9			0.01		-0.26		17.18		0.31969	0.3816	52.4524123761	12.0632
1 5 1			0.01		-0.25		17.04		0.31968	0.4978	46.196563203	27.3004
2 0 14			0.01		-0.24		16.9		0.31965	0.2634	58.6945218607	7.3942
3 3 5			-0.08		-0.32		18.29		0.31968	1.3995	42.8396693434	151.0913
2 0 10			0.01		-0.31		18.08		0.31963	0.6169	42.9543880851	20.236
1 7 1			0.01		-0.3		17.93		0.31962	0.5219	65.7901743415	26.2984
7 1 3			-0.0		-0.3		18.01		0.31964	1.4031	66.8553232335	91.2915
1 1 13			-0.01		-0.32		18.2		0.32009	0.3722	52.9310122384	10.9703
4 2 0			0.0		-0.31		18.13		0.32009	0.9287	40.0811891304	86.5118
2 4 2			0.01		-0.3		17.98		0.32009	0.3828	40.8766170199	13.2501
0 2 14			0.01		-0.3		17.88		0.32006	0.2479	58.6982494177	6.3292
0 4 12			0.0		-0.29		17.81		0.3202	1.4889	60.4300914167	161.7651
4 0 12			0.0		-0.29		17.74		0.32034	2.7435	60.4154589103	161.2613
5 3 1			0.01		-0.28		17.63		0.32033	0.5252	53.2386121167	32.835
3 1 13			-0.0		-0.29		17.72		0.32069	0.3869	59.4126405656	11.7895
1 5 13			-0.0		-0.29		17.75		0.321	1.1973	71.2966048402	12.6128
3 5 1			0.01		-0.28		17.64		0.32099	0.5283	53.2544885252	31.9012
4 2 8			0.0		-0.28		17.63		0.32108	0.7605	51.4203212226	2.5419
2 2 8			-0.1		-0.38		19.57		0.32109	1.8488	40.1384116224	216.1995
2 4 0			0.0		-0.38		19.51		0.32109	1.4359	40.0960076051	88.2765
6 4 6			0.01		-0.37		19.39		0.32106	0.9247	71.9614498967	41.9809
5 1 1			0.01		-0.37		19.25		0.32106	0.5346	46.1701152	26.7419
4 4 4			-0.0		-0.37		19.31		0.321	0.8476	53.9354251327	76.9211
2 4 8			0.0		-0.37		19.29		0.32109	0.1687	51.4325245866	2.4593
1 3 1			0.0		-0.36		19.23		0.32109	0.5324	28.3265170018	42.1271
4 6 6			0.01		-0.36		19.12		0.32105	1.1903	71.9781772466	41.9784
7 3 3			0.0		-0.36		19.1		0.32105	1.9283	72.601334037	69.5466
7 1 7			-0.0		-0.36		19.13		0.32126	0.3505	72.2660298289	5.0526
1 1 1			0.0		-0.36		19.11		0.32125	0.5749	13.0194761966	56.7652
1 1 9			-0.0		-0.36		19.17		0.32104	0.2216	37.1193146943	1.1702
0 4 20			0.01		-0.36		19.07		0.32101	1.027	94.1654323607	18.6345
3 3 13			-0.01		-0.36		19.2		0.32141	0.5636	65.4922780779	9.1158
2 0 12			-0.0		-0.36		19.23		0.32117	0.8079	50.6101057273	16.6151