HKL Value		Reward		TotalReward	Chi Squared	Z Appr. 	Error	Two-Thetas	Sfs2
1 1 15			0.0		0.0		0.0		0.3	0.656	61.3839959686	20.6242
3 7 3			0.0		0.0		17.8		0.33974	0.8954	72.6346668965	71.6226
4 4 6			-66.06		-66.06		83.86		0.33389	4.3817	57.0116572758	400.3855
5 1 7			13.96		-52.1		55.94		0.33607	0.2609	54.1000446603	4.252
2 4 2			6.04		-46.06		43.87		0.33568	0.3828	40.8766170199	13.2501
0 0 10			3.34		-42.73		37.2		0.32915	0.8316	38.8438017949	41.7013
0 6 6			2.97		-39.76		31.26		0.32895	1.0147	60.183190367	40.9583
6 2 10			1.88		-37.88		27.5		0.32713	0.7103	71.9901825081	43.9921
0 2 16			1.55		-36.33		24.4		0.32604	1.8687	67.2407114996	13.8307
0 6 2			1.19		-35.13		22.01		0.32601	0.2356	55.3895592761	6.1752
1 3 13			1.03		-34.11		19.96		0.32689	0.3907	59.4200243294	11.5335
3 3 13			0.81		-33.29		18.33		0.32775	0.5636	65.4922780779	9.1158
2 4 14			0.59		-32.71		17.16		0.32743	0.5221	70.6383718296	19.4111
2 2 12			0.31		-32.4		16.54		0.32789	1.9766	54.0147953295	208.0279
4 2 14			0.42		-31.97		15.69		0.3276	1.2576	70.6282605877	19.9713
2 0 14			0.44		-31.53		14.81		0.32799	0.2634	58.6945218607	7.3942
2 0 16			0.37		-31.17		14.08		0.32756	0.5935	67.2372591268	11.8907
4 2 0			0.04		-31.13		14.0		0.32756	0.9287	40.0811891304	86.5118
4 4 12			0.31		-30.82		13.38		0.3273	1.9475	72.2035773977	130.2426
6 4 2			0.33		-30.49		12.73		0.32728	0.2211	67.6401768609	4.8049
4 2 6			0.32		-30.17		12.09		0.32728	1.6049	46.7233273538	62.1975
0 2 14			0.19		-29.99		11.72		0.32776	0.2479	58.6982494177	6.3292
6 0 6			0.23		-29.76		11.27		0.32771	1.0815	60.1501886982	39.9969
6 4 0			0.24		-29.52		10.78		0.32771	1.8287	67.0910631577	58.6803
2 0 2			-0.42		-29.94		11.2		0.32764	0.6502	19.2320929378	35.9547
4 0 10			0.13		-29.81		10.95		0.3272	0.6243	53.7713327333	45.2096
1 7 7			0.15		-29.66		10.65		0.32753	0.4353	72.3061031614	6.1143
0 6 8			0.2		-29.47		10.25		0.32753	0.7694	64.1950429677	5.6946
6 0 2			0.14		-29.33		9.98		0.32752	0.2214	55.354768557	5.4487
1 1 13			0.16		-29.16		9.65		0.32772	0.3722	52.9310122384	10.9703
4 6 2			0.14		-29.03		9.37		0.3277	0.2349	67.657370766	5.5969
6 0 0			0.08		-28.95		9.22		0.3277	0.7256	54.7363985401	55.434
1 1 3			-0.1		-29.05		9.32		0.32771	0.4514	16.9416048235	36.8187
2 4 8			0.06		-28.99		9.2		0.32807	0.1687	51.4325245866	2.4593
0 0 4			-0.49		-29.48		9.69		0.32787	0.8482	15.2869714585	59.1035
1 3 1			-0.15		-29.62		9.84		0.32783	0.5324	28.3265170018	42.1271
0 6 14			-0.05		-29.67		9.89		0.32761	0.9096	81.7552219026	27.2955