HKL Value		Reward		TotalReward	Chi Squared	Z Appr. 	Error	Two-Thetas	Sfs2
1 1 15			0.0		0.0		0.0		0.3	0.656	61.3839959686	20.6242
2 0 2			0.0		0.0		10.95		0.25972	0.6502	19.2320929378	35.9547
2 4 2			2.21		2.21		6.53		0.25964	0.3828	40.8766170199	13.2501
3 3 7			-0.93		1.29		7.46		0.2331	0.1558	47.1418707618	3.5073
0 2 16			0.51		1.8		6.43		0.23705	1.8687	67.2407114996	13.8307
0 6 2			0.6		2.4		5.22		0.23706	0.2356	55.3895592761	6.1752
6 4 2			0.35		2.75		4.53		0.23702	0.2211	67.6401768609	4.8049
3 7 3			-7.26		-4.51		11.79		0.23742	0.8954	72.6346668965	71.6226
6 0 8			0.6		-3.91		10.58		0.23628	2.9234	64.163237895	5.3359
3 5 9			0.58		-3.33		9.43		0.23663	0.4755	65.0802252419	19.5165
0 2 14			0.45		-2.88		8.52		0.23715	0.2479	58.6982494177	6.3292
2 0 14			0.36		-2.52		7.8		0.2376	0.2634	58.6945218607	7.3942
6 4 0			0.32		-2.19		7.15		0.2376	1.8287	67.0910631577	58.6803
4 6 2			0.25		-1.94		6.64		0.23758	0.2349	67.657370766	5.5969
2 4 10			-0.03		-1.96		6.67		0.23774	0.607	57.0555982332	12.0937
4 2 10			0.01		-1.95		6.65		0.23789	1.1102	57.0442200735	11.3144
4 6 0			0.21		-1.75		6.24		0.23789	0.7863	67.1083315067	59.4729
3 3 9			0.13		-1.61		5.97		0.23846	0.3816	52.4524123761	12.0632
2 4 14			-0.17		-1.79		6.14		0.23911	0.5221	70.6383718296	19.4111
2 0 16			0.16		-1.63		5.82		0.23902	0.5935	67.2372591268	11.8907
5 5 7			0.09		-1.53		5.64		0.23866	0.6639	72.2860687267	4.3062
0 0 4			0.03		-1.5		5.58		0.23856	0.8482	15.2869714585	59.1035
0 2 20			0.11		-1.39		5.35		0.23836	0.4494	86.0769303832	2.8517
6 0 12			-2.85		-4.25		8.2		0.23205	0.5892	74.995462768	0.9301
4 2 14			-0.21		-4.45		8.41		0.23196	1.2576	70.6282605877	19.9713
0 2 10			-0.22		-4.67		8.63		0.23187	0.4317	42.9590557724	21.0204