HKL Value		Reward		TotalReward	Chi Squared	Z Appr. 	Error	Two-Thetas	Sfs2
1 3 9			0.0		0.0		0.0		0.3	0.2622	45.3040218183	7.1674
2 0 2			0.0		0.0		17.26		0.30882	0.6502	19.2320929378	35.9547
1 1 15			1.76		1.76		13.75		0.30085	0.656	61.3839959686	20.6242
5 1 7			0.37		2.13		13.01		0.36354	0.2609	54.1000446603	4.252
2 4 2			0.66		2.79		11.69		0.36458	0.3828	40.8766170199	13.2501
0 2 16			1.17		3.95		9.35		0.36454	1.8687	67.2407114996	13.8307
0 6 2			0.62		4.57		8.11		0.36469	0.2356	55.3895592761	6.1752
6 4 2			0.42		5.0		7.26		0.36474	0.2211	67.6401768609	4.8049
0 2 10			-0.85		4.14		8.12		0.36453	0.4317	42.9590557724	21.0204
4 2 10			0.08		4.22		7.96		0.3644	1.1102	57.0442200735	11.3144
0 4 14			-2.22		2.0		10.18		0.36002	1.2337	67.7597167724	121.3788
0 6 0			0.17		2.17		9.85		0.36002	1.4277	54.7714555341	59.4019
2 4 14			0.38		2.55		9.09		0.35957	0.5221	70.6383718296	19.4111
5 1 13			0.3		2.85		8.49		0.36086	0.4567	71.2764535317	11.3258
2 4 10			0.07		2.92		8.35		0.3605	0.607	57.0555982332	12.0937
3 5 7			0.21		3.13		7.93		0.36055	0.2309	60.5203777188	5.6046
2 2 4			-2.62		0.51		10.55		0.36015	0.7551	29.4672289371	73.6026
4 2 8			0.27		0.78		10.01		0.35907	0.7605	51.4203212226	2.5419
0 2 14			0.25		1.03		9.5		0.35949	0.2479	58.6982494177	6.3292
4 2 14			0.23		1.26		9.04		0.35916	1.2576	70.6282605877	19.9713
3 3 7			0.21		1.47		8.63		0.3592	0.1558	47.1418707618	3.5073
2 6 4			-1.94		-0.47		10.56		0.35839	0.8772	60.3635846112	78.02
2 0 14			0.23		-0.24		10.1		0.35867	0.2634	58.6945218607	7.3942
5 3 1			-0.16		-0.4		10.26		0.35825	0.5252	53.2386121167	32.835
6 4 0			0.21		-0.18		9.83		0.35825	1.8287	67.0910631577	58.6803
4 6 6			0.19		0.01		9.46		0.35904	1.1903	71.9781772466	41.9784
4 6 2			0.13		0.13		9.2		0.35906	0.2349	67.657370766	5.5969
5 3 9			0.08		0.21		9.04		0.35506	0.4833	65.0662013285	20.8409
6 0 6			0.16		0.37		8.73		0.35449	1.0815	60.1501886982	39.9969
2 0 16			0.03		0.4		8.66		0.3583	0.5935	67.2372591268	11.8907
3 3 15			0.12		0.52		8.43		0.35886	0.3402	73.0835579415	3.8877
0 6 8			0.13		0.65		8.17		0.35764	0.7694	64.1950429677	5.6946
6 0 2			0.1		0.75		7.97		0.35807	0.2214	55.354768557	5.4487
0 6 10			0.08		0.83		7.82		0.3536	0.8527	69.1637693973	8.5049
5 1 1			-0.09		0.74		7.9		0.35337	0.5346	46.1701152	26.7419
4 6 0			0.11		0.85		7.68		0.35336	0.7863	67.1083315067	59.4729
1 1 13			0.05		0.9		7.58		0.35928	0.3722	52.9310122384	10.9703
7 3 1			0.02		0.92		7.54		0.35915	0.5095	71.5359286583	22.1332
5 1 9			0.08		1.0		7.37		0.35357	0.4583	58.9619928854	19.0838
6 0 10			0.06		1.06		7.26		0.35334	1.0728	69.1331306246	8.9056
1 1 11			-4.02		-2.96		11.28		0.35997	2.144	44.8525636461	378.5934
3 5 9			0.06		-2.9		11.16		0.35922	0.4755	65.0802252419	19.5165
0 6 14			0.11		-2.79		10.94		0.35902	0.9096	81.7552219026	27.2955
1 7 7			0.1		-2.7		10.75		0.35903	0.4353	72.3061031614	6.1143
0 6 6			0.1		-2.59		10.54		0.35861	1.0147	60.183190367	40.9583
6 0 8			0.11		-2.48		10.32		0.3583	2.9234	64.163237895	5.3359
3 7 1			0.04		-2.44		10.23		0.35821	1.2822	71.5694631273	22.2453
4 4 0			-6.72		-9.16		16.95		0.35821	4.9852	51.3853572345	648.027
6 0 0			0.13		-9.03		16.7		0.35821	0.7256	54.7363985401	55.434
5 3 7			0.15		-8.88		16.4		0.35821	0.2523	60.5057581853	5.4388
0 6 16			0.14		-8.74		16.11		0.35897	0.4825	89.3859051251	7.6515
4 2 2			0.09		-8.65		15.94		0.35901	0.457	40.8620305525	12.2524
6 2 10			-0.12		-8.77		16.06		0.35966	0.7103	71.9901825081	43.9921
2 6 2			-1.28		-10.06		17.34		0.36001	1.2892	58.5985395934	134.3564
1 3 15			0.13		-9.93		17.09		0.36019	0.2862	67.3623786269	8.1809
0 0 10			-0.07		-10.0		17.16		0.36069	0.8316	38.8438017949	41.7013
1 7 1			0.05		-9.95		17.06		0.36065	0.5219	65.7901743415	26.2984
5 1 11			-0.77		-10.71		17.82		0.36103	3.2753	64.7131722767	203.727
3 1 7			0.14		-10.57		17.54		0.36105	0.257	39.2655360855	5.205
1 5 7			0.14		-10.44		17.27		0.36106	0.6035	54.1236034243	4.2528
1 1 7			0.13		-10.31		17.01		0.36108	0.2012	29.7561292971	6.5386
1 3 7			0.13		-10.18		16.75		0.3611	0.1893	39.2755843192	5.3372
3 1 15			0.11		-10.07		16.54		0.36122	0.2871	67.3554895111	7.7692
3 3 9			0.1		-9.97		16.33		0.36098	0.3816	52.4524123761	12.0632
2 4 8			0.11		-9.86		16.11		0.3607	0.1687	51.4325245866	2.4593
7 1 7			0.11		-9.75		15.89		0.36071	0.3505	72.2660298289	5.0526
9 1 1			0.08		-9.66		15.72		0.36068	0.8793	87.9915459652	19.6393
5 5 1			0.07		-9.59		15.58		0.36064	0.5073	65.769247456	23.9531
1 3 3			-0.12		-9.71		15.7		0.3605	0.7045	30.3940112777	66.1614
3 3 5			-0.63		-10.34		16.32		0.36117	1.3995	42.8396693434	151.0913
3 3 1			0.02		-10.32		16.29		0.36114	0.5106	38.1558496662	33.1617
0 4 6			-3.79		-14.11		20.08		0.35968	3.7688	42.9189471786	481.9509
0 0 2			-0.73		-14.84		20.8		0.35986	1.161	7.62646333295	98.931
1 5 9			0.12		-14.71		20.56		0.35941	0.4394	58.984264935	17.7365
2 6 10			-0.03		-14.74		20.58		0.35992	0.7069	72.0169435829	44.7171
3 1 9			0.13		-14.61		20.33		0.35966	0.36	45.2950695798	8.7768
1 5 1			0.06		-14.56		20.22		0.35961	0.4978	46.196563203	27.3004
4 6 4			0.04		-14.51		20.13		0.35972	1.0731	69.291881243	33.3045
1 3 13			0.12		-14.39		19.89		0.36011	0.3907	59.4200243294	11.5335
4 2 6			0.08		-14.31		19.73		0.35969	1.6049	46.7233273538	62.1975
2 4 0			0.04		-14.27		19.65		0.35969	1.4359	40.0960076051	88.2765
7 1 1			0.06		-14.22		19.54		0.35965	0.5207	65.7483230412	25.2044
1 1 1			-0.06		-14.27		19.59		0.35957	0.5749	13.0194761966	56.7652
6 4 4			0.03		-14.24		19.52		0.35968	0.6669	69.2748711385	33.991
5 5 7			0.11		-14.13		19.3		0.35968	0.6639	72.2860687267	4.3062
0 4 12			-0.44		-14.57		19.74		0.35497	1.4889	60.4300914167	161.7651
4 0 10			-0.07		-14.64		19.82		0.35565	0.6243	53.7713327333	45.2096
3 5 1			0.04		-14.6		19.73		0.35552	0.5283	53.2544885252	31.9012
2 0 12			0.11		-14.49		19.51		0.35506	0.8079	50.6101057273	16.6151
2 0 10			0.05		-14.44		19.41		0.35482	0.6169	42.9543880851	20.236
6 4 6			0.1		-14.34		19.22		0.3553	0.9247	71.9614498967	41.9809
0 4 10			-0.07		-14.41		19.28		0.35587	0.9893	53.7871001638	44.1425
3 3 13			0.09		-14.32		19.11		0.35664	0.5636	65.4922780779	9.1158
1 1 9			0.1		-14.22		18.9		0.35699	0.2216	37.1193146943	1.1702
0 4 20			0.03		-14.19		18.84		0.36049	1.027	94.1654323607	18.6345
2 2 16			0.02		-14.17		18.8		0.36132	1.1693	70.1293332912	108.6018
0 0 20			0.0		-14.16		18.8		0.36276	0.4542	83.3712939521	4.3689
2 4 6			0.04		-14.12		18.71		0.36266	0.785	46.7364348384	64.2552
4 4 10			-0.03		-14.16		18.75		0.36278	0.6886	66.23802526	47.6672
4 2 0			0.03		-14.13		18.69		0.36278	0.9287	40.0811891304	86.5118
1 5 13			0.09		-14.03		18.5		0.36282	1.1973	71.2966048402	12.6128
6 0 4			-0.05		-14.08		18.55		0.36284	0.7069	57.1830782131	42.6751