HKL Value		Reward		TotalReward	Chi Squared	Z Appr. 	Error	Two-Thetas	Sfs2
1 1 15			0.0		0.0		0.0		0.3	0.656	61.3839959686	20.6242
2 0 2			0.0		0.0		10.95		0.25972	0.6502	19.2320929378	35.9547
2 4 2			2.21		2.21		6.53		0.25964	0.3828	40.8766170199	13.2501
0 2 16			1.08		3.29		4.37		0.26021	1.8687	67.2407114996	13.8307
0 6 2			0.5		3.79		3.37		0.2602	0.2356	55.3895592761	6.1752
6 4 2			0.23		4.02		2.92		0.26023	0.2211	67.6401768609	4.8049
6 0 8			-0.15		3.86		3.07		0.26135	2.9234	64.163237895	5.3359
3 5 9			-1.41		2.45		4.49		0.26142	0.4755	65.0802252419	19.5165
0 2 14			0.28		2.73		3.93		0.2614	0.2479	58.6982494177	6.3292
6 2 6			-30.36		-27.63		34.28		0.26273	3.9921	63.2107357729	344.5633
2 0 14			1.69		-25.93		30.9		0.26206	0.2634	58.6945218607	7.3942
6 4 0			1.4		-24.53		28.09		0.26206	1.8287	67.0910631577	58.6803
4 6 2			1.15		-23.38		25.79		0.26207	0.2349	67.657370766	5.5969
4 2 10			0.75		-22.63		24.3		0.26184	1.1102	57.0442200735	11.3144
6 2 8			-4.34		-26.97		28.64		0.26015	3.3751	67.1207225085	222.106
2 4 10			0.74		-26.24		27.16		0.25996	0.607	57.0555982332	12.0937
0 0 4			0.7		-25.53		25.75		0.26011	0.8482	15.2869714585	59.1035
4 6 0			0.76		-24.78		24.24		0.26011	0.7863	67.1083315067	59.4729
2 4 14			0.46		-24.31		23.31		0.25935	0.5221	70.6383718296	19.4111
0 2 10			0.28		-24.03		22.75		0.25912	0.4317	42.9590557724	21.0204
4 2 14			0.4		-23.64		21.96		0.25842	1.2576	70.6282605877	19.9713
0 4 4			0.42		-23.21		21.12		0.25853	0.8482	39.0545896029	78.0016
0 6 8			0.37		-22.84		20.37		0.25901	0.7694	64.1950429677	5.6946
5 1 13			0.35		-22.49		19.66		0.25857	0.4567	71.2764535317	11.3258
4 2 8			0.27		-22.22		19.12		0.25925	0.7605	51.4203212226	2.5419
6 0 2			0.38		-21.84		18.36		0.25925	0.2214	55.354768557	5.4487
0 2 22			0.04		-21.8		18.28		0.27687	1.8317	96.7387030121	97.213
5 3 1			0.27		-21.52		17.73		0.2768	0.5252	53.2386121167	32.835
3 5 5			-2.92		-24.44		20.65		0.27636	1.2751	56.9624934876	133.7285
2 0 16			0.27		-24.18		20.12		0.27665	0.5935	67.2372591268	11.8907
3 3 3			-0.61		-24.78		20.72		0.27699	0.8081	39.7679129272	70.9373
5 3 9			0.16		-24.63		20.41		0.27701	0.4833	65.0662013285	20.8409
4 0 6			-11.38		-36.01		31.79		0.27842	5.3963	42.900258124	488.2208
3 1 9			0.46		-35.55		30.88		0.27841	0.36	45.2950695798	8.7768
5 1 1			0.42		-35.13		30.04		0.27835	0.5346	46.1701152	26.7419
2 2 16			-1.03		-36.16		31.07		0.27743	1.1693	70.1293332912	108.6018
1 7 7			-1.06		-37.22		32.13		0.25569	0.4353	72.3061031614	6.1143
5 1 7			1.16		-36.06		29.82		0.2411	0.2609	54.1000446603	4.252
3 5 7			0.37		-35.69		29.08		0.24085	0.2309	60.5203777188	5.6046
5 3 7			0.35		-35.34		28.38		0.24062	0.2523	60.5057581853	5.4388
0 2 2			0.21		-35.13		27.96		0.24062	0.4614	19.2417464495	36.8131
0 2 20			0.33		-34.81		27.3		0.24066	0.4494	86.0769303832	2.8517
3 3 7			0.27		-34.54		26.76		0.24021	0.1558	47.1418707618	3.5073
1 5 3			-0.84		-35.38		27.6		0.24035	0.9511	47.585042181	85.8034
1 1 7			0.29		-35.09		27.03		0.24008	0.2012	29.7561292971	6.5386
0 6 0			0.23		-34.86		26.57		0.24008	1.4277	54.7714555341	59.4019
6 0 10			0.24		-34.62		26.09		0.24013	1.0728	69.1331306246	8.9056
0 6 10			0.23		-34.39		25.62		0.24021	0.8527	69.1637693973	8.5049
4 4 12			0.26		-34.12		25.09		0.24011	1.9475	72.2035773977	130.2426
7 3 1			0.24		-33.88		24.61		0.24012	0.5095	71.5359286583	22.1332
1 5 1			0.24		-33.63		24.12		0.24012	0.4978	46.196563203	27.3004
5 1 9			0.23		-33.4		23.65		0.24019	0.4583	58.9619928854	19.0838
1 3 15			0.19		-33.21		23.27		0.24011	0.2862	67.3623786269	8.1809
4 2 2			0.2		-33.01		22.86		0.24011	0.457	40.8620305525	12.2524
0 2 12			-0.07		-33.08		22.94		0.23865	0.3827	50.6142203783	17.5707
6 0 0			0.17		-32.91		22.6		0.23865	0.7256	54.7363985401	55.434
3 1 3			-0.54		-33.46		23.15		0.23868	1.2003	30.3814370344	67.5761
1 3 7			0.19		-33.26		22.76		0.23856	0.1893	39.2755843192	5.3372
4 4 8			-1.2		-34.46		23.96		0.23906	3.9407	61.1479986878	218.5721
0 4 14			-1.2		-35.67		25.16		0.23859	1.2337	67.7597167724	121.3788
3 1 15			0.18		-35.48		24.79		0.2385	0.2871	67.3554895111	7.7692
1 7 1			0.2		-35.28		24.39		0.2385	0.5219	65.7901743415	26.2984
1 5 9			0.19		-35.09		24.02		0.23869	0.4394	58.984264935	17.7365
3 3 1			0.19		-34.9		23.64		0.23869	0.5106	38.1558496662	33.1617
2 4 0			0.08		-34.83		23.48		0.23869	1.4359	40.0960076051	88.2765
0 6 16			0.18		-34.65		23.13		0.23848	0.4825	89.3859051251	7.6515
4 4 10			-0.0		-34.65		23.13		0.23821	0.6886	66.23802526	47.6672
3 3 15			0.17		-34.49		22.8		0.23816	0.3402	73.0835579415	3.8877
0 2 0			-0.36		-34.85		23.16		0.23816	1.4407	17.6394681947	177.2483
2 4 8			0.14		-34.71		22.89		0.23795	0.1687	51.4325245866	2.4593
7 1 7			0.16		-34.55		22.56		0.2379	0.3505	72.2660298289	5.0526
2 4 12			-0.32		-34.87		22.89		0.23553	0.2205	63.4791913795	4.8908
5 5 1			0.14		-34.73		22.6		0.23556	0.5073	65.769247456	23.9531
7 1 1			0.15		-34.58		22.29		0.23556	0.5207	65.7483230412	25.2044
3 5 1			0.15		-34.43		21.99		0.23556	0.5283	53.2544885252	31.9012
3 3 9			0.12		-34.31		21.76		0.23582	0.3816	52.4524123761	12.0632
3 7 1			0.13		-34.18		21.49		0.23584	1.2822	71.5694631273	22.2453
5 5 7			0.14		-34.04		21.22		0.23579	0.6639	72.2860687267	4.3062
9 1 1			0.12		-33.93		20.99		0.23581	0.8793	87.9915459652	19.6393
3 1 7			0.13		-33.79		20.73		0.23579	0.257	39.2655360855	5.205
1 5 7			0.13		-33.66		20.47		0.23577	0.6035	54.1236034243	4.2528
3 1 1			0.12		-33.55		20.23		0.23575	0.5239	28.3131072915	41.7464
2 2 4			0.11		-33.44		20.01		0.23572	0.7551	29.4672289371	73.6026
1 3 1			0.11		-33.33		19.79		0.2357	0.5324	28.3265170018	42.1271
0 0 6			-6.45		-39.77		26.23		0.2353	7.4326	23.0169618987	709.6598
4 0 12			0.06		-39.71		26.11		0.2359	2.7435	60.4154589103	161.2613
1 3 9			0.09		-39.61		25.92		0.23632	0.2622	45.3040218183	7.1674
0 6 14			0.04		-39.57		25.84		0.23641	0.9096	81.7552219026	27.2955
4 4 2			-0.92		-40.49		26.76		0.23641	1.2125	52.0311030722	128.6454
4 6 4			0.11		-40.38		26.54		0.23643	1.0731	69.291881243	33.3045
1 1 9			0.06		-40.32		26.41		0.23704	0.2216	37.1193146943	1.1702
1 1 1			0.13		-40.19		26.16		0.23704	0.5749	13.0194761966	56.7652
6 4 4			0.1		-40.09		25.95		0.23706	0.6669	69.2748711385	33.991
0 4 20			0.14		-39.95		25.67		0.23698	1.027	94.1654323607	18.6345
2 0 10			0.07		-39.88		25.54		0.23701	0.6169	42.9543880851	20.236
0 0 10			0.04		-39.85		25.46		0.23685	0.8316	38.8438017949	41.7013
3 5 3			-0.46		-40.31		25.92		0.23687	0.9259	54.5093201099	87.7589
4 0 10			0.04		-40.27		25.85		0.23669	0.6243	53.7713327333	45.2096
6 2 10			0.04		-40.23		25.77		0.2365	0.7103	71.9901825081	43.9921
6 2 4			0.11		-40.12		25.55		0.23646	0.8727	60.3342977717	77.9073
4 0 4			0.11		-40.01		25.32		0.23643	1.2165	39.0343929222	79.1487
4 4 4			0.11		-39.89		25.09		0.2364	0.8476	53.9354251327	76.9211