HKL Value		Reward		TotalReward	Chi Squared	Z Appr. 	Error	Two-Thetas	Sfs2
1 1 15			0.0		0.0		0.0		0.3	0.656	61.3839959686	20.6242
5 1 7			0.0		0.0		0.14		0.3397	0.2609	54.1000446603	4.252
2 4 2			-3.87		-3.87		4.0		0.33949	0.3828	40.8766170199	13.2501
0 2 10			-2.95		-6.81		6.95		0.34088	0.4317	42.9590557724	21.0204
2 0 12			-1.59		-8.4		8.54		0.35258	0.8079	50.6101057273	16.6151
0 6 6			0.85		-7.56		6.85		0.35229	1.0147	60.183190367	40.9583
0 2 16			-0.2		-7.75		7.05		0.35105	1.8687	67.2407114996	13.8307
0 6 2			0.3		-7.45		6.45		0.35116	0.2356	55.3895592761	6.1752
6 4 2			0.27		-7.19		5.91		0.35111	0.2211	67.6401768609	4.8049
4 2 10			0.1		-7.09		5.72		0.35099	1.1102	57.0442200735	11.3144
2 4 14			0.2		-6.89		5.32		0.3523	0.5221	70.6383718296	19.4111
3 5 7			0.16		-6.73		5.0		0.35216	0.2309	60.5203777188	5.6046
4 2 14			0.15		-6.58		4.7		0.35332	1.2576	70.6282605877	19.9713
3 3 13			0.09		-6.49		4.51		0.36044	0.5636	65.4922780779	9.1158
1 3 13			0.13		-6.36		4.26		0.36148	0.3907	59.4200243294	11.5335
2 0 16			0.11		-6.24		4.03		0.36217	0.5935	67.2372591268	11.8907
5 3 9			-0.33		-6.58		4.36		0.36151	0.4833	65.0662013285	20.8409
3 7 3			-1.07		-7.65		5.43		0.36116	0.8954	72.6346668965	71.6226
3 1 3			-1.07		-8.72		6.51		0.36078	1.2003	30.3814370344	67.5761