HKL Value		Reward		TotalReward	Chi Squared	Z Appr. 	Error	Two-Thetas	Sfs2
2 0 16			0.0		0.0		0.0		0.3	0.5935	67.2372591268	11.8907
2 0 2			0.0		0.0		15.67		0.30087	0.6502	19.2320929378	35.9547
1 1 15			1.75		1.75		12.16		0.30068	0.656	61.3839959686	20.6242
5 1 7			1.07		2.82		10.03		0.32795	0.2609	54.1000446603	4.252
0 6 14			-0.31		2.51		10.34		0.32666	0.9096	81.7552219026	27.2955
2 4 2			0.34		2.84		9.67		0.32656	0.3828	40.8766170199	13.2501
0 2 16			0.64		3.48		8.4		0.32557	1.8687	67.2407114996	13.8307
0 6 2			0.39		3.87		7.61		0.32554	0.2356	55.3895592761	6.1752
6 4 2			0.42		4.29		6.77		0.3255	0.2211	67.6401768609	4.8049
0 2 10			-0.3		4.0		7.06		0.32486	0.4317	42.9590557724	21.0204
4 2 10			0.24		4.24		6.58		0.32446	1.1102	57.0442200735	11.3144
3 7 5			-4.8		-0.56		11.37		0.32487	1.0548	74.7470539899	89.5814
2 4 14			0.36		-0.19		10.65		0.32466	0.5221	70.6383718296	19.4111
2 6 6			-9.03		-9.22		19.68		0.32529	5.383	63.2392339525	346.2148
2 4 10			0.6		-8.62		18.48		0.32487	0.607	57.0555982332	12.0937
0 2 14			0.37		-8.26		17.75		0.32569	0.2479	58.6982494177	6.3292
4 2 8			0.32		-7.94		17.11		0.32692	0.7605	51.4203212226	2.5419
2 0 14			0.42		-7.52		16.27		0.32802	0.2634	58.6945218607	7.3942
4 2 14			0.32		-7.2		15.62		0.3273	1.2576	70.6282605877	19.9713
6 0 6			0.37		-6.83		14.89		0.32717	1.0815	60.1501886982	39.9969
3 5 7			0.26		-6.57		14.37		0.32832	0.2309	60.5203777188	5.6046
2 2 4			-0.8		-7.37		15.18		0.32764	0.7551	29.4672289371	73.6026
5 3 1			0.12		-7.25		14.94		0.32755	0.5252	53.2386121167	32.835
2 6 8			-7.03		-14.29		21.97		0.32862	4.3291	67.1483383839	218.3417
3 3 7			0.32		-13.97		21.34		0.331	0.1558	47.1418707618	3.5073
6 4 0			0.43		-13.55		20.49		0.331	1.8287	67.0910631577	58.6803
4 6 2			0.36		-13.18		19.76		0.33092	0.2349	67.657370766	5.5969
2 2 8			-0.17		-13.35		19.93		0.36286	1.8488	40.1384116224	216.1995
5 3 9			0.18		-13.17		19.57		0.36238	0.4833	65.0662013285	20.8409
2 2 14			-0.17		-13.34		19.74		0.3614	1.0835	61.7979105177	101.9829
2 2 16			0.16		-13.18		19.42		0.36296	1.1693	70.1293332912	108.6018
0 6 8			0.28		-12.91		18.87		0.36273	0.7694	64.1950429677	5.6946
6 0 2			0.27		-12.64		18.33		0.36276	0.2214	55.354768557	5.4487
1 3 3			-0.18		-12.82		18.51		0.36262	0.7045	30.3940112777	66.1614
0 6 10			0.21		-12.61		18.1		0.36256	0.8527	69.1637693973	8.5049
5 1 1			0.09		-12.52		17.92		0.36253	0.5346	46.1701152	26.7419
0 0 4			-0.66		-13.18		18.58		0.36247	0.8482	15.2869714585	59.1035
3 3 15			0.24		-12.94		18.1		0.36254	0.3402	73.0835579415	3.8877
4 6 0			0.24		-12.7		17.62		0.36254	0.7863	67.1083315067	59.4729
7 1 1			0.09		-12.61		17.44		0.36251	0.5207	65.7483230412	25.2044
7 3 1			0.14		-12.47		17.16		0.36247	0.5095	71.5359286583	22.1332
5 1 9			0.14		-12.33		16.89		0.36211	0.4583	58.9619928854	19.0838
3 5 9			0.1		-12.23		16.69		0.36175	0.4755	65.0802252419	19.5165
0 6 0			0.12		-12.12		16.46		0.36174	1.4277	54.7714555341	59.4019
1 7 7			0.16		-11.96		16.14		0.36176	0.4353	72.3061031614	6.1143
6 0 10			0.13		-11.83		15.88		0.36168	1.0728	69.1331306246	8.9056
6 0 8			0.15		-11.68		15.58		0.3614	2.9234	64.163237895	5.3359
6 0 0			0.12		-11.56		15.35		0.3614	0.7256	54.7363985401	55.434
5 3 7			0.14		-11.42		15.06		0.36142	0.2523	60.5057581853	5.4388
0 6 16			0.15		-11.27		14.76		0.36156	0.4825	89.3859051251	7.6515
0 6 6			0.12		-11.15		14.53		0.36133	1.0147	60.183190367	40.9583
5 1 11			-0.9		-12.05		15.42		0.36159	3.2753	64.7131722767	203.727
4 2 2			0.08		-11.97		15.27		0.3616	0.457	40.8620305525	12.2524
0 4 12			-1.03		-12.99		16.29		0.35994	1.4889	60.4300914167	161.7651
1 3 15			0.12		-12.88		16.06		0.36011	0.2862	67.3623786269	8.1809
6 2 10			-0.1		-12.98		16.16		0.3606	0.7103	71.9901825081	43.9921
1 7 1			0.05		-12.93		16.07		0.36056	0.5219	65.7901743415	26.2984
4 6 4			0.03		-12.9		16.01		0.36065	1.0731	69.291881243	33.3045
0 0 10			-0.08		-12.98		16.09		0.3611	0.8316	38.8438017949	41.7013
1 5 7			0.12		-12.86		15.84		0.3611	0.6035	54.1236034243	4.2528
3 1 7			0.12		-12.74		15.6		0.36112	0.257	39.2655360855	5.205
1 1 7			0.11		-12.62		15.38		0.36115	0.2012	29.7561292971	6.5386
3 1 9			0.11		-12.52		15.16		0.36092	0.36	45.2950695798	8.7768
1 3 7			0.11		-12.41		14.95		0.36094	0.1893	39.2755843192	5.3372
4 2 0			0.02		-12.39		14.91		0.36094	0.9287	40.0811891304	86.5118
7 1 7			0.1		-12.29		14.71		0.36094	0.3505	72.2660298289	5.0526
3 3 9			0.09		-12.21		14.54		0.36065	0.3816	52.4524123761	12.0632
3 1 15			0.08		-12.12		14.37		0.3608	0.2871	67.3554895111	7.7692
2 4 8			0.09		-12.03		14.19		0.36048	0.1687	51.4325245866	2.4593
9 1 1			0.07		-11.96		14.06		0.36044	0.8793	87.9915459652	19.6393
5 5 1			0.06		-11.91		13.94		0.36039	0.5073	65.769247456	23.9531
3 7 1			0.05		-11.85		13.84		0.36035	1.2822	71.5694631273	22.2453
1 5 9			0.07		-11.78		13.69		0.35989	0.4394	58.984264935	17.7365
3 3 1			0.0		-11.78		13.69		0.35983	0.5106	38.1558496662	33.1617
1 5 1			0.01		-11.77		13.66		0.35977	0.4978	46.196563203	27.3004
6 4 4			-0.0		-11.77		13.66		0.35989	0.6669	69.2748711385	33.991
2 4 0			-0.0		-11.77		13.67		0.35989	1.4359	40.0960076051	88.2765
1 3 13			0.08		-11.69		13.51		0.36029	0.3907	59.4200243294	11.5335
5 5 7			0.08		-11.61		13.35		0.3603	0.6639	72.2860687267	4.3062
3 3 5			-0.58		-12.2		13.93		0.36107	1.3995	42.8396693434	151.0913
3 3 11			-0.87		-13.07		14.81		0.36138	2.1204	58.6030846927	249.5822
2 6 10			-0.07		-13.14		14.88		0.36174	0.7069	72.0169435829	44.7171