Number of epochs: 325e-01
-2.503918378141717582e+01
1.738475561669935443e-01
-1.231429156387397805e+00
-2.611831155138586169e+01
-1.245816333145476767e-02
-9.905456852562151582e+00
-2.399487920190883372e+01
5.989825167384013604e-02
-1.051149291867917768e+01
4.655201849714793449e-01
2.092387329869258294e-01
-7.678583305618356114e+00
3.704030979263651102e-01
9.870710619361036664e-02
9.991893557397744929e-02
2.386412005590521634e-01
1.347503808173934337e-01
1.254499853369859808e-01
1.014850191975325000e-01
1.488669740769930638e-01
2.887518796817749589e-01
2.027509490946267645e-01
1.629784786132711105e-01
1.357838411636225762e-01
1.254449945096650643e-01
1.656948704633315617e-01
1.305062433997325466e-01
-2.504729182935458986e+00
6.935093151445401283e+00
-4.480745514265755070e+00
2.874694231912706677e-01
-2.624111425673790188e-01
-2.756332849038809485e+00
1.768088872521505206e-01
-2.308987521559828782e+00
-3.825502102873991728e+00
2.645339117237332616e+00
-5.534725986281619825e+00
9.991260327493340920e-01
1.169237568480765876e+00
-4.269525185394340561e+00
4.155591483613729209e-01
-3.994811756647459466e-02
-1.505181908418970593e+00
-1.609520347242307192e+00
-2.254142525777219408e+00
-1.220423917043145901e+00
-1.120133512804697862e+00
-1.668170826565380516e+00
-1.122113631002396916e+00
-1.113049633974100505e+00
-1.391830144348683351e+00
-6.291573840374309334e-01
-1.298810715028474227e+00
-5.727682584239651709e-01
9.810022355367971347e-02
-2.575210383466243425e+00
1.221184924489873702e-02
-2.361508558708640820e-02
-2.337269477476215940e+00
1.229338826691028369e-01
-9.495423957595111597e-01
7.640203793694225198e-02
-1.124067285303780861e-01
-6.424650878417672573e-01
6.268069610909673961e-02
9.234525115147332319e-02
-3.139447701256653511e-01
1.396016848422826882e-02
8.251324185971803393e-02
-1.881627930584599762e+00
-2.081758185274779738e+00
-7.460041592234083474e-01
-3.888279477302953868e-01
-1.952746990650739534e+00
-1.142691479845891811e+00
-8.561462152232216516e-01
-5.932520641595425692e-01
-1.783727255388486865e+00
-2.431147462777175361e-01
-4.054176002361681852e-01
-1.483257141982288418e+00
-8.150469043642870615e-01
-1.146921775670462651e+01
-1.555806484153023694e+00
-2.018529710041824288e+01
-2.219980080359671148e-01
-3.188904893274095098e+00
-1.967482761925331403e+01
-6.062695565561232458e-01
-9.568244753844412642e+00
-1.454613097265332655e+01
-1.821474171811569842e-01
-1.290429415201411878e+01
-1.158679322897457897e-01
9.712473984091589407e-02
-9.011898540920771694e+00
-9.521006510236044995e-02
2.323435436360910822e-01
1.153017223267261832e-01
8.260036753624703243e-01
1.605551930980443076e-01
1.753368183974440275e-01
2.465115088229620222e-01
2.500723481487288624e-01
8.403434399159295798e-02
2.963809036045612633e-01
1.230620098084848901e-01
2.567228117513099539e-01
-3.585903896127180523e+00
-2.801304321031109490e-01
-4.166084009392771570e+00
7.492162550661524145e-01
-3.182211532586565750e-01
-4.322389894477272065e+00
3.108133681681276572e-01
-2.623720497918657024e+00
-5.279219835313666565e+00
1.370121640728285406e-01
-6.151086495828752554e+00
3.084837461358314048e-01
-3.022785506208918171e+00
3.051079213741477586e-02
1.018699947639663955e-01
1.836179622103256415e-01
8.023486494375291211e-02
1.371870138923737825e-01
2.864274981343221116e-01
1.549470484752716593e-01
9.564636096184305769e-01
9.177624135702221186e-02
8.889672898395112322e-02
5.926985277613498748e-02
2.041117676095391686e-01
3.823935878889003215e-01
-1.017340293976095877e-01
4.504161614935442981e-01
7.933045806053816429e-02
3.094691542483290342e-02
4.359595064082408822e-01
3.852748564613154431e-02
2.126860403403285638e-01
4.877123037531724131e-02
-1.043085515023760479e+01
-7.771802118637601176e+00
-3.681747849556344043e+00
-8.832229102672222609e+00
-7.017157573107666302e+00
-3.532296367993832842e+00
-3.510412637915858891e+00
-2.946877741421958685e+00
-9.569183613446051728e-01
-2.645140471012484840e-01
4.516507701076597631e-02
-1.143358741363722952e+00
-4.682078566938033259e-02
-1.080621020272518162e+00
-6.521476500778319307e-01
-2.224037404999468504e-01
-3.838390776906984714e-01
7.109520661355957227e-02
-2.605043545224875606e-02
-8.590937841572555966e-02
-1.723809335043459678e-01
-2.983952543205367069e-01
4.080702465997911033e-02
4.446693119153558721e-02
3.533312288559465469e-02
-7.489897706645293196e-01
4.820077885946260077e-01
-1.191679492533539886e+00
6.377190279559692421e-01
-1.889333947952015702e+00
3.461866264729003828e-01
-1.605595424770745128e+00
4.158086554848566263e-01
1.138116634265410460e-01
9.841945956762950587e+00
1.725121474788375020e-01
1.720500097465945399e-01
1.666823573964026639e-01
-1.462060739074040605e-01
2.660749707024970823e-01
1.576223518557103631e+00
4.212528903172638173e-02
-2.614484780328639180e-01
1.454213305413957491e-01
-3.650526812782163955e+00
-2.320657357093960094e-01
-1.748146952459340708e-01
-6.286810155223754304e-01
-2.023598968803526077e-01
2.746954418243700846e-02
2.661108666467701389e-01
7.443813916389661889e-02
-7.209144856236503196e-02
-1.002070054806574628e+00
