HKL Value		Reward		TotalReward	Chi Squared	Z Appr. 	Error	Two-Thetas	Sfs2
0 0 3			0.0		0.0		0.0		0.4	0.03	19.1797885945	0.0
4 0 1			0.0		0.0		0.0		0.39994	0.27	58.8934376912	0.0
1 0 0			0.74		0.74		0.0		0.39994	0.0	14.0285801003	0.0
3 0 0			0.5		1.24		0.0		0.39994	0.45	42.9814560157	0.0
2 0 1			0.25		1.49		0.0		0.39994	0.15	29.01034049	0.0
3 0 2			0.05		1.54		0.0		0.39994	0.46	45.0164041053	0.0
3 0 6			-0.16		1.38		0.0		0.39994	0.11	59.366558438	0.0
2 0 3			-0.78		0.6		0.0		0.39994	0.09	34.3920319457	0.0
4 0 3			-0.3		0.3		0.0		0.39994	0.29	62.1413926063	0.0
3 0 4			-0.36		-0.06		0.0		0.39994	0.64	50.7360354343	0.0
1 0 4			-0.11		-0.18		0.0		0.39994	0.08	29.3672081998	0.0
1 0 8			-0.23		-0.41		0.0		0.39998	0.24	54.8685935926	0.0
2 0 7			-0.55		-0.96		0.0		0.39998	4.16	54.6555056564	0.0
1 1 7			-1.0		-1.96		0.0		0.38904	0.15	55.34320722	1.1017
2 0 5			0.08		-1.88		0.0		0.38904	5.26	43.4052500519	0.0
3 0 8			0.07		-1.81		0.0		0.38904	0.3	70.3147352648	0.0
0 0 -8			-1.0		-2.81		0.02		0.37804	0.38	52.7511004195	15.5355
1 2 6			-0.94		-3.75		0.37		0.37269	0.11	69.4566609057	1.2895
4 0 0			-0.14		-3.89		0.43		0.37269	0.08	58.4798162983	46.4355