HKL Value		Reward		TotalReward	Chi Squared	Z Appr. 	Error	Two-Thetas	Sfs2
3 3 7			0.0		0.0		0.0		0.3	0.1558	47.1418707618	3.5073
6 2 10			0.0		0.0		14.21		0.33049	0.7103	71.9901825081	43.9921
0 2 2			-3.96		-3.96		18.17		0.32996	0.4614	19.2417464495	36.8131
6 0 8			3.01		-0.94		12.14		0.32971	2.9234	64.163237895	5.3359
7 3 5			-10.17		-11.11		22.31		0.33253	1.0496	74.7140851895	88.0788
4 6 0			2.23		-8.89		17.86		0.33253	0.7863	67.1083315067	59.4729
7 1 7			1.46		-7.43		14.94		0.33371	0.3505	72.2660298289	5.0526
0 6 8			1.0		-6.42		12.93		0.33277	0.7694	64.1950429677	5.6946
6 4 0			0.81		-5.62		11.32		0.33276	1.8287	67.0910631577	58.6803
4 6 2			0.53		-5.09		10.25		0.33258	0.2349	67.657370766	5.5969
6 4 2			0.45		-4.64		9.36		0.33243	0.2211	67.6401768609	4.8049
2 0 14			0.42		-4.21		8.51		0.33225	0.2634	58.6945218607	7.3942
0 2 14			0.35		-3.86		7.8		0.33241	0.2479	58.6982494177	6.3292
1 5 9			-0.83		-4.69		8.63		0.33213	0.4394	58.984264935	17.7365
1 3 3			-0.73		-5.42		9.36		0.33214	0.7045	30.3940112777	66.1614
0 6 2			0.21		-5.21		8.94		0.33212	0.2356	55.3895592761	6.1752
1 7 7			0.27		-4.94		8.39		0.33235	0.4353	72.3061031614	6.1143
6 0 2			0.17		-4.77		8.05		0.33234	0.2214	55.354768557	5.4487
3 5 7			0.21		-4.56		7.64		0.33274	0.2309	60.5203777188	5.6046
5 3 7			0.19		-4.37		7.26		0.3331	0.2523	60.5057581853	5.4388
1 5 7			0.16		-4.21		6.94		0.3335	0.6035	54.1236034243	4.2528
5 1 7			0.15		-4.05		6.63		0.33384	0.2609	54.1000446603	4.252
4 2 8			0.14		-3.91		6.34		0.33412	0.7605	51.4203212226	2.5419
2 4 8			0.13		-3.78		6.08		0.33439	0.1687	51.4325245866	2.4593
3 3 13			0.09		-3.69		5.9		0.33385	0.5636	65.4922780779	9.1158
4 2 6			0.12		-3.57		5.67		0.33385	1.6049	46.7233273538	62.1975
1 3 13			0.06		-3.51		5.55		0.3333	0.3907	59.4200243294	11.5335
5 1 13			0.06		-3.45		5.42		0.33284	0.4567	71.2764535317	11.3258
1 1 13			0.07		-3.38		5.29		0.33246	0.3722	52.9310122384	10.9703
1 5 13			0.06		-3.33		5.18		0.33208	1.1973	71.2966048402	12.6128
3 1 13			0.06		-3.27		5.06		0.33179	0.3869	59.4126405656	11.7895
0 6 6			0.05		-3.21		4.95		0.33177	1.0147	60.183190367	40.9583
6 0 6			0.04		-3.17		4.87		0.33175	1.0815	60.1501886982	39.9969
3 1 7			0.05		-3.12		4.77		0.332	0.257	39.2655360855	5.205
0 6 16			0.01		-3.11		4.75		0.33191	0.4825	89.3859051251	7.6515
1 3 7			0.05		-3.06		4.65		0.33215	0.1893	39.2755843192	5.3372
9 1 1			0.03		-3.03		4.59		0.33212	0.8793	87.9915459652	19.6393
2 4 6			0.06		-2.97		4.47		0.33212	0.785	46.7364348384	64.2552
7 3 1			0.01		-2.96		4.45		0.33209	0.5095	71.5359286583	22.1332
1 1 15			0.04		-2.93		4.38		0.33202	0.656	61.3839959686	20.6242
2 0 16			-0.06		-2.99		4.44		0.33184	0.5935	67.2372591268	11.8907
1 3 1			-0.27		-3.25		4.71		0.33178	0.5324	28.3265170018	42.1271
0 6 10			0.01		-3.25		4.69		0.33166	0.8527	69.1637693973	8.5049
5 5 1			0.01		-3.23		4.66		0.33162	0.5073	65.769247456	23.9531
6 0 10			0.0		-3.23		4.66		0.3315	1.0728	69.1331306246	8.9056
6 0 0			-0.0		-3.23		4.66		0.3315	0.7256	54.7363985401	55.434
3 7 1			0.01		-3.22		4.64		0.33146	1.2822	71.5694631273	22.2453
4 2 10			-0.03		-3.25		4.67		0.33133	1.1102	57.0442200735	11.3144
5 3 9			-0.01		-3.26		4.68		0.33125	0.4833	65.0662013285	20.8409
0 2 16			-0.06		-3.32		4.74		0.33099	1.8687	67.2407114996	13.8307