HKL Value		Reward		TotalReward	Chi Squared	Z Appr. 	Error	Two-Thetas	Sfs2
2 4 8			0.0		0.0		0.0		0.3	0.1687	51.4325245866	2.4593
3 3 1			0.0		0.0		4.28		0.28659	0.5106	38.1558496662	33.1617
3 5 7			-1.0		-1.0		5.29		0.33569	0.2309	60.5203777188	5.6046
1 3 5			-19.37		-20.37		24.66		0.38713	3.1323	34.189462707	190.138
3 1 15			3.02		-17.36		18.62		0.38593	0.2871	67.3554895111	7.7692
3 3 11			-18.65		-36.01		37.28		0.36608	2.1204	58.6030846927	249.5822
1 1 7			3.0		-33.01		31.27		0.36637	0.2012	29.7561292971	6.5386
3 3 7			2.2		-30.8		26.87		0.36655	0.1558	47.1418707618	3.5073
0 2 14			1.66		-29.15		23.55		0.36589	0.2479	58.6982494177	6.3292
4 6 2			1.16		-27.99		21.23		0.36596	0.2349	67.657370766	5.5969
7 1 3			-0.96		-28.95		22.19		0.36516	1.4031	66.8553232335	91.2915
2 0 8			0.98		-27.97		20.23		0.36479	0.1665	35.7565424018	1.5727
5 1 7			0.79		-27.17		18.64		0.36489	0.2609	54.1000446603	4.252
0 2 20			0.7		-26.47		17.24		0.36401	0.4494	86.0769303832	2.8517
7 1 7			0.56		-25.92		16.13		0.36405	0.3505	72.2660298289	5.0526
6 0 8			0.42		-25.5		15.29		0.36358	2.9234	64.163237895	5.3359
6 0 2			0.43		-25.07		14.43		0.36362	0.2214	55.354768557	5.4487
1 7 7			0.36		-24.71		13.72		0.36368	0.4353	72.3061031614	6.1143
5 3 7			0.33		-24.38		13.05		0.36373	0.2523	60.5057581853	5.4388
2 0 0			-1.75		-26.13		14.8		0.36373	2.02	17.6289686615	175.6782
4 2 14			0.31		-25.82		14.18		0.36328	1.2576	70.6282605877	19.9713
0 6 2			0.29		-25.53		13.61		0.36334	0.2356	55.3895592761	6.1752
6 4 2			0.26		-25.27		13.09		0.36335	0.2211	67.6401768609	4.8049
0 2 8			0.28		-24.99		12.53		0.36325	0.1155	35.7619852008	1.7384
2 4 6			0.04		-24.96		12.46		0.36243	0.785	46.7364348384	64.2552
5 5 7			0.23		-24.73		12.0		0.36248	0.6639	72.2860687267	4.3062
6 4 0			0.23		-24.5		11.54		0.36248	1.8287	67.0910631577	58.6803
0 6 16			0.21		-24.28		11.11		0.3624	0.4825	89.3859051251	7.6515
1 5 7			0.17		-24.11		10.76		0.36243	0.6035	54.1236034243	4.2528
4 6 0			0.18		-23.92		10.39		0.36243	0.7863	67.1083315067	59.4729
0 6 0			0.06		-23.86		10.26		0.36243	1.4277	54.7714555341	59.4019
2 0 14			0.17		-23.69		9.93		0.36244	0.2634	58.6945218607	7.3942
1 3 9			0.13		-23.57		9.68		0.36217	0.2622	45.3040218183	7.1674
3 1 7			0.12		-23.44		9.43		0.36221	0.257	39.2655360855	5.205
4 2 8			0.1		-23.35		9.23		0.36169	0.7605	51.4203212226	2.5419
1 5 9			0.07		-23.28		9.1		0.36097	0.4394	58.984264935	17.7365
3 3 9			0.08		-23.19		8.93		0.36024	0.3816	52.4524123761	12.0632
4 6 6			0.12		-23.07		8.69		0.36038	1.1903	71.9781772466	41.9784
2 0 16			0.09		-22.98		8.51		0.36128	0.5935	67.2372591268	11.8907
2 4 14			0.1		-22.89		8.32		0.36108	0.5221	70.6383718296	19.4111
1 3 15			0.06		-22.82		8.19		0.36128	0.2862	67.3623786269	8.1809
0 6 8			0.08		-22.74		8.03		0.36097	0.7694	64.1950429677	5.6946
6 0 0			0.04		-22.7		7.95		0.36097	0.7256	54.7363985401	55.434
0 2 16			0.07		-22.64		7.81		0.36162	1.8687	67.2407114996	13.8307
3 5 1			-0.13		-22.76		7.94		0.36157	0.5283	53.2544885252	31.9012
9 1 1			0.03		-22.73		7.88		0.36154	0.8793	87.9915459652	19.6393
4 0 10			-0.28		-23.01		8.16		0.36205	0.6243	53.7713327333	45.2096
0 4 18			0.08		-22.93		7.99		0.36208	0.8369	84.5238780681	17.4513
7 1 1			-0.05		-22.98		8.04		0.36204	0.5207	65.7483230412	25.2044
5 5 1			0.02		-22.96		8.0		0.362	0.5073	65.769247456	23.9531
4 4 10			-0.29		-23.25		8.3		0.3625	0.6886	66.23802526	47.6672
3 1 9			0.05		-23.2		8.19		0.3623	0.36	45.2950695798	8.7768
3 7 1			0.02		-23.18		8.16		0.36227	1.2822	71.5694631273	22.2453
5 1 9			0.02		-23.16		8.11		0.36185	0.4583	58.9619928854	19.0838
1 1 9			0.07		-23.09		7.97		0.36181	0.2216	37.1193146943	1.1702
7 3 1			0.01		-23.07		7.94		0.36177	0.5095	71.5359286583	22.1332
5 3 3			-0.51		-23.58		8.45		0.36154	0.9351	54.4936931553	89.9375
2 0 10			-0.08		-23.66		8.53		0.36137	0.6169	42.9543880851	20.236
0 4 8			-1.61		-25.27		10.14		0.36247	4.1351	47.9021960727	235.0989