HKL Value		Reward		TotalReward	Chi Squared	Z Appr. 	Error	Two-Thetas	Sfs2
2 4 8			0.0		0.0		0.0		0.3	0.1687	51.4325245866	2.4593
3 3 1			0.0		0.0		4.28		0.28659	0.5106	38.1558496662	33.1617
3 1 15			1.04		1.04		2.21		0.28156	0.2871	67.3554895111	7.7692
1 1 7			0.67		1.7		0.88		0.23152	0.2012	29.7561292971	6.5386
0 2 14			-0.48		1.22		1.36		0.23393	0.2479	58.6982494177	6.3292
4 6 2			0.09		1.31		1.18		0.23383	0.2349	67.657370766	5.5969
0 0 22			-0.3		1.01		1.48		0.22748	2.2765	94.0325860765	137.6091
3 5 7			0.04		1.05		1.4		0.22797	0.2309	60.5203777188	5.6046
5 1 7			0.05		1.11		1.29		0.22834	0.2609	54.1000446603	4.252
5 5 3			-5.48		-4.38		6.78		0.2283	0.8107	66.8760743485	64.1048
7 1 7			0.3		-4.08		6.18		0.22873	0.3505	72.2660298289	5.0526
5 3 7			0.25		-3.83		5.68		0.22913	0.2523	60.5057581853	5.4388
0 2 20			-0.57		-4.4		6.25		0.23376	0.4494	86.0769303832	2.8517
6 0 8			0.22		-4.18		5.82		0.23366	2.9234	64.163237895	5.3359
6 0 2			0.2		-3.98		5.42		0.23366	0.2214	55.354768557	5.4487
2 0 8			0.18		-3.8		5.06		0.23367	0.1665	35.7565424018	1.5727
6 4 0			0.16		-3.65		4.74		0.23367	1.8287	67.0910631577	58.6803
0 0 14			-2.78		-6.43		7.52		0.233	0.8389	55.4890953336	74.9432
1 7 7			0.2		-6.23		7.13		0.23305	0.4353	72.3061031614	6.1143
4 6 4			-0.02		-6.26		7.16		0.23313	1.0731	69.291881243	33.3045
0 2 12			0.11		-6.15		6.94		0.23261	0.3827	50.6142203783	17.5707
2 4 12			-0.21		-6.36		7.15		0.23143	0.2205	63.4791913795	4.8908
1 5 7			0.16		-6.2		6.83		0.23145	0.6035	54.1236034243	4.2528
6 4 2			0.13		-6.07		6.57		0.23145	0.2211	67.6401768609	4.8049
0 6 2			0.13		-5.94		6.31		0.23145	0.2356	55.3895592761	6.1752
3 1 7			0.12		-5.82		6.07		0.23147	0.257	39.2655360855	5.205
5 5 7			0.12		-5.7		5.83		0.23147	0.6639	72.2860687267	4.3062
0 4 12			-0.84		-6.54		6.67		0.23235	1.4889	60.4300914167	161.7651
0 6 16			0.06		-6.47		6.54		0.23248	0.4825	89.3859051251	7.6515
3 5 1			0.11		-6.36		6.32		0.23248	0.5283	53.2544885252	31.9012
4 6 0			0.1		-6.26		6.11		0.23248	0.7863	67.1083315067	59.4729
2 0 14			0.04		-6.22		6.03		0.23257	0.2634	58.6945218607	7.3942
6 4 4			-0.07		-6.28		6.09		0.23262	0.6669	69.2748711385	33.991
0 2 8			0.09		-6.19		5.91		0.23264	0.1155	35.7619852008	1.7384
5 3 9			0.07		-6.12		5.77		0.23273	0.4833	65.0662013285	20.8409
0 6 8			0.08		-6.04		5.61		0.23269	0.7694	64.1950429677	5.6946
9 1 1			0.03		-6.02		5.56		0.23273	0.8793	87.9915459652	19.6393
4 2 8			0.07		-5.95		5.42		0.23267	0.7605	51.4203212226	2.5419
0 6 10			0.01		-5.93		5.4		0.23262	0.8527	69.1637693973	8.5049
3 5 9			0.05		-5.89		5.3		0.23274	0.4755	65.0802252419	19.5165
2 0 16			0.0		-5.89		5.3		0.23293	0.5935	67.2372591268	11.8907
3 3 9			-0.06		-5.95		5.36		0.23321	0.3816	52.4524123761	12.0632
3 1 5			-1.61		-7.56		6.97		0.23287	2.8985	34.1781376955	186.2389
5 1 9			0.01		-7.55		6.95		0.2331	0.4583	58.9619928854	19.0838
7 3 1			0.05		-7.49		6.84		0.23313	0.5095	71.5359286583	22.1332
6 0 0			0.02		-7.47		6.79		0.23313	0.7256	54.7363985401	55.434
0 2 16			0.01		-7.46		6.78		0.23334	1.8687	67.2407114996	13.8307
3 7 1			0.05		-7.41		6.68		0.23336	1.2822	71.5694631273	22.2453
1 7 1			0.07		-7.34		6.54		0.23336	0.5219	65.7901743415	26.2984
1 5 9			-0.01		-7.35		6.55		0.23361	0.4394	58.984264935	17.7365
2 6 4			0.04		-7.32		6.48		0.23358	0.8772	60.3635846112	78.02
0 6 18			-0.68		-8.0		7.16		0.23578	0.7949	98.0280769063	1.8601
1 3 15			0.04		-7.95		7.07		0.23576	0.2862	67.3623786269	8.1809
4 2 14			-0.1		-8.05		7.17		0.23583	1.2576	70.6282605877	19.9713
2 4 2			0.05		-8.0		7.08		0.23583	0.3828	40.8766170199	13.2501
2 6 8			-1.49		-9.49		8.56		0.23604	4.3291	67.1483383839	218.3417
4 2 2			0.06		-9.43		8.44		0.23605	0.457	40.8620305525	12.2524
7 1 1			0.07		-9.36		8.29		0.23605	0.5207	65.7483230412	25.2044
5 5 5			-0.17		-9.52		8.46		0.23594	1.5862	69.0631626084	104.8873
1 5 1			0.07		-9.45		8.32		0.23594	0.4978	46.196563203	27.3004
5 5 1			0.05		-9.4		8.22		0.23595	0.5073	65.769247456	23.9531
1 3 1			0.05		-9.35		8.11		0.23594	0.5324	28.3265170018	42.1271
3 1 3			-0.73		-10.08		8.84		0.23595	1.2003	30.3814370344	67.5761
1 1 15			-0.0		-10.08		8.84		0.23592	0.656	61.3839959686	20.6242
5 1 1			0.07		-10.01		8.71		0.23592	0.5346	46.1701152	26.7419
0 6 0			0.02		-9.99		8.67		0.23592	1.4277	54.7714555341	59.4019
5 3 1			0.06		-9.93		8.54		0.23592	0.5252	53.2386121167	32.835
2 4 14			-0.05		-9.98		8.59		0.23598	0.5221	70.6383718296	19.4111
1 3 9			-0.02		-10.0		8.61		0.23618	0.2622	45.3040218183	7.1674
4 2 4			-0.27		-10.28		8.89		0.2362	0.7624	43.1345383828	64.2766