HKL Value		Reward		TotalReward	Chi Squared	Z Appr. 	Error	Two-Thetas	Sfs2
2 4 8			0.0		0.0		0.0		0.3	0.1687	51.4325245866	2.4593
3 3 1			0.0		0.0		4.28		0.28659	0.5106	38.1558496662	33.1617
3 1 15			1.04		1.04		2.21		0.28156	0.2871	67.3554895111	7.7692
0 2 14			0.31		1.35		1.58		0.28113	0.2479	58.6982494177	6.3292
4 6 2			0.18		1.53		1.22		0.28116	0.2349	67.657370766	5.5969
6 0 2			0.07		1.61		1.07		0.28112	0.2214	55.354768557	5.4487
6 0 8			-0.24		1.37		1.31		0.28092	2.9234	64.163237895	5.3359
6 4 0			0.09		1.46		1.12		0.28092	1.8287	67.0910631577	58.6803
6 4 2			0.04		1.51		1.03		0.28098	0.2211	67.6401768609	4.8049
2 0 8			0.06		1.56		0.92		0.28093	0.1665	35.7565424018	1.5727
0 2 20			-0.41		1.15		1.33		0.28524	0.4494	86.0769303832	2.8517
0 6 2			0.02		1.17		1.29		0.28521	0.2356	55.3895592761	6.1752
0 6 16			-0.03		1.14		1.32		0.28501	0.4825	89.3859051251	7.6515
2 0 14			0.03		1.17		1.26		0.28499	0.2634	58.6945218607	7.3942
5 1 7			-28.66		-27.49		29.92		0.2832	0.2609	54.1000446603	4.252
3 3 9			0.84		-26.65		28.23		0.28301	0.3816	52.4524123761	12.0632
4 4 8			10.68		-15.96		6.86		0.23803	3.9407	61.1479986878	218.5721
2 0 10			-0.36		-16.32		7.22		0.23819	0.6169	42.9543880851	20.236
4 6 0			0.2		-16.12		6.82		0.23819	0.7863	67.1083315067	59.4729
1 5 7			0.16		-15.95		6.5		0.23799	0.6035	54.1236034243	4.2528
2 0 16			0.16		-15.8		6.18		0.23813	0.5935	67.2372591268	11.8907
0 6 8			0.09		-15.71		6.0		0.23788	0.7694	64.1950429677	5.6946
5 3 7			0.13		-15.58		5.74		0.23778	0.2523	60.5057581853	5.4388
4 4 12			0.12		-15.46		5.5		0.23788	1.9475	72.2035773977	130.2426
1 3 15			0.05		-15.41		5.4		0.23778	0.2862	67.3623786269	8.1809
0 0 6			-22.37		-37.77		27.77		0.23725	7.4326	23.0169618987	709.6598
3 5 9			0.53		-37.24		26.7		0.23728	0.4755	65.0802252419	19.5165
3 5 1			0.49		-36.75		25.72		0.23727	0.5283	53.2544885252	31.9012
1 1 7			0.45		-36.3		24.82		0.23715	0.2012	29.7561292971	6.5386
3 3 15			0.42		-35.89		23.99		0.2371	0.3402	73.0835579415	3.8877
4 2 8			0.35		-35.53		23.29		0.23686	0.7605	51.4203212226	2.5419
7 1 7			0.37		-35.16		22.54		0.23683	0.3505	72.2660298289	5.0526
1 7 7			0.35		-34.81		21.83		0.23684	0.4353	72.3061031614	6.1143
0 4 4			0.28		-34.53		21.27		0.23678	0.8482	39.0545896029	78.0016
2 2 16			0.16		-34.37		20.95		0.23768	1.1693	70.1293332912	108.6018
3 1 7			0.29		-34.07		20.37		0.23759	0.257	39.2655360855	5.205
5 5 7			0.27		-33.81		19.84		0.23746	0.6639	72.2860687267	4.3062
5 3 9			0.27		-33.54		19.3		0.23745	0.4833	65.0662013285	20.8409
0 2 8			0.25		-33.29		18.8		0.23743	0.1155	35.7619852008	1.7384
9 1 1			0.2		-33.09		18.39		0.23746	0.8793	87.9915459652	19.6393
0 6 10			0.17		-32.91		18.04		0.23749	0.8527	69.1637693973	8.5049
3 7 1			0.2		-32.71		17.64		0.23752	1.2822	71.5694631273	22.2453
1 7 1			0.21		-32.5		17.22		0.23752	0.5219	65.7901743415	26.2984
7 3 1			0.18		-32.32		16.86		0.23754	0.5095	71.5359286583	22.1332
5 5 1			0.17		-32.15		16.52		0.23757	0.5073	65.769247456	23.9531
1 5 1			0.18		-31.97		16.16		0.23757	0.4978	46.196563203	27.3004
2 0 2			0.06		-31.92		16.05		0.23757	0.6502	19.2320929378	35.9547
7 1 1			0.17		-31.74		15.71		0.23757	0.5207	65.7483230412	25.2044
4 2 14			0.05		-31.69		15.6		0.2378	1.2576	70.6282605877	19.9713
1 3 9			0.09		-31.6		15.41		0.23819	0.2622	45.3040218183	7.1674
5 1 1			0.15		-31.44		15.1		0.23819	0.5346	46.1701152	26.7419
6 0 0			0.1		-31.34		14.9		0.23819	0.7256	54.7363985401	55.434
5 3 11			-2.77		-34.11		17.67		0.23861	1.8677	70.5420870211	204.0714
0 2 16			0.16		-33.94		17.34		0.2387	1.8687	67.2407114996	13.8307
4 2 2			0.15		-33.8		17.05		0.2387	0.457	40.8620305525	12.2524
2 4 2			0.14		-33.66		16.78		0.23871	0.3828	40.8766170199	13.2501
5 1 9			0.14		-33.52		16.49		0.23881	0.4583	58.9619928854	19.0838
1 5 9			0.13		-33.38		16.22		0.23893	0.4394	58.984264935	17.7365
5 3 1			0.14		-33.25		15.95		0.23893	0.5252	53.2386121167	32.835
3 5 7			0.13		-33.12		15.69		0.23886	0.2309	60.5203777188	5.6046
2 4 14			0.06		-33.06		15.57		0.23905	0.5221	70.6383718296	19.4111
3 1 9			0.11		-32.95		15.36		0.23923	0.36	45.2950695798	8.7768
0 6 0			0.07		-32.88		15.21		0.23923	1.4277	54.7714555341	59.4019
4 6 4			0.07		-32.81		15.07		0.23925	1.0731	69.291881243	33.3045
6 0 10			0.08		-32.73		14.91		0.23929	1.0728	69.1331306246	8.9056
4 2 10			0.07		-32.66		14.77		0.23933	1.1102	57.0442200735	11.3144
6 4 4			0.06		-32.6		14.65		0.23935	0.6669	69.2748711385	33.991
3 1 1			0.1		-32.5		14.46		0.23934	0.5239	28.3131072915	41.7464
0 0 12			-0.34		-32.84		14.8		0.23991	3.2426	47.0346015839	274.3783
1 5 5			-0.53		-33.37		15.32		0.23966	1.8923	50.2743192378	127.3636
1 3 1			0.1		-33.27		15.13		0.23964	0.5324	28.3265170018	42.1271
1 1 15			0.03		-33.24		15.08		0.23954	0.656	61.3839959686	20.6242
0 4 20			0.07		-33.18		14.94		0.23895	1.027	94.1654323607	18.6345
0 4 0			-6.71		-39.88		21.65		0.23895	6.137	35.7152072575	818.959
2 4 10			0.1		-39.78		21.44		0.23898	0.607	57.0555982332	12.0937
1 1 1			0.12		-39.66		21.2		0.23896	0.5749	13.0194761966	56.7652
2 6 4			0.11		-39.55		20.98		0.23894	0.8772	60.3635846112	78.02
1 3 7			0.13		-39.42		20.72		0.23887	0.1893	39.2755843192	5.3372
0 6 14			0.03		-39.39		20.67		0.23899	0.9096	81.7552219026	27.2955
4 0 4			0.11		-39.28		20.45		0.23897	1.2165	39.0343929222	79.1487
2 4 0			0.04		-39.24		20.36		0.23897	1.4359	40.0960076051	88.2765
1 1 9			0.07		-39.17		20.22		0.23926	0.2216	37.1193146943	1.1702
3 3 7			0.1		-39.06		20.01		0.23915	0.1558	47.1418707618	3.5073
0 2 10			0.04		-39.02		19.93		0.23918	0.4317	42.9590557724	21.0204
4 2 0			0.04		-38.98		19.84		0.23918	0.9287	40.0811891304	86.5118
0 0 4			0.09		-38.89		19.66		0.23916	0.8482	15.2869714585	59.1035
4 0 10			-0.03		-38.92		19.69		0.23904	0.6243	53.7713327333	45.2096
4 4 2			-1.0		-39.92		20.69		0.23903	1.2125	52.0311030722	128.6454
0 2 6			-0.92		-40.84		21.61		0.23899	1.1672	29.1471999487	131.5155