Number of epochs: 175e+00
-9.401583959109293787e+00
1.181084277127589927e-01
-8.766692096545617430e-01
-4.103747258507183204e+01
3.082459070201171852e-02
-1.617916161508600936e+01
-5.530541138843948090e+01
3.195071734841484906e-02
-1.423278079896318715e+01
3.224754728034591178e-01
9.889904247055496256e-02
-1.056263940078979680e+01
2.237743242242811181e-01
-7.039717097402267698e-02
6.457439769814951602e-02
9.289460141093060230e-02
9.344416937914114263e-02
1.224335140672702660e-01
1.025795094774658994e-01
5.891970377782884682e+00
9.380448472941504967e-02
1.152324627160139364e-01
1.000727745854837619e-01
2.294654373119394131e-01
1.029175683855220458e-01
1.133939383206888502e-01
1.148899003189254725e-01
-4.236653850621578954e+00
-1.413174188554648658e-01
-3.362845140671282707e+00
3.411635767135929864e-01
-3.946803645356536938e-01
-3.938930340205364367e+00
1.064146100542098239e-01
-2.624605869770622935e+00
-3.391943953595811578e+00
1.069244502603674124e-01
-2.278452131550403603e+00
2.673940315148189972e-01
2.588611749008514207e-01
-4.907053842676564415e+00
8.109464953630828310e-01
-3.020747211936114507e-01
-5.676102649797380995e-01
-1.341131930423400176e+00
-1.723750176964869096e+00
-6.360282622283083276e-01
-1.302176768953198449e+00
-1.077488402828692848e+00
-9.527536108927080472e-01
-1.711130864681026376e+00
-2.596605862140016985e+00
-8.757691054944247711e-01
-1.821831017539882192e+00
-1.882424550470784386e+00
-2.627551265513060064e-01
-1.924602821904861205e+00
-2.910154313693077421e-01
-5.737823159767108105e-01
-5.436542968992942981e+00
-2.968914008201405386e-01
-1.029566335183246917e+00
-2.670759298102062806e-01
-3.822800041971262108e-01
-4.979089901082033309e-01
-4.223248200224414273e-01
3.693846702593225201e-02
-8.002928161331315793e-02
6.629817212249425329e-02
3.908433604036084530e-01
-5.357576273731990746e+00
-2.754744585102050447e+00
-4.513778871647406987e+00
-3.797244683762753259e-01
-4.884299752239017245e+00
-2.053192370309766090e+00
-9.863501482226105788e-01
1.787750351241866945e-02
-7.562568777908963424e-01
-2.669711359004583340e+00
-1.442528542880421316e-01
-8.026174589590349129e-01
-9.991895942248576468e-01
-1.519983593761574348e+01
-2.723873041739089729e+00
-1.300383361893494971e+01
-1.552114009858665718e-02
-3.231973453188340173e+00
-3.370570859235641592e+01
-1.365929219024898389e-01
-5.785662944224045923e+00
-1.458945303645210956e+01
-8.091646025706724643e-01
-2.265187820675658159e+01
-4.437531304536407144e-03
-1.709064908008337338e-02
-1.024050279615971171e+01
1.802240007304495989e-02
1.046433096509262750e+00
2.570120187054055205e-01
6.627758227261754120e-01
4.430157441452685640e-01
-1.435155841267502064e+00
-3.168084434718194259e-02
4.220784652077337884e-01
2.883282085403300887e-01
6.992714699445836679e-01
2.426086605054177947e-01
3.117773167045220783e-01
-3.223930665160656073e+00
3.329005964621841729e-01
-4.231985367890822580e+00
3.578171564206578670e-01
1.814974527858210507e-01
-8.256241809446080993e+00
1.518867929666172234e-01
-7.762219810734718450e+00
-4.098605761804236636e+00
6.921467759889213589e+00
-6.929630693631308347e+00
1.678244136400673658e-01
-3.582028041694674148e+00
7.263483329218772822e-02
1.047957174219263654e-01
1.198987510608321566e-01
9.144103896429472966e-02
1.164618730417590342e-01
1.769395137177991462e-01
1.108854207984434348e-01
1.431271771635093670e-01
-1.278018416976374194e-01
4.098405986414552921e-02
-2.190169052150877649e-01
7.368776510905426791e-02
4.074290236651903485e-02
-7.700243105886073192e-02
8.225418760585428979e-02
-4.227677639690757827e-01
-2.985379679119816720e-01
-6.026513299233471344e-02
-4.383343275263930083e-01
1.481089632756162622e-01
-2.700662701283125244e-01
-9.498041129306857400e+00
-4.764960160656992905e+00
-2.341360670521385412e+00
-8.099301714893142545e+00
-6.014615642520222849e+00
-3.131448728348489308e+00
-4.705832892252157507e+00
-9.460340616404039338e+00
-1.857768467123067202e+00
-5.664499933348377675e-03
-8.947709315492731186e-01
-1.881139994781636793e-01
-2.928675079800057215e-02
-1.350138810133380218e+00
-5.217948514581491337e-02
-8.538147124102530849e-01
-3.546322680196413168e-01
-4.765990764658580847e-01
-1.198654954239603276e-01
-2.758543249112284657e-01
-1.818551656242599068e-01
-6.762900133753340093e-01
-1.076419498194584712e+00
-3.822833328175453405e-01
-1.035734689860336594e-01
-3.198800787016630731e-01
1.981881495725138498e-01
-2.186631305375710710e+00
8.654692700654460502e-01
-1.570072535346963338e+00
1.142592643089411636e-01
-1.126554204640215939e+00
9.351890183351056762e-02
5.300990876886055303e-02
4.309034259178836507e-02
1.396496500617550707e+00
1.075867978603891328e-01
-4.028589184245589400e-02
-3.100295392653397708e-01
1.284979105094829210e-01
1.157705595182071390e-01
-1.662515815902584071e-01
-5.842034632373260816e-01
2.444427740466319221e-01
-5.088083093774242727e+00
-4.204193022956088932e-02
1.248048773075557082e-02
-1.302044899679300483e-01
-3.854613136805645768e-01
-2.405920219755365227e-02
4.468491621809413394e-01
-1.527212367010860050e-01
1.793358572218149982e+00
-4.503450162382708344e-01
