Number of epochs: 300e+00
-1.179384841386223037e+01
1.141797075458738514e-01
-9.867082553473273121e-01
-3.644839341110733244e+01
1.637300520088814937e-02
-1.726507466271355185e+01
-4.305493699891493975e+01
9.172071031939713417e-03
-1.997773468179372713e+01
3.517250389037931968e-01
8.996406519274342817e-02
-1.092913591025654796e+01
2.266421712155744228e-01
2.567906339974855220e-02
6.958595353668589611e-02
1.046955076326985257e-01
1.109202840912636573e-01
1.591570748654181910e-01
8.532387566189526817e-02
6.338213131962965541e+00
9.705221382382550610e-02
1.237586991044329482e-01
1.197802100686777976e-01
1.920610593844751801e-01
1.072122651380482961e-01
1.238354911651076140e-01
1.215851539747198617e-01
-3.328668637082883297e+00
-6.345446795224940484e-02
-3.166009238454248642e+00
4.536914567992234582e-01
-3.132302317911715983e-01
-3.460630285080769308e+00
1.084950605980460892e-01
-2.629714324627274280e+00
-4.314479638686338880e+00
1.126060288521893993e-01
-4.901535305024312450e+00
3.644575270522406596e-01
2.592533699613062126e-01
-4.254210776420105589e+00
8.572741737945436258e-01
-2.265557755656186500e-01
-4.973216736951772687e-01
-1.843147773323363436e+00
-1.444387269260249296e+00
-7.511109241343525422e-01
-1.241223022117966757e+00
-1.625709473392121129e+00
-1.400792669327339368e+00
-1.310758162203991217e+00
-1.775589391773097603e+00
-1.071659450738576380e+00
-1.552129868003913282e+00
-1.471097677052243480e+00
-1.503902720691815964e-01
-1.722996052075883799e+00
2.481112530380649717e-02
-6.917702352547508982e-01
-4.785754710268646406e+00
1.506964991975170975e-02
-1.417699358932337228e-01
-1.897703369823993680e-01
-2.593215171239052763e-01
-8.476951402555256143e-01
-1.948757190823248442e-01
6.843764126794923963e-03
-4.118576772035321132e-01
3.322527446633558729e-02
1.128079229431736413e-01
-4.598956016145224091e+00
-2.103230752618999944e+00
-2.976058492590741622e+00
-3.413780229493282303e-01
-3.437974870584449949e+00
-1.785526181900186860e+00
-8.714648574196234287e-01
1.105349408626275266e-02
-1.033039126854570000e+00
-2.302580632480658807e+00
-1.291846859368579459e-01
-6.742792478885714091e-01
-6.589328913117794562e-01
-1.470397897638675211e+01
-2.416667676231485373e+00
-1.330414885077161813e+01
-2.677540630621269915e-02
-2.413809678606853915e+00
-2.601691463830923112e+01
-2.305856035937388915e-01
-1.185181024650863435e+01
-1.394570305391603604e+01
-9.670533743988733999e-01
-1.349056583833394818e+01
-2.465239293161375009e-02
-2.104188566019849285e-02
-9.766613150902403007e+00
2.647251190427954426e-03
3.949006984565555656e-01
3.267780205688700090e-01
4.404114130096515867e-01
4.213356467209614098e-01
-7.298006825713496681e-01
1.174883785644977897e-02
3.323038106749296450e-01
2.770268797850645726e-01
2.735119736065184659e-01
2.309111341700717246e-01
3.131246340632135583e-01
-3.854982893149273337e+00
2.679881166790337166e-01
-3.475195794471102939e+00
4.105183670419497721e-01
1.612715458884963482e-01
-6.852216157214793490e+00
1.562185324652685114e-01
-7.203122546632020118e+00
-4.828184143182743249e+00
8.000900133505993495e+00
-6.596251482675324240e+00
1.797672117565196626e-01
-2.970549433102044556e+00
3.000851895845033784e-02
8.583848054844404885e-02
1.191534044764348543e-01
7.478992595199862592e-02
1.189093183736452397e-01
1.730637977162723107e-01
1.001243469686822624e-01
1.589946626978181732e-01
-4.220878854892911453e-02
5.636551934222898408e-02
-1.769069244516526251e-01
7.585022890930884221e-02
-7.024095553993304521e-05
-6.450255866080480127e-02
7.760767392568825029e-02
-2.090943140401718692e-01
-2.488617334271209514e-01
1.611672097715303661e-02
-3.035741913901884859e-01
1.252131689475258491e-01
-2.637549973479453858e-01
-8.490419912614671105e+00
-6.260900199463022453e+00
-3.267611703587475880e+00
-6.899085309693888668e+00
-5.170339782163183351e+00
-3.124732319835415328e+00
-4.872382167609234926e+00
-8.079167822880211958e+00
-2.432805977915617923e+00
1.057734599353652490e-03
-8.898247563560922613e-01
-3.595841552652003781e-01
1.768411262855509175e-03
-9.706305022589866160e-01
-4.093166560898830325e-02
-1.430693712118954686e+00
-3.273460023977730615e-01
-3.028039610297669215e-01
-1.467881806840443393e-01
-2.430592135473177151e-01
-4.896545043274845299e-01
-6.727848908709556097e-01
-1.195301819039886970e+00
-5.655841211156784620e-01
-4.639650364632222912e-01
-4.002961153337049605e-01
2.288894429521806384e-01
-2.312114210396391201e+00
9.675439086512598319e-01
-1.272850317378639184e+00
1.381877351393458742e-01
-1.535107709277030885e+00
8.967704616599851686e-02
4.339364156487900137e-02
6.917428215499062116e-02
1.466331629564394889e+00
1.276036480936938444e-01
2.072994890617036248e-02
-4.342105422387885216e-01
1.811499092276771250e-01
1.145651125590842201e-01
-2.335082448633116481e-01
-4.577148355065451257e-01
2.303204818202390647e-01
-4.724458790597656943e+00
-1.455751140294660011e-02
-1.500300842100618821e-03
-1.409839650937362854e-01
-3.065449150819470892e-01
-6.321785499678200804e-02
3.056899653414326679e-01
-5.038385603976254512e-02
-1.332068276678802926e-02
-4.697084853155138462e-01
