HKL Value		Reward		TotalReward	Chi Squared	Z Appr. 	Error	Two-Thetas	Sfs2
4 0 5			0.0		0.0		0.0		0.5	0.26	68.3700248267	0.0
1 0 8			0.0		0.0		0.0		0.5	0.24	54.8685935926	0.0
2 0 3			0.62		0.62		0.0		0.5	0.09	34.3920319457	0.0
0 0 3			0.47		1.09		0.0		0.5	0.03	19.1797885945	0.0
2 0 1			0.32		1.41		0.0		0.5	0.15	29.01034049	0.0
3 1 2			-1.0		0.41		0.0		0.45207	0.11	52.5840292854	11.6912
1 0 4			0.2		0.61		0.0		0.45207	0.08	29.3672081998	0.0
3 0 2			0.17		0.78		0.0		0.45207	0.46	45.0164041053	0.0
1 0 0			0.14		0.92		0.0		0.45207	0.0	14.0285801003	0.0
3 0 0			0.12		1.05		0.0		0.45207	0.45	42.9814560157	0.0
3 0 4			0.11		1.16		0.0		0.45207	0.64	50.7360354343	0.0
3 2 4			-1.0		0.16		0.01		0.43715	0.0	76.369138646	3.3351
4 0 3			0.09		0.25		0.0		0.43715	0.29	62.1413926063	0.0
4 0 1			0.08		0.33		0.0		0.43715	0.27	58.8934376912	0.0
3 0 6			0.08		0.41		0.0		0.43715	0.11	59.366558438	0.0
2 0 7			0.07		0.48		0.0		0.43715	4.16	54.6555056564	0.0
0 0 7			0.07		0.55		0.0		0.43715	0.2	45.7499157105	0.0
2 0 5			0.06		0.61		0.0		0.43715	5.26	43.4052500519	0.0
3 0 8			0.06		0.67		0.0		0.43715	0.3	70.3147352648	0.0
1 0 6			0.06		0.72		0.0		0.43715	0.25	41.5701214249	0.0
3 1 0			0.03		0.75		0.0		0.43715	0.86	50.7823995615	0.002
3 0 7			-0.38		0.37		0.0		0.4413	0.18	64.5726747292	2.8781
2 1 7			0.04		0.41		0.0		0.44158	0.57	61.3678684761	8.4036
4 1 1			-0.12		0.29		0.01		0.44158	0.21	65.3342299592	0.4263
3 1 4			-0.02		0.27		0.01		0.44152	0.33	57.7518627408	0.9567
1 1 4			-0.02		0.25		0.01		0.44144	0.3	39.4492672371	0.9567