HKL Value		Reward		TotalReward	Chi Squared	Z Appr. 	Error	Two-Thetas	Sfs2
0 0 4			0.0		0.0		0.0		0.5	0.08	25.6679215219	1.7476
4 0 5			0.0		0.0		0.0		0.49524	0.26	68.3700248267	0.0
4 1 4			-1.0		-1.0		0.29		0.44195	0.37	71.0458443611	0.4076
1 0 8			0.5		-0.5		0.19		0.44195	0.24	54.8685935926	0.0
2 0 3			0.33		-0.17		0.14		0.44195	0.09	34.3920319457	0.0
0 0 3			0.25		0.08		0.11		0.44195	0.03	19.1797885945	0.0
2 2 4			-0.51		-0.42		0.23		0.43681	0.5	67.3692384702	10.6939
2 0 1			0.17		-0.26		0.2		0.43681	0.15	29.01034049	0.0
1 0 4			0.14		-0.11		0.17		0.43681	0.08	29.3672081998	0.0
3 0 2			0.12		0.01		0.15		0.43681	0.46	45.0164041053	0.0
2 0 7			0.11		0.12		0.14		0.43681	4.16	54.6555056564	0.0
0 2 7			-0.03		0.09		0.14		0.44666	0.0	72.5085769296	0.0094
4 0 1			0.09		0.18		0.13		0.44666	0.27	58.8934376912	0.0
1 0 0			0.08		0.26		0.12		0.44666	0.0	14.0285801003	0.0
3 0 0			0.08		0.34		0.11		0.44666	0.45	42.9814560157	0.0
3 0 4			0.07		0.41		0.11		0.44666	0.64	50.7360354343	0.0
4 0 3			0.07		0.48		0.1		0.44666	0.29	62.1413926063	0.0
1 -1 2			0.06		0.54		0.09		0.44693	0.39	32.1995090242	11.6912
3 1 4			0.05		0.59		0.09		0.44685	0.33	57.7518627408	0.9567
3 0 6			0.06		0.64		0.08		0.44685	0.11	59.366558438	0.0
4 1 5			0.03		0.68		0.08		0.44612	1.53	74.3771604481	7.6693
0 0 8			-0.11		0.56		0.09		0.44146	0.5	52.7511004195	15.5355
0 1 6			-0.4		0.16		0.15		0.44593	0.0	47.2608104201	2.0239
0 0 7			0.05		0.2		0.15		0.44593	0.2	45.7499157105	0.0
3 0 8			0.04		0.25		0.14		0.44593	0.3	70.3147352648	0.0
2 0 5			0.04		0.29		0.14		0.44593	5.26	43.4052500519	0.0
1 0 6			0.04		0.33		0.13		0.44593	0.25	41.5701214249	0.0
3 0 7			0.04		0.36		0.13		0.44593	0.18	64.5726747292	2.8781
3 1 0			0.04		0.4		0.12		0.44593	0.86	50.7823995615	0.002
2 1 1			0.03		0.43		0.12		0.44593	0.13	39.1745550983	0.4263
1 1 4			0.03		0.46		0.11		0.44593	0.3	39.4492672371	0.9567
2 2 6			-0.06		0.4		0.12		0.44575	0.0	74.8444416707	3.2648
4 1 1			0.03		0.43		0.12		0.44575	0.21	65.3342299592	0.4263
2 1 7			0.03		0.46		0.12		0.44556	0.57	61.3678684761	8.4036
0 1 5			0.02		0.48		0.11		0.4454	0.34	41.7114803244	7.6693
1 1 6			0.02		0.5		0.11		0.44562	0.38	49.5460147793	8.8974
3 1 2			0.03		0.53		0.11		0.44569	0.11	52.5840292854	11.6912
1 1 2			0.03		0.56		0.11		0.44576	0.52	32.1995090242	11.6912
2 2 3			0.02		0.58		0.1		0.44565	0.31	64.6616050849	6.6891
0 1 7			0.02		0.6		0.1		0.4455	0.26	53.2385720724	8.4036
-1 -1 -2			0.02		0.63		0.1		0.44555	0.31	32.1995090242	11.6912
3 2 4			-0.0		0.62		0.1		0.44518	0.0	76.369138646	3.3351
1 2 7			-0.0		0.62		0.1		0.44543	0.71	74.291810142	3.5836
3 2 0			-0.01		0.61		0.1		0.44543	0.67	70.467230504	2.2538