HKL Value		Reward		TotalReward	Chi Squared	Z Appr. 	Error	Two-Thetas	Sfs2
4 0 5			0.0		0.0		0.0		0.5	0.26	68.3700248267	0.0
1 0 8			0.0		0.0		0.0		0.5	0.24	54.8685935926	0.0
2 0 3			0.62		0.62		0.0		0.5	0.09	34.3920319457	0.0
0 0 3			0.47		1.09		0.0		0.5	0.03	19.1797885945	0.0
4 0 1			-0.27		0.82		0.0		0.50001	0.27	58.8934376912	0.0
2 0 1			0.25		1.07		0.0		0.50001	0.15	29.01034049	0.0
2 0 7			-0.0		1.06		0.0		0.50001	4.16	54.6555056564	0.0
1 0 4			0.13		1.2		0.0		0.50001	0.08	29.3672081998	0.0
4 1 1			-1.0		0.2		0.0		0.90193	0.21	65.3342299592	0.4263
1 0 5			0.08		0.28		0.0		0.93185	0.22	35.3149362404	7.049
0 2 7			-1.0		-0.72		0.09		0.87152	0.0	72.5085769296	0.0094
0 1 5			-0.08		-0.79		0.1		0.87162	0.34	41.7114803244	7.6693
4 1 4			-0.85		-1.64		0.63		0.90487	0.37	71.0458443611	0.4076
3 0 2			0.08		-1.56		0.59		0.90486	0.46	45.0164041053	0.0
1 0 0			0.08		-1.48		0.54		0.90486	0.0	14.0285801003	0.0
3 0 0			0.07		-1.41		0.51		0.90486	0.45	42.9814560157	0.0
3 0 4			0.07		-1.34		0.48		0.90486	0.64	50.7360354343	0.0
0 0 7			0.06		-1.28		0.45		0.90486	0.2	45.7499157105	0.0
3 0 6			0.06		-1.22		0.42		0.90486	0.11	59.366558438	0.0
3 0 8			0.06		-1.17		0.4		0.90486	0.3	70.3147352648	0.0
4 0 3			0.05		-1.11		0.38		0.90486	0.29	62.1413926063	0.0
2 0 5			0.05		-1.06		0.36		0.90486	5.26	43.4052500519	0.0
1 0 6			0.05		-1.02		0.35		0.90486	0.25	41.5701214249	0.0
3 1 0			0.05		-0.97		0.33		0.90486	0.86	50.7823995615	0.002
3 1 4			0.04		-0.93		0.32		0.90486	0.33	57.7518627408	0.9567
2 1 7			0.03		-0.9		0.31		0.90512	0.57	61.3678684761	8.4036
2 1 1			0.04		-0.86		0.3		0.90512	0.13	39.1745550983	0.4263
1 1 2			-0.01		-0.86		0.3		0.90542	0.52	32.1995090242	11.6912
3 1 5			-0.06		-0.92		0.32		0.90681	0.09	61.4399691436	8.5457
1 1 4			0.04		-0.89		0.31		0.90681	0.3	39.4492672371	0.9567
4 1 3			-0.16		-1.05		0.36		0.90614	0.15	68.408649436	0.0043
3 0 7			-0.22		-1.27		0.47		0.89748	0.18	64.5726747292	2.8781
3 1 2			0.0		-1.27		0.47		0.89769	0.11	52.5840292854	11.6912
4 1 5			0.03		-1.24		0.45		0.89774	1.53	74.3771604481	7.6693
2 2 3			-0.14		-1.37		0.52		0.89818	0.31	64.6616050849	6.6891
-1 -1 -2			0.01		-1.37		0.52		0.89839	0.31	32.1995090242	11.6912
0 1 7			0.02		-1.35		0.51		0.89852	0.26	53.2385720724	8.4036
3 2 4			-0.01		-1.36		0.52		0.89909	0.0	76.369138646	3.3351
1 1 6			0.02		-1.34		0.51		0.89885	0.38	49.5460147793	8.8974
1 2 7			0.03		-1.31		0.49		0.89877	0.71	74.291810142	3.5836
0 0 2			0.01		-1.3		0.49		0.8985	0.15	12.7532192506	5.5981
3 2 0			0.02		-1.29		0.48		0.8985	0.67	70.467230504	2.2538
1 2 6			-0.19		-1.48		0.6		0.90092	0.11	69.4566609057	1.2895
1 1 7			-0.09		-1.57		0.66		0.89939	0.15	55.34320722	1.1017
0 0 -8			-0.07		-1.64		0.71		0.89545	0.38	52.7511004195	15.5355