HKL Value		Reward		TotalReward	Chi Squared	Z Appr. 	Error	Two-Thetas	Sfs2
4 0 5			0.0		0.0		0.0		0.5	0.26	68.3700248267	0.0
1 0 8			0.0		0.0		0.0		0.5	0.24	54.8685935926	0.0
2 0 3			0.62		0.62		0.0		0.5	0.09	34.3920319457	0.0
0 0 3			0.47		1.09		0.0		0.5	0.03	19.1797885945	0.0
3 0 3			-1.0		0.09		0.0		0.45777	0.33	47.4629609511	3.2424
2 0 1			0.25		0.34		0.0		0.45777	0.15	29.01034049	0.0
1 0 4			0.2		0.54		0.0		0.45777	0.08	29.3672081998	0.0
3 0 2			0.17		0.7		0.0		0.45777	0.46	45.0164041053	0.0
3 2 3			-1.0		-0.3		0.07		0.45687	1.08	73.8091166097	1.7896
0 1 7			-0.05		-0.34		0.07		0.45196	0.26	53.2385720724	8.4036
1 0 0			0.11		-0.23		0.07		0.45196	0.0	14.0285801003	0.0
3 0 0			0.1		-0.13		0.06		0.45196	0.45	42.9814560157	0.0
3 0 4			0.09		-0.04		0.06		0.45196	0.64	50.7360354343	0.0
4 0 3			0.08		0.04		0.05		0.45196	0.29	62.1413926063	0.0
2 0 7			0.08		0.12		0.05		0.45196	4.16	54.6555056564	0.0
3 0 6			0.07		0.19		0.04		0.45196	0.11	59.366558438	0.0
1 2 7			0.02		0.21		0.04		0.45471	0.71	74.291810142	3.5836
4 0 1			0.06		0.27		0.04		0.45471	0.27	58.8934376912	0.0
0 0 7			0.06		0.33		0.04		0.45471	0.2	45.7499157105	0.0
2 0 5			0.06		0.38		0.04		0.45471	5.26	43.4052500519	0.0
3 0 8			0.05		0.43		0.03		0.45471	0.3	70.3147352648	0.0
1 0 6			0.05		0.48		0.03		0.45471	0.25	41.5701214249	0.0
3 1 5			-0.56		-0.07		0.07		0.44083	0.09	61.4399691436	8.5457
2 0 2			-0.36		-0.43		0.12		0.43927	0.1	31.1263267788	5.5981
3 1 0			0.04		-0.38		0.11		0.43927	0.86	50.7823995615	0.002
4 1 1			0.03		-0.35		0.11		0.43927	0.21	65.3342299592	0.4263
3 1 4			0.04		-0.31		0.1		0.43923	0.33	57.7518627408	0.9567
1 1 4			0.04		-0.28		0.1		0.43918	0.3	39.4492672371	0.9567
2 1 7			0.03		-0.24		0.1		0.43986	0.57	61.3678684761	8.4036
2 1 1			0.03		-0.21		0.09		0.43986	0.13	39.1745550983	0.4263
3 0 7			0.02		-0.19		0.09		0.44071	0.18	64.5726747292	2.8781
3 1 2			0.02		-0.17		0.09		0.44105	0.11	52.5840292854	11.6912
1 1 6			0.01		-0.16		0.09		0.44207	0.38	49.5460147793	8.8974
0 1 5			0.03		-0.13		0.09		0.4418	0.34	41.7114803244	7.6693
-1 -1 -2			0.02		-0.11		0.08		0.44207	0.31	32.1995090242	11.6912
1 1 2			0.02		-0.08		0.08		0.44235	0.52	32.1995090242	11.6912
-1 -1 2			0.02		-0.06		0.08		0.44262	0.13	32.1995090242	11.6912
4 1 5			0.02		-0.04		0.08		0.44234	1.53	74.3771604481	7.6693
2 2 3			0.03		-0.01		0.08		0.44227	0.31	64.6616050849	6.6891
3 2 4			0.01		-0.0		0.08		0.44158	0.0	76.369138646	3.3351
3 2 0			-0.03		-0.03		0.08		0.44158	0.67	70.467230504	2.2538
0 2 7			-0.04		-0.07		0.08		0.44422	0.0	72.5085769296	0.0094
4 1 3			0.02		-0.04		0.08		0.44422	0.15	68.408649436	0.0043
2 1 8			-0.1		-0.15		0.09		0.44758	0.22	67.2524657177	7.5134
1 2 6			0.02		-0.13		0.09		0.44724	0.11	69.4566609057	1.2895
1 0 7			0.02		-0.11		0.09		0.44718	0.54	48.0896902272	2.8781
2 0 -4			-0.04		-0.15		0.09		0.44665	0.31	38.5541558059	1.7476
4 1 0			-0.04		-0.19		0.09		0.44665	0.2	64.9447604845	0.0084
2 1 4			-0.05		-0.24		0.1		0.4469	2.11	46.9440445598	0.4076