HKL Value		Reward		TotalReward	Chi Squared	Z Appr. 	Error	Two-Thetas	Sfs2
4 0 5			0.0		0.0		0.0		0.5	0.26	68.3700248267	0.0
1 0 8			0.0		0.0		0.0		0.5	0.24	54.8685935926	0.0
2 0 3			0.62		0.62		0.0		0.5	0.09	34.3920319457	0.0
0 0 3			0.47		1.09		0.0		0.5	0.03	19.1797885945	0.0
2 0 1			0.32		1.41		0.0		0.5	0.15	29.01034049	0.0
1 0 4			0.18		1.59		0.0		0.5	0.08	29.3672081998	0.0
3 0 2			0.14		1.73		0.0		0.5	0.46	45.0164041053	0.0
1 0 0			0.16		1.9		0.0		0.5	0.0	14.0285801003	0.0
3 0 0			0.14		2.04		0.0		0.5	0.45	42.9814560157	0.0
2 0 7			-0.4		1.64		0.0		0.5	4.16	54.6555056564	0.0
4 0 1			-0.29		1.35		0.0		0.50002	0.27	58.8934376912	0.0
3 0 4			0.05		1.4		0.0		0.50002	0.64	50.7360354343	0.0
3 0 6			0.08		1.48		0.0		0.50002	0.11	59.366558438	0.0
4 0 3			0.73		2.22		0.0		0.50002	0.29	62.1413926063	0.0
4 1 3			-1.0		1.22		0.0		0.44909	0.15	68.408649436	0.0043
0 0 7			0.07		1.29		0.0		0.44909	0.2	45.7499157105	0.0
2 0 5			0.07		1.35		0.0		0.44909	5.26	43.4052500519	0.0
3 0 8			0.06		1.42		0.0		0.44909	0.3	70.3147352648	0.0
1 0 6			0.06		1.47		0.0		0.44909	0.25	41.5701214249	0.0
2 1 1			-0.97		0.5		0.0		0.45076	0.13	39.1745550983	0.4263
0 2 7			-0.03		0.48		0.0		0.45467	0.0	72.5085769296	0.0094
3 1 3			-0.96		-0.48		0.02		0.17428	0.4	54.7770496801	12.6586