HKL Value		Reward		TotalReward	Chi Squared	Z Appr. 	Error	Two-Thetas	Sfs2
4 1 4			0.0		0.0		0.0		0.5	0.37	71.0458443611	0.4076
4 0 5			0.0		0.0		0.31		0.45113	0.26	68.3700248267	0.0
2 0 3			1.0		1.0		0.16		0.45113	0.09	34.3920319457	0.0
1 0 8			0.5		1.5		0.1		0.45113	0.24	54.8685935926	0.0
3 0 4			0.33		1.83		0.08		0.45113	0.64	50.7360354343	0.0
4 0 1			0.25		2.08		0.06		0.45113	0.27	58.8934376912	0.0
0 0 3			0.2		2.28		0.05		0.45113	0.03	19.1797885945	0.0
3 1 1			-0.55		1.73		0.12		0.45375	0.22	51.2370468789	1.4731
2 0 1			0.14		1.88		0.1		0.45375	0.15	29.01034049	0.0
2 0 7			0.13		2.0		0.09		0.45375	4.16	54.6555056564	0.0
3 2 1			-0.35		1.65		0.14		0.45423	0.17	70.8417473216	1.0468
1 0 4			0.1		1.75		0.13		0.45423	0.08	29.3672081998	0.0
3 0 8			0.09		1.84		0.12		0.45423	0.3	70.3147352648	0.0
3 0 2			0.08		1.92		0.11		0.45423	0.46	45.0164041053	0.0
0 1 4			-0.12		1.8		0.12		0.45272	0.09	36.6772811508	0.4076
0 0 7			0.07		1.87		0.11		0.45272	0.2	45.7499157105	0.0
1 0 0			0.07		1.94		0.11		0.45272	0.0	14.0285801003	0.0
3 0 0			0.06		2.0		0.1		0.45272	0.45	42.9814560157	0.0
3 0 6			0.06		2.06		0.1		0.45272	0.11	59.366558438	0.0
4 0 3			0.06		2.11		0.09		0.45272	0.29	62.1413926063	0.0
2 0 5			0.05		2.17		0.09		0.45272	5.26	43.4052500519	0.0
1 0 1			-0.03		2.14		0.09		0.45221	0.06	15.4189733366	0.0644
1 0 6			0.05		2.19		0.08		0.45221	0.25	41.5701214249	0.0
0 2 7			0.04		2.23		0.08		0.45259	0.0	72.5085769296	0.0094
3 0 7			0.02		2.25		0.08		0.45078	0.18	64.5726747292	2.8781
1 0 5			0.03		2.28		0.08		0.45234	0.22	35.3149362404	7.049
3 1 0			0.04		2.32		0.07		0.45234	0.86	50.7823995615	0.002
2 1 1			0.03		2.35		0.07		0.45234	0.13	39.1745550983	0.4263
3 1 4			0.03		2.38		0.07		0.4523	0.33	57.7518627408	0.9567
4 1 1			0.03		2.4		0.07		0.45229	0.21	65.3342299592	0.4263
1 1 4			0.03		2.43		0.07		0.45224	0.3	39.4492672371	0.9567
4 1 5			-0.0		2.42		0.07		0.45174	1.53	74.3771604481	7.6693
2 1 7			-0.0		2.42		0.07		0.45106	0.57	61.3678684761	8.4036
1 1 7			-0.22		2.2		0.09		0.44693	0.15	55.34320722	1.1017