HKL Value		Reward		TotalReward	Chi Squared	Z Appr. 	Error	Two-Thetas	Sfs2
3 3 7			0.0		0.0		0.0		0.3	0.1558	47.1418707618	3.5073
6 2 10			0.0		0.0		14.21		0.33049	0.7103	71.9901825081	43.9921
6 0 8			3.51		3.51		7.18		0.33015	2.9234	64.163237895	5.3359
4 6 0			1.19		4.7		4.8		0.33015	0.7863	67.1083315067	59.4729
7 1 7			0.43		5.14		3.93		0.33148	0.3505	72.2660298289	5.0526
0 6 8			0.35		5.49		3.23		0.33108	0.7694	64.1950429677	5.6946
6 4 0			0.27		5.76		2.7		0.33109	1.8287	67.0910631577	58.6803
4 6 2			0.08		5.83		2.54		0.33097	0.2349	67.657370766	5.5969
6 4 2			0.08		5.92		2.37		0.33087	0.2211	67.6401768609	4.8049
2 0 14			0.12		6.04		2.13		0.33124	0.2634	58.6945218607	7.3942
0 2 14			0.09		6.14		1.94		0.33167	0.2479	58.6982494177	6.3292
0 6 2			-0.1		6.03		2.04		0.33165	0.2356	55.3895592761	6.1752
2 0 16			-0.38		5.66		2.42		0.33111	0.5935	67.2372591268	11.8907
1 7 7			0.08		5.73		2.27		0.33144	0.4353	72.3061031614	6.1143
6 0 2			-0.02		5.71		2.29		0.33142	0.2214	55.354768557	5.4487
3 5 7			0.04		5.75		2.2		0.33188	0.2309	60.5203777188	5.6046
5 3 7			0.04		5.8		2.12		0.33228	0.2523	60.5057581853	5.4388
1 5 7			0.03		5.83		2.05		0.33271	0.6035	54.1236034243	4.2528
5 1 7			0.03		5.86		1.99		0.33307	0.2609	54.1000446603	4.252
4 2 8			0.04		5.9		1.91		0.33337	0.7605	51.4203212226	2.5419
2 4 8			0.03		5.93		1.85		0.33366	0.1687	51.4325245866	2.4593
3 1 7			0.03		5.96		1.79		0.33391	0.257	39.2655360855	5.205
3 1 13			-0.05		5.91		1.84		0.33339	0.3869	59.4126405656	11.7895
3 3 13			0.01		5.92		1.81		0.33304	0.5636	65.4922780779	9.1158
1 1 13			-0.0		5.92		1.81		0.33266	0.3722	52.9310122384	10.9703
5 1 13			0.0		5.92		1.81		0.33232	0.4567	71.2764535317	11.3258
1 3 13			0.0		5.93		1.8		0.33201	0.3907	59.4200243294	11.5335
1 5 13			0.0		5.93		1.79		0.33172	1.1973	71.2966048402	12.6128
3 3 5			-3.72		2.21		5.51		0.33213	1.3995	42.8396693434	151.0913
4 2 4			-1.5		0.71		7.01		0.33223	0.7624	43.1345383828	64.2766
4 2 6			0.12		0.83		6.78		0.33223	1.6049	46.7233273538	62.1975
0 6 6			0.08		0.91		6.62		0.33223	1.0147	60.183190367	40.9583
6 0 6			0.07		0.98		6.48		0.33222	1.0815	60.1501886982	39.9969
1 3 7			0.08		1.06		6.32		0.33244	0.1893	39.2755843192	5.3372
0 6 16			0.03		1.09		6.25		0.33239	0.4825	89.3859051251	7.6515
2 4 6			0.09		1.18		6.07		0.33239	0.785	46.7364348384	64.2552
9 1 1			0.05		1.23		5.98		0.33236	0.8793	87.9915459652	19.6393
7 3 1			0.03		1.26		5.92		0.33232	0.5095	71.5359286583	22.1332
1 1 15			0.06		1.32		5.81		0.33225	0.656	61.3839959686	20.6242
0 6 10			0.02		1.33		5.77		0.33213	0.8527	69.1637693973	8.5049
6 0 10			0.01		1.35		5.74		0.33201	1.0728	69.1331306246	8.9056
5 5 1			0.03		1.38		5.68		0.33197	0.5073	65.769247456	23.9531
5 5 5			-1.34		0.04		7.02		0.33251	1.5862	69.0631626084	104.8873
6 0 0			0.03		0.07		6.97		0.33251	0.7256	54.7363985401	55.434
3 7 1			0.04		0.1		6.9		0.33248	1.2822	71.5694631273	22.2453
4 2 10			0.0		0.11		6.89		0.33235	1.1102	57.0442200735	11.3144
5 3 9			0.02		0.12		6.85		0.33228	0.4833	65.0662013285	20.8409
0 2 16			-0.03		0.09		6.88		0.33207	1.8687	67.2407114996	13.8307
4 2 14			-0.04		0.06		6.92		0.3315	1.2576	70.6282605877	19.9713
2 4 14			-0.01		0.04		6.93		0.33107	0.5221	70.6383718296	19.4111