HKL Value		Reward		TotalReward	Chi Squared	Z Appr. 	Error	Two-Thetas	Sfs2
3 2 1			0.0		0.0		0.0		0.5	0.17	70.8417473216	1.0468
2 2 5			0.0		0.0		0.58		0.45619	0.26	70.7747179536	2.8196
3 0 4			1.0		1.0		0.29		0.45619	0.64	50.7360354343	0.0
3 2 0			0.18		1.18		0.25		0.45619	0.67	70.467230504	2.2538
4 1 1			0.3		1.48		0.19		0.45619	0.21	65.3342299592	0.4263
1 0 0			0.25		1.73		0.15		0.45619	0.0	14.0285801003	0.0
4 1 4			-0.16		1.57		0.18		0.45455	0.37	71.0458443611	0.4076
2 0 5			0.17		1.73		0.16		0.45455	5.26	43.4052500519	0.0
4 0 5			0.14		1.88		0.14		0.45455	0.26	68.3700248267	0.0
2 1 7			0.04		1.91		0.13		0.45245	0.57	61.3678684761	8.4036
2 0 7			0.11		2.02		0.12		0.45245	4.16	54.6555056564	0.0
4 1 5			0.04		2.06		0.11		0.45084	1.53	74.3771604481	7.6693
-1 -1 2			0.09		2.15		0.1		0.45094	0.13	32.1995090242	11.6912
3 0 2			0.08		2.23		0.1		0.45094	0.46	45.0164041053	0.0
-1 -1 -2			0.08		2.31		0.09		0.45102	0.31	32.1995090242	11.6912
3 0 0			0.07		2.38		0.08		0.45102	0.45	42.9814560157	0.0
0 0 3			0.07		2.45		0.08		0.45102	0.03	19.1797885945	0.0
3 0 5			0.05		2.49		0.08		0.45288	0.2	54.7330754518	7.0489
1 1 4			0.05		2.54		0.07		0.45281	0.3	39.4492672371	0.9567
2 0 2			-0.44		2.1		0.13		0.45215	0.1	31.1263267788	5.5981
0 2 7			0.05		2.15		0.12		0.4523	0.0	72.5085769296	0.0094
3 1 4			0.04		2.19		0.12		0.45223	0.33	57.7518627408	0.9567
2 1 1			0.04		2.23		0.11		0.45223	0.13	39.1745550983	0.4263
4 1 3			0.05		2.28		0.11		0.45223	0.15	68.408649436	0.0043
0 0 7			0.04		2.32		0.1		0.45223	0.2	45.7499157105	0.0
2 0 3			0.04		2.36		0.1		0.45223	0.09	34.3920319457	0.0
0 1 5			0.01		2.37		0.1		0.45164	0.34	41.7114803244	7.6693
1 0 7			0.02		2.4		0.1		0.45094	0.54	48.0896902272	2.8781
1 0 6			0.04		2.43		0.09		0.45094	0.25	41.5701214249	0.0
4 0 2			-0.28		2.15		0.13		0.45047	0.26	60.1237214722	5.5981
0 0 -8			-0.15		2.01		0.15		0.44478	0.38	52.7511004195	15.5355
3 0 8			0.03		2.04		0.15		0.44478	0.3	70.3147352648	0.0
3 1 5			-0.12		1.92		0.17		0.44325	0.09	61.4399691436	8.5457
2 1 8			-0.08		1.84		0.18		0.44549	0.22	67.2524657177	7.5134
0 0 8			-0.04		1.81		0.19		0.44336	0.5	52.7511004195	15.5355