HKL Value		Reward		TotalReward	Chi Squared	Z Appr. 	Error	Two-Thetas	Sfs2
1 1 6			0.0		0.0		0.0		0.5	0.38	49.5460147793	8.8974
3 0 4			0.0		0.0		0.0		0.22322	0.64	50.7360354343	0.0
2 0 1			1.0		1.0		0.0		0.22322	0.15	29.01034049	0.0
2 0 5			0.5		1.5		0.0		0.22322	5.26	43.4052500519	0.0
4 0 5			0.33		1.83		0.0		0.22322	0.26	68.3700248267	0.0
3 0 2			0.25		2.08		0.0		0.22322	0.46	45.0164041053	0.0
1 0 0			0.2		2.28		0.0		0.22322	0.0	14.0285801003	0.0
0 0 3			0.17		2.45		0.0		0.22322	0.03	19.1797885945	0.0
2 0 7			0.14		2.59		0.0		0.22322	4.16	54.6555056564	0.0
1 0 5			-1.0		1.59		0.04		0.25502	0.22	35.3149362404	7.049
3 0 0			0.11		1.7		0.03		0.25502	0.45	42.9814560157	0.0
4 0 1			0.1		1.8		0.03		0.25502	0.27	58.8934376912	0.0
4 0 3			0.09		1.89		0.03		0.25502	0.29	62.1413926063	0.0
1 0 8			0.08		1.98		0.02		0.25502	0.24	54.8685935926	0.0
2 0 3			0.08		2.06		0.02		0.25502	0.09	34.3920319457	0.0
1 0 4			0.07		2.13		0.02		0.25502	0.08	29.3672081998	0.0
3 0 6			0.07		2.19		0.02		0.25502	0.11	59.366558438	0.0
3 2 1			-0.83		1.36		0.12		0.25726	0.17	70.8417473216	1.0468
0 0 7			0.06		1.42		0.11		0.25726	0.2	45.7499157105	0.0
3 0 8			0.06		1.48		0.1		0.25726	0.3	70.3147352648	0.0
1 0 6			0.05		1.53		0.1		0.25726	0.25	41.5701214249	0.0
3 0 7			-0.33		1.2		0.15		0.29814	0.18	64.5726747292	2.8781
-1 -1 2			-0.05		1.15		0.16		0.29433	0.13	32.1995090242	11.6912
2 1 0			-0.02		1.12		0.16		0.29433	0.16	38.6117414796	0.0084