HKL Value		Reward		TotalReward	Chi Squared	Z Appr. 	Error	Two-Thetas	Sfs2
2 1 4			0.0		0.0		0.0		0.5	2.11	46.9440445598	0.4076
3 0 4			0.0		0.0		0.31		0.45115	0.64	50.7360354343	0.0
2 0 5			1.0		1.0		0.16		0.45112	5.26	43.4052500519	0.0
4 0 5			0.5		1.5		0.1		0.45112	0.26	68.3700248267	0.0
3 0 2			0.33		1.83		0.08		0.45112	0.46	45.0164041053	0.0
1 0 0			0.25		2.08		0.06		0.45112	0.0	14.0285801003	0.0
2 0 7			0.2		2.28		0.05		0.45112	4.16	54.6555056564	0.0
2 0 1			0.17		2.45		0.04		0.45112	0.15	29.01034049	0.0
0 1 7			0.02		2.47		0.04		0.44676	0.26	53.2385720724	8.4036
3 0 0			0.13		2.59		0.04		0.44676	0.45	42.9814560157	0.0
4 0 1			0.11		2.7		0.04		0.44676	0.27	58.8934376912	0.0
3 0 7			0.06		2.77		0.03		0.44645	0.18	64.5726747292	2.8781
4 0 3			0.09		2.86		0.03		0.44645	0.29	62.1413926063	0.0
1 0 8			0.08		2.94		0.03		0.44645	0.24	54.8685935926	0.0
2 0 3			0.08		3.02		0.03		0.44645	0.09	34.3920319457	0.0
0 0 3			0.07		3.09		0.02		0.44645	0.03	19.1797885945	0.0
1 0 4			0.07		3.16		0.02		0.44645	0.08	29.3672081998	0.0
3 0 6			0.06		3.22		0.02		0.44645	0.11	59.366558438	0.0
2 0 6			-0.51		2.71		0.04		0.4387	0.73	48.8015573959	6.3028
0 0 7			0.06		2.76		0.04		0.4387	0.2	45.7499157105	0.0
3 0 8			0.05		2.81		0.04		0.4387	0.3	70.3147352648	0.0
1 0 6			0.05		2.86		0.04		0.4387	0.25	41.5701214249	0.0
3 1 4			0.04		2.9		0.04		0.43867	0.33	57.7518627408	0.9567
2 1 1			0.02		2.93		0.04		0.43867	0.13	39.1745550983	0.4263
1 1 4			0.04		2.96		0.03		0.43865	0.3	39.4492672371	0.9567
4 1 1			0.02		2.98		0.03		0.43865	0.21	65.3342299592	0.4263
1 0 7			-0.02		2.96		0.03		0.43952	0.54	48.0896902272	2.8781
0 2 7			-0.22		2.74		0.04		0.4434	0.0	72.5085769296	0.0094
2 1 7			0.04		2.78		0.04		0.4433	0.57	61.3678684761	8.4036
-1 -1 2			0.02		2.8		0.04		0.44343	0.13	32.1995090242	11.6912
-1 -1 -2			0.02		2.82		0.04		0.44357	0.31	32.1995090242	11.6912
2 2 4			-0.4		2.42		0.07		0.443	0.5	67.3692384702	10.6939
1 2 7			-0.03		2.39		0.07		0.44343	0.71	74.291810142	3.5836
4 1 3			0.03		2.42		0.07		0.44343	0.15	68.408649436	0.0043
3 1 0			0.03		2.45		0.07		0.44343	0.86	50.7823995615	0.002
4 1 5			0.02		2.47		0.06		0.44326	1.53	74.3771604481	7.6693
2 2 6			-0.1		2.37		0.07		0.44302	0.0	74.8444416707	3.2648
2 2 3			0.03		2.4		0.07		0.44295	0.31	64.6616050849	6.6891
1 1 2			0.02		2.42		0.07		0.44306	0.52	32.1995090242	11.6912
3 1 2			0.02		2.44		0.07		0.44318	0.11	52.5840292854	11.6912
3 2 0			-0.03		2.4		0.07		0.44318	0.67	70.467230504	2.2538
1 2 6			0.02		2.43		0.07		0.44338	0.11	69.4566609057	1.2895
2 0 4			-0.04		2.38		0.07		0.44283	0.23	38.5541558059	1.7476
1 1 3			-0.24		2.15		0.09		0.44243	0.54	35.3770121777	12.6586
3 2 2			-0.02		2.13		0.1		0.44227	0.0	71.9603042663	6.6617