HKL Value		Reward		TotalReward	Chi Squared	Z Appr. 	Error	Two-Thetas	Sfs2
3 0 4			0.0		0.0		0.0		0.5	0.64	50.7360354343	0.0
2 0 5			0.0		0.0		0.0		0.50001	5.26	43.4052500519	0.0
2 2 3			-1.0		-1.0		0.0		0.44115	0.31	64.6616050849	6.6891
0 1 6			-1.0		-2.0		0.11		0.46078	0.0	47.2608104201	2.0239
4 0 5			0.33		-1.67		0.08		0.46077	0.26	68.3700248267	0.0
4 0 1			0.25		-1.42		0.07		0.46077	0.27	58.8934376912	0.0
3 0 2			0.2		-1.22		0.06		0.46077	0.46	45.0164041053	0.0
1 0 0			0.17		-1.05		0.05		0.46077	0.0	14.0285801003	0.0
2 0 1			0.14		-0.91		0.04		0.46077	0.15	29.01034049	0.0
2 0 7			0.13		-0.78		0.04		0.46077	4.16	54.6555056564	0.0
3 0 0			0.11		-0.67		0.03		0.46077	0.45	42.9814560157	0.0
4 0 6			-0.79		-1.47		0.16		0.44971	0.38	72.4962488704	6.3028
-2 0 4			-0.07		-1.53		0.18		0.44832	0.22	38.5541558059	1.7476
4 0 3			0.08		-1.45		0.16		0.44832	0.29	62.1413926063	0.0
1 0 8			0.08		-1.37		0.15		0.44832	0.24	54.8685935926	0.0
3 2 2			-0.02		-1.4		0.15		0.44787	0.0	71.9603042663	6.6617
2 0 3			0.07		-1.33		0.15		0.44787	0.09	34.3920319457	0.0
0 0 3			0.06		-1.27		0.14		0.44787	0.03	19.1797885945	0.0
1 0 4			0.06		-1.21		0.13		0.44787	0.08	29.3672081998	0.0
3 0 6			0.06		-1.15		0.12		0.44787	0.11	59.366558438	0.0
4 1 0			-0.05		-1.2		0.13		0.44787	0.2	64.9447604845	0.0084
0 0 7			0.05		-1.15		0.12		0.44787	0.2	45.7499157105	0.0
3 0 8			0.05		-1.1		0.12		0.44787	0.3	70.3147352648	0.0
1 1 2			0.04		-1.06		0.11		0.448	0.52	32.1995090242	11.6912
1 0 6			0.04		-1.02		0.11		0.448	0.25	41.5701214249	0.0
3 0 7			0.04		-0.98		0.1		0.44779	0.18	64.5726747292	2.8781
1 1 4			0.04		-0.94		0.1		0.44775	0.3	39.4492672371	0.9567
4 1 1			0.03		-0.91		0.1		0.44775	0.21	65.3342299592	0.4263
3 1 4			0.03		-0.88		0.09		0.4477	0.33	57.7518627408	0.9567
3 1 0			0.04		-0.84		0.09		0.4477	0.86	50.7823995615	0.002
2 1 1			0.03		-0.82		0.09		0.4477	0.13	39.1745550983	0.4263
1 1 3			-0.27		-1.08		0.12		0.44694	0.54	35.3770121777	12.6586
2 1 7			0.03		-1.06		0.12		0.44643	0.57	61.3678684761	8.4036
0 1 7			0.03		-1.03		0.11		0.44598	0.26	53.2385720724	8.4036
-1 -1 -2			0.03		-1.0		0.11		0.44612	0.31	32.1995090242	11.6912
4 1 5			0.02		-0.98		0.11		0.44575	1.53	74.3771604481	7.6693
-1 -1 2			0.03		-0.95		0.11		0.4459	0.13	32.1995090242	11.6912
1 0 7			0.02		-0.93		0.1		0.4459	0.54	48.0896902272	2.8781
3 1 2			0.02		-0.9		0.1		0.446	0.11	52.5840292854	11.6912
1 2 7			0.0		-0.9		0.1		0.44654	0.71	74.291810142	3.5836
3 2 0			-0.01		-0.92		0.1		0.44653	0.67	70.467230504	2.2538
4 1 3			0.02		-0.89		0.1		0.44653	0.15	68.408649436	0.0043
0 0 2			-0.19		-1.09		0.12		0.44601	0.15	12.7532192506	5.5981
2 0 4			-0.02		-1.11		0.13		0.44517	0.23	38.5541558059	1.7476
1 2 6			0.02		-1.09		0.12		0.44509	0.11	69.4566609057	1.2895
0 1 8			-0.05		-1.13		0.13		0.44825	2.05	59.6041295708	7.5134
0 2 7			0.02		-1.11		0.13		0.44864	0.0	72.5085769296	0.0094
2 1 2			0.01		-1.11		0.13		0.44882	0.36	40.8238903893	0.1747
0 1 5			0.01		-1.09		0.12		0.44859	0.34	41.7114803244	7.6693
2 2 5			0.01		-1.09		0.12		0.44925	0.26	70.7747179536	2.8196
1 -1 2			0.02		-1.07		0.12		0.44929	0.39	32.1995090242	11.6912
3 0 3			0.01		-1.06		0.12		0.44976	0.33	47.4629609511	3.2424
1 1 6			0.02		-1.04		0.12		0.44976	0.38	49.5460147793	8.8974
3 1 7			-0.08		-1.12		0.13		0.44779	0.32	70.7276559911	1.1017
2 0 -4			-0.02		-1.14		0.13		0.44744	0.31	38.5541558059	1.7476
3 0 5			-0.0		-1.15		0.13		0.44835	0.2	54.7330754518	7.0489