Number of epochs: 175e-01
6.964064206489911646e-02
-2.434053742785347585e-01
-1.940039905220000416e-01
5.646790461937170602e-02
-1.354935724640219941e-01
-3.680421111643492615e-01
-9.148492458354867685e-02
-4.125948456897405858e-01
8.051654821621330102e-03
-8.972296771094377676e-02
-6.562308301478125827e-02
2.264828934481291911e-01
-2.142455558539312910e-01
6.108900879896059927e-02
-3.696770889531570958e-01
4.308438052308356803e-02
-3.237437437247464578e-02
8.209464788218258369e-02
-4.553471966449702119e-02
-4.336608048483382993e-01
1.173543823395171298e-02
-2.545595871853670866e-01
-1.985788681747454321e-01
-3.039428526556695043e-01
-5.532570593866785458e-02
-1.189138719881777280e-02
-4.292533016819732872e-01
1.451765358780958137e-01
-3.462526151862170831e-01
7.574282568139267813e-02
-5.902983446023115505e-02
5.828555531662822364e-01
-2.793267697055042964e-01
1.485374165930830048e-01
-2.940810025926027249e-01
1.326957836381941272e-02
-1.115515627118373460e-01
-2.585929811938926237e-01
-3.998332236651359062e-01
3.170570882131231501e-03
-2.511046625331848081e-01
-2.150459085464774892e-02
-3.230191620225860705e-01
-1.046804805536875188e-01
-2.662483786247277218e-01
1.212346531263739785e-01
-1.930065664825991734e-01
3.457033495837352755e-01
-1.248354915378077912e-01
6.616165015693040719e-01
-1.598557864102358173e-01
5.808143711119895247e-02
7.426825510794296537e-02
5.381385105710818212e-02
-2.397757107165822063e-02
-2.385131568683619974e-01
-4.220255990745598595e-02
-4.442299715624341561e-01
1.201657859501072470e-02
-3.101119615163409615e-01
-1.038384997048842906e-01
-4.207697853418156109e-02
-4.113536512812967505e-01
-8.197134312483042584e-02
-3.967970226354839980e-01
-1.346143236040071578e-01
-2.992523946055123951e-01
1.165156683040542429e-01
-3.346505996278789641e-01
9.113119212679200720e-02
-1.883139356040745560e-01
3.920714116946287797e-01
-1.894149135528386263e-01
-2.298211452605964378e-01
1.247431753137006639e-02
-7.236800685841177083e-02
-2.357027804359309864e-01
-1.526914071049861529e-02
-2.346857255183785462e-01
-1.493453684814500734e-02
-6.909409467526454220e-03
-1.618326276381919226e-01
-1.117251013234518003e-01
-1.118902045226339154e-01
