HKL Value		Reward		TotalReward	Chi Squared	Z Appr. 	Error	Two-Thetas	Sfs2
4 2 6			0.0		0.0		0.0		0.3	1.6049	46.7233273538	62.1975
1 1 9			0.0		0.0		4.31		0.31134	0.2216	37.1193146943	1.1702
1 1 13			-18.39		-18.39		22.7		0.32321	0.3722	52.9310122384	10.9703
7 3 1			3.28		-15.1		16.13		0.32313	0.5095	71.5359286583	22.1332
6 0 2			1.72		-13.38		12.68		0.32309	0.2214	55.354768557	5.4487
3 1 15			0.8		-12.57		11.07		0.32136	0.2871	67.3554895111	7.7692
6 4 2			0.87		-11.7		9.33		0.32134	0.2211	67.6401768609	4.8049
6 4 0			0.67		-11.04		8.0		0.32134	1.8287	67.0910631577	58.6803
1 3 15			0.39		-10.65		7.22		0.32069	0.2862	67.3623786269	8.1809
3 3 15			0.0		-10.65		7.22		0.31947	0.3402	73.0835579415	3.8877
6 0 8			0.26		-10.39		6.7		0.31957	2.9234	64.163237895	5.3359
9 1 1			0.23		-10.16		6.25		0.31954	0.8793	87.9915459652	19.6393
4 2 0			-0.55		-10.71		6.79		0.31954	0.9287	40.0811891304	86.5118
2 2 4			-1.27		-11.97		8.06		0.31929	0.7551	29.4672289371	73.6026
4 6 0			0.29		-11.69		7.49		0.31929	0.7863	67.1083315067	59.4729
1 7 5			-4.5		-16.19		11.99		0.31941	1.0841	69.0835930101	99.7513
4 2 14			0.29		-15.89		11.4		0.31947	1.2576	70.6282605877	19.9713
2 0 2			-0.46		-16.35		11.86		0.31941	0.6502	19.2320929378	35.9547
2 4 10			0.33		-16.02		11.2		0.31939	0.607	57.0555982332	12.0937
0 2 12			0.03		-15.99		11.14		0.31855	0.3827	50.6142203783	17.5707
4 2 10			0.28		-15.72		10.59		0.3186	1.1102	57.0442200735	11.3144
1 5 11			-7.71		-23.43		18.3		0.31861	1.8219	64.7342781598	204.7444
0 6 2			0.36		-23.07		17.58		0.3186	0.2356	55.3895592761	6.1752
5 5 1			0.33		-22.74		16.92		0.31859	0.5073	65.769247456	23.9531
3 7 1			0.3		-22.44		16.32		0.31857	1.2822	71.5694631273	22.2453
0 6 8			0.29		-22.15		15.75		0.31863	0.7694	64.1950429677	5.6946
2 0 14			0.18		-21.97		15.38		0.31842	0.2634	58.6945218607	7.3942
4 6 2			0.27		-21.7		14.84		0.31841	0.2349	67.657370766	5.5969
2 4 14			0.22		-21.48		14.4		0.31848	0.5221	70.6383718296	19.4111
0 2 16			0.17		-21.31		14.06		0.31891	1.8687	67.2407114996	13.8307
3 3 9			0.18		-21.12		13.69		0.31869	0.3816	52.4524123761	12.0632
3 5 1			0.09		-21.04		13.51		0.31866	0.5283	53.2544885252	31.9012
0 2 14			0.08		-20.96		13.36		0.31841	0.2479	58.6982494177	6.3292
6 2 8			-5.29		-26.25		18.65		0.3185	3.3751	67.1207225085	222.106
1 7 1			0.18		-26.07		18.29		0.31848	0.5219	65.7901743415	26.2984
0 0 2			-1.79		-27.86		20.08		0.31849	1.161	7.62646333295	98.931
1 5 1			0.18		-27.68		19.73		0.31847	0.4978	46.196563203	27.3004
3 3 1			0.15		-27.52		19.42		0.31844	0.5106	38.1558496662	33.1617
6 2 4			-0.01		-27.54		19.43		0.3182	0.8727	60.3342977717	77.9073
2 4 2			0.17		-27.37		19.09		0.31817	0.3828	40.8766170199	13.2501
0 0 4			0.02		-27.35		19.05		0.31796	0.8482	15.2869714585	59.1035
0 4 16			0.21		-27.14		18.64		0.31821	1.5557	75.7704700384	94.8658
5 3 1			0.12		-27.02		18.4		0.31819	0.5252	53.2386121167	32.835
4 2 2			0.15		-26.87		18.1		0.31817	0.457	40.8620305525	12.2524
2 0 10			0.18		-26.69		17.73		0.31798	0.6169	42.9543880851	20.236
1 3 9			0.12		-26.57		17.49		0.31752	0.2622	45.3040218183	7.1674
6 0 12			-0.44		-27.0		17.92		0.31411	0.5892	74.995462768	0.9301
0 6 0			0.12		-26.88		17.68		0.31411	1.4277	54.7714555341	59.4019
2 6 6			-2.68		-29.56		20.36		0.31479	5.383	63.2392339525	346.2148
7 1 5			-1.13		-30.69		21.49		0.31487	1.5264	69.0427278305	98.726
6 0 0			0.17		-30.52		21.15		0.31487	0.7256	54.7363985401	55.434
3 1 9			0.2		-30.32		20.76		0.3147	0.36	45.2950695798	8.7768
7 1 1			0.15		-30.18		20.46		0.31468	0.5207	65.7483230412	25.2044
5 1 1			0.13		-30.05		20.2		0.31465	0.5346	46.1701152	26.7419
0 6 10			0.12		-29.93		19.96		0.31515	0.8527	69.1637693973	8.5049
1 5 9			0.18		-29.75		19.6		0.31508	0.4394	58.984264935	17.7365
4 4 10			0.14		-29.61		19.32		0.31536	0.6886	66.23802526	47.6672
0 0 22			0.14		-29.47		19.05		0.31556	2.2765	94.0325860765	137.6091
4 0 10			0.12		-29.35		18.8		0.31582	0.6243	53.7713327333	45.2096
0 0 10			0.12		-29.23		18.57		0.31607	0.8316	38.8438017949	41.7013
5 1 3			-0.06		-29.29		18.63		0.3161	0.9592	47.5591860667	88.1873
0 4 10			0.11		-29.18		18.4		0.31633	0.9893	53.7871001638	44.1425
0 2 10			0.14		-29.04		18.12		0.31626	0.4317	42.9590557724	21.0204
2 6 10			0.11		-28.93		17.9		0.31646	0.7069	72.0169435829	44.7171
2 2 10			0.12		-28.81		17.67		0.31661	0.6429	46.7739448495	44.8949
3 5 9			0.14		-28.68		17.4		0.31662	0.4755	65.0802252419	19.5165
5 1 9			0.13		-28.55		17.14		0.31657	0.4583	58.9619928854	19.0838
3 1 1			0.03		-28.52		17.08		0.31656	0.5239	28.3131072915	41.7464
2 0 16			0.03		-28.48		17.01		0.31682	0.5935	67.2372591268	11.8907
2 6 4			-0.02		-28.5		17.03		0.31673	0.8772	60.3635846112	78.02
4 6 6			0.08		-28.42		16.87		0.31664	1.1903	71.9781772466	41.9784
6 0 10			0.1		-28.32		16.67		0.31679	1.0728	69.1331306246	8.9056
2 4 8			-0.1		-28.42		16.77		0.31691	0.1687	51.4325245866	2.4593
4 2 8			-0.08		-28.51		16.86		0.31704	0.7605	51.4203212226	2.5419
2 0 12			0.08		-28.43		16.7		0.31678	0.8079	50.6101057273	16.6151
0 6 16			-0.07		-28.5		16.77		0.31718	0.4825	89.3859051251	7.6515
6 2 6			-1.61		-30.11		18.38		0.31737	3.9921	63.2107357729	344.5633
0 6 14			0.05		-30.05		18.27		0.31744	0.9096	81.7552219026	27.2955
0 4 20			0.09		-29.96		18.09		0.31728	1.027	94.1654323607	18.6345
0 0 6			-4.34		-34.3		22.43		0.31755	7.4326	23.0169618987	709.6598
0 2 20			0.08		-34.23		22.28		0.31703	0.4494	86.0769303832	2.8517
4 0 4			0.01		-34.21		22.25		0.31695	1.2165	39.0343929222	79.1487
0 4 4			0.02		-34.19		22.21		0.31687	0.8482	39.0545896029	78.0016
4 4 4			0.01		-34.18		22.19		0.31679	0.8476	53.9354251327	76.9211
0 6 6			0.13		-34.05		21.93		0.31679	1.0147	60.183190367	40.9583
6 2 10			0.11		-33.95		21.72		0.31691	0.7103	71.9901825081	43.9921
3 7 5			-0.49		-34.43		22.21		0.31695	1.0548	74.7470539899	89.5814
1 1 15			0.07		-34.37		22.07		0.31706	0.656	61.3839959686	20.6242
0 6 12			-0.08		-34.45		22.15		0.31634	0.3425	75.0250979777	1.887
5 3 9			0.12		-34.33		21.91		0.31636	0.4833	65.0662013285	20.8409
0 4 2			-0.94		-35.27		22.85		0.31638	3.2657	36.5744795411	137.7475
1 5 13			-0.32		-35.59		23.17		0.31699	1.1973	71.2966048402	12.6128
0 0 18			0.11		-35.48		22.95		0.31681	0.6609	73.530655613	37.988
2 4 12			0.03		-35.45		22.9		0.31643	0.2205	63.4791913795	4.8908
3 1 13			-0.35		-35.81		23.25		0.31697	0.3869	59.4126405656	11.7895
2 4 0			0.05		-35.76		23.15		0.31697	1.4359	40.0960076051	88.2765
4 2 12			0.02		-35.74		23.11		0.31661	0.2244	63.468523569	4.7972
0 6 18			0.1		-35.63		22.91		0.31647	0.7949	98.0280769063	1.8601
1 3 13			-0.36		-35.99		23.26		0.31693	0.3907	59.4200243294	11.5335
1 1 1			0.03		-35.96		23.2		0.31692	0.5749	13.0194761966	56.7652
6 4 4			-0.02		-35.97		23.21		0.31692	0.6669	69.2748711385	33.991
5 1 13			-0.33		-36.3		23.54		0.31735	0.4567	71.2764535317	11.3258