HKL Value		Reward		TotalReward	Chi Squared	Z Appr. 	Error	Two-Thetas	Sfs2
7 3 1			0.0		0.0		0.0		0.3	0.5095	71.5359286583	22.1332
1 1 9			0.0		0.0		0.97		0.29669	0.2216	37.1193146943	1.1702
6 0 2			-0.03		-0.03		1.0		0.29627	0.2214	55.354768557	5.4487
3 1 15			-0.48		-0.51		1.48		0.29799	0.2871	67.3554895111	7.7692
6 4 2			0.18		-0.33		1.11		0.29803	0.2211	67.6401768609	4.8049
1 3 15			-0.27		-0.6		1.39		0.29881	0.2862	67.3623786269	8.1809
6 4 0			0.11		-0.49		1.16		0.29881	1.8287	67.0910631577	58.6803
3 3 15			0.05		-0.44		1.06		0.29901	0.3402	73.0835579415	3.8877
4 0 8			-22.19		-22.63		23.25		0.28149	2.9483	47.8850437629	244.3799
9 1 1			1.29		-21.34		20.67		0.28149	0.8793	87.9915459652	19.6393
0 4 10			0.97		-20.37		18.73		0.28105	0.9893	53.7871001638	44.1425
1 1 11			-14.14		-34.51		32.87		0.27984	2.144	44.8525636461	378.5934
6 0 8			1.27		-33.24		30.33		0.27979	2.9234	64.163237895	5.3359
4 4 2			-5.85		-39.08		36.17		0.27981	1.2125	52.0311030722	128.6454
1 5 5			-4.54		-43.62		40.71		0.27966	1.8923	50.2743192378	127.3636
4 6 0			1.36		-42.27		38.0		0.27966	0.7863	67.1083315067	59.4729
4 2 14			1.12		-41.15		35.76		0.27984	1.2576	70.6282605877	19.9713
2 4 10			1.05		-40.1		33.67		0.27991	0.607	57.0555982332	12.0937
4 2 10			0.93		-39.16		31.8		0.27994	1.1102	57.0442200735	11.3144
0 6 2			0.82		-38.35		30.16		0.27994	0.2356	55.3895592761	6.1752
1 3 13			0.65		-37.69		28.86		0.28012	0.3907	59.4200243294	11.5335
5 5 1			0.69		-37.01		27.48		0.28012	0.5073	65.769247456	23.9531
2 2 4			0.62		-36.38		26.24		0.28011	0.7551	29.4672289371	73.6026
3 7 1			0.57		-35.82		25.1		0.28011	1.2822	71.5694631273	22.2453
0 6 8			0.47		-35.35		24.16		0.28005	0.7694	64.1950429677	5.6946
1 1 7			-12.79		-48.14		36.96		0.27748	0.2012	29.7561292971	6.5386
4 6 2			0.71		-47.44		35.55		0.27748	0.2349	67.657370766	5.5969
2 0 14			0.65		-46.79		34.24		0.27761	0.2634	58.6945218607	7.3942
3 5 1			0.56		-46.23		33.13		0.27757	0.5283	53.2544885252	31.9012
3 3 1			0.52		-45.71		32.1		0.27753	0.5106	38.1558496662	33.1617
2 4 14			0.48		-45.23		31.14		0.27781	0.5221	70.6383718296	19.4111
0 2 16			0.41		-44.83		30.32		0.27793	1.8687	67.2407114996	13.8307
3 3 9			0.41		-44.42		29.5		0.27793	0.3816	52.4524123761	12.0632
2 0 12			0.37		-44.05		28.76		0.27764	0.8079	50.6101057273	16.6151
0 2 14			0.42		-43.62		27.92		0.27769	0.2479	58.6982494177	6.3292
0 4 4			0.39		-43.23		27.13		0.27773	0.8482	39.0545896029	78.0016
1 7 1			0.35		-42.88		26.44		0.27771	0.5219	65.7901743415	26.2984
1 5 1			0.32		-42.56		25.8		0.27768	0.4978	46.196563203	27.3004
2 4 2			0.3		-42.26		25.19		0.27766	0.3828	40.8766170199	13.2501
4 2 2			0.29		-41.97		24.6		0.27765	0.457	40.8620305525	12.2524
6 0 0			0.25		-41.72		24.11		0.27765	0.7256	54.7363985401	55.434
5 3 1			0.25		-41.47		23.6		0.27761	0.5252	53.2386121167	32.835
2 0 10			0.21		-41.25		23.18		0.27792	0.6169	42.9543880851	20.236
0 0 4			0.26		-40.99		22.65		0.27795	0.8482	15.2869714585	59.1035
0 6 12			0.25		-40.74		22.14		0.27791	0.3425	75.0250979777	1.887
7 3 5			-0.83		-41.57		22.98		0.27774	1.0496	74.7140851895	88.0788
0 6 0			0.18		-41.39		22.62		0.27774	1.4277	54.7714555341	59.4019
1 3 9			0.23		-41.16		22.16		0.27774	0.2622	45.3040218183	7.1674
3 1 9			0.21		-40.94		21.73		0.27774	0.36	45.2950695798	8.7768
7 1 1			0.2		-40.74		21.32		0.27771	0.5207	65.7483230412	25.2044
6 0 10			0.21		-40.53		20.9		0.27776	1.0728	69.1331306246	8.9056
5 1 1			0.18		-40.35		20.54		0.27773	0.5346	46.1701152	26.7419
0 6 10			0.2		-40.15		20.14		0.27775	0.8527	69.1637693973	8.5049
1 5 11			-0.83		-40.98		20.97		0.27736	1.8219	64.7342781598	204.7444
0 2 10			0.13		-40.85		20.7		0.27762	0.4317	42.9590557724	21.0204
1 5 9			0.09		-40.75		20.51		0.27762	0.4394	58.984264935	17.7365
6 2 4			0.18		-40.57		20.16		0.27765	0.8727	60.3342977717	77.9073
4 0 10			0.18		-40.4		19.8		0.27773	0.6243	53.7713327333	45.2096
4 4 10			0.17		-40.23		19.47		0.27785	0.6886	66.23802526	47.6672
0 0 10			0.16		-40.07		19.14		0.27788	0.8316	38.8438017949	41.7013
0 0 12			-1.86		-41.92		21.0		0.27677	3.2426	47.0346015839	274.3783
3 5 9			0.09		-41.83		20.82		0.27677	0.4755	65.0802252419	19.5165
0 6 16			0.15		-41.68		20.51		0.27685	0.4825	89.3859051251	7.6515
2 4 8			0.16		-41.52		20.2		0.27682	0.1687	51.4325245866	2.4593
5 1 9			0.07		-41.45		20.06		0.27682	0.4583	58.9619928854	19.0838
2 2 10			0.15		-41.3		19.76		0.27695	0.6429	46.7739448495	44.8949
4 0 14			-0.32		-41.63		20.09		0.27755	1.986	67.7459682929	124.3248
2 0 16			0.12		-41.51		19.85		0.27762	0.5935	67.2372591268	11.8907
3 1 1			0.1		-41.41		19.66		0.2776	0.5239	28.3131072915	41.7464
2 6 4			0.14		-41.28		19.38		0.27762	0.8772	60.3635846112	78.02
0 0 18			-2.66		-43.94		22.04		0.27708	0.6609	73.530655613	37.988
5 1 3			-0.28		-44.22		22.32		0.27762	0.9592	47.5591860667	88.1873
0 6 14			0.12		-44.1		22.09		0.27839	0.9096	81.7552219026	27.2955
2 6 8			-1.45		-45.55		23.54		0.27553	4.3291	67.1483383839	218.3417
0 4 20			0.09		-45.47		23.37		0.27553	1.027	94.1654323607	18.6345
4 2 8			0.15		-45.32		23.07		0.27531	0.7605	51.4203212226	2.5419
4 0 4			0.15		-45.17		22.77		0.27536	1.2165	39.0343929222	79.1487
4 6 6			0.01		-45.16		22.75		0.27674	1.1903	71.9781772466	41.9784
4 4 4			0.14		-45.01		22.46		0.27682	0.8476	53.9354251327	76.9211
2 6 10			0.14		-44.87		22.18		0.27725	0.7069	72.0169435829	44.7171
1 3 7			0.08		-44.79		22.02		0.25929	0.1893	39.2755843192	5.3372
6 2 10			-0.0		-44.8		22.03		0.25941	0.7103	71.9901825081	43.9921
5 3 9			0.05		-44.75		21.93		0.25939	0.4833	65.0662013285	20.8409
1 1 15			0.13		-44.62		21.66		0.2594	0.656	61.3839959686	20.6242
0 2 20			0.12		-44.49		21.42		0.2594	0.4494	86.0769303832	2.8517
4 2 0			0.05		-44.44		21.32		0.2594	0.9287	40.0811891304	86.5118
0 6 6			-0.11		-44.55		21.43		0.2594	1.0147	60.183190367	40.9583
2 0 2			0.06		-44.49		21.3		0.2594	0.6502	19.2320929378	35.9547
1 5 13			0.09		-44.4		21.12		0.25931	1.1973	71.2966048402	12.6128
3 1 13			0.09		-44.31		20.94		0.25922	0.3869	59.4126405656	11.7895
2 4 0			0.04		-44.27		20.86		0.25922	1.4359	40.0960076051	88.2765
2 4 12			-0.69		-44.95		21.55		0.26095	0.2205	63.4791913795	4.8908
4 2 12			-0.46		-45.41		22.0		0.26265	0.2244	63.468523569	4.7972
1 1 1			0.08		-45.33		21.84		0.26265	0.5749	13.0194761966	56.7652
5 1 13			0.08		-45.24		21.67		0.2626	0.4567	71.2764535317	11.3258
1 3 1			0.09		-45.15		21.49		0.26258	0.5324	28.3265170018	42.1271
4 4 0			-3.17		-48.33		24.66		0.26258	4.9852	51.3853572345	648.027
2 2 8			-0.79		-49.12		25.46		0.26227	1.8488	40.1384116224	216.1995
0 0 20			0.07		-49.05		25.32		0.26324	0.4542	83.3712939521	4.3689
0 2 12			0.06		-48.99		25.2		0.26367	0.3827	50.6142203783	17.5707
6 0 6			-0.05		-49.04		25.25		0.26367	1.0815	60.1501886982	39.9969
3 3 13			0.1		-48.94		25.04		0.26366	0.5636	65.4922780779	9.1158