HKL Value		Reward		TotalReward	Chi Squared	Z Appr. 	Error	Two-Thetas	Sfs2
6 0 4			0.0		0.0		0.0		0.3	0.7069	57.1830782131	42.6751
3 1 7			0.0		0.0		21.98		0.37629	0.257	39.2655360855	5.205
7 3 1			3.58		3.58		14.81		0.37492	0.5095	71.5359286583	22.1332
1 1 9			2.4		5.98		10.01		0.37057	0.2216	37.1193146943	1.1702
1 1 1			-3.96		2.03		13.96		0.36918	0.5749	13.0194761966	56.7652
6 0 2			1.28		3.31		11.39		0.37003	0.2214	55.354768557	5.4487
6 4 2			0.79		4.1		9.82		0.37043	0.2211	67.6401768609	4.8049
3 1 15			0.53		4.62		8.77		0.36875	0.2871	67.3554895111	7.7692
1 5 3			-2.12		2.51		10.89		0.35602	0.9511	47.585042181	85.8034
6 4 0			0.6		3.11		9.68		0.35602	1.8287	67.0910631577	58.6803
1 3 15			0.32		3.43		9.04		0.35169	0.2862	67.3623786269	8.1809
3 3 15			0.41		3.84		8.22		0.35134	0.3402	73.0835579415	3.8877
9 1 1			0.17		4.0		7.89		0.35124	0.8793	87.9915459652	19.6393
5 1 3			-1.12		2.89		9.01		0.35096	0.9592	47.5591860667	88.1873
4 6 0			0.32		3.21		8.37		0.35096	0.7863	67.1083315067	59.4729
1 7 7			0.2		3.41		7.97		0.35089	0.4353	72.3061031614	6.1143
6 0 8			0.23		3.64		7.51		0.35118	2.9234	64.163237895	5.3359
0 6 2			0.14		3.77		7.24		0.35122	0.2356	55.3895592761	6.1752
5 5 1			0.06		3.83		7.13		0.35113	0.5073	65.769247456	23.9531
4 6 2			0.12		3.95		6.89		0.3511	0.2349	67.657370766	5.5969
2 4 14			0.13		4.07		6.64		0.35171	0.5221	70.6383718296	19.4111
4 2 14			0.12		4.19		6.4		0.35237	1.2576	70.6282605877	19.9713
3 7 1			0.02		4.21		6.37		0.35224	1.2822	71.5694631273	22.2453
4 2 10			0.05		4.25		6.28		0.35212	1.1102	57.0442200735	11.3144
2 4 10			0.03		4.28		6.22		0.35201	0.607	57.0555982332	12.0937
7 1 5			-1.26		3.02		7.48		0.3595	1.5264	69.0427278305	98.726
0 6 8			0.14		3.16		7.21		0.35787	0.7694	64.1950429677	5.6946
2 0 14			0.13		3.28		6.96		0.35828	0.2634	58.6945218607	7.3942
0 2 10			-0.17		3.12		7.12		0.35469	0.4317	42.9590557724	21.0204
3 3 9			0.12		3.24		6.88		0.35425	0.3816	52.4524123761	12.0632
0 2 8			0.11		3.35		6.66		0.35443	0.1155	35.7619852008	1.7384
0 2 14			0.1		3.44		6.47		0.35394	0.2479	58.6982494177	6.3292
3 5 1			-0.19		3.25		6.66		0.35373	0.5283	53.2544885252	31.9012
0 0 20			-0.34		2.91		7.0		0.36431	0.4542	83.3712939521	4.3689
1 7 1			-0.13		2.79		7.13		0.36428	0.5219	65.7901743415	26.2984