HKL Value		Reward		TotalReward	Chi Squared	Z Appr. 	Error	Two-Thetas	Sfs2
7 3 1			0.0		0.0		0.0		0.3	0.5095	71.5359286583	22.1332
2 2 16			0.0		0.0		1.59		0.30603	1.1693	70.1293332912	108.6018
1 1 9			0.37		0.37		0.85		0.30631	0.2216	37.1193146943	1.1702
4 0 8			-69.36		-68.99		70.21		0.30502	2.9483	47.8850437629	244.3799
6 0 2			8.6		-60.39		53.02		0.30488	0.2214	55.354768557	5.4487
6 4 2			5.3		-55.09		42.42		0.30484	0.2211	67.6401768609	4.8049
3 1 15			3.3		-51.8		35.83		0.3041	0.2871	67.3554895111	7.7692
5 1 11			3.17		-48.63		29.5		0.25609	3.2753	64.7131722767	203.727
1 3 15			1.61		-47.02		26.28		0.25468	0.2862	67.3623786269	8.1809
6 4 0			1.46		-45.56		23.36		0.25468	1.8287	67.0910631577	58.6803
3 3 15			0.75		-44.81		21.86		0.25276	0.3402	73.0835579415	3.8877
9 1 1			0.94		-43.87		19.97		0.2528	0.8793	87.9915459652	19.6393
6 0 8			0.44		-43.42		19.08		0.25294	2.9234	64.163237895	5.3359
4 6 0			0.73		-42.69		17.61		0.25294	0.7863	67.1083315067	59.4729
4 2 14			0.53		-42.16		16.55		0.25282	1.2576	70.6282605877	19.9713
0 6 2			0.54		-41.62		15.47		0.25282	0.2356	55.3895592761	6.1752
2 4 14			0.41		-41.21		14.66		0.25271	0.5221	70.6383718296	19.4111
3 5 9			0.14		-41.07		14.38		0.25242	0.4755	65.0802252419	19.5165
5 5 1			0.38		-40.69		13.62		0.25245	0.5073	65.769247456	23.9531
4 2 10			0.25		-40.45		13.13		0.25241	1.1102	57.0442200735	11.3144
3 7 1			0.32		-40.13		12.49		0.25243	1.2822	71.5694631273	22.2453
2 4 10			0.18		-39.94		12.12		0.25238	0.607	57.0555982332	12.0937
3 1 13			0.27		-39.67		11.57		0.25231	0.3869	59.4126405656	11.7895
4 6 2			0.24		-39.43		11.1		0.25231	0.2349	67.657370766	5.5969
0 6 8			0.06		-39.38		10.99		0.25242	0.7694	64.1950429677	5.6946
2 0 14			0.09		-39.29		10.81		0.25271	0.2634	58.6945218607	7.3942
2 2 4			0.14		-39.14		10.52		0.25273	0.7551	29.4672289371	73.6026
3 5 1			0.18		-38.96		10.16		0.25271	0.5283	53.2544885252	31.9012
2 2 14			-2.65		-41.62		12.81		0.2527	1.0835	61.7979105177	101.9829
1 7 1			0.21		-41.4		12.39		0.25268	0.5219	65.7901743415	26.2984
0 2 14			0.06		-41.34		12.26		0.25309	0.2479	58.6982494177	6.3292
3 3 9			0.11		-41.23		12.04		0.25289	0.3816	52.4524123761	12.0632
0 0 20			-3.85		-45.08		15.89		0.25978	0.4542	83.3712939521	4.3689
0 2 16			0.24		-44.84		15.41		0.25983	1.8687	67.2407114996	13.8307
3 3 1			0.21		-44.63		15.0		0.25982	0.5106	38.1558496662	33.1617
1 5 1			0.2		-44.44		14.6		0.25981	0.4978	46.196563203	27.3004
4 6 4			0.12		-44.32		14.37		0.25979	1.0731	69.291881243	33.3045
0 4 2			-2.69		-47.01		17.07		0.25979	3.2657	36.5744795411	137.7475
2 4 2			0.2		-46.82		16.67		0.25979	0.3828	40.8766170199	13.2501
2 2 6			-12.73		-59.55		29.41		0.25993	8.3224	34.2684003079	615.2447
5 5 7			-2.2		-61.75		31.61		0.25836	0.6639	72.2860687267	4.3062
0 2 10			0.23		-61.52		31.14		0.25831	0.4317	42.9590557724	21.0204
6 0 0			0.32		-61.2		30.51		0.25831	0.7256	54.7363985401	55.434
1 3 9			0.31		-60.89		29.89		0.25831	0.2622	45.3040218183	7.1674
4 2 2			0.32		-60.57		29.24		0.25831	0.457	40.8620305525	12.2524
0 4 12			0.28		-60.29		28.68		0.25819	1.4889	60.4300914167	161.7651
2 0 10			0.18		-60.1		28.31		0.25815	0.6169	42.9543880851	20.236
5 3 1			0.28		-59.82		27.74		0.25814	0.5252	53.2386121167	32.835
0 6 0			0.22		-59.6		27.3		0.25814	1.4277	54.7714555341	59.4019
3 1 9			0.23		-59.37		26.84		0.25814	0.36	45.2950695798	8.7768
0 2 22			-0.95		-60.31		27.79		0.25847	1.8317	96.7387030121	97.213
0 0 4			0.22		-60.09		27.34		0.25849	0.8482	15.2869714585	59.1035
1 1 1			0.2		-59.89		26.93		0.25848	0.5749	13.0194761966	56.7652
7 1 1			0.25		-59.64		26.43		0.25847	0.5207	65.7483230412	25.2044
6 0 10			0.21		-59.43		26.01		0.25844	1.0728	69.1331306246	8.9056
5 1 1			0.23		-59.2		25.56		0.25843	0.5346	46.1701152	26.7419
5 3 5			-0.97		-60.17		26.52		0.25825	2.2247	56.9473208346	134.0256
0 6 10			0.2		-59.97		26.12		0.25822	0.8527	69.1637693973	8.5049
2 0 12			-0.28		-60.25		26.4		0.25896	0.8079	50.6101057273	16.6151
1 5 9			0.13		-60.11		26.13		0.25892	0.4394	58.984264935	17.7365
0 0 10			0.03		-60.08		26.07		0.25902	0.8316	38.8438017949	41.7013
4 0 10			0.02		-60.06		26.03		0.25912	0.6243	53.7713327333	45.2096
4 4 10			0.0		-60.06		26.02		0.25923	0.6886	66.23802526	47.6672
2 0 16			0.2		-59.86		25.63		0.25939	0.5935	67.2372591268	11.8907
2 2 10			0.02		-59.84		25.6		0.2595	0.6429	46.7739448495	44.8949
6 2 4			0.16		-59.68		25.28		0.25953	0.8727	60.3342977717	77.9073
2 4 8			0.14		-59.54		24.99		0.25965	0.1687	51.4325245866	2.4593
0 6 16			0.16		-59.37		24.66		0.25991	0.4825	89.3859051251	7.6515
5 1 9			0.09		-59.28		24.47		0.25988	0.4583	58.9619928854	19.0838
2 6 4			0.15		-59.14		24.18		0.25989	0.8772	60.3635846112	78.02
0 4 20			0.12		-59.02		23.95		0.2605	1.027	94.1654323607	18.6345
3 1 1			0.14		-58.88		23.67		0.26049	0.5239	28.3131072915	41.7464
1 5 3			-0.39		-59.27		24.06		0.26055	0.9511	47.585042181	85.8034
0 4 4			0.14		-59.13		23.78		0.26057	0.8482	39.0545896029	78.0016
4 0 4			0.14		-58.99		23.51		0.26059	1.2165	39.0343929222	79.1487
4 2 4			-0.04		-59.03		23.55		0.26058	0.7624	43.1345383828	64.2766
0 6 14			0.05		-58.98		23.45		0.26047	0.9096	81.7552219026	27.2955
4 4 4			0.13		-58.85		23.18		0.26048	0.8476	53.9354251327	76.9211
4 2 8			0.12		-58.73		22.95		0.26058	0.7605	51.4203212226	2.5419
0 4 10			0.01		-58.72		22.93		0.26069	0.9893	53.7871001638	44.1425
5 1 5			-0.75		-59.47		23.68		0.26056	1.1901	50.2495039981	127.1383
0 0 12			-0.17		-59.64		23.85		0.2602	3.2426	47.0346015839	274.3783
2 6 10			0.01		-59.63		23.82		0.26029	0.7069	72.0169435829	44.7171
4 6 6			-0.06		-59.69		23.89		0.26031	1.1903	71.9781772466	41.9784
1 1 15			0.14		-59.55		23.6		0.26031	0.656	61.3839959686	20.6242
5 3 9			0.06		-59.49		23.49		0.2603	0.4833	65.0662013285	20.8409
1 5 11			-0.7		-60.2		24.19		0.26067	1.8219	64.7342781598	204.7444
4 2 0			0.07		-60.13		24.06		0.26067	0.9287	40.0811891304	86.5118
2 0 2			0.07		-60.06		23.91		0.26067	0.6502	19.2320929378	35.9547
1 3 11			-1.37		-61.42		25.28		0.26112	2.4293	52.0561920156	298.4303
0 2 20			0.14		-61.29		25.01		0.26116	0.4494	86.0769303832	2.8517
0 6 6			-0.06		-61.35		25.07		0.26116	1.0147	60.183190367	40.9583
2 4 12			-0.39		-61.74		25.46		0.26268	0.2205	63.4791913795	4.8908
0 6 12			-0.35		-62.09		25.81		0.2666	0.3425	75.0250979777	1.887