Number of epochs: 275e+00
-2.757372019388654039e+01
1.866915425073606971e-01
-2.385413365038232758e+00
-2.862543517740758503e+01
5.253015976911505625e-02
-1.058332135308972610e+01
-2.382350244258619654e+01
3.388752590309358770e-02
-1.609074737708071723e+01
8.021583468563386887e-01
1.546736937679594748e-01
-5.852436007453678535e+00
4.929780908084852586e-01
3.620735673795108522e-02
1.026227713916618156e-01
1.337604011887803535e-01
1.544397120276496393e-01
5.345642506810479588e-01
-8.016127681560512863e-02
2.137764280906251091e-01
1.672573092022982266e-01
1.210600383798457536e+01
1.929055662766183121e-01
2.390278412579215084e-01
3.349933634906266389e-01
2.317097408804310033e-01
3.266715207468630644e-01
-3.348135091897191717e+00
5.343895530458762227e-02
-2.582213382329805462e+00
2.042550040428443126e+00
-1.358157006212231677e-01
-3.850020154338190004e+00
1.743508700096930431e-01
-6.585515853618090887e+00
-3.177580625819435678e+00
1.910102326013979612e-01
-3.881633404199895221e+00
1.300412714026399241e+00
3.552583787193620557e-01
-2.905055357497769108e+00
3.081158202386026224e-01
-1.030996013904970782e-01
-8.336433444695530159e-01
-6.230320726310787371e-01
-7.891382572045810839e-01
-8.161260168802069170e-01
-7.189967869203504058e-01
-8.063430912221659641e-01
-6.304049258371366982e-01
-1.279777158246344415e+00
-9.727072517016638331e-01
-3.768603256650983613e-01
-1.246881079704239115e+00
-7.024908074485224363e-01
1.507161114108544753e-01
-2.130187749681051734e+00
9.379194439415093620e-02
-2.541344084820955085e-01
-2.433987945591460367e+00
2.422439473450219427e-01
-1.672682723482814326e+00
1.145799164326260777e-01
1.021608233686706751e-01
-7.695284220087025284e-01
9.479522960118048902e-02
-5.938763922010104057e-01
-3.400848951571601164e-01
1.026717170035482268e-01
-1.903269715715539545e-01
-3.975043212806860016e+00
-2.584495156246164882e+00
-3.591711222724519814e+00
-3.640576907127502704e+00
-3.272224685449419024e+00
-5.440046297263349651e+00
-2.944923233772027693e+00
-2.414745340320388678e+00
-5.390679031480678951e+00
-5.218799180797601522e+00
-3.351743368198549344e+00
-1.250974110030833808e+00
-1.866828840855963234e+00
-2.425620263295028423e+01
-2.345009231358083923e+00
-1.992554851645821046e+01
-4.167003469654258219e-02
-1.892722621106625258e+00
-1.174416267460500407e+01
-1.653494444032667654e-01
-5.482540260433952817e+00
-1.559233558321936641e+01
-3.066432310979907427e-01
-7.685938852928066112e+00
-7.553547255866888133e-02
3.494231930632883676e-02
-5.369240327946137370e+00
7.355580918234545795e-02
-4.610888391530917119e+00
-2.002188793872679451e+00
-6.327295683672773841e+00
-6.290578527817825893e+00
-4.444732585728612406e+00
-3.762450275852398107e+00
-5.337579252388160000e+00
-4.532230309556093850e+00
-4.077129574573060466e+00
-3.636066370763224143e+00
-1.728470214465975374e+00
-7.074458366559263744e+00
-1.711705601478818728e-01
-1.018463724151538408e+01
5.049897675150907261e-01
-3.083399555559779848e-01
-8.272994527266565257e+00
9.063395541970407920e-02
-6.988842015776816297e+00
-6.015027354011884597e+00
1.023413466917117570e-01
-6.870531183401809017e+00
2.912388565803880613e-01
-6.539780191289675138e+00
1.018752736384664281e+01
1.588514121548202096e-01
1.035531808617126126e-01
1.743289356773778664e-01
2.169829830457456477e-01
5.774287443423600785e-02
1.174231368212173970e-01
1.239353055988143132e-01
1.186271508947954745e-01
1.673089646800065278e-01
1.040551008820476131e-01
1.368751621146666875e-01
2.446835146715223841e-01
1.118845263267071316e-01
3.189746131689232822e-01
2.694026467640005251e-02
8.335410951684225911e-02
3.184187306596886757e-01
8.676520062058985794e-02
1.254604956203188570e-01
8.203523617088515074e-02
-6.671300674818720466e+00
-8.536566286939100578e+00
-3.249333344665961132e+00
-7.105160917200795900e+00
-6.317877707488826822e+00
-4.598589182041553869e+00
-2.806806007484238030e+00
-4.440081350703697360e+00
-4.654585573254086839e+00
1.087113405507161151e-01
-1.785990496142940032e+00
-5.912873285664156375e-01
1.663324997722073761e-02
-2.487362242160321646e+00
-5.875923614999759362e-03
-9.528157334423447145e-01
3.280867396212532039e-02
-2.268821000963459900e-01
-2.722359636942551786e-01
-3.357937695911095144e-01
2.211144349671822773e-01
3.830067246804281372e-03
1.730477782381146384e-02
5.350382939229418079e-03
-1.421564004855385352e-02
-2.484651643160266932e-01
2.797935793033243246e-01
-7.308228814945054719e-01
2.279192706253934386e-01
-1.349016510145837344e+00
3.512610617620176567e-01
-1.405890136168052695e+00
3.407327008888378916e-01
9.712405104233226560e-02
6.570420842536861539e-02
1.036034784771804329e+00
8.256192695659990699e-01
6.594982079561917399e-01
-1.412127066619048854e+00
1.157773225147619434e-01
2.101299048536620917e-01
-1.152685797686913149e+00
-9.820583608743582715e-01
1.074075195141783595e-01
-3.193749776036203247e+00
-5.329758404282760598e-01
-9.069099014747484810e-01
-1.304891659657831271e+00
-5.192031959037445299e-01
-4.551813857990275741e-02
4.617265086716484945e-02
1.008302823195482978e-01
-2.539522908995353601e-01
-1.866926740393606066e+00
