HKL Value		Reward		TotalReward	Chi Squared	Z Appr. 	Error	Two-Thetas	Sfs2
2 0 1			0.0		0.0		0.0		0.5	0.15	29.01034049	0.0
1 0 0			0.0		0.0		0.0		0.5	0.0	14.0285801003	0.0
3 0 0			0.99		0.99		0.0		0.5	0.45	42.9814560157	0.0
4 0 3			0.1		1.09		0.0		0.5	0.29	62.1413926063	0.0
3 0 2			-0.29		0.8		0.0		0.5	0.46	45.0164041053	0.0
2 1 4			-1.0		-0.2		0.06		0.45112	2.11	46.9440445598	0.4076
3 0 6			0.2		0.0		0.05		0.45112	0.11	59.366558438	0.0
0 0 3			0.17		0.17		0.04		0.45112	0.03	19.1797885945	0.0
1 0 4			0.14		0.31		0.04		0.45112	0.08	29.3672081998	0.0
3 0 4			0.13		0.44		0.03		0.45112	0.64	50.7360354343	0.0
1 0 8			0.11		0.55		0.03		0.45112	0.24	54.8685935926	0.0
2 0 3			0.1		0.65		0.03		0.45112	0.09	34.3920319457	0.0
4 0 5			0.09		0.74		0.03		0.45112	0.26	68.3700248267	0.0
4 0 1			0.08		0.82		0.02		0.45112	0.27	58.8934376912	0.0
1 0 5			0.05		0.87		0.02		0.45383	0.22	35.3149362404	7.049
2 0 7			0.07		0.94		0.02		0.45383	4.16	54.6555056564	0.0
0 0 7			0.07		1.01		0.02		0.45383	0.2	45.7499157105	0.0
3 0 8			0.06		1.07		0.02		0.45383	0.3	70.3147352648	0.0
0 2 7			0.05		1.12		0.02		0.45388	0.0	72.5085769296	0.0094
2 0 5			0.06		1.18		0.02		0.45388	5.26	43.4052500519	0.0
1 0 6			0.05		1.23		0.02		0.45388	0.25	41.5701214249	0.0
3 1 0			0.05		1.28		0.02		0.45388	0.86	50.7823995615	0.002
3 0 7			-0.12		1.16		0.02		0.45223	0.18	64.5726747292	2.8781
3 0 1			-0.22		0.93		0.02		0.4521	0.76	43.4972935008	0.0644
4 1 1			0.01		0.94		0.02		0.4521	0.21	65.3342299592	0.4263
3 1 4			0.01		0.95		0.02		0.45204	0.33	57.7518627408	0.9567
1 1 4			0.01		0.97		0.02		0.45199	0.3	39.4492672371	0.9567
2 1 7			-0.08		0.89		0.02		0.45121	0.57	61.3678684761	8.4036
3 1 7			-0.5		0.4		0.05		0.44666	0.32	70.7276559911	1.1017
0 1 7			0.02		0.42		0.05		0.44635	0.26	53.2385720724	8.4036
1 -1 2			0.03		0.45		0.04		0.44643	0.39	32.1995090242	11.6912
2 0 6			-0.32		0.13		0.07		0.44395	0.73	48.8015573959	6.3028
-1 -1 2			0.03		0.16		0.06		0.44403	0.13	32.1995090242	11.6912
4 1 3			0.03		0.19		0.06		0.44404	0.15	68.408649436	0.0043
3 1 2			0.02		0.21		0.06		0.44412	0.11	52.5840292854	11.6912
3 1 1			-0.19		0.03		0.07		0.44426	0.22	51.2370468789	1.4731
0 1 6			-0.28		-0.25		0.1		0.44788	0.0	47.2608104201	2.0239
2 1 1			0.02		-0.23		0.1		0.44788	0.13	39.1745550983	0.4263
1 0 7			0.02		-0.21		0.1		0.4478	0.54	48.0896902272	2.8781
-1 -1 -2			0.03		-0.18		0.1		0.44784	0.31	32.1995090242	11.6912
1 1 6			0.02		-0.16		0.09		0.44795	0.38	49.5460147793	8.8974
1 2 7			0.0		-0.15		0.09		0.4482	0.71	74.291810142	3.5836
2 2 5			-0.0		-0.16		0.09		0.44879	0.26	70.7747179536	2.8196
2 2 3			0.02		-0.14		0.09		0.44863	0.31	64.6616050849	6.6891
0 1 4			-0.05		-0.19		0.1		0.44873	0.09	36.6772811508	0.4076
3 2 0			-0.01		-0.21		0.1		0.44873	0.67	70.467230504	2.2538
1 2 6			0.02		-0.19		0.1		0.44845	0.11	69.4566609057	1.2895
2 1 0			-0.03		-0.22		0.1		0.44844	0.16	38.6117414796	0.0084
0 0 4			-0.04		-0.26		0.1		0.4481	0.08	25.6679215219	1.7476
2 2 6			-0.05		-0.31		0.11		0.44801	0.0	74.8444416707	3.2648