HKL Value		Reward		TotalReward	Chi Squared	Z Appr. 	Error	Two-Thetas	Sfs2
0 2 7			0.0		0.0		0.0		0.5	0.0	72.5085769296	0.0094
2 0 1			0.0		0.0		0.0		0.45479	0.15	29.01034049	0.0
0 1 8			0.81		0.81		0.0		0.45558	2.05	59.6041295708	7.5134
2 0 7			0.5		1.31		0.0		0.45558	4.16	54.6555056564	0.0
2 0 4			-0.99		0.32		0.1		0.45467	0.23	38.5541558059	1.7476
2 0 3			0.25		0.57		0.08		0.45466	0.09	34.3920319457	0.0
1 1 3			-0.7		-0.13		0.25		0.45427	0.54	35.3770121777	12.6586
3 2 3			-0.15		-0.27		0.3		0.45418	1.08	73.8091166097	1.7896
3 0 4			0.14		-0.13		0.26		0.45418	0.64	50.7360354343	0.0
1 0 6			0.13		-0.0		0.23		0.45418	0.25	41.5701214249	0.0
4 1 0			-0.01		-0.01		0.23		0.45418	0.2	64.9447604845	0.0084
3 1 3			-0.26		-0.27		0.31		0.45368	0.4	54.7770496801	12.6586
-1 -1 2			0.09		-0.18		0.29		0.45361	0.13	32.1995090242	11.6912
3 1 7			-0.11		-0.29		0.32		0.4465	0.32	70.7276559911	1.1017
3 0 7			0.07		-0.21		0.3		0.44645	0.18	64.5726747292	2.8781
4 0 5			0.07		-0.14		0.28		0.44645	0.26	68.3700248267	0.0
-2 0 4			0.01		-0.14		0.28		0.44558	0.22	38.5541558059	1.7476
4 0 4			0.01		-0.13		0.28		0.44474	0.13	64.9051128666	1.7476
3 0 5			0.0		-0.12		0.27		0.44729	0.2	54.7330754518	7.0489
3 0 6			0.06		-0.07		0.26		0.44729	0.11	59.366558438	0.0
3 1 5			-0.11		-0.18		0.29		0.44486	0.09	61.4399691436	8.5457
0 1 7			0.05		-0.13		0.28		0.4447	0.26	53.2385720724	8.4036
1 0 0			0.05		-0.08		0.27		0.4447	0.0	14.0285801003	0.0
4 1 1			0.04		-0.04		0.26		0.4447	0.21	65.3342299592	0.4263
4 0 3			0.04		0.0		0.25		0.4447	0.29	62.1413926063	0.0
3 0 3			0.01		0.01		0.24		0.44556	0.33	47.4629609511	3.2424
2 1 0			-0.0		0.01		0.24		0.44556	0.16	38.6117414796	0.0084
4 0 0			-0.16		-0.15		0.29		0.44556	0.08	58.4798162983	46.4355
0 0 8			-0.01		-0.16		0.29		0.44295	0.5	52.7511004195	15.5355