HKL Value		Reward		TotalReward	Chi Squared	Z Appr. 	Error	Two-Thetas	Sfs2
2 0 1			0.0		0.0		0.0		0.5	0.15	29.01034049	0.0
1 0 0			0.0		0.0		0.0		0.5	0.0	14.0285801003	0.0
3 0 0			0.99		0.99		0.0		0.5	0.45	42.9814560157	0.0
4 0 3			0.1		1.09		0.0		0.5	0.29	62.1413926063	0.0
3 0 2			-0.29		0.8		0.0		0.5	0.46	45.0164041053	0.0
1 0 4			-0.91		-0.11		0.0		0.5	0.08	29.3672081998	0.0
2 0 5			-0.97		-1.08		0.0		0.49994	5.26	43.4052500519	0.0
2 0 3			0.31		-0.77		0.0		0.49993	0.09	34.3920319457	0.0
2 2 5			-1.0		-1.77		0.0		0.45597	0.26	70.7747179536	2.8196
4 0 1			0.12		-1.64		0.0		0.45597	0.27	58.8934376912	0.0
3 0 6			0.11		-1.53		0.0		0.45597	0.11	59.366558438	0.0
3 0 8			0.1		-1.43		0.0		0.45597	0.3	70.3147352648	0.0
2 0 6			-1.0		-2.43		0.05		0.43561	0.73	48.8015573959	6.3028
0 0 3			0.08		-2.35		0.05		0.43561	0.03	19.1797885945	0.0
0 0 7			0.08		-2.27		0.05		0.43561	0.2	45.7499157105	0.0
2 1 1			0.04		-2.23		0.04		0.43561	0.13	39.1745550983	0.4263
1 0 8			0.07		-2.16		0.04		0.43561	0.24	54.8685935926	0.0
1 2 7			-0.19		-2.36		0.05		0.43782	0.71	74.291810142	3.5836
3 0 4			0.06		-2.3		0.05		0.43782	0.64	50.7360354343	0.0
2 0 7			0.06		-2.24		0.05		0.43782	4.16	54.6555056564	0.0
4 0 5			0.05		-2.19		0.04		0.43782	0.26	68.3700248267	0.0
1 0 6			0.05		-2.14		0.04		0.43782	0.25	41.5701214249	0.0
3 0 7			-0.01		-2.15		0.04		0.44008	0.18	64.5726747292	2.8781
3 1 0			0.04		-2.1		0.04		0.44008	0.86	50.7823995615	0.002
1 1 4			0.04		-2.07		0.04		0.44004	0.3	39.4492672371	0.9567
0 1 6			-0.5		-2.56		0.08		0.45166	0.0	47.2608104201	2.0239
3 1 4			0.03		-2.53		0.07		0.45162	0.33	57.7518627408	0.9567
4 1 1			0.03		-2.5		0.07		0.45162	0.21	65.3342299592	0.4263
0 1 7			0.0		-2.5		0.07		0.45091	0.26	53.2385720724	8.4036
1 2 6			0.01		-2.49		0.07		0.44989	0.11	69.4566609057	1.2895
2 1 6			-0.18		-2.67		0.09		0.45335	0.16	55.9883197776	2.0239
2 1 7			-0.0		-2.67		0.09		0.45289	0.57	61.3678684761	8.4036
3 2 3			-0.14		-2.81		0.1		0.45287	1.08	73.8091166097	1.7896