HKL Value		Reward		TotalReward	Chi Squared	Z Appr. 	Error	Two-Thetas	Sfs2
2 0 1			0.0		0.0		0.0		0.5	0.15	29.01034049	0.0
1 0 0			0.0		0.0		0.0		0.5	0.0	14.0285801003	0.0
3 0 0			0.99		0.99		0.0		0.5	0.45	42.9814560157	0.0
4 0 3			0.1		1.09		0.0		0.5	0.29	62.1413926063	0.0
3 0 2			-0.29		0.8		0.0		0.5	0.46	45.0164041053	0.0
2 0 -4			-1.0		-0.2		0.0		0.49524	0.31	38.5541558059	1.7476
0 0 3			0.2		0.0		0.0		0.49524	0.03	19.1797885945	0.0
4 0 5			0.17		0.17		0.0		0.49524	0.26	68.3700248267	0.0
4 0 1			0.14		0.31		0.0		0.49524	0.27	58.8934376912	0.0
2 0 7			0.12		0.44		0.0		0.49524	4.16	54.6555056564	0.0
1 0 4			0.11		0.55		0.0		0.49524	0.08	29.3672081998	0.0
3 0 4			0.1		0.65		0.0		0.49524	0.64	50.7360354343	0.0
3 0 6			0.09		0.74		0.0		0.49524	0.11	59.366558438	0.0
3 0 7			-1.0		-0.26		0.01		0.43868	0.18	64.5726747292	2.8781
3 1 2			-0.1		-0.36		0.01		0.4396	0.11	52.5840292854	11.6912
0 0 7			0.07		-0.29		0.01		0.4396	0.2	45.7499157105	0.0
1 0 8			0.07		-0.22		0.01		0.4396	0.24	54.8685935926	0.0
3 0 8			0.06		-0.16		0.01		0.4396	0.3	70.3147352648	0.0
2 0 5			0.06		-0.1		0.01		0.4396	5.26	43.4052500519	0.0
2 0 3			0.06		-0.05		0.01		0.4396	0.09	34.3920319457	0.0
1 0 6			0.05		0.01		0.01		0.4396	0.25	41.5701214249	0.0
1 -1 2			-0.08		-0.07		0.01		0.44063	0.39	32.1995090242	11.6912
2 0 0			-0.86		-0.93		0.08		0.44063	0.07	28.2731138415	46.4355
3 1 0			0.04		-0.88		0.07		0.44063	0.86	50.7823995615	0.002
3 1 4			0.04		-0.84		0.07		0.4405	0.33	57.7518627408	0.9567
-2 0 4			-0.03		-0.87		0.07		0.43771	0.22	38.5541558059	1.7476
1 1 4			0.04		-0.84		0.07		0.43766	0.3	39.4492672371	0.9567
0 1 7			0.03		-0.81		0.07		0.43878	0.26	53.2385720724	8.4036
4 1 1			0.03		-0.78		0.07		0.43878	0.21	65.3342299592	0.4263
2 1 7			0.03		-0.75		0.07		0.43949	0.57	61.3678684761	8.4036
0 0 -8			0.03		-0.73		0.06		0.43823	0.38	52.7511004195	15.5355
1 0 7			0.0		-0.72		0.06		0.43877	0.54	48.0896902272	2.8781
4 1 3			0.03		-0.69		0.06		0.43878	0.15	68.408649436	0.0043
-1 -1 -2			0.01		-0.68		0.06		0.43892	0.31	32.1995090242	11.6912
-1 -1 2			0.01		-0.67		0.06		0.43906	0.13	32.1995090242	11.6912
1 0 1			-0.03		-0.69		0.06		0.43906	0.06	15.4189733366	0.0644
1 1 6			-0.02		-0.71		0.06		0.4395	0.38	49.5460147793	8.8974
1 1 3			-0.28		-0.99		0.09		0.439	0.54	35.3770121777	12.6586