Number of epochs: 017e-02
2.777777777777780052e-02
2.264603802393611726e-02
1.000000000000000000e+00
2.040816326530622837e-02
-4.101130390455769853e-03
-2.189395566289671982e-02
1.456016228232835316e-02
-1.336466331038073385e-01
2.170550275056176703e-02
-1.180445958844579708e-02
1.140276001348027313e+00
1.852021449405523087e-02
5.845242450083621560e-02
1.666666666666653807e-02
-9.557897803228172437e-03
1.000000000000000000e+00
1.647662942750111742e-02
3.703703703703691702e-02
2.211409726010331311e-02
-1.322735376992908995e-01
1.751314565320250330e-02
-4.893170818968757552e-02
1.570079370305600339e-02
-7.904860928199058945e-03
1.538443683668504376e-02
1.364910260130308001e-02
1.000000000000000000e+00
5.000007179184176032e-01
-4.413708719230469840e-02
1.000000000000000611e-01
1.232505583327309431e-02
2.631578947368420560e-02
-1.712963477250198027e-02
1.000000000000000000e+00
1.467997193182262903e-03
5.886367060376131860e-02
1.021084800085469806e-02
1.000000000000000000e+00
-9.008570382555898537e-02
3.108399845844803458e-02
-2.110403107121303773e-02
-2.102975446949039151e-01
-1.362994558829758729e-01
4.366085831520889922e-03
1.000000000000000000e+00
5.263199830934190554e-02
4.064092436066176622e-02
2.380952380952367289e-02
7.754415807314438136e-03
1.000000000000000000e+00
1.000000000000000000e+00
2.499999999999995282e-02
2.435750187457572796e-02
2.857142857142856707e-02
7.110082768890696459e-02
1.551103133232101250e-01
4.528810686988705980e-02
2.502934076590258503e-02
3.142973635275332633e-02
1.000000000000000000e+00
-6.465068518931031856e-03
1.000000000000000000e+00
-4.285476955191758197e-02
6.550369745675913707e-03
-1.289317108463493636e-02
1.946901824281204244e-02
-7.203701766493593450e-02
1.785714285714290125e-02
-4.089601095365654609e-02
1.000000000000000000e+00
1.000000000000000000e+00
1.249999999999999861e-01
-2.763316663810412577e-02
1.000000000000000000e+00
4.056826878636721201e-02
3.556916385059120250e-02
-2.157737422824166501e-02
4.119500996029265560e-02
-9.802303633076798750e-01
3.996265159235799780e-02
5.458093852527180073e-02
1.427714582470905429e-02
1.000000000000000000e+00
5.384361923746759475e-03
