Number of epochs: 200e-01
4.546022085311305500e-02
-5.470710899110296788e-02
-2.540037420049343631e-01
3.664112267666778944e-02
-2.372552884872181633e-01
-3.609477063752462023e-01
-1.199587963226999843e-01
-3.550980918864025115e-01
-1.056466114464354490e-02
-1.838949587190682744e-01
-2.478726636778723000e-02
6.981334824273024431e-01
-1.430618623397462985e-01
4.425147399298980100e-02
-1.783647490083218878e-01
2.565589700258933195e-02
-1.605546234011842946e-02
4.335287879529747118e-02
-1.611164426696541363e-01
-4.168449957931100180e-01
3.885615037334897142e-03
-2.708707843979762941e-01
-3.002130937604858066e-02
-2.759894420709987917e-01
-1.223147663853745293e-01
-3.267510971578486967e-02
-4.331309181266723152e-01
6.956646363308522929e-01
-3.665173753765165188e-01
3.495463908319405150e-02
-2.360992541049226623e-01
3.424814651898781814e-02
-1.931891635338177371e-01
3.846744916368916023e-02
-6.008991517648337027e-02
-1.245447776109064736e-01
-1.237539404585298874e-01
-1.381705617971318856e-01
-3.218497011037553812e-01
-1.417036354192409940e-02
-1.625191081612850086e-01
-7.556254517925616032e-02
-3.307412837082510104e-01
-7.618053059800744542e-02
-6.537715112633699088e-02
6.302319924877245461e-01
-3.164223182226269526e-01
7.055967639864701990e-02
-1.987484011812849505e-01
4.684534032039867901e-02
-1.807818570144026082e-01
5.094120194824471037e-02
3.259294312562870371e-03
2.783250308303378273e-02
9.681855412311663606e-03
-1.888276290624584519e-01
-2.076225526386438550e-02
-2.421475327284944856e-01
2.821192055470974312e-03
-4.258564399808058010e-01
-1.549410894886749102e-01
-6.797403043441346826e-02
-2.826673614661912026e-01
-1.889743020452294975e-01
-3.084551567259589677e-01
-1.409007246982066641e-01
-4.219118755518225239e-01
4.310547743086608902e-02
-2.373234879461721958e-01
1.849174328610846130e-01
-1.556058912842033515e-01
3.901968925329048904e-02
-4.207966027026603939e-01
-2.065811773935453954e-01
-3.199416068863804048e-03
-1.719222630029537072e-03
-1.163767383713553982e-01
-2.289736612259879178e-01
-2.151939273637033800e-01
-1.715706969129395659e-02
-5.151429169536072411e-02
-2.864811377960483144e-02
-1.184294911814507412e-01
-1.441621877413629960e-01
