HKL Value		Reward		TotalReward	Chi Squared	Z Appr. 	Error	Two-Thetas	Sfs2
3 0 6			0.0		0.0		0.0		0.5	0.11	59.366558438	0.0
3 0 2			0.0		0.0		0.0		0.5	0.46	45.0164041053	0.0
3 0 0			1.0		1.0		0.0		0.5	0.45	42.9814560157	0.0
0 0 3			-0.42		0.58		0.0		0.5	0.03	19.1797885945	0.0
0 0 7			-0.55		0.04		0.0		0.5	0.2	45.7499157105	0.0
4 0 3			0.25		0.28		0.0		0.5	0.29	62.1413926063	0.0
2 0 1			0.19		0.47		0.0		0.5	0.15	29.01034049	0.0
1 0 0			0.15		0.62		0.0		0.5	0.0	14.0285801003	0.0
3 0 4			-0.21		0.41		0.0		0.5	0.64	50.7360354343	0.0
1 0 4			-0.22		0.2		0.0		0.5	0.08	29.3672081998	0.0
2 2 3			-1.0		-0.8		0.0		0.44115	0.31	64.6616050849	6.6891
1 0 8			0.1		-0.7		0.0		0.44115	0.24	54.8685935926	0.0
4 0 1			0.09		-0.61		0.0		0.44115	0.27	58.8934376912	0.0
2 0 5			0.08		-0.53		0.0		0.44115	5.26	43.4052500519	0.0
2 0 7			0.08		-0.45		0.0		0.44115	4.16	54.6555056564	0.0
3 0 8			0.07		-0.38		0.0		0.44115	0.3	70.3147352648	0.0
4 0 5			0.07		-0.32		0.0		0.44115	0.26	68.3700248267	0.0
2 0 3			0.06		-0.25		0.0		0.44115	0.09	34.3920319457	0.0
1 0 6			0.06		-0.19		0.0		0.44115	0.25	41.5701214249	0.0
3 1 0			-1.0		-1.19		0.0		0.44115	0.86	50.7823995615	0.002
3 0 7			-0.92		-2.11		0.0		0.44376	0.18	64.5726747292	2.8781
3 1 4			-0.29		-2.41		0.0		0.44352	0.33	57.7518627408	0.9567