HKL Value		Reward		TotalReward	Chi Squared	Z Appr. 	Error	Two-Thetas	Sfs2
3 0 6			0.0		0.0		0.0		0.5	0.11	59.366558438	0.0
3 0 2			0.0		0.0		0.0		0.5	0.46	45.0164041053	0.0
3 0 0			1.0		1.0		0.0		0.5	0.45	42.9814560157	0.0
4 0 3			1.13		2.13		0.0		0.49999	0.29	62.1413926063	0.0
2 0 1			0.33		2.46		0.0		0.49999	0.15	29.01034049	0.0
-1 -1 2			-1.0		1.46		0.0		0.45207	0.13	32.1995090242	11.6912
0 0 3			0.2		1.66		0.0		0.45207	0.03	19.1797885945	0.0
1 0 0			0.17		1.83		0.0		0.45207	0.0	14.0285801003	0.0
0 1 7			-1.0		0.83		0.0		0.44373	0.26	53.2385720724	8.4036
1 0 4			0.13		0.96		0.0		0.44373	0.08	29.3672081998	0.0
3 0 4			0.11		1.07		0.0		0.44373	0.64	50.7360354343	0.0
0 0 7			0.1		1.17		0.0		0.44373	0.2	45.7499157105	0.0
2 0 3			0.09		1.26		0.0		0.44373	0.09	34.3920319457	0.0
4 0 5			0.08		1.34		0.0		0.44373	0.26	68.3700248267	0.0
1 0 6			0.08		1.42		0.0		0.44373	0.25	41.5701214249	0.0
4 1 3			0.03		1.44		0.0		0.44376	0.15	68.408649436	0.0043
4 0 1			0.07		1.51		0.0		0.44376	0.27	58.8934376912	0.0
1 0 8			0.06		1.57		0.0		0.44376	0.24	54.8685935926	0.0
2 0 7			0.06		1.63		0.0		0.44376	4.16	54.6555056564	0.0
2 0 5			0.06		1.69		0.0		0.44376	5.26	43.4052500519	0.0
3 1 3			-0.98		0.71		0.05		0.43739	0.4	54.7770496801	12.6586
3 0 8			0.05		0.76		0.05		0.43739	0.3	70.3147352648	0.0
3 0 7			0.0		0.76		0.05		0.44084	0.18	64.5726747292	2.8781
3 1 0			0.04		0.8		0.05		0.44084	0.86	50.7823995615	0.002
4 1 1			0.03		0.83		0.04		0.44084	0.21	65.3342299592	0.4263
1 1 4			0.03		0.86		0.04		0.44074	0.3	39.4492672371	0.9567
2 1 0			-0.15		0.71		0.05		0.44074	0.16	38.6117414796	0.0084
1 0 5			-0.1		0.61		0.06		0.45051	0.22	35.3149362404	7.049
3 1 4			0.03		0.64		0.06		0.45042	0.33	57.7518627408	0.9567
2 1 1			0.02		0.66		0.05		0.45042	0.13	39.1745550983	0.4263
2 0 4			-0.14		0.52		0.06		0.44881	0.23	38.5541558059	1.7476
0 1 5			0.01		0.53		0.06		0.44793	0.34	41.7114803244	7.6693
0 0 -8			-0.13		0.4		0.07		0.44132	0.38	52.7511004195	15.5355
1 -1 2			0.02		0.42		0.07		0.44145	0.39	32.1995090242	11.6912
2 2 5			-0.09		0.33		0.08		0.44269	0.26	70.7747179536	2.8196
4 1 5			0.03		0.36		0.07		0.44254	1.53	74.3771604481	7.6693
4 0 4			-0.04		0.32		0.08		0.44192	0.13	64.9051128666	1.7476
-1 -1 -2			0.02		0.34		0.08		0.44205	0.31	32.1995090242	11.6912
1 1 6			0.01		0.35		0.08		0.44247	0.38	49.5460147793	8.8974
1 2 6			0.02		0.37		0.07		0.44275	0.11	69.4566609057	1.2895
0 1 4			-0.09		0.28		0.08		0.4432	0.09	36.6772811508	0.4076
2 2 3			0.02		0.3		0.08		0.44315	0.31	64.6616050849	6.6891
2 0 -4			-0.03		0.27		0.08		0.44267	0.31	38.5541558059	1.7476
1 2 7			-0.02		0.25		0.08		0.44297	0.71	74.291810142	3.5836
2 1 6			-0.25		0.0		0.11		0.4466	0.16	55.9883197776	2.0239