HKL Value		Reward		TotalReward	Chi Squared	Z Appr. 	Error	Two-Thetas	Sfs2
3 0 6			0.0		0.0		0.0		0.5	0.11	59.366558438	0.0
3 0 2			0.0		0.0		0.0		0.5	0.46	45.0164041053	0.0
0 0 2			-1.0		-1.0		0.0		0.58213	0.15	12.7532192506	5.5981
1 1 2			-1.0		-2.0		0.24		0.37251	0.52	32.1995090242	11.6912
3 0 0			0.33		-1.67		0.18		0.37251	0.45	42.9814560157	0.0
0 0 3			0.25		-1.42		0.14		0.37251	0.03	19.1797885945	0.0
4 0 3			0.2		-1.22		0.12		0.37251	0.29	62.1413926063	0.0
2 0 1			0.17		-1.05		0.1		0.37251	0.15	29.01034049	0.0
1 0 0			0.14		-0.91		0.09		0.37251	0.0	14.0285801003	0.0
0 0 7			0.13		-0.78		0.08		0.37251	0.2	45.7499157105	0.0
3 0 4			0.11		-0.67		0.07		0.37251	0.64	50.7360354343	0.0
1 0 4			0.1		-0.57		0.06		0.37251	0.08	29.3672081998	0.0
4 0 1			0.09		-0.48		0.06		0.37251	0.27	58.8934376912	0.0
1 0 8			0.08		-0.4		0.05		0.37251	0.24	54.8685935926	0.0
2 0 3			0.08		-0.32		0.05		0.37251	0.09	34.3920319457	0.0
2 0 7			0.07		-0.25		0.05		0.37251	4.16	54.6555056564	0.0
4 0 5			0.07		-0.18		0.04		0.37251	0.26	68.3700248267	0.0
2 0 5			0.06		-0.12		0.04		0.37251	5.26	43.4052500519	0.0
1 0 6			0.06		-0.06		0.04		0.37251	0.25	41.5701214249	0.0
2 0 -4			-0.21		-0.27		0.05		0.4249	0.31	38.5541558059	1.7476
2 1 8			-0.36		-0.63		0.08		0.45371	0.22	67.2524657177	7.5134
2 0 0			-0.46		-1.09		0.14		0.45371	0.07	28.2731138415	46.4355