HKL Value		Reward		TotalReward	Chi Squared	Z Appr. 	Error	Two-Thetas	Sfs2
0 0 7			0.0		0.0		0.0		0.5	0.2	45.7499157105	0.0
3 0 6			0.0		0.0		0.0		0.50007	0.11	59.366558438	0.0
3 0 2			0.86		0.86		0.0		0.50007	0.46	45.0164041053	0.0
3 0 0			0.5		1.36		0.0		0.50007	0.45	42.9814560157	0.0
0 0 3			0.33		1.69		0.0		0.50007	0.03	19.1797885945	0.0
4 0 3			0.18		1.87		0.0		0.50007	0.29	62.1413926063	0.0
2 0 1			0.15		2.02		0.0		0.50007	0.15	29.01034049	0.0
1 0 0			0.15		2.17		0.0		0.50007	0.0	14.0285801003	0.0
3 0 4			-0.38		1.79		0.0		0.50005	0.64	50.7360354343	0.0
2 0 3			-0.3		1.49		0.0		0.50005	0.09	34.3920319457	0.0
1 0 4			-0.01		1.48		0.0		0.50005	0.08	29.3672081998	0.0
4 0 1			-0.09		1.39		0.0		0.50005	0.27	58.8934376912	0.0
4 0 5			-0.56		0.83		0.0		0.50005	0.26	68.3700248267	0.0
2 0 7			-0.32		0.51		0.0		0.50005	4.16	54.6555056564	0.0
3 2 0			-1.0		-0.49		0.01		0.50005	0.67	70.467230504	2.2538