HKL Value		Reward		TotalReward	Chi Squared	Z Appr. 	Error	Two-Thetas	Sfs2
3 2 1			0.0		0.0		0.0		0.5	0.17	70.8417473216	1.0468
4 0 4			0.0		0.0		0.58		0.495	0.13	64.9051128666	1.7476
1 0 6			1.0		1.0		0.29		0.495	0.25	41.5701214249	0.0
2 2 3			0.29		1.29		0.22		0.43166	0.31	64.6616050849	6.6891
2 0 5			0.33		1.62		0.17		0.43166	5.26	43.4052500519	0.0
3 1 0			0.25		1.87		0.13		0.43166	0.86	50.7823995615	0.002
3 0 1			0.02		1.89		0.13		0.43185	0.76	43.4972935008	0.0644
4 0 0			-0.59		1.29		0.33		0.43185	0.08	58.4798162983	46.4355
4 0 3			0.14		1.44		0.29		0.43185	0.29	62.1413926063	0.0
0 1 7			0.09		1.53		0.26		0.43759	0.26	53.2385720724	8.4036
4 1 5			0.11		1.64		0.23		0.43772	1.53	74.3771604481	7.6693
-2 0 4			0.06		1.71		0.22		0.43542	0.22	38.5541558059	1.7476
0 0 2			-0.21		1.49		0.28		0.43366	0.15	12.7532192506	5.5981
3 0 0			0.08		1.58		0.26		0.43366	0.45	42.9814560157	0.0
3 1 5			0.03		1.61		0.25		0.4305	0.09	61.4399691436	8.5457
3 1 7			0.07		1.68		0.24		0.43088	0.32	70.7276559911	1.1017
1 -1 2			0.04		1.72		0.23		0.43133	0.39	32.1995090242	11.6912
1 1 2			0.04		1.76		0.22		0.43177	0.52	32.1995090242	11.6912
4 0 6			0.06		1.81		0.21		0.43121	0.38	72.4962488704	6.3028
2 0 4			0.05		1.86		0.2		0.4309	0.23	38.5541558059	1.7476
4 1 4			-0.12		1.74		0.22		0.4328	0.37	71.0458443611	0.4076
4 0 2			-0.13		1.61		0.26		0.43229	0.26	60.1237214722	5.5981
-1 -1 2			0.03		1.65		0.25		0.43254	0.13	32.1995090242	11.6912
1 0 8			0.05		1.69		0.24		0.43254	0.24	54.8685935926	0.0
2 1 1			0.04		1.73		0.23		0.43254	0.13	39.1745550983	0.4263
2 0 7			0.04		1.77		0.22		0.43254	4.16	54.6555056564	0.0
1 2 7			-0.01		1.77		0.22		0.43287	0.71	74.291810142	3.5836
3 2 2			0.02		1.79		0.22		0.43267	0.0	71.9603042663	6.6617
2 1 8			-0.2		1.59		0.27		0.43714	0.22	67.2524657177	7.5134
3 0 6			0.04		1.62		0.26		0.43714	0.11	59.366558438	0.0
3 0 3			-0.02		1.6		0.27		0.43913	0.33	47.4629609511	3.2424
1 0 4			0.03		1.63		0.26		0.43913	0.08	29.3672081998	0.0
0 0 8			0.03		1.66		0.25		0.43842	0.5	52.7511004195	15.5355
2 0 3			0.03		1.69		0.24		0.43842	0.09	34.3920319457	0.0
3 0 5			-0.06		1.63		0.26		0.44067	0.2	54.7330754518	7.0489
2 2 5			-0.01		1.62		0.26		0.4414	0.26	70.7747179536	2.8196
2 0 0			-0.12		1.51		0.3		0.44139	0.07	28.2731138415	46.4355