HKL Value		Reward		TotalReward	Chi Squared	Z Appr. 	Error	Two-Thetas	Sfs2
3 0 6			0.0		0.0		0.0		0.5	0.11	59.366558438	0.0
0 0 7			0.0		0.0		0.0		0.50007	0.2	45.7499157105	0.0
1 1 7			-1.0		-1.0		0.0		0.53189	0.15	55.34320722	1.1017
3 0 2			0.5		-0.5		0.0		0.53189	0.46	45.0164041053	0.0
1 1 4			-1.0		-1.5		0.03		0.53194	0.3	39.4492672371	0.9567
3 0 0			0.25		-1.25		0.02		0.53194	0.45	42.9814560157	0.0
0 0 3			0.2		-1.05		0.02		0.53194	0.03	19.1797885945	0.0
4 0 3			0.17		-0.88		0.02		0.53194	0.29	62.1413926063	0.0
2 0 1			0.14		-0.74		0.01		0.53194	0.15	29.01034049	0.0
3 0 4			0.12		-0.62		0.01		0.53194	0.64	50.7360354343	0.0
4 0 1			0.11		-0.5		0.01		0.53194	0.27	58.8934376912	0.0
2 0 3			0.1		-0.4		0.01		0.53194	0.09	34.3920319457	0.0
1 0 4			0.09		-0.31		0.01		0.53194	0.08	29.3672081998	0.0
2 2 4			-0.63		-0.94		0.02		0.53587	0.5	67.3692384702	10.6939
4 0 5			0.08		-0.86		0.02		0.53587	0.26	68.3700248267	0.0
2 0 2			4.0		3.14		0.0		0.57633	0.1	31.1263267788	5.5981
1 0 0			0.07		3.2		0.0		0.57633	0.0	14.0285801003	0.0
2 0 7			0.06		3.27		0.0		0.57633	4.16	54.6555056564	0.0
2 0 5			0.06		3.33		0.0		0.57633	5.26	43.4052500519	0.0
1 0 8			0.06		3.38		0.0		0.57633	0.24	54.8685935926	0.0
1 0 6			0.05		3.43		0.0		0.57633	0.25	41.5701214249	0.0
3 0 8			0.05		3.48		0.0		0.57633	0.3	70.3147352648	0.0
3 1 0			0.03		3.51		0.0		0.57633	0.86	50.7823995615	0.002
4 1 1			-0.12		3.39		0.0		0.57634	0.21	65.3342299592	0.4263
3 1 4			-0.38		3.01		0.01		0.57668	0.33	57.7518627408	0.9567
4 1 5			-0.93		2.08		0.08		0.58185	1.53	74.3771604481	7.6693