Number of epochs: 253e-01
8.669307667805874196e-02
-2.459881718936609007e-01
-1.494971722371422618e-01
5.568181818081976431e-01
-4.326534515870688463e-02
-1.601453606684466735e-01
2.324154019418883665e-02
-1.930770999885519368e-01
2.129237479228804353e-02
-8.358660269691101097e-02
-2.444500311813000148e-01
4.804672986875734714e-02
-3.094894959341110696e-01
3.652047616155107423e-02
-5.905341436764426077e-02
2.596748534878084991e-01
-8.054180904075869396e-02
3.276453957789907806e-02
-2.946354796588707692e-01
-1.325502152849888649e-01
3.405840544585494317e-02
-2.020814602235294077e-01
2.879379444611541994e-02
-2.482941573657853479e-02
-8.057799397258229301e-02
1.179553048540004333e-02
-1.156593711891119869e-01
5.030610818873366280e-02
-2.848729571075463984e-01
2.218221262772492874e-01
3.421114869953030893e-03
1.090038313310209978e-01
-2.350066336618162888e-01
1.774233358875139110e-01
-1.475136441879299765e-01
4.701043564789942480e-02
4.613687383885995037e-03
-3.099339928366864338e-01
-1.895107268421284130e-01
2.208788497887898168e-03
-2.032107141865301669e-01
-4.081370048461496758e-02
-2.384234545520291237e-01
-5.530724825709044251e-02
-7.698427467948530667e-02
1.126405209931490570e-01
-2.818197532274719364e-01
1.408016091045218854e-01
2.522932599555928208e-03
7.562248541208320407e-02
-2.221494095685392911e-01
3.934786194299261797e-01
-8.442846624517520715e-02
-6.454439273614195893e-02
9.430915793857909402e-02
-1.456343722406109320e-01
-3.937915321052237044e-02
-3.643699042953288947e-01
3.965575700994294212e-02
-4.346345925909714802e-01
-5.018437416822937869e-02
6.217327215496338579e-03
-1.358868500107624222e-01
-1.139551010108385970e-01
-2.301337969599731859e-01
-2.726898687067197402e-01
-2.023354880176179982e-01
4.235408078737637472e-02
-2.057796468274416812e-01
7.013159287349483850e-02
-1.202217832498781759e-02
5.648040186048998434e-02
-5.561349424421312138e-02
-8.795742785574309219e-02
4.346351617034580062e-02
2.323214493253592319e-02
-3.635638949403663944e-01
3.281767071026264054e-02
-2.284300036705324069e-02
2.499098187775425362e-02
-3.282223712221691431e-02
2.082868314714322530e-02
-2.431424479432521199e-02
-3.393699585391547757e-02
