HKL Value		Reward		TotalReward	Chi Squared	Z Appr. 	Error	Two-Thetas	Sfs2
4 0 5			0.0		0.0		0.0		0.4	0.26	68.3700248267	0.0
1 0 0			0.0		0.0		0.0		0.4	0.0	14.0285801003	0.0
4 0 3			0.96		0.96		0.0		0.40003	0.29	62.1413926063	0.0
4 0 1			0.07		1.03		0.0		0.40009	0.27	58.8934376912	0.0
3 0 6			0.38		1.4		0.0		0.40009	0.11	59.366558438	0.0
0 0 6			-1.0		0.4		0.0		0.4298	0.27	38.9249808314	6.3028
1 0 4			0.2		0.6		0.0		0.4298	0.08	29.3672081998	0.0
1 0 8			0.17		0.77		0.0		0.4298	0.24	54.8685935926	0.0
3 0 2			0.14		0.91		0.0		0.4298	0.46	45.0164041053	0.0
2 0 1			0.12		1.04		0.0		0.4298	0.15	29.01034049	0.0
1 1 5			-1.0		0.04		0.01		0.42732	3.06	44.2189644299	8.5457
2 0 5			0.1		0.14		0.0		0.42732	5.26	43.4052500519	0.0
0 0 2			-0.93		-0.79		0.07		0.42576	0.15	12.7532192506	5.5981
2 0 7			0.08		-0.71		0.07		0.42577	4.16	54.6555056564	0.0
3 0 4			0.08		-0.63		0.06		0.42577	0.64	50.7360354343	0.0
3 1 3			-0.38		-1.02		0.1		0.4233	0.4	54.7770496801	12.6586
1 0 6			0.07		-0.95		0.09		0.4233	0.25	41.5701214249	0.0
0 0 7			0.06		-0.89		0.09		0.4233	0.2	45.7499157105	0.0
3 1 0			0.06		-0.83		0.08		0.4233	0.86	50.7823995615	0.002
2 0 3			0.06		-0.77		0.08		0.4233	0.09	34.3920319457	0.0
0 0 3			0.05		-0.72		0.08		0.4233	0.03	19.1797885945	0.0
3 0 8			0.05		-0.67		0.07		0.4233	0.3	70.3147352648	0.0
3 0 0			0.05		-0.62		0.07		0.4233	0.45	42.9814560157	0.0
2 1 1			0.03		-0.59		0.07		0.4233	0.13	39.1745550983	0.4263
1 1 4			0.04		-0.55		0.06		0.4233	0.3	39.4492672371	0.9567
0 1 7			-0.18		-0.73		0.08		0.42784	0.26	53.2385720724	8.4036
4 1 3			0.04		-0.69		0.08		0.42791	0.15	68.408649436	0.0043
2 2 6			-0.05		-0.73		0.08		0.42706	0.0	74.8444416707	3.2648
4 1 5			0.0		-0.73		0.08		0.42814	1.53	74.3771604481	7.6693
1 -1 2			-0.01		-0.75		0.08		0.42869	0.39	32.1995090242	11.6912
3 0 7			-0.12		-0.87		0.09		0.43315	0.18	64.5726747292	2.8781
1 2 6			-0.07		-0.94		0.1		0.43529	0.11	69.4566609057	1.2895