HKL Value		Reward		TotalReward	Chi Squared	Z Appr. 	Error	Two-Thetas	Sfs2
4 0 5			0.0		0.0		0.0		0.4	0.26	68.3700248267	0.0
4 1 3			0.0		0.0		0.0		0.44911	0.15	68.408649436	0.0043
1 0 0			1.0		1.0		0.0		0.44911	0.0	14.0285801003	0.0
4 1 4			-1.0		0.0		0.1		0.45111	0.37	71.0458443611	0.4076
4 0 3			0.33		0.34		0.08		0.45111	0.29	62.1413926063	0.0
3 0 6			0.25		0.59		0.06		0.45111	0.11	59.366558438	0.0
3 0 2			0.2		0.79		0.05		0.45111	0.46	45.0164041053	0.0
4 0 1			0.17		0.95		0.04		0.45111	0.27	58.8934376912	0.0
4 1 5			-0.02		0.93		0.05		0.44727	1.53	74.3771604481	7.6693
1 0 4			0.13		1.06		0.04		0.44727	0.08	29.3672081998	0.0
2 0 1			0.11		1.17		0.04		0.44727	0.15	29.01034049	0.0
1 0 8			0.1		1.27		0.03		0.44727	0.24	54.8685935926	0.0
3 0 4			0.09		1.36		0.03		0.44727	0.64	50.7360354343	0.0
2 0 7			0.08		1.44		0.03		0.44727	4.16	54.6555056564	0.0
2 2 4			-0.69		0.76		0.09		0.44175	0.5	67.3692384702	10.6939
2 0 5			0.07		0.83		0.08		0.44175	5.26	43.4052500519	0.0
2 0 3			0.07		0.89		0.08		0.44175	0.09	34.3920319457	0.0
0 0 7			0.06		0.96		0.07		0.44175	0.2	45.7499157105	0.0
1 0 1			-0.03		0.92		0.08		0.44154	0.06	15.4189733366	0.0644
3 1 5			-0.15		0.77		0.09		0.43293	0.09	61.4399691436	8.5457
1 0 6			0.05		0.83		0.09		0.43293	0.25	41.5701214249	0.0
0 0 3			0.05		0.88		0.08		0.43293	0.03	19.1797885945	0.0
3 0 0			0.05		0.92		0.08		0.43293	0.45	42.9814560157	0.0
3 0 8			0.05		0.97		0.08		0.43293	0.3	70.3147352648	0.0
2 2 6			-0.08		0.89		0.08		0.43171	0.0	74.8444416707	3.2648
3 1 0			0.04		0.93		0.08		0.43171	0.86	50.7823995615	0.002
4 0 4			0.03		0.96		0.08		0.43094	0.13	64.9051128666	1.7476
1 1 6			-0.07		0.9		0.08		0.43227	0.38	49.5460147793	8.8974
2 1 1			0.03		0.92		0.08		0.43227	0.13	39.1745550983	0.4263
3 0 7			-0.05		0.88		0.08		0.43604	0.18	64.5726747292	2.8781
1 1 4			0.03		0.91		0.08		0.43602	0.3	39.4492672371	0.9567
0 1 7			0.02		0.92		0.08		0.4369	0.26	53.2385720724	8.4036
4 1 1			0.02		0.95		0.08		0.4369	0.21	65.3342299592	0.4263
-1 -1 -2			0.01		0.96		0.08		0.43722	0.31	32.1995090242	11.6912
3 1 4			0.03		0.99		0.07		0.43719	0.33	57.7518627408	0.9567
0 2 7			-0.13		0.86		0.09		0.44234	0.0	72.5085769296	0.0094
1 2 6			0.03		0.89		0.08		0.44268	0.11	69.4566609057	1.2895
1 -1 2			0.02		0.91		0.08		0.44281	0.39	32.1995090242	11.6912
0 1 5			0.02		0.93		0.08		0.44266	0.34	41.7114803244	7.6693
3 1 2			0.02		0.95		0.08		0.4428	0.11	52.5840292854	11.6912
2 1 2			-0.01		0.94		0.08		0.44308	0.36	40.8238903893	0.1747
1 0 7			0.02		0.96		0.08		0.44317	0.54	48.0896902272	2.8781
1 1 7			-0.05		0.91		0.08		0.44179	0.15	55.34320722	1.1017
-2 0 4			-0.03		0.89		0.08		0.44136	0.22	38.5541558059	1.7476
0 0 -8			-0.01		0.88		0.08		0.44028	0.38	52.7511004195	15.5355