HKL Value		Reward		TotalReward	Chi Squared	Z Appr. 	Error	Two-Thetas	Sfs2
4 0 1			0.0		0.0		0.0		0.4	0.27	58.8934376912	0.0
4 0 3			0.0		0.0		0.0		0.40001	0.29	62.1413926063	0.0
1 0 0			0.95		0.95		0.0		0.40001	0.0	14.0285801003	0.0
2 0 1			0.42		1.36		0.0		0.40001	0.15	29.01034049	0.0
3 0 0			0.33		1.7		0.0		0.40001	0.45	42.9814560157	0.0
3 0 2			0.05		1.74		0.0		0.40001	0.46	45.0164041053	0.0
3 0 6			0.1		1.84		0.0		0.40001	0.11	59.366558438	0.0
1 0 4			-0.27		1.57		0.0		0.40001	0.08	29.3672081998	0.0
1 0 8			-0.22		1.35		0.0		0.40001	0.24	54.8685935926	0.0
2 0 3			-0.23		1.12		0.0		0.40001	0.09	34.3920319457	0.0
4 1 3			-1.0		0.12		0.0		0.44911	0.15	68.408649436	0.0043
4 0 5			0.1		0.22		0.0		0.44911	0.26	68.3700248267	0.0
1 -1 2			-0.02		0.2		0.0		0.45198	0.39	32.1995090242	11.6912
1 2 7			-0.96		-0.76		0.0		0.45858	0.71	74.291810142	3.5836
3 0 4			0.08		-0.68		0.0		0.45858	0.64	50.7360354343	0.0
0 0 3			0.07		-0.61		0.0		0.45858	0.03	19.1797885945	0.0
2 0 7			0.07		-0.55		0.0		0.45858	4.16	54.6555056564	0.0
2 0 2			-0.98		-1.53		0.07		0.45126	0.1	31.1263267788	5.5981
2 0 5			0.06		-1.47		0.07		0.45126	5.26	43.4052500519	0.0
0 0 7			0.06		-1.42		0.06		0.45126	0.2	45.7499157105	0.0
3 0 8			0.05		-1.36		0.06		0.45126	0.3	70.3147352648	0.0
3 0 1			-0.05		-1.42		0.06		0.44898	0.76	43.4972935008	0.0644
1 0 6			0.05		-1.37		0.06		0.44898	0.25	41.5701214249	0.0
3 1 0			0.04		-1.33		0.06		0.44898	0.86	50.7823995615	0.002
1 1 4			0.03		-1.29		0.06		0.44786	0.3	39.4492672371	0.9567
0 1 6			-0.1		-1.39		0.06		0.46284	0.0	47.2608104201	2.0239
3 1 4			0.02		-1.37		0.06		0.46253	0.33	57.7518627408	0.9567
2 1 1			0.03		-1.34		0.06		0.46253	0.13	39.1745550983	0.4263
3 1 2			0.02		-1.32		0.06		0.4615	0.11	52.5840292854	11.6912
4 1 1			0.02		-1.29		0.06		0.4615	0.21	65.3342299592	0.4263
1 1 6			-0.03		-1.33		0.06		0.45787	0.38	49.5460147793	8.8974
0 0 8			-0.43		-1.76		0.1		0.44628	0.5	52.7511004195	15.5355
2 2 3			0.03		-1.73		0.1		0.4461	0.31	64.6616050849	6.6891
3 2 2			-0.03		-1.76		0.1		0.44589	0.0	71.9603042663	6.6617
3 2 1			-0.12		-1.88		0.12		0.44595	0.17	70.8417473216	1.0468
3 0 7			0.03		-1.86		0.11		0.44593	0.18	64.5726747292	2.8781
0 1 5			0.02		-1.84		0.11		0.44569	0.34	41.7114803244	7.6693
-1 -1 -2			0.03		-1.81		0.11		0.4458	0.31	32.1995090242	11.6912
1 0 7			0.02		-1.79		0.11		0.4458	0.54	48.0896902272	2.8781
2 2 4			-0.16		-1.95		0.13		0.44534	0.5	67.3692384702	10.6939
1 1 5			-0.12		-2.07		0.14		0.44337	3.06	44.2189644299	8.5457
2 1 7			0.02		-2.04		0.14		0.4433	0.57	61.3678684761	8.4036
0 1 7			0.02		-2.02		0.14		0.44324	0.26	53.2385720724	8.4036
1 2 6			0.02		-2.0		0.13		0.44337	0.11	69.4566609057	1.2895
4 1 5			0.02		-1.97		0.13		0.44327	1.53	74.3771604481	7.6693
2 2 5			-0.02		-1.99		0.13		0.44401	0.26	70.7747179536	2.8196
2 1 6			-0.15		-2.14		0.16		0.44697	0.16	55.9883197776	2.0239
3 1 7			-0.04		-2.18		0.16		0.44561	0.32	70.7276559911	1.1017