HKL Value		Reward		TotalReward	Chi Squared	Z Appr. 	Error	Two-Thetas	Sfs2
4 0 5			0.0		0.0		0.0		0.4	0.26	68.3700248267	0.0
1 0 0			0.0		0.0		0.0		0.4	0.0	14.0285801003	0.0
4 0 3			0.96		0.96		0.0		0.40003	0.29	62.1413926063	0.0
4 0 1			0.07		1.03		0.0		0.40009	0.27	58.8934376912	0.0
3 0 6			0.38		1.4		0.0		0.40009	0.11	59.366558438	0.0
1 0 4			0.15		1.56		0.0		0.40009	0.08	29.3672081998	0.0
1 0 8			0.09		1.64		0.0		0.40009	0.24	54.8685935926	0.0
3 0 8			-0.93		0.71		0.0		0.40013	0.3	70.3147352648	0.0
0 1 5			-1.0		-0.29		0.0		0.43827	0.34	41.7114803244	7.6693
2 0 7			0.12		-0.16		0.0		0.43827	4.16	54.6555056564	0.0
1 0 6			0.11		-0.05		0.0		0.43827	0.25	41.5701214249	0.0
3 0 2			0.1		0.05		0.0		0.43827	0.46	45.0164041053	0.0
4 0 2			-1.0		-0.95		0.08		0.4274	0.26	60.1237214722	5.5981
2 0 5			0.08		-0.87		0.07		0.4274	5.26	43.4052500519	0.0
2 0 2			-0.41		-1.28		0.12		0.4164	0.1	31.1263267788	5.5981
2 0 1			0.07		-1.21		0.11		0.4164	0.15	29.01034049	0.0
3 1 0			0.07		-1.14		0.1		0.4164	0.86	50.7823995615	0.002
3 0 4			0.06		-1.08		0.1		0.4164	0.64	50.7360354343	0.0
0 0 7			0.06		-1.02		0.09		0.4164	0.2	45.7499157105	0.0
2 0 3			0.06		-0.96		0.09		0.4164	0.09	34.3920319457	0.0
0 0 3			0.05		-0.91		0.08		0.4164	0.03	19.1797885945	0.0
0 1 7			-0.12		-1.03		0.09		0.43413	0.26	53.2385720724	8.4036
2 1 1			0.04		-0.99		0.09		0.43413	0.13	39.1745550983	0.4263
0 0 4			0.03		-0.96		0.09		0.432	0.08	25.6679215219	1.7476
4 1 3			0.04		-0.92		0.08		0.43209	0.15	68.408649436	0.0043
3 0 0			0.04		-0.88		0.08		0.43209	0.45	42.9814560157	0.0
1 1 3			-0.25		-1.13		0.11		0.42864	0.54	35.3770121777	12.6586
1 1 4			0.04		-1.09		0.1		0.42859	0.3	39.4492672371	0.9567
2 0 4			0.04		-1.05		0.1		0.42833	0.23	38.5541558059	1.7476
3 0 7			-0.08		-1.13		0.11		0.43457	0.18	64.5726747292	2.8781
1 -1 2			0.02		-1.11		0.11		0.43496	0.39	32.1995090242	11.6912
2 2 3			0.03		-1.09		0.1		0.43526	0.31	64.6616050849	6.6891
4 1 1			0.03		-1.06		0.1		0.43525	0.21	65.3342299592	0.4263
3 1 4			0.03		-1.03		0.1		0.43525	0.33	57.7518627408	0.9567
1 2 7			-0.04		-1.07		0.1		0.43591	0.71	74.291810142	3.5836
1 2 6			-0.01		-1.08		0.1		0.43846	0.11	69.4566609057	1.2895
1 0 7			0.01		-1.06		0.1		0.43936	0.54	48.0896902272	2.8781
1 1 2			0.02		-1.04		0.1		0.43961	0.52	32.1995090242	11.6912
3 0 3			-0.06		-1.1		0.11		0.44193	0.33	47.4629609511	3.2424
0 0 -8			0.0		-1.1		0.11		0.43972	0.38	52.7511004195	15.5355
4 0 4			-0.01		-1.1		0.11		0.43927	0.13	64.9051128666	1.7476
2 2 6			-0.04		-1.14		0.11		0.43905	0.0	74.8444416707	3.2648
4 1 4			-0.07		-1.21		0.12		0.43966	0.37	71.0458443611	0.4076