HKL Value		Reward		TotalReward	Chi Squared	Z Appr. 	Error	Two-Thetas	Sfs2
2 1 0			0.0		0.0		0.0		0.5	0.16	38.6117414796	0.0084
4 0 5			0.0		0.0		0.24		0.5	0.26	68.3700248267	0.0
4 0 1			1.0		1.0		0.12		0.5	0.27	58.8934376912	0.0
1 0 4			0.5		1.5		0.08		0.5	0.08	29.3672081998	0.0
2 0 1			0.33		1.83		0.06		0.5	0.15	29.01034049	0.0
3 0 0			0.25		2.08		0.05		0.5	0.45	42.9814560157	0.0
3 0 2			0.2		2.28		0.04		0.5	0.46	45.0164041053	0.0
0 0 7			0.17		2.45		0.03		0.5	0.2	45.7499157105	0.0
1 0 0			0.14		2.59		0.03		0.5	0.0	14.0285801003	0.0
4 0 3			0.12		2.72		0.03		0.5	0.29	62.1413926063	0.0
3 0 6			0.11		2.83		0.02		0.5	0.11	59.366558438	0.0
3 0 4			0.1		2.93		0.02		0.5	0.64	50.7360354343	0.0
0 0 3			0.09		3.02		0.02		0.5	0.03	19.1797885945	0.0
2 0 3			0.08		3.1		0.02		0.5	0.09	34.3920319457	0.0
3 1 5			0.08		3.18		0.02		0.52747	0.09	61.4399691436	8.5457
1 0 8			0.07		3.25		0.02		0.52747	0.24	54.8685935926	0.0
0 0 -8			-0.81		2.44		0.09		0.50381	0.38	52.7511004195	15.5355
4 0 6			-0.04		2.4		0.09		0.50601	0.38	72.4962488704	6.3028
2 0 7			0.06		2.46		0.08		0.50601	4.16	54.6555056564	0.0
2 0 5			0.06		2.51		0.08		0.50601	5.26	43.4052500519	0.0
3 0 8			0.05		2.57		0.08		0.50601	0.3	70.3147352648	0.0
1 0 6			0.05		2.62		0.07		0.50601	0.25	41.5701214249	0.0
0 0 6			-0.01		2.61		0.07		0.50737	0.27	38.9249808314	6.3028
1 1 4			-0.01		2.6		0.07		0.50734	0.3	39.4492672371	0.9567
3 1 0			0.04		2.64		0.07		0.50734	0.86	50.7823995615	0.002
2 1 1			0.03		2.67		0.07		0.50734	0.13	39.1745550983	0.4263
3 1 4			-0.01		2.66		0.07		0.50729	0.33	57.7518627408	0.9567
3 0 7			1.01		3.67		0.03		0.43442	0.18	64.5726747292	2.8781
4 1 1			0.02		3.68		0.03		0.43442	0.21	65.3342299592	0.4263
1 2 6			-0.18		3.51		0.04		0.43562	0.11	69.4566609057	1.2895
2 1 7			-0.01		3.5		0.04		0.43598	0.57	61.3678684761	8.4036
-1 -1 -2			-0.01		3.49		0.04		0.4361	0.31	32.1995090242	11.6912