HKL Value		Reward		TotalReward	Chi Squared	Z Appr. 	Error	Two-Thetas	Sfs2
4 0 5			0.0		0.0		0.0		0.5	0.26	68.3700248267	0.0
4 0 1			0.0		0.0		0.0		0.49996	0.27	58.8934376912	0.0
1 0 4			0.85		0.85		0.0		0.49996	0.08	29.3672081998	0.0
0 0 7			0.27		1.13		0.0		0.49996	0.2	45.7499157105	0.0
1 1 2			-1.0		0.13		0.0		0.45207	0.52	32.1995090242	11.6912
1 0 1			-1.0		-0.87		0.03		0.44878	0.06	15.4189733366	0.0644
2 0 1			0.2		-0.67		0.02		0.44878	0.15	29.01034049	0.0
3 0 0			0.17		-0.51		0.02		0.44878	0.45	42.9814560157	0.0
1 0 0			0.14		-0.37		0.02		0.44878	0.0	14.0285801003	0.0
3 0 2			0.12		-0.24		0.01		0.44878	0.46	45.0164041053	0.0
3 0 6			0.11		-0.13		0.01		0.44878	0.11	59.366558438	0.0
1 1 5			-0.46		-0.59		0.02		0.42572	3.06	44.2189644299	8.5457
3 0 4			0.09		-0.5		0.02		0.42572	0.64	50.7360354343	0.0
4 0 3			0.08		-0.42		0.02		0.42572	0.29	62.1413926063	0.0
0 0 3			0.08		-0.34		0.02		0.42572	0.03	19.1797885945	0.0
2 0 3			0.07		-0.27		0.02		0.42572	0.09	34.3920319457	0.0
2 0 7			0.07		-0.2		0.02		0.42572	4.16	54.6555056564	0.0
1 0 8			0.06		-0.14		0.02		0.42572	0.24	54.8685935926	0.0
2 0 5			0.06		-0.08		0.01		0.42572	5.26	43.4052500519	0.0
0 1 6			-0.86		-0.94		0.1		0.45212	0.0	47.2608104201	2.0239
3 0 8			0.05		-0.88		0.1		0.45212	0.3	70.3147352648	0.0
1 0 6			0.05		-0.83		0.09		0.45212	0.25	41.5701214249	0.0
3 1 0			0.05		-0.79		0.09		0.45212	0.86	50.7823995615	0.002
3 0 7			0.03		-0.76		0.09		0.45095	0.18	64.5726747292	2.8781
0 0 4			-0.1		-0.86		0.1		0.44976	0.08	25.6679215219	1.7476
4 1 1			0.03		-0.83		0.09		0.44976	0.21	65.3342299592	0.4263
2 2 5			0.02		-0.81		0.09		0.45119	0.26	70.7747179536	2.8196
3 1 4			0.03		-0.78		0.09		0.45113	0.33	57.7518627408	0.9567
3 2 3			-0.16		-0.94		0.11		0.45114	1.08	73.8091166097	1.7896
2 1 1			0.03		-0.91		0.1		0.45114	0.13	39.1745550983	0.4263
2 1 7			0.01		-0.89		0.1		0.45042	0.57	61.3678684761	8.4036
-1 -1 -2			0.03		-0.86		0.1		0.45044	0.31	32.1995090242	11.6912
0 1 5			0.01		-0.85		0.1		0.44995	0.34	41.7114803244	7.6693
1 0 7			0.02		-0.82		0.1		0.44957	0.54	48.0896902272	2.8781
4 1 5			0.01		-0.81		0.09		0.44915	1.53	74.3771604481	7.6693
1 1 6			0.03		-0.78		0.09		0.44924	0.38	49.5460147793	8.8974
1 1 4			0.02		-0.76		0.09		0.4492	0.3	39.4492672371	0.9567
-1 -1 2			0.03		-0.73		0.09		0.44925	0.13	32.1995090242	11.6912
4 1 3			0.03		-0.7		0.09		0.44925	0.15	68.408649436	0.0043
3 2 0			-0.02		-0.72		0.09		0.44925	0.67	70.467230504	2.2538
1 1 7			-0.12		-0.85		0.1		0.44598	0.15	55.34320722	1.1017
1 2 6			0.02		-0.82		0.1		0.4458	0.11	69.4566609057	1.2895
1 -1 2			0.02		-0.8		0.09		0.44589	0.39	32.1995090242	11.6912
1 2 7			-0.0		-0.8		0.09		0.44623	0.71	74.291810142	3.5836
3 2 4			-0.0		-0.81		0.1		0.44571	0.0	76.369138646	3.3351
0 2 7			0.01		-0.8		0.09		0.44643	0.0	72.5085769296	0.0094
2 1 0			-0.03		-0.84		0.1		0.44643	0.16	38.6117414796	0.0084
4 1 0			-0.03		-0.87		0.1		0.44643	0.2	64.9447604845	0.0084
-2 0 4			-0.03		-0.9		0.1		0.44601	0.22	38.5541558059	1.7476