HKL Value		Reward		TotalReward	Chi Squared	Z Appr. 	Error	Two-Thetas	Sfs2
4 0 0			0.0		0.0		0.0		0.5	0.08	58.4798162983	46.4355
2 0 6			0.0		0.0		1.49		0.51185	0.73	48.8015573959	6.3028
1 1 2			0.33		0.33		1.12		0.50821	0.52	32.1995090242	11.6912
2 1 0			0.35		0.68		0.83		0.50821	0.16	38.6117414796	0.0084
0 0 8			0.25		0.93		0.66		0.50193	0.5	52.7511004195	15.5355
2 1 4			-0.53		0.41		1.4		0.49163	2.11	46.9440445598	0.4076
4 0 4			0.2		0.6		1.17		0.49194	0.13	64.9051128666	1.7476
3 1 3			0.07		0.68		1.09		0.4929	0.4	54.7770496801	12.6586
3 1 2			0.09		0.77		1.0		0.4922	0.11	52.5840292854	11.6912
2 1 8			-0.02		0.74		1.02		0.49491	0.22	67.2524657177	7.5134
0 0 -8			0.1		0.84		0.93		0.49679	0.38	52.7511004195	15.5355
2 0 5			0.1		0.94		0.85		0.49679	5.26	43.4052500519	0.0
4 0 5			0.09		1.03		0.78		0.49679	0.26	68.3700248267	0.0
3 1 4			0.07		1.1		0.72		0.49675	0.33	57.7518627408	0.9567
3 2 0			0.06		1.16		0.68		0.49675	0.67	70.467230504	2.2538
4 1 4			-0.23		0.93		0.89		0.49174	0.37	71.0458443611	0.4076
3 2 2			0.04		0.97		0.85		0.49179	0.0	71.9603042663	6.6617
2 0 3			0.06		1.04		0.8		0.49179	0.09	34.3920319457	0.0
1 0 1			0.03		1.07		0.78		0.49156	0.06	15.4189733366	0.0644
-1 -1 2			0.03		1.1		0.75		0.49108	0.13	32.1995090242	11.6912
0 1 5			0.05		1.15		0.72		0.49128	0.34	41.7114803244	7.6693
2 0 7			0.05		1.2		0.68		0.49128	4.16	54.6555056564	0.0
2 1 7			0.05		1.24		0.65		0.49097	0.57	61.3678684761	8.4036
4 1 1			0.04		1.29		0.63		0.49097	0.21	65.3342299592	0.4263
1 -1 2			0.02		1.31		0.62		0.49051	0.39	32.1995090242	11.6912
1 0 0			0.04		1.35		0.59		0.49051	0.0	14.0285801003	0.0
2 0 4			0.04		1.39		0.57		0.49073	0.23	38.5541558059	1.7476
4 1 0			0.02		1.41		0.56		0.49074	0.2	64.9447604845	0.0084
3 2 4			-0.03		1.38		0.57		0.49067	0.0	76.369138646	3.3351
3 0 1			0.02		1.39		0.57		0.49041	0.76	43.4972935008	0.0644
4 0 2			-0.03		1.36		0.59		0.49064	0.26	60.1237214722	5.5981
3 1 1			0.02		1.37		0.58		0.49076	0.22	51.2370468789	1.4731
0 1 6			-0.01		1.37		0.58		0.48836	0.0	47.2608104201	2.0239
0 1 8			-0.04		1.32		0.61		0.48944	2.05	59.6041295708	7.5134
3 0 2			0.03		1.35		0.59		0.48944	0.46	45.0164041053	0.0
0 2 7			0.91		2.27		0.31		0.44493	0.0	72.5085769296	0.0094
4 0 3			0.03		2.3		0.3		0.44493	0.29	62.1413926063	0.0
0 0 3			0.03		2.32		0.29		0.44493	0.03	19.1797885945	0.0
2 1 1			0.03		2.35		0.28		0.44493	0.13	39.1745550983	0.4263
3 0 6			0.03		2.38		0.28		0.44493	0.11	59.366558438	0.0
4 1 3			0.03		2.4		0.27		0.44493	0.15	68.408649436	0.0043
3 1 0			0.02		2.43		0.26		0.44493	0.86	50.7823995615	0.002
1 0 6			0.02		2.45		0.26		0.44493	0.25	41.5701214249	0.0
2 1 2			0.01		2.46		0.25		0.44502	0.36	40.8238903893	0.1747
1 0 7			0.02		2.49		0.25		0.44502	0.54	48.0896902272	2.8781
1 0 5			-0.0		2.48		0.25		0.4459	0.22	35.3149362404	7.049
1 1 4			0.02		2.5		0.24		0.4459	0.3	39.4492672371	0.9567
4 1 5			0.02		2.52		0.24		0.44581	1.53	74.3771604481	7.6693
1 0 4			0.02		2.54		0.23		0.44581	0.08	29.3672081998	0.0
4 0 1			0.02		2.57		0.23		0.44581	0.27	58.8934376912	0.0
1 1 6			0.02		2.58		0.23		0.4459	0.38	49.5460147793	8.8974
3 0 0			0.02		2.6		0.22		0.4459	0.45	42.9814560157	0.0
3 0 8			0.02		2.62		0.22		0.4459	0.3	70.3147352648	0.0
2 2 5			0.0		2.63		0.22		0.44629	0.26	70.7747179536	2.8196
0 0 7			0.02		2.65		0.21		0.44629	0.2	45.7499157105	0.0
1 2 6			0.02		2.67		0.21		0.44622	0.11	69.4566609057	1.2895
3 0 7			0.02		2.68		0.2		0.4462	0.18	64.5726747292	2.8781
3 0 4			0.02		2.7		0.2		0.4462	0.64	50.7360354343	0.0
-1 -1 -2			0.02		2.72		0.2		0.44624	0.31	32.1995090242	11.6912
1 0 8			0.02		2.73		0.19		0.44624	0.24	54.8685935926	0.0
2 0 1			0.02		2.75		0.19		0.44624	0.15	29.01034049	0.0
1 2 7			0.01		2.76		0.19		0.44636	0.71	74.291810142	3.5836
0 1 7			0.01		2.77		0.19		0.44627	0.26	53.2385720724	8.4036
3 0 3			0.0		2.78		0.19		0.44656	0.33	47.4629609511	3.2424
3 0 5			-0.0		2.78		0.19		0.44717	0.2	54.7330754518	7.0489
2 2 6			-0.01		2.76		0.19		0.44713	0.0	74.8444416707	3.2648
0 1 4			-0.01		2.75		0.19		0.44721	0.09	36.6772811508	0.4076