HKL Value		Reward		TotalReward	Chi Squared	Z Appr. 	Error	Two-Thetas	Sfs2
3 0 0			0.0		0.0		0.0		0.5	0.45	42.9814560157	0.0
0 0 -8			0.0		0.0		0.0		0.49986	0.38	52.7511004195	15.5355
3 0 2			1.0		1.0		0.0		0.49986	0.46	45.0164041053	0.0
4 0 3			0.5		1.5		0.0		0.49986	0.29	62.1413926063	0.0
0 0 7			0.33		1.83		0.0		0.49986	0.2	45.7499157105	0.0
3 0 4			0.25		2.08		0.0		0.49986	0.64	50.7360354343	0.0
4 0 6			-1.0		1.08		0.06		0.50291	0.38	72.4962488704	6.3028
3 0 6			0.17		1.25		0.05		0.50291	0.11	59.366558438	0.0
0 2 7			-0.55		0.7		0.11		0.44014	0.0	72.5085769296	0.0094
2 0 1			0.13		0.83		0.09		0.44014	0.15	29.01034049	0.0
3 0 8			0.11		0.94		0.09		0.44014	0.3	70.3147352648	0.0
2 0 5			0.1		1.04		0.08		0.44014	5.26	43.4052500519	0.0
4 0 5			0.09		1.13		0.07		0.44014	0.26	68.3700248267	0.0
1 0 7			0.04		1.17		0.07		0.44039	0.54	48.0896902272	2.8781
1 0 4			0.08		1.25		0.06		0.44039	0.08	29.3672081998	0.0
0 0 3			0.07		1.32		0.06		0.44039	0.03	19.1797885945	0.0
0 0 6			-0.21		1.11		0.08		0.4392	0.27	38.9249808314	6.3028
2 0 0			-0.53		0.58		0.16		0.4392	0.07	28.2731138415	46.4355
1 0 8			0.06		0.64		0.15		0.4392	0.24	54.8685935926	0.0
2 0 7			0.06		0.7		0.14		0.4392	4.16	54.6555056564	0.0
2 0 3			0.05		0.75		0.13		0.4392	0.09	34.3920319457	0.0
4 0 1			0.05		0.8		0.13		0.4392	0.27	58.8934376912	0.0
1 1 4			0.05		0.84		0.12		0.4392	0.3	39.4492672371	0.9567
3 0 5			-0.18		0.66		0.15		0.44111	0.2	54.7330754518	7.0489
3 1 0			0.04		0.71		0.14		0.44111	0.86	50.7823995615	0.002
3 0 7			0.03		0.74		0.14		0.44125	0.18	64.5726747292	2.8781
4 0 0			-0.27		0.47		0.19		0.44125	0.08	58.4798162983	46.4355
4 1 1			0.03		0.5		0.18		0.44125	0.21	65.3342299592	0.4263
3 1 2			0.03		0.54		0.18		0.44133	0.11	52.5840292854	11.6912
1 0 0			0.04		0.57		0.17		0.44133	0.0	14.0285801003	0.0
2 1 4			-0.04		0.53		0.18		0.44168	2.11	46.9440445598	0.4076
3 1 4			0.03		0.56		0.17		0.44168	0.33	57.7518627408	0.9567
-1 -1 2			0.03		0.59		0.17		0.44175	0.13	32.1995090242	11.6912
-1 -1 -2			0.03		0.62		0.17		0.44183	0.31	32.1995090242	11.6912
2 2 3			0.03		0.65		0.16		0.44181	0.31	64.6616050849	6.6891
0 1 7			0.03		0.67		0.16		0.44181	0.26	53.2385720724	8.4036
4 0 2			-0.14		0.54		0.18		0.44162	0.26	60.1237214722	5.5981
1 2 7			0.0		0.54		0.18		0.44181	0.71	74.291810142	3.5836
3 2 2			0.0		0.54		0.18		0.44172	0.0	71.9603042663	6.6617
2 0 4			0.0		0.54		0.18		0.44141	0.23	38.5541558059	1.7476
1 0 6			0.03		0.57		0.17		0.44141	0.25	41.5701214249	0.0
2 1 0			-0.01		0.56		0.18		0.44141	0.16	38.6117414796	0.0084
3 2 0			0.0		0.56		0.18		0.44141	0.67	70.467230504	2.2538
4 1 5			0.02		0.59		0.17		0.44136	1.53	74.3771604481	7.6693
0 1 4			-0.03		0.56		0.18		0.44167	0.09	36.6772811508	0.4076
4 0 4			0.0		0.56		0.18		0.44138	0.13	64.9051128666	1.7476
1 1 2			0.02		0.58		0.17		0.44145	0.52	32.1995090242	11.6912
2 0 2			-0.1		0.48		0.19		0.44126	0.1	31.1263267788	5.5981
1 1 6			0.01		0.49		0.19		0.44147	0.38	49.5460147793	8.8974
1 0 5			-0.04		0.46		0.2		0.44283	0.22	35.3149362404	7.049
3 0 1			0.01		0.46		0.2		0.44283	0.76	43.4972935008	0.0644
2 0 -4			0.0		0.47		0.2		0.44254	0.31	38.5541558059	1.7476
1 0 1			0.01		0.47		0.19		0.44254	0.06	15.4189733366	0.0644
2 2 5			-0.01		0.46		0.2		0.44306	0.26	70.7747179536	2.8196
1 -1 2			0.02		0.48		0.19		0.44311	0.39	32.1995090242	11.6912
1 1 7			-0.01		0.48		0.19		0.44236	0.15	55.34320722	1.1017
3 1 7			-0.0		0.47		0.19		0.44175	0.32	70.7276559911	1.1017
0 0 2			-0.07		0.4		0.21		0.4416	0.15	12.7532192506	5.5981