Number of epochs: 275e-01
6.638813504083021511e-02
-1.029340681497678267e-01
-2.279988353133862722e-01
6.844704341760747546e-02
-1.509851105477633404e-01
-2.727866802727851869e-01
-4.459908768180308875e-02
-4.812849284058643984e-01
-1.812124977955051819e-03
-2.368332114913829500e-01
-1.536651464906381159e-01
7.856463328606130836e-02
-2.600595989976485223e-01
6.330292593161761239e-02
-1.160543069978111491e-01
3.317931974823634667e-02
-3.260149951863392306e-03
7.818524980422451864e-02
-3.502080116681866029e-02
-2.367830421396616980e-01
1.796238263990743893e-03
-1.989427566075675224e-01
-2.514301567467076143e-02
-2.210532231350040566e-01
-2.728027960365339566e-02
-3.519225716195725079e-02
-3.601004237700654587e-01
7.300384124796757135e-01
-4.549214922927756755e-01
5.408416893133748127e-02
-1.577953690213231563e-01
3.630037806590518529e-02
-3.198613858902621399e-01
4.651570760842196200e-02
-1.241900041111965169e-01
-1.271722853410198195e-01
-5.402691867484107208e-02
-2.496826001027215025e-01
-4.919082895508982145e-01
-2.853471801383884038e-02
-2.015803755702892941e-01
-3.513985645667908053e-02
-3.735316972401946378e-01
-7.827819725334667078e-02
-1.585563042209894302e-01
6.293979306219569247e-01
-9.356707243096697157e-02
7.529448076352204255e-01
-2.026693347493811748e-01
6.175367264147565982e-02
-2.253098566682200099e-01
1.168036137497543148e-01
-2.331992115347244349e-02
4.260675173305800145e-02
8.860101996181739964e-03
-2.663445418767837469e-01
-1.600943936852180713e-02
-2.841200202119233964e-01
1.049439754073350304e-03
-2.681522324851366434e-01
-2.452001074797342250e-01
-1.632924677777347067e-01
-2.604599098666739998e-01
-1.053890715126805239e-01
-2.847689104051079334e-01
-1.137244826251454927e-01
-4.822005066516427685e-01
5.251165923139581443e-02
-3.651962069658932220e-01
1.153117125582551611e-01
-7.677213672877450379e-02
4.828154889439793818e-02
-1.848970780325846497e-01
-2.307824535175215241e-01
3.834378918378423054e-03
-1.826038796510447496e-02
-2.134024200288128226e-01
-2.426948175919126094e-02
-1.980496303239278610e-01
-3.731786290269224760e-02
-2.839409884568542750e-02
-2.860437041842294262e-02
-1.275628977411812082e-01
-1.321157923968693526e-01
