HKL Value		Reward		TotalReward	Chi Squared	Z Appr. 	Error	Two-Thetas	Sfs2
0 4 18			0.0		0.0		0.0		0.3	0.8369	84.5238780681	17.4513
4 6 0			0.0		0.0		0.04		0.30156	0.7863	67.1083315067	59.4729
6 0 10			0.91		0.91		6.57		0.31357	1.0728	69.1331306246	8.9056
3 3 9			2.86		3.77		4.39		0.31351	0.3816	52.4524123761	12.0632
6 0 8			2.51		6.28		4.15		0.31356	2.9234	64.163237895	5.3359
4 4 10			2.3		8.57		4.46		0.31446	0.6886	66.23802526	47.6672
9 1 1			2.63		11.21		3.95		0.31443	0.8793	87.9915459652	19.6393
3 5 9			2.8		14.0		3.48		0.3146	0.4755	65.0802252419	19.5165
5 5 1			2.81		16.81		3.28		0.31457	0.5073	65.769247456	23.9531
0 2 18			3.01		19.82		2.94		0.3144	0.3755	76.3208597895	3.7538
2 4 14			2.78		22.6		3.13		0.31466	0.5221	70.6383718296	19.4111
0 2 14			2.83		25.43		3.12		0.31427	0.2479	58.6982494177	6.3292
0 2 16			2.37		27.8		3.87		0.31464	1.8687	67.2407114996	13.8307
0 4 20			2.69		30.49		3.61		0.31435	1.027	94.1654323607	18.6345
0 6 2			2.68		33.17		3.53		0.31434	0.2356	55.3895592761	6.1752
2 0 14			2.74		35.92		3.4		0.31408	0.2634	58.6945218607	7.3942
7 1 1			2.63		38.55		3.52		0.31405	0.5207	65.7483230412	25.2044
5 1 13			1.14		39.7		7.71		0.31633	0.4567	71.2764535317	11.3258
4 0 12			1.58		41.28		8.55		0.31696	2.7435	60.4154589103	161.2613