HKL Value		Reward		TotalReward	Chi Squared	Z Appr. 	Error	Two-Thetas	Sfs2
0 4 18			0.0		0.0		0.0		0.3	0.8369	84.5238780681	17.4513
0 0 18			0.0		0.0		2.3		0.29912	0.6609	73.530655613	37.988
4 6 0			5.09		5.09		1.17		0.29912	0.7863	67.1083315067	59.4729
3 3 9			2.39		7.49		3.02		0.29954	0.3816	52.4524123761	12.0632
0 2 10			2.7		10.18		3.28		0.29944	0.4317	42.9590557724	21.0204
0 2 22			1.51		11.7		6.11		0.31404	1.8317	96.7387030121	97.213
6 0 10			1.93		13.63		6.37		0.31466	1.0728	69.1331306246	8.9056
6 0 8			2.14		15.77		5.93		0.31469	2.9234	64.163237895	5.3359
9 1 1			2.27		18.04		5.36		0.31468	0.8793	87.9915459652	19.6393
3 5 9			2.39		20.42		4.83		0.31477	0.4755	65.0802252419	19.5165
4 4 10			2.3		22.73		4.77		0.31512	0.6886	66.23802526	47.6672
0 6 16			1.55		24.28		6.84		0.3158	0.4825	89.3859051251	7.6515
0 2 18			2.06		26.34		6.38		0.31549	0.3755	76.3208597895	3.7538
5 5 1			2.1		28.44		6.05		0.31548	0.5073	65.769247456	23.9531
2 4 14			2.09		30.52		5.9		0.3156	0.5221	70.6383718296	19.4111
0 2 14			2.09		32.62		5.8		0.31535	0.2479	58.6982494177	6.3292
0 4 20			2.18		34.8		5.53		0.31509	1.027	94.1654323607	18.6345
0 6 2			2.2		37.0		5.35		0.31508	0.2356	55.3895592761	6.1752
2 0 14			2.23		39.23		5.18		0.31489	0.2634	58.6945218607	7.3942
7 1 1			2.19		41.42		5.2		0.31487	0.5207	65.7483230412	25.2044
2 4 12			2.13		43.55		5.34		0.31422	0.2205	63.4791913795	4.8908
1 7 1			2.15		45.7		5.38		0.3142	0.5219	65.7901743415	26.2984