HKL Value		Reward		TotalReward	Chi Squared	Z Appr. 	Error	Two-Thetas	Sfs2
0 4 18			0.0		0.0		0.0		0.3	0.8369	84.5238780681	17.4513
4 4 10			0.0		0.0		10.02		0.3131	0.6886	66.23802526	47.6672
4 6 0			3.18		3.18		5.03		0.3131	0.7863	67.1083315067	59.4729
7 1 1			2.19		5.37		5.12		0.31301	0.5207	65.7483230412	25.2044
6 0 10			1.85		7.23		6.07		0.31446	1.0728	69.1331306246	8.9056
3 3 9			2.51		9.73		4.88		0.31436	0.3816	52.4524123761	12.0632
6 0 8			2.38		12.11		4.63		0.31441	2.9234	64.163237895	5.3359
9 1 1			2.55		14.66		4.16		0.31439	0.8793	87.9915459652	19.6393
3 5 9			2.69		17.36		3.72		0.31456	0.4755	65.0802252419	19.5165
5 5 1			2.71		20.07		3.52		0.31453	0.5073	65.769247456	23.9531
2 4 14			2.59		22.66		3.64		0.31484	0.5221	70.6383718296	19.4111
0 2 18			2.81		25.48		3.34		0.31462	0.3755	76.3208597895	3.7538
0 2 14			2.75		28.23		3.31		0.31424	0.2479	58.6982494177	6.3292
0 4 20			2.91		31.14		3.08		0.31404	1.027	94.1654323607	18.6345
0 6 2			2.89		34.03		3.02		0.31403	0.2356	55.3895592761	6.1752
2 0 14			2.96		36.99		2.91		0.31381	0.2634	58.6945218607	7.3942
0 0 14			1.34		38.34		6.49		0.31385	0.8389	55.4890953336	74.9432
4 0 12			1.53		39.87		7.98		0.31482	2.7435	60.4154589103	161.2613
1 7 1			1.8		41.66		7.88		0.31479	0.5219	65.7901743415	26.2984
4 2 8			1.55		43.22		8.77		0.31494	0.7605	51.4203212226	2.5419
0 2 12			1.79		45.0		8.38		0.31473	0.3827	50.6142203783	17.5707
6 4 6			1.78		46.79		8.17		0.31458	0.9247	71.9614498967	41.9809
0 2 16			1.71		48.49		8.33		0.31487	1.8687	67.2407114996	13.8307
3 3 15			1.83		50.32		7.97		0.31493	0.3402	73.0835579415	3.8877
2 4 2			1.79		52.12		7.89		0.31491	0.3828	40.8766170199	13.2501
0 0 16			1.87		53.98		7.59		0.31495	1.3342	64.286058028	116.6634
3 5 1			1.81		55.8		7.59		0.31492	0.5283	53.2544885252	31.9012
4 6 2			1.89		57.69		7.33		0.31491	0.2349	67.657370766	5.5969
6 4 2			1.92		59.61		7.08		0.3149	0.2211	67.6401768609	4.8049
6 0 6			1.95		61.56		6.84		0.3149	1.0815	60.1501886982	39.9969
2 4 8			1.73		63.29		7.46		0.31506	0.1687	51.4325245866	2.4593
0 6 18			1.9		65.19		7.23		0.31492	0.7949	98.0280769063	1.8601
0 6 12			1.81		66.99		7.41		0.31391	0.3425	75.0250979777	1.887
0 0 22			1.85		68.85		7.36		0.31426	2.2765	94.0325860765	137.6091
6 0 12			1.75		70.6		7.67		0.31323	0.5892	74.995462768	0.9301
0 6 14			1.76		72.36		7.84		0.31336	0.9096	81.7552219026	27.2955
0 0 4			1.74		74.1		8.0		0.31326	0.8482	15.2869714585	59.1035