HKL Value		Reward		TotalReward	Chi Squared	Z Appr. 	Error	Two-Thetas	Sfs2
0 4 18			0.0		0.0		0.0		0.3	0.8369	84.5238780681	17.4513
4 6 0			0.0		0.0		0.04		0.30156	0.7863	67.1083315067	59.4729
6 0 10			0.91		0.91		6.57		0.31357	1.0728	69.1331306246	8.9056
3 3 9			2.86		3.77		4.39		0.31351	0.3816	52.4524123761	12.0632
6 0 8			2.51		6.28		4.15		0.31356	2.9234	64.163237895	5.3359
4 4 10			2.3		8.57		4.46		0.31446	0.6886	66.23802526	47.6672
9 1 1			2.63		11.21		3.95		0.31443	0.8793	87.9915459652	19.6393
1 3 11			0.0		11.21		39.54		0.31413	2.4293	52.0561920156	298.4303
3 5 9			1.2		12.41		34.69		0.31434	0.4755	65.0802252419	19.5165
0 2 18			1.2		13.61		30.85		0.31421	0.3755	76.3208597895	3.7538
5 5 1			1.19		14.8		27.96		0.31418	0.5073	65.769247456	23.9531
2 4 14			1.17		15.97		25.87		0.31447	0.5221	70.6383718296	19.4111
0 2 14			1.2		17.17		23.94		0.31405	0.2479	58.6982494177	6.3292
0 4 20			1.24		18.41		22.11		0.31388	1.027	94.1654323607	18.6345
0 6 2			1.24		19.65		20.7		0.31387	0.2356	55.3895592761	6.1752
2 0 14			1.27		20.92		19.4		0.31365	0.2634	58.6945218607	7.3942
7 1 1			1.25		22.17		18.52		0.31362	0.5207	65.7483230412	25.2044
2 4 12			1.28		23.45		17.69		0.31303	0.2205	63.4791913795	4.8908
4 0 12			1.05		24.5		18.68		0.31393	2.7435	60.4154589103	161.2613
1 7 1			1.25		25.75		18.01		0.31391	0.5219	65.7901743415	26.2984
0 2 12			1.31		27.06		17.13		0.31382	0.3827	50.6142203783	17.5707
5 3 11			0.43		27.49		24.28		0.3137	1.8677	70.5420870211	204.0714
3 3 15			1.14		28.63		23.2		0.31378	0.3402	73.0835579415	3.8877
6 4 6			1.14		29.77		22.33		0.31365	0.9247	71.9614498967	41.9809
4 2 8			1.04		30.82		22.46		0.31372	0.7605	51.4203212226	2.5419
0 2 16			1.1		31.92		22.07		0.31388	1.8687	67.2407114996	13.8307
4 6 2			1.17		33.09		21.24		0.31388	0.2349	67.657370766	5.5969
2 4 2			1.16		34.24		20.67		0.31386	0.3828	40.8766170199	13.2501
6 4 2			1.19		35.44		19.94		0.31385	0.2211	67.6401768609	4.8049
0 0 16			1.21		36.64		19.27		0.31388	1.3342	64.286058028	116.6634
3 5 1			1.19		37.84		18.88		0.31385	0.5283	53.2544885252	31.9012
1 3 9			1.23		39.06		18.32		0.31367	0.2622	45.3040218183	7.1674
6 0 6			1.25		40.31		17.75		0.31369	1.0815	60.1501886982	39.9969
0 0 4			1.2		41.52		17.63		0.31352	0.8482	15.2869714585	59.1035
0 6 18			1.27		42.78		17.12		0.31352	0.7949	98.0280769063	1.8601
2 0 10			1.28		44.06		16.63		0.31351	0.6169	42.9543880851	20.236
0 6 10			1.25		45.32		16.44		0.31399	0.8527	69.1637693973	8.5049
0 2 10			1.3		46.62		16.0		0.31396	0.4317	42.9590557724	21.0204
1 5 9			1.32		47.93		15.58		0.31394	0.4394	58.984264935	17.7365
3 1 1			1.28		49.21		15.5		0.31391	0.5239	28.3131072915	41.7464
2 0 12			1.33		50.54		15.12		0.3138	0.8079	50.6101057273	16.6151
3 1 15			1.33		51.88		14.82		0.31391	0.2871	67.3554895111	7.7692
0 6 8			1.35		53.22		14.54		0.31392	0.7694	64.1950429677	5.6946
1 5 1			1.34		54.56		14.36		0.31391	0.4978	46.196563203	27.3004
2 4 8			1.28		55.84		14.63		0.31397	0.1687	51.4325245866	2.4593
0 0 22			1.34		57.18		14.43		0.31428	2.2765	94.0325860765	137.6091
2 4 10			1.36		58.54		14.17		0.31443	0.607	57.0555982332	12.0937
2 2 10			1.36		59.89		14.01		0.31467	0.6429	46.7739448495	44.8949
2 2 16			1.38		61.27		13.74		0.31471	1.1693	70.1293332912	108.6018
0 6 14			1.35		62.63		13.71		0.31482	0.9096	81.7552219026	27.2955
6 0 2			1.39		64.02		13.47		0.31482	0.2214	55.354768557	5.4487
0 6 12			1.36		65.38		13.47		0.3142	0.3425	75.0250979777	1.887
4 2 2			1.39		66.77		13.31		0.31419	0.457	40.8620305525	12.2524
7 3 1			1.41		68.18		13.1		0.31418	0.5095	71.5359286583	22.1332
2 4 0			1.38		69.56		13.12		0.31418	1.4359	40.0960076051	88.2765
5 1 1			1.4		70.96		13.0		0.31417	0.5346	46.1701152	26.7419
2 0 6			1.36		72.33		13.12		0.31429	1.6278	29.1406672869	128.8477
6 0 12			1.36		73.69		13.23		0.31352	0.5892	74.995462768	0.9301
1 1 9			1.41		75.09		13.05		0.31339	0.2216	37.1193146943	1.1702
0 0 10			1.39		76.49		13.0		0.31362	0.8316	38.8438017949	41.7013
2 0 2			1.37		77.86		13.08		0.3136	0.6502	19.2320929378	35.9547
4 4 12			1.39		79.24		13.07		0.31385	1.9475	72.2035773977	130.2426
1 1 15			1.38		80.63		13.07		0.31391	0.656	61.3839959686	20.6242
6 4 0			1.42		82.05		12.86		0.31391	1.8287	67.0910631577	58.6803
5 3 9			1.43		83.47		12.68		0.31395	0.4833	65.0662013285	20.8409
3 1 9			1.44		84.91		12.5		0.31392	0.36	45.2950695798	8.7768
2 6 10			1.42		86.34		12.44		0.3141	0.7069	72.0169435829	44.7171
2 6 0			0.81		87.15		16.37		0.3141	4.3567	58.0028534629	558.9791
0 0 18			1.27		88.42		16.13		0.31411	0.6609	73.530655613	37.988
3 3 1			1.26		89.68		16.01		0.3141	0.5106	38.1558496662	33.1617
4 2 14			1.27		90.96		15.86		0.31416	1.2576	70.6282605877	19.9713
0 4 16			1.28		92.24		15.71		0.31421	1.5557	75.7704700384	94.8658
0 6 0			1.28		93.52		15.58		0.31421	1.4277	54.7714555341	59.4019
3 7 1			1.3		94.81		15.4		0.31421	1.2822	71.5694631273	22.2453
6 2 10			1.29		96.1		15.31		0.31438	0.7103	71.9901825081	43.9921
4 2 12			1.29		97.39		15.21		0.31413	0.2244	63.468523569	4.7972
6 2 4			1.28		98.68		15.22		0.31407	0.8727	60.3342977717	77.9073
4 6 4			1.26		99.94		15.33		0.31406	1.0731	69.291881243	33.3045
0 6 16			1.25		101.18		15.53		0.3142	0.4825	89.3859051251	7.6515