HKL Value		Reward		TotalReward	Chi Squared	Z Appr. 	Error	Two-Thetas	Sfs2
0 4 18			0.0		0.0		0.0		0.3	0.8369	84.5238780681	17.4513
4 4 10			0.0		0.0		10.02		0.3131	0.6886	66.23802526	47.6672
4 6 0			3.18		3.18		5.03		0.3131	0.7863	67.1083315067	59.4729
6 0 10			1.77		4.95		6.28		0.31451	1.0728	69.1331306246	8.9056
3 3 9			2.61		7.56		4.75		0.3144	0.3816	52.4524123761	12.0632
6 0 8			2.43		9.99		4.46		0.31446	2.9234	64.163237895	5.3359
9 1 1			2.63		12.62		3.95		0.31443	0.8793	87.9915459652	19.6393
3 5 9			2.8		15.42		3.48		0.31461	0.4755	65.0802252419	19.5165
5 5 1			2.81		18.23		3.28		0.31457	0.5073	65.769247456	23.9531
2 4 14			2.66		20.89		3.44		0.31488	0.5221	70.6383718296	19.4111
2 2 10			2.59		23.47		3.61		0.31545	0.6429	46.7739448495	44.8949
0 2 18			2.79		26.27		3.36		0.31514	0.3755	76.3208597895	3.7538
0 2 14			2.71		28.97		3.39		0.3148	0.2479	58.6982494177	6.3292
0 4 20			2.85		31.83		3.19		0.31454	1.027	94.1654323607	18.6345
0 6 2			2.84		34.67		3.13		0.31453	0.2356	55.3895592761	6.1752
5 3 3			1.81		36.48		5.13		0.3146	0.9351	54.4936931553	89.9375
2 0 14			2.29		38.77		4.92		0.31438	0.2634	58.6945218607	7.3942
7 1 1			2.24		41.01		4.95		0.31436	0.5207	65.7483230412	25.2044
4 0 12			1.73		42.75		6.35		0.3152	2.7435	60.4154589103	161.2613
1 7 1			1.99		44.74		6.34		0.31518	0.5219	65.7901743415	26.2984
4 2 8			1.7		46.44		7.25		0.31533	0.7605	51.4203212226	2.5419
0 2 12			1.94		48.38		6.97		0.3151	0.3827	50.6142203783	17.5707
6 4 6			1.93		50.32		6.84		0.31497	0.9247	71.9614498967	41.9809
0 2 16			1.85		52.17		7.03		0.31525	1.8687	67.2407114996	13.8307
3 3 15			1.98		54.14		6.74		0.31528	0.3402	73.0835579415	3.8877
2 4 2			1.94		56.08		6.71		0.31527	0.3828	40.8766170199	13.2501
0 0 16			2.01		58.09		6.46		0.3153	1.3342	64.286058028	116.6634
6 4 2			2.04		60.14		6.23		0.3153	0.2211	67.6401768609	4.8049
1 3 9			2.05		62.18		6.11		0.31509	0.2622	45.3040218183	7.1674
3 5 1			2.0		64.19		6.17		0.31506	0.5283	53.2544885252	31.9012
4 6 2			2.08		66.26		5.98		0.31505	0.2349	67.657370766	5.5969
0 0 4			1.94		68.21		6.27		0.3149	0.8482	15.2869714585	59.1035
6 0 6			2.06		70.27		6.08		0.3149	1.0815	60.1501886982	39.9969
0 6 18			2.09		72.36		5.9		0.31479	0.7949	98.0280769063	1.8601
2 4 8			1.86		74.22		6.49		0.31491	0.1687	51.4325245866	2.4593
0 0 22			1.99		76.21		6.42		0.31513	2.2765	94.0325860765	137.6091
1 5 13			1.54		77.74		7.91		0.31624	1.1973	71.2966048402	12.6128
0 6 12			1.68		79.42		8.29		0.31537	0.3425	75.0250979777	1.887
0 6 10			1.75		81.17		8.23		0.31559	0.8527	69.1637693973	8.5049
6 0 12			1.6		82.78		8.77		0.31454	0.5892	74.995462768	0.9301
0 6 14			1.67		84.44		8.86		0.31463	0.9096	81.7552219026	27.2955
2 0 10			1.73		86.18		8.65		0.31461	0.6169	42.9543880851	20.236
4 2 2			1.72		87.9		8.57		0.3146	0.457	40.8620305525	12.2524
0 2 10			1.76		89.66		8.37		0.31458	0.4317	42.9590557724	21.0204
2 2 16			1.77		91.43		8.21		0.31461	1.1693	70.1293332912	108.6018
3 1 1			1.72		93.15		8.31		0.31459	0.5239	28.3131072915	41.7464
3 1 15			1.77		94.92		8.17		0.31467	0.2871	67.3554895111	7.7692
0 6 8			1.78		96.7		8.06		0.31468	0.7694	64.1950429677	5.6946
1 5 1			1.77		98.46		8.04		0.31467	0.4978	46.196563203	27.3004
1 1 9			1.78		100.25		7.96		0.31451	0.2216	37.1193146943	1.1702
1 5 9			1.82		102.06		7.81		0.31448	0.4394	58.984264935	17.7365
2 4 10			1.82		103.88		7.7		0.31459	0.607	57.0555982332	12.0937
2 4 0			1.77		105.65		7.82		0.31459	1.4359	40.0960076051	88.2765
1 1 15			1.76		107.41		7.91		0.31466	0.656	61.3839959686	20.6242
0 0 10			1.78		109.19		7.9		0.31484	0.8316	38.8438017949	41.7013
7 3 1			1.81		111.0		7.8		0.31484	0.5095	71.5359286583	22.1332
2 0 12			1.82		112.82		7.68		0.31474	0.8079	50.6101057273	16.6151
5 3 9			1.84		114.66		7.56		0.31478	0.4833	65.0662013285	20.8409
6 0 2			1.85		116.51		7.47		0.31477	0.2214	55.354768557	5.4487
2 6 10			1.83		118.34		7.46		0.31494	0.7069	72.0169435829	44.7171
4 2 14			1.84		120.18		7.41		0.315	1.2576	70.6282605877	19.9713
1 1 17			1.17		121.35		10.24		0.3146	2.447	70.2810461715	248.4175
3 1 9			1.6		122.95		10.09		0.31455	0.36	45.2950695798	8.7768
4 6 4			1.53		124.47		10.31		0.31454	1.0731	69.291881243	33.3045
6 4 0			1.59		126.07		10.15		0.31454	1.8287	67.0910631577	58.6803
0 6 0			1.58		127.65		10.09		0.31454	1.4277	54.7714555341	59.4019
6 2 4			1.55		129.2		10.19		0.31446	0.8727	60.3342977717	77.9073
0 6 16			1.5		130.7		10.48		0.31466	0.4825	89.3859051251	7.6515
3 7 1			1.57		132.27		10.36		0.31466	1.2822	71.5694631273	22.2453
6 2 10			1.56		133.83		10.33		0.31486	0.7103	71.9901825081	43.9921
0 0 18			1.59		135.42		10.18		0.31482	0.6609	73.530655613	37.988
2 4 12			1.57		136.99		10.16		0.31452	0.2205	63.4791913795	4.8908
0 4 16			1.58		138.58		10.09		0.31458	1.5557	75.7704700384	94.8658
4 6 6			1.59		140.17		10.01		0.31452	1.1903	71.9781772466	41.9784
4 2 12			1.59		141.76		9.98		0.31423	0.2244	63.468523569	4.7972
3 1 13			1.4		143.15		10.85		0.3149	0.3869	59.4126405656	11.7895
4 0 4			1.5		144.65		10.95		0.31484	1.2165	39.0343929222	79.1487
5 1 1			1.52		146.18		10.89		0.31483	0.5346	46.1701152	26.7419
5 1 3			1.48		147.66		11.04		0.31485	0.9592	47.5591860667	88.1873
1 1 13			1.34		149.0		11.86		0.31549	0.3722	52.9310122384	10.9703
4 4 2			1.25		150.25		12.98		0.3155	1.2125	52.0311030722	128.6454