Number of epochs: 400-01
2.115821343018959577e-01
1.164915185595756242e+00
9.452399629185691543e-01
1.117812367480076896e-01
1.160676291102456625e+00
4.126542110499445970e-01
1.071988002046056487e-01
1.293196361052102228e+00
2.683756160884791520e-01
1.314920713209618786e+00
1.260297634791806676e+00
4.610672950159973027e-01
6.638813308097955002e+00
1.120470166105019372e+00
1.379931556175477025e+00
1.349017794927555469e+00
1.907659866801189041e+00
2.411697858067796130e+00
1.006622056962029665e+00
1.386279943416217630e+00
1.199123294267703477e+00
1.385936083951130104e+00
1.285989661016159413e+00
1.437456566294015969e+00
2.197376461998095998e+00
1.682772894267735575e+00
1.283159923001268021e+00
9.573007722192991009e-01
1.316671840541948635e+00
6.174751318385464094e-01
1.419532585005976122e+00
1.064330068477830071e+00
6.689009716965924612e-01
1.337734739739299794e+00
6.801698661942945368e-01
8.529754282001750232e-01
1.424746564768711199e+00
8.259822445416340475e-01
1.432512738045288669e+00
2.060108334185660084e+00
8.620600983209079082e-01
1.432121836960726924e+00
1.141493225901093034e+00
1.090229088018956460e+00
1.108026539828580903e+00
1.038914029862226140e+00
1.059647933816033838e+00
1.067811294157352986e+00
1.162437647037096733e+00
1.060316643468209641e+00
1.068687519801033048e+00
1.013509780068119870e+00
1.077702249264454348e+00
1.140663916642341125e+00
1.140364761606037947e+00
1.409994871188233523e+00
7.566094544090569141e-01
1.187532201500762552e+00
1.086908693873964715e+00
8.386946814290059393e-01
1.149146330458757914e+00
1.071037189162347136e+00
1.231849743461455926e+00
1.134067836627649095e+00
1.004635075629540353e+00
1.193699919751408212e+00
1.114411218784622903e+00
1.070374050998696314e+00
1.207270852948462370e+00
1.224667554659640833e+00
5.273046004413026733e-01
4.992911420721889426e-01
7.027027166525934287e-01
9.232678040361573801e-01
7.401853900948043297e-01
7.409938038835303109e-01
8.705150011729194670e-01
1.031108656751136277e+00
6.679268499392569947e-01
7.627024999394735882e-01
8.373026623775348121e-01
9.188178634664604383e-01
9.430450148977342906e-01
2.042869570590242212e-01
1.302727811951701176e+00
4.891947939681920432e-01
1.427227109849417586e+00
1.072485246426254868e+00
4.062316441617536689e-01
1.028071116512031757e+00
5.858159420441841903e-01
3.448626062269722903e-01
1.111146174242322537e+00
4.192915321589821831e-01
1.436455374889496373e+00
1.150385064370688770e+00
5.629186273400582641e-01
1.190780854181160198e+00
9.765943538450563288e-01
8.981068928174035237e-01
9.436767221230457636e-01
9.877044802424119752e-01
1.015159204018891481e+00
8.635383732431404225e-01
8.218422393136124438e-01
9.614406664634028710e-01
1.002428865567878580e+00
9.534899852792846353e-01
9.644360643652706289e-01
6.895369705704864627e-01
8.888838834740764305e-01
3.108981409774353999e-01
3.588376065282956162e+00
9.824593093765666696e-01
6.197032264858085560e-01
1.397615049385365404e+00
6.016018427791761658e-01
5.576222441331125657e-01
1.339384473369758188e+00
6.203730274770410391e-01
1.387831006203012141e+00
4.638275348210560978e-01
1.300008047690728752e+00
1.265481380233955955e+00
1.102893309264308730e+00
1.454569303060941676e+00
4.565977100837979030e+00
1.296015412002899936e+00
1.432039811295064080e+00
2.343255969952007245e+00
1.271608770640988206e+00
1.432646198086854117e+00
1.129512957729794875e+00
3.494053128325401492e+00
1.393650635655151016e+00
1.373875319084353341e+00
1.123564959793988294e+00
1.257058809325498183e+00
1.126251498660347350e+00
1.382510657264292453e+00
2.234397466704743707e+00
1.385652626145111643e+00
1.261584291791095103e+00
3.052881492089528082e-01
5.770388236982771923e-01
6.965276961498542141e-01
2.989262104777871687e-01
4.249649214820393484e-01
4.619557061189078495e-01
7.982419474672617365e-01
4.991811272932086263e-01
9.582090220190738750e-01
1.419903278956044623e+00
1.450827408786161010e+00
1.295504889654967018e+00
1.461203503349020050e+00
1.091183507897208527e+00
1.272320911412571531e+00
1.109596784427728355e+00
1.848266987750237345e+00
1.325531962042907574e+00
1.309410917782385386e+00
1.098355046569036597e+00
1.120952399369907537e+00
9.532243026129689767e-01
1.046148525898411563e+00
9.164130090019424468e-01
1.062974280224216361e+00
1.050593619318435090e+00
2.011251184128723057e+00
9.067240860142304903e-01
2.090703094395184536e+00
8.910084815120715707e-01
1.268434646829639467e+00
7.537534816010783567e-01
2.116865201071425506e+00
1.348342214569483444e+00
1.275201114240407607e+00
1.381254946438817299e+00
1.216052948761045860e+00
1.468435403699351438e+00
1.419633661681175552e+00
1.109132686306902649e+00
1.416570175996751502e+00
1.362308813197615986e+00
1.254308248255585179e+00
1.204830567682897424e+00
5.610650469492717285e-01
1.265700715945554666e+00
2.237977836538990850e+00
7.769253243518043917e+00
1.430798696332226339e+00
1.158806749987125517e+00
1.168946948353653870e+00
2.072800191891811306e+00
1.348387358791804935e+00
1.095586496746307148e+00
