Number of epochs: 175-01
1.055333553856267759e-01
1.065670480367959527e+00
7.675389881398096970e-01
1.030847623761999704e-01
1.056631229839873010e+00
3.595342105000978727e-01
1.569616840240785349e-01
1.185543189936404618e+00
2.098311541321681017e-01
1.152651368882432248e+00
1.141893920924420547e+00
4.200327198557808339e-01
7.983728624784593997e+00
1.046115022717831966e+00
1.209774439025766757e+00
1.075952818414458667e+00
1.811258273159719545e+00
2.595978804069246415e+00
9.158119505238851987e-01
9.763872095255639039e-01
6.735552389421834985e-01
1.172299792004593666e+00
1.201106770900032039e+00
1.332723191036173205e+00
2.172908982405805656e+00
1.625811527938012091e+00
1.132644756723867552e+00
9.198673991933724592e-01
1.064680959294187712e+00
4.216753781438491444e-01
1.160058868706766111e+00
1.003055981531183916e+00
6.931828395473641491e-01
1.224795096695197261e+00
6.770050067842180441e-01
7.080488094637200636e-01
1.385932447867592288e+00
7.083798931940155086e-01
1.320672106706365589e+00
2.005342925443053925e+00
8.886771975276958058e-01
1.308987916642056604e+00
9.893820127207638704e-01
1.005117474140793110e+00
1.049292765305139596e+00
9.457361093765677129e-01
9.905598002618534181e-01
8.770441721852502148e-01
9.111445106265624316e-01
8.626835477495008453e-01
1.038098579863772075e+00
9.428497767729703272e-01
8.936482790288129419e-01
9.400519171512454752e-01
9.221480399707495668e-01
1.268581726099869522e+00
6.301172092258047197e-01
1.104843218090420409e+00
1.026024895071250942e+00
8.843493159433513107e-01
9.883910033763263492e-01
9.763723947230533717e-01
1.140305130739630801e+00
1.063033294845493693e+00
9.183970661427514059e-01
1.074956299200005461e+00
9.684366165794352499e-01
8.499689136086711061e-01
9.926884877094173110e-01
1.155873793337157451e+00
5.063748035184322260e-01
6.039358948876454303e-01
7.809954114540782477e-01
7.905323899123302134e-01
6.840759205974387136e-01
6.018146918463992412e-01
8.011956396042159145e-01
1.034508301635604255e+00
7.698047694891736459e-01
8.389546536104370844e-01
8.527383880328993637e-01
8.311428127819776579e-01
9.608106671649117025e-01
7.878794587365359203e-02
8.520182315539543971e-01
4.841121427651439157e-01
1.303961860872808742e+00
9.612999085817655054e-01
3.698979202774510533e-01
8.974453685211054577e-01
6.204412514619100927e-01
1.655934379774516851e-01
1.051173840863544262e+00
4.186023782874456201e-01
1.419234525978009476e+00
1.040157570105763485e+00
3.567476991974193878e-01
1.112507922661840398e+00
1.009301088476170838e+00
8.428306130315945666e-01
9.267927275780356577e-01
7.965701728596394915e-01
9.600719978397971310e-01
7.720329359664779290e-01
7.706884822310723360e-01
9.533980934952014374e-01
9.267582659375350751e-01
1.004412826744425447e+00
6.041162574647094274e-01
5.549026863286535827e-01
8.872504776110164970e-01
2.173113575391521779e-01
5.248536137807793267e+00
9.047619513406690572e-01
5.663683528967187186e-01
1.486197330968598074e+00
6.043635477170065107e-01
5.705693718700025618e-01
1.290691062989528737e+00
5.248583163469953128e-01
1.201153251380455256e+00
5.684874872219998210e-01
1.193465178008005445e+00
1.160202965032311795e+00
1.054785938252645661e+00
1.144591303395395609e+00
5.587747254177552136e+00
1.162554116263447623e+00
1.189310936535127761e+00
2.433627833431737830e+00
1.182982849464528252e+00
1.232961364163833951e+00
1.050341604003073526e+00
7.744445588201219088e+00
1.216339311781183152e+00
1.166172634039747136e+00
1.004720672712533514e+00
1.126795739562547860e+00
1.066391801989255761e+00
1.186621049151724616e+00
8.994724417997156607e+00
1.234173161542024832e+00
1.160084348311297697e+00
3.612148324102335550e-01
5.254101465561755724e-01
6.853653908726421440e-01
4.698232228257561705e-01
5.169030624251198525e-01
5.107559035631434874e-01
7.302617572985921068e-01
3.372605732583180416e-01
8.938539978785833284e-01
1.169419827902607789e+00
1.787980745155661300e+00
1.250347601106128748e+00
1.479459704457369407e+00
1.045757486954915771e+00
1.110025083184744243e+00
8.733664379520008625e-01
1.118186639787088321e+00
9.364239132535667753e-01
1.257504631121896033e+00
1.089033228573111023e+00
1.110868471407473024e+00
8.957806309296095781e-01
1.039444348122824602e+00
1.018086727158431515e+00
1.074413070803876824e+00
1.032069945967343916e+00
1.929809740285700181e+00
8.523468669044700352e-01
2.120671642933846357e+00
9.582187557483443641e-01
1.161351602261466054e+00
8.065452089116369461e-01
2.146494740586839090e+00
1.243330542979460995e+00
1.184909019712961697e+00
1.203187965987924102e+00
9.756837908078482835e-01
1.394128418576368267e+00
1.359219502650116373e+00
1.027845628021698321e+00
1.406520215454396538e+00
1.213689874518318446e+00
1.115704493031963507e+00
1.136419759001287888e+00
4.286891836854408444e-01
1.126728374828307899e+00
2.145121041276190077e+00
9.258310109110654551e+00
1.290762377360327395e+00
9.759748796277684102e-01
1.062335352254127896e+00
2.048014487229046665e+00
1.257202167030064821e+00
9.993894626946213666e-01
