HKL Value		Reward		TotalReward	Chi Squared	Z Appr. 	Error	Two-Thetas	Sfs2
0 4 16			0.0		0.0		0.0		0.03061	1.5557	75.7704700384	94.8658
0 4 20			0.0		0.0		49.48		0.03852	1.027	94.1654323607	18.6345
6 0 10			1.89		1.89		27.05		0.03866	1.0728	69.1331306246	8.9056
4 2 8			1.97		3.86		18.03		0.03865	0.7605	51.4203212226	2.5419
6 4 0			1.89		5.75		13.53		0.03865	1.8287	67.0910631577	58.6803
0 6 8			1.81		7.56		11.18		0.03883	0.7694	64.1950429677	5.6946
5 5 7			1.35		8.92		11.91		0.04049	0.6639	72.2860687267	4.3062
1 7 7			1.67		10.59		10.81		0.04103	0.4353	72.3061031614	6.1143
4 2 10			1.66		12.25		10.16		0.04114	1.1102	57.0442200735	11.3144
3 1 15			1.73		13.98		9.46		0.04103	0.2871	67.3554895111	7.7692
5 3 7			1.71		15.69		9.11		0.04166	0.2523	60.5057581853	5.4388
2 4 10			1.73		17.41		8.83		0.04177	0.607	57.0555982332	12.0937
4 6 6			1.72		19.14		8.66		0.04144	1.1903	71.9781772466	41.9784
0 4 4			1.85		20.99		8.09		0.04133	0.8482	39.0545896029	78.0016
1 1 15			1.68		22.67		8.39		0.0411	0.656	61.3839959686	20.6242
2 0 10			1.67		24.33		8.62		0.04121	0.6169	42.9543880851	20.236
0 2 10			1.64		25.98		8.86		0.04133	0.4317	42.9590557724	21.0204