HKL Value		Reward		TotalReward	Chi Squared	Z Appr. 	Error	Two-Thetas	Sfs2
6 0 10			0.0		0.0		0.0		0.00817	1.0728	69.1331306246	8.9056
2 0 14			0.0		0.0		0.75		0.02364	0.2634	58.6945218607	7.3942
4 4 8			0.0		0.0		55.06		0.01263	3.9407	61.1479986878	218.5721
6 4 0			1.59		1.59		36.71		0.01253	1.8287	67.0910631577	58.6803
4 2 8			1.56		3.15		28.14		0.01466	0.7605	51.4203212226	2.5419
0 6 8			1.53		4.69		22.66		0.01561	0.7694	64.1950429677	5.6946
1 7 7			0.33		5.02		30.83		0.04295	0.4353	72.3061031614	6.1143
5 5 7			1.27		6.29		27.17		0.04511	0.6639	72.2860687267	4.3062
3 5 3			0.76		7.05		29.17		0.04445	0.9259	54.5093201099	87.7589
0 4 4			1.24		8.28		26.17		0.04401	0.8482	39.0545896029	78.0016
4 6 6			1.17		9.46		24.42		0.04299	1.1903	71.9781772466	41.9784
4 2 10			1.22		10.67		22.66		0.04324	1.1102	57.0442200735	11.3144
0 0 6			0.0		10.67		59.42		0.03752	7.4326	23.0169618987	709.6598
3 1 15			0.93		11.6		55.06		0.03709	0.2871	67.3554895111	7.7692
1 1 15			0.9		12.5		51.8		0.03647	0.656	61.3839959686	20.6242
2 4 10			0.9		13.4		48.83		0.03658	0.607	57.0555982332	12.0937
5 3 7			0.88		14.29		46.56		0.03973	0.2523	60.5057581853	5.4388
2 0 10			0.89		15.17		44.55		0.04004	0.6169	42.9543880851	20.236
0 2 10			0.89		16.06		42.79		0.04034	0.4317	42.9590557724	21.0204
2 4 14			0.93		16.99		40.7		0.03992	0.5221	70.6383718296	19.4111
3 3 13			0.93		17.92		38.92		0.03992	0.5636	65.4922780779	9.1158
6 4 2			0.91		18.83		37.66		0.04026	0.2211	67.6401768609	4.8049
1 1 1			0.88		19.71		36.85		0.04038	0.5749	13.0194761966	56.7652
0 6 14			0.93		20.64		35.69		0.03983	0.9096	81.7552219026	27.2955
0 2 16			0.94		21.57		34.55		0.03955	1.8687	67.2407114996	13.8307
3 3 1			0.82		22.39		34.89		0.0397	0.5106	38.1558496662	33.1617
4 6 4			0.91		23.31		34.16		0.03933	1.0731	69.291881243	33.3045
3 1 7			0.94		24.24		33.27		0.04116	0.257	39.2655360855	5.205
2 2 10			0.9		25.14		32.94		0.04055	0.6429	46.7739448495	44.8949
2 4 2			0.97		26.12		31.85		0.04062	0.3828	40.8766170199	13.2501
3 5 9			0.95		27.06		31.21		0.04072	0.4755	65.0802252419	19.5165
6 0 0			0.98		28.04		30.36		0.04072	0.7256	54.7363985401	55.434
7 1 1			0.83		28.87		31.11		0.04089	0.5207	65.7483230412	25.2044
6 0 12			0.99		29.86		30.17		0.04089	0.5892	74.995462768	0.9301
1 3 1			0.92		30.79		30.03		0.04102	0.5324	28.3265170018	42.1271
4 2 12			0.99		31.78		29.23		0.04102	0.2244	63.468523569	4.7972
4 4 4			1.0		32.78		28.46		0.04077	0.8476	53.9354251327	76.9211
0 0 4			1.01		33.8		27.72		0.0406	0.8482	15.2869714585	59.1035
3 1 9			1.01		34.81		27.1		0.04076	0.36	45.2950695798	8.7768
3 3 7			1.0		35.81		26.71		0.04267	0.1558	47.1418707618	3.5073
5 1 13			1.02		36.83		26.2		0.04277	0.4567	71.2764535317	11.3258
3 1 13			1.03		37.86		25.73		0.04286	0.3869	59.4126405656	11.7895
1 3 15			1.04		38.9		25.22		0.0428	0.2862	67.3623786269	8.1809
3 3 9			1.04		39.95		24.78		0.04302	0.3816	52.4524123761	12.0632
1 3 9			1.06		41.01		24.28		0.04326	0.2622	45.3040218183	7.1674
0 6 12			1.08		42.09		23.75		0.04324	0.3425	75.0250979777	1.887
1 5 13			1.07		43.15		23.39		0.04336	1.1973	71.2966048402	12.6128
0 2 2			1.06		44.21		23.19		0.04325	0.4614	19.2417464495	36.8131
2 4 0			1.06		45.27		22.99		0.04325	1.4359	40.0960076051	88.2765
2 4 8			1.1		46.37		22.55		0.04271	0.1687	51.4325245866	2.4593
5 1 11			0.73		47.1		25.52		0.04243	3.2753	64.7131722767	203.727
5 1 7			1.04		48.13		25.11		0.04353	0.2609	54.1000446603	4.252
0 6 16			1.04		49.17		24.7		0.04388	0.4825	89.3859051251	7.6515
1 7 5			0.99		50.16		24.88		0.04262	1.0841	69.0835930101	99.7513
0 2 14			1.05		51.21		24.47		0.04355	0.2479	58.6982494177	6.3292
2 0 16			1.05		52.26		24.14		0.04413	0.5935	67.2372591268	11.8907
4 6 2			1.05		53.31		23.86		0.0445	0.2349	67.657370766	5.5969
7 1 7			1.07		54.38		23.46		0.04523	0.3505	72.2660298289	5.0526
5 3 9			1.05		55.43		23.28		0.04553	0.4833	65.0662013285	20.8409
4 4 10			1.03		56.46		23.37		0.04509	0.6886	66.23802526	47.6672
4 2 6			1.03		57.48		23.45		0.04375	1.6049	46.7233273538	62.1975
4 2 14			1.07		58.55		23.16		0.04301	1.2576	70.6282605877	19.9713
4 6 0			1.08		59.63		22.79		0.04299	0.7863	67.1083315067	59.4729
1 5 7			1.08		60.71		22.49		0.0439	0.6035	54.1236034243	4.2528
5 3 1			1.02		61.74		22.75		0.04405	0.5252	53.2386121167	32.835
4 2 2			1.09		62.82		22.43		0.04414	0.457	40.8620305525	12.2524
6 4 4			1.06		63.89		22.37		0.04383	0.6669	69.2748711385	33.991
2 0 2			1.07		64.96		22.24		0.0437	0.6502	19.2320929378	35.9547
3 5 7			1.1		66.06		21.94		0.04429	0.2309	60.5203777188	5.6046
6 0 8			1.11		67.16		21.63		0.0444	2.9234	64.163237895	5.3359
1 3 13			1.1		68.26		21.41		0.04454	0.3907	59.4200243294	11.5335
4 0 6			0.59		68.85		26.02		0.04257	5.3963	42.900258124	488.2208
3 1 11			0.67		69.53		29.1		0.04235	2.3814	52.0481274199	292.2152
0 6 10			0.96		70.49		28.75		0.04244	0.8527	69.1637693973	8.5049
0 4 20			0.95		71.44		28.57		0.03997	1.027	94.1654323607	18.6345
1 3 7			0.96		72.4		28.32		0.04043	0.1893	39.2755843192	5.3372
2 4 12			0.97		73.38		27.98		0.04043	0.2205	63.4791913795	4.8908
0 6 0			0.97		74.35		27.7		0.04043	1.4277	54.7714555341	59.4019
3 3 15			0.99		75.34		27.36		0.04041	0.3402	73.0835579415	3.8877
1 1 3			0.97		76.3		27.26		0.04035	0.4514	16.9416048235	36.8187
6 2 4			0.99		77.29		26.93		0.0403	0.8727	60.3342977717	77.9073
4 0 4			1.0		78.29		26.61		0.04025	1.2165	39.0343929222	79.1487
4 2 0			0.99		79.28		26.44		0.04025	0.9287	40.0811891304	86.5118
0 6 2			0.97		80.25		26.42		0.04038	0.2356	55.3895592761	6.1752
0 2 12			0.99		81.25		26.24		0.04037	0.3827	50.6142203783	17.5707
7 3 3			0.98		82.22		26.24		0.04027	1.9283	72.601334037	69.5466
0 0 10			0.98		83.2		26.18		0.04011	0.8316	38.8438017949	41.7013
9 1 1			0.88		84.09		27.07		0.04017	0.8793	87.9915459652	19.6393
1 1 13			0.99		85.07		26.84		0.04018	0.3722	52.9310122384	10.9703
3 5 1			0.95		86.02		27.02		0.04021	0.5283	53.2544885252	31.9012
1 5 5			0.93		86.95		27.29		0.0399	1.8923	50.2743192378	127.3636
0 4 14			0.87		87.83		28.1		0.03995	1.2337	67.7597167724	121.3788