HKL Value		Reward		TotalReward	Chi Squared	Z Appr. 	Error	Two-Thetas	Sfs2
0 4 4			0.0		0.0		0.0		0.06703	0.8482	39.0545896029	78.0016
4 2 8			0.0		0.0		34.52		0.08034	0.7605	51.4203212226	2.5419
6 4 0			2.31		2.31		17.27		0.08034	1.8287	67.0910631577	58.6803
1 7 7			2.05		4.36		12.19		0.08106	0.4353	72.3061031614	6.1143
0 6 8			2.08		6.44		9.21		0.08005	0.7694	64.1950429677	5.6946
5 5 7			2.1		8.55		7.51		0.08048	0.6639	72.2860687267	4.3062
4 6 6			1.01		9.55		11.23		0.08023	1.1903	71.9781772466	41.9784
4 2 10			1.85		11.4		9.63		0.08036	1.1102	57.0442200735	11.3144
3 1 15			1.91		13.3		8.44		0.08108	0.2871	67.3554895111	7.7692
3 3 13			1.01		14.31		11.89		0.09593	0.5636	65.4922780779	9.1158
1 1 15			1.49		15.81		11.66		0.09653	0.656	61.3839959686	20.6242
5 3 7			1.67		17.47		10.67		0.09607	0.2523	60.5057581853	5.4388
2 4 10			1.38		18.85		11.41		0.09457	0.607	57.0555982332	12.0937
2 0 6			0.53		19.39		18.13		0.0951	1.6278	29.1406672869	128.8477
2 0 10			1.33		20.72		17.07		0.09447	0.6169	42.9543880851	20.236
7 3 5			0.79		21.51		20.3		0.09432	1.0496	74.7140851895	88.0788
0 2 10			1.26		22.77		19.17		0.09376	0.4317	42.9590557724	21.0204
2 4 14			1.21		23.98		18.68		0.09495	0.5221	70.6383718296	19.4111
0 6 14			1.17		25.15		18.58		0.09682	0.9096	81.7552219026	27.2955
6 4 2			1.3		26.44		17.6		0.0968	0.2211	67.6401768609	4.8049
3 3 1			1.13		27.57		18.05		0.09762	0.5106	38.1558496662	33.1617
1 3 11			0.6		28.17		23.04		0.09439	2.4293	52.0561920156	298.4303
0 2 16			1.14		29.31		22.22		0.09432	1.8687	67.2407114996	13.8307
2 2 10			1.05		30.36		22.34		0.0921	0.6429	46.7739448495	44.8949
3 1 7			1.17		31.53		21.41		0.09202	0.257	39.2655360855	5.205
2 4 2			1.18		32.71		20.63		0.0919	0.3828	40.8766170199	13.2501
7 1 1			1.02		33.73		21.27		0.09226	0.5207	65.7483230412	25.2044
3 5 9			1.18		34.91		20.5		0.09261	0.4755	65.0802252419	19.5165
0 2 8			1.2		36.11		19.77		0.09273	0.1155	35.7619852008	1.7384
6 0 0			1.19		37.3		19.25		0.09273	0.7256	54.7363985401	55.434
4 4 4			1.04		38.34		20.04		0.09225	0.8476	53.9354251327	76.9211
1 3 1			1.14		39.48		19.89		0.09243	0.5324	28.3265170018	42.1271
0 0 4			1.06		40.54		20.37		0.09204	0.8482	15.2869714585	59.1035
3 1 9			1.19		41.72		19.77		0.0917	0.36	45.2950695798	8.7768
3 1 13			1.17		42.89		19.44		0.09368	0.3869	59.4126405656	11.7895
0 6 12			0.97		43.85		20.76		0.09971	0.3425	75.0250979777	1.887
1 3 9			1.12		44.97		20.6		0.09887	0.2622	45.3040218183	7.1674
5 1 13			1.17		46.15		20.05		0.09881	0.4567	71.2764535317	11.3258
3 3 9			1.17		47.31		19.67		0.09844	0.3816	52.4524123761	12.0632
0 2 2			1.11		48.42		19.8		0.0984	0.4614	19.2417464495	36.8131
1 7 5			0.94		49.36		21.27		0.09838	1.0841	69.0835930101	99.7513
2 4 0			1.11		50.47		21.09		0.09838	1.4359	40.0960076051	88.2765
4 6 2			1.15		51.62		20.59		0.09838	0.2349	67.657370766	5.5969
2 6 0			0.49		52.11		26.52		0.09838	4.3567	58.0028534629	558.9791
1 1 13			1.04		53.15		25.92		0.09836	0.3722	52.9310122384	10.9703
2 0 16			1.03		54.18		25.45		0.09825	0.5935	67.2372591268	11.8907
5 3 9			1.05		55.23		24.91		0.0982	0.4833	65.0662013285	20.8409
6 4 4			1.02		56.25		24.74		0.09827	0.6669	69.2748711385	33.991
2 0 2			1.01		57.26		24.72		0.09824	0.6502	19.2320929378	35.9547
4 2 14			1.05		58.31		24.36		0.09847	1.2576	70.6282605877	19.9713
0 2 14			1.07		59.37		23.9		0.0983	0.2479	58.6982494177	6.3292
3 5 11			0.94		60.31		24.63		0.09783	1.8915	70.5555824797	206.4699
4 6 0			1.06		61.37		24.16		0.09783	0.7863	67.1083315067	59.4729
7 1 7			1.07		62.44		23.73		0.09772	0.3505	72.2660298289	5.0526
1 3 15			1.07		63.51		23.34		0.09775	0.2862	67.3623786269	8.1809
0 4 20			0.92		64.43		24.37		0.09584	1.027	94.1654323607	18.6345
1 3 13			1.06		65.49		23.96		0.09606	0.3907	59.4200243294	11.5335
5 1 7			1.07		66.56		23.56		0.09597	0.2609	54.1000446603	4.252
4 2 2			1.07		67.63		23.19		0.09596	0.457	40.8620305525	12.2524
3 3 7			1.08		68.71		22.84		0.09579	0.1558	47.1418707618	3.5073
1 1 1			1.07		69.78		22.64		0.09582	0.5749	13.0194761966	56.7652
0 6 10			1.02		70.8		22.9		0.09546	0.8527	69.1637693973	8.5049
2 4 8			1.09		71.89		22.54		0.09546	0.1687	51.4325245866	2.4593
3 5 5			0.9		72.79		23.88		0.09544	1.2751	56.9624934876	133.7285
0 6 0			1.05		73.84		23.61		0.09544	1.4277	54.7714555341	59.4019
6 2 4			0.99		74.84		23.91		0.09534	0.8727	60.3342977717	77.9073
5 3 1			1.02		75.86		23.93		0.09539	0.5252	53.2386121167	32.835
3 3 15			1.06		76.92		23.58		0.09542	0.3402	73.0835579415	3.8877
6 0 8			1.07		77.99		23.27		0.09546	2.9234	64.163237895	5.3359
4 4 10			1.03		79.02		23.3		0.0952	0.6886	66.23802526	47.6672
1 3 7			1.07		80.09		22.97		0.09513	0.1893	39.2755843192	5.3372
4 2 12			0.99		81.09		23.4		0.09705	0.2244	63.468523569	4.7972
1 5 13			1.07		82.16		23.07		0.0971	1.1973	71.2966048402	12.6128
0 4 16			0.99		83.15		23.51		0.09736	1.5557	75.7704700384	94.8658
0 0 22			1.05		84.2		23.35		0.09667	2.2765	94.0325860765	137.6091
0 0 10			1.02		85.22		23.5		0.09646	0.8316	38.8438017949	41.7013
2 4 12			1.01		86.22		23.72		0.09799	0.2205	63.4791913795	4.8908
2 0 14			1.06		87.28		23.41		0.09793	0.2634	58.6945218607	7.3942
6 0 6			1.02		88.31		23.49		0.09793	1.0815	60.1501886982	39.9969
4 0 4			1.0		89.31		23.78		0.09785	1.2165	39.0343929222	79.1487
0 6 16			1.06		90.36		23.5		0.09779	0.4825	89.3859051251	7.6515
1 7 1			1.02		91.38		23.6		0.09785	0.5219	65.7901743415	26.2984
0 2 12			1.05		92.43		23.42		0.09836	0.3827	50.6142203783	17.5707
6 2 10			1.01		93.45		23.59		0.09825	0.7103	71.9901825081	43.9921
0 6 2			1.06		94.51		23.32		0.09825	0.2356	55.3895592761	6.1752
2 6 10			1.02		95.53		23.47		0.09812	0.7069	72.0169435829	44.7171
4 2 0			1.05		96.57		23.34		0.09812	0.9287	40.0811891304	86.5118
2 0 12			1.05		97.63		23.18		0.0987	0.8079	50.6101057273	16.6151
1 5 9			1.06		98.69		22.98		0.0985	0.4394	58.984264935	17.7365
2 0 0			1.01		99.7		23.24		0.09849	2.02	17.6289686615	175.6782
5 5 5			0.97		100.67		23.85		0.09849	1.5862	69.0631626084	104.8873
7 1 5			0.96		101.63		24.44		0.09849	1.5264	69.0427278305	98.726