HKL Value		Reward		TotalReward	Chi Squared	Z Appr. 	Error	Two-Thetas	Sfs2
6 0 10			0.0		0.0		0.0		0.25192	1.0728	69.1331306246	8.9056
4 2 8			0.0		0.0		0.91		0.27813	0.7605	51.4203212226	2.5419
6 4 0			7.66		7.66		0.46		0.27813	1.8287	67.0910631577	58.6803
2 6 10			9.09		16.75		0.31		0.27839	0.7069	72.0169435829	44.7171
0 6 8			5.48		22.23		0.77		0.27778	0.7694	64.1950429677	5.6946
5 5 7			5.69		27.92		0.77		0.22243	0.6639	72.2860687267	4.3062
1 7 7			4.89		32.81		1.0		0.22268	0.4353	72.3061031614	6.1143
4 2 10			5.15		37.96		0.95		0.22165	1.1102	57.0442200735	11.3144
3 1 15			4.24		42.19		1.3		0.22082	0.2871	67.3554895111	7.7692
2 4 10			4.64		46.84		1.19		0.22027	0.607	57.0555982332	12.0937
5 3 7			4.47		51.3		1.24		0.22037	0.2523	60.5057581853	5.4388
4 6 6			2.59		53.89		2.77		0.21915	1.1903	71.9781772466	41.9784
0 4 4			3.2		57.1		2.54		0.21909	0.8482	39.0545896029	78.0016
1 1 15			2.55		59.64		3.32		0.2181	0.656	61.3839959686	20.6242
2 0 10			2.82		62.47		3.2		0.21733	0.6169	42.9543880851	20.236
0 2 10			2.87		65.34		3.09		0.21678	0.4317	42.9590557724	21.0204
2 0 12			2.6		67.94		3.46		0.21715	0.8079	50.6101057273	16.6151
2 4 14			2.79		70.73		3.3		0.217	0.5221	70.6383718296	19.4111
2 0 14			2.87		73.6		3.13		0.21709	0.2634	58.6945218607	7.3942
6 4 2			2.93		76.54		2.98		0.21708	0.2211	67.6401768609	4.8049
3 1 11			0.28		76.81		14.7		0.21541	2.3814	52.0481274199	292.2152
3 3 13			1.33		78.15		14.53		0.21314	0.5636	65.4922780779	9.1158
1 1 7			1.41		79.55		13.96		0.21313	0.2012	29.7561292971	6.5386
0 6 14			1.43		80.98		13.43		0.21317	0.9096	81.7552219026	27.2955
6 0 12			1.46		82.45		12.87		0.21316	0.5892	74.995462768	0.9301
3 3 7			1.48		83.93		12.39		0.21315	0.1558	47.1418707618	3.5073
3 1 7			1.5		85.43		11.97		0.21315	0.257	39.2655360855	5.205
0 2 16			1.48		86.91		11.78		0.21333	1.8687	67.2407114996	13.8307
6 0 2			1.54		88.45		11.38		0.21333	0.2214	55.354768557	5.4487
3 3 1			1.56		90.01		11.0		0.21336	0.5106	38.1558496662	33.1617
2 4 2			1.56		91.57		10.75		0.21338	0.3828	40.8766170199	13.2501
4 4 10			1.56		93.13		10.61		0.21399	0.6886	66.23802526	47.6672
6 0 0			1.58		94.7		10.42		0.21399	0.7256	54.7363985401	55.434
3 5 9			1.6		96.3		10.2		0.21378	0.4755	65.0802252419	19.5165
1 3 9			1.49		97.78		10.57		0.21296	0.2622	45.3040218183	7.1674
1 3 1			1.6		99.39		10.27		0.21295	0.5324	28.3265170018	42.1271
2 2 10			1.57		100.96		10.23		0.21363	0.6429	46.7739448495	44.8949
3 3 9			1.56		102.51		10.25		0.21317	0.3816	52.4524123761	12.0632
7 1 1			1.61		104.13		10.01		0.2132	0.5207	65.7483230412	25.2044
2 2 4			1.63		105.76		9.77		0.21326	0.7551	29.4672289371	73.6026
0 4 18			1.19		106.96		11.78		0.20742	0.8369	84.5238780681	17.4513
7 3 3			1.26		108.22		12.83		0.2074	1.9283	72.601334037	69.5466
1 5 13			1.45		109.67		12.55		0.20755	1.1973	71.2966048402	12.6128
0 0 4			1.46		111.13		12.29		0.20761	0.8482	15.2869714585	59.1035
7 3 1			1.45		112.58		12.17		0.20766	0.5095	71.5359286583	22.1332
4 2 12			1.48		114.05		11.94		0.20766	0.2244	63.468523569	4.7972
2 4 6			1.39		115.45		12.23		0.20739	0.785	46.7364348384	64.2552
3 1 9			1.46		116.91		12.07		0.20707	0.36	45.2950695798	8.7768
0 6 18			1.46		118.37		11.96		0.206	0.7949	98.0280769063	1.8601
3 1 13			1.49		119.85		11.75		0.20614	0.3869	59.4126405656	11.7895
5 1 13			1.5		121.35		11.55		0.20627	0.4567	71.2764535317	11.3258
3 5 7			1.51		122.86		11.35		0.20626	0.2309	60.5203777188	5.6046
2 6 6			0.86		123.72		15.13		0.20565	5.383	63.2392339525	346.2148
1 3 15			1.25		124.97		15.33		0.20657	0.2862	67.3623786269	8.1809
0 6 16			1.31		126.29		15.12		0.20652	0.4825	89.3859051251	7.6515
4 2 6			1.27		127.55		15.24		0.20631	1.6049	46.7233273538	62.1975
1 5 7			1.32		128.87		14.99		0.2063	0.6035	54.1236034243	4.2528
0 6 12			1.33		130.21		14.73		0.2063	0.3425	75.0250979777	1.887
0 2 14			1.34		131.55		14.48		0.20633	0.2479	58.6982494177	6.3292
4 4 4			1.35		132.9		14.28		0.2064	0.8476	53.9354251327	76.9211
1 1 13			1.36		134.26		14.06		0.2065	0.3722	52.9310122384	10.9703
2 4 12			1.37		135.62		13.87		0.20651	0.2205	63.4791913795	4.8908
3 7 1			1.36		136.98		13.76		0.20654	1.2822	71.5694631273	22.2453
0 6 10			1.3		138.28		14.05		0.20697	0.8527	69.1637693973	8.5049
4 6 0			1.37		139.66		13.83		0.20697	0.7863	67.1083315067	59.4729
4 0 4			1.38		141.03		13.65		0.20701	1.2165	39.0343929222	79.1487
5 1 7			1.39		142.42		13.46		0.207	0.2609	54.1000446603	4.252
0 2 2			1.36		143.78		13.48		0.20702	0.4614	19.2417464495	36.8131
2 4 0			1.36		145.14		13.49		0.20702	1.4359	40.0960076051	88.2765
2 0 8			1.35		146.48		13.57		0.20748	0.1665	35.7565424018	1.5727