HKL Value		Reward		TotalReward	Chi Squared	Z Appr. 	Error	Two-Thetas	Sfs2
0 4 4			0.0		0.0		0.0		0.01386	0.8482	39.0545896029	78.0016
5 5 7			0.0		0.0		5.37		0.04826	0.6639	72.2860687267	4.3062
4 2 8			2.44		2.44		4.71		0.04473	0.7605	51.4203212226	2.5419
1 7 7			3.07		5.51		3.35		0.04543	0.4353	72.3061031614	6.1143
0 6 8			3.37		8.88		2.54		0.04561	0.7694	64.1950429677	5.6946
2 0 12			2.13		11.01		4.08		0.04582	0.8079	50.6101057273	16.6151
6 4 0			2.88		13.89		3.4		0.04582	1.8287	67.0910631577	58.6803
4 6 6			2.18		16.07		4.37		0.04433	1.1903	71.9781772466	41.9784
0 6 2			1.56		17.64		6.57		0.04522	0.2356	55.3895592761	6.1752
3 1 15			2.06		19.7		6.25		0.04608	0.2871	67.3554895111	7.7692
1 1 15			1.77		21.47		6.97		0.04863	0.656	61.3839959686	20.6242
4 2 10			1.97		23.44		6.71		0.04897	1.1102	57.0442200735	11.3144
2 4 10			1.98		25.42		6.55		0.04913	0.607	57.0555982332	12.0937
0 2 10			1.85		27.28		6.86		0.04931	0.4317	42.9590557724	21.0204
2 0 10			1.84		29.12		7.09		0.04939	0.6169	42.9543880851	20.236
2 4 14			1.82		30.94		7.28		0.04576	0.5221	70.6383718296	19.4111