HKL Value		Reward		TotalReward	Chi Squared	Z Appr. 	Error	Two-Thetas	Sfs2
6 0 10			0.0		0.0		0.0		0.46991	1.0728	69.1331306246	8.9056
6 4 0			0.0		0.0		0.01		0.47849	1.8287	67.0910631577	58.6803
4 2 8			37.22		37.22		0.02		0.4787	0.7605	51.4203212226	2.5419
0 6 8			19.76		56.98		0.06		0.47915	0.7694	64.1950429677	5.6946
5 5 7			14.57		71.55		0.12		0.4796	0.6639	72.2860687267	4.3062
1 7 7			14.06		85.61		0.13		0.47937	0.4353	72.3061031614	6.1143
4 2 10			14.37		99.98		0.12		0.47967	1.1102	57.0442200735	11.3144
3 1 15			11.35		111.33		0.19		0.4805	0.2871	67.3554895111	7.7692
5 3 7			12.04		123.38		0.17		0.48046	0.2523	60.5057581853	5.4388
4 0 2			2.1		125.48		3.1		0.48056	1.7854	36.5531212028	138.5255
2 4 10			3.08		128.55		2.79		0.48061	0.607	57.0555982332	12.0937
4 6 6			2.96		131.51		2.83		0.48024	1.1903	71.9781772466	41.9784
0 4 4			3.04		134.55		2.75		0.48011	0.8482	39.0545896029	78.0016
0 0 20			3.13		137.68		2.62		0.48034	0.4542	83.3712939521	4.3689
1 1 15			2.92		140.6		2.82		0.47948	0.656	61.3839959686	20.6242
2 0 10			2.92		143.52		2.89		0.48	0.6169	42.9543880851	20.236
0 2 10			2.9		146.42		2.94		0.48051	0.4317	42.9590557724	21.0204