Number of epochs: 425+00
2.056599150617144378e-01
1.559443363758769241e+00
7.832405324061127994e-01
1.376987610374409143e-01
1.266693830938975696e+00
2.704796071028522375e-01
7.703994538121856916e-02
1.329116828775837478e+00
3.822702761735856658e-01
5.940201921251989425e+00
1.314009341603246783e+00
4.238242111274012069e-01
1.340147506076117212e+00
1.264298932566696454e+00
1.240274754298109627e+00
1.150778754787231017e+00
1.462846779889270588e+00
1.234996738794406079e+00
1.522200315272093540e+00
1.590365398795702268e+00
1.244849886319126409e+00
1.428073610362816659e+00
1.235559956899969558e+00
1.210541918023190444e+00
1.235965281187090259e+00
1.220773039242752933e+00
1.382195162492470430e+00
1.043681872467820071e+00
1.234209398136058011e+00
8.980458490368142810e-01
1.578358946259858397e+00
1.333706447572891252e+00
8.661968572853113724e-01
1.261740593254813803e+00
1.051435701141683499e+00
8.236122661351940044e-01
1.578815672525558211e+00
9.326086317862334329e-01
1.741330651025274845e+00
1.234988974152839258e+00
1.121329745162796820e+00
1.270167440629987210e+00
1.231554477446359153e+00
1.143347425099553449e+00
1.148740095973820763e+00
9.749671782052564684e-01
1.099837908239120310e+00
1.103296690922765055e+00
9.359508854492365471e-01
1.087553868990705164e+00
1.100933625618514045e+00
9.530584859152517740e-01
1.150149744504567861e+00
8.194318555640568436e-01
9.313611771891107116e-01
1.435399045052939471e+00
8.141267615073647379e-01
1.350014006322105553e+00
1.150589557261557427e+00
8.720282997909183376e-01
1.462706466951681161e+00
1.085732278239391446e+00
1.228068113823166163e+00
2.006674332507084824e+00
1.022999428238500652e+00
1.372924313013540232e+00
1.279423725298140857e+00
1.170868469903985742e+00
1.188079611309812877e+00
1.130856442371777959e+00
6.383403502645680350e-01
1.022051651283282681e+00
1.200030068921224657e+00
1.145677393810996980e+00
7.442114966945562182e-01
1.023465793202453789e+00
9.155735050450463097e-01
1.259711760984759454e+00
1.052840488074414882e+00
1.104461481570038206e+00
1.210794277772443417e+00
1.251134425229241121e+00
1.320670545937193463e+00
1.685801735077860353e-01
1.221228457418450652e+00
3.392424563454626285e-01
1.267329568456185385e+00
9.655194062065934890e-01
1.740260384531051308e-01
1.398336156629919280e+00
5.281156426142559202e-01
2.658816004076711703e-01
1.454682273526062053e+00
6.724589676245381620e-01
1.144571711326540342e+00
1.218803540858525825e+00
5.981122420275233331e-01
2.218330748610212844e+00
1.652421672523472829e+00
1.629583178317352665e+00
1.340182556687638638e+00
1.278440439945503826e+00
1.266624277984188085e+00
1.626061303505667910e+00
2.301754114612136970e+00
1.393810585043238737e+00
1.399415095027240596e+00
3.628594233289995863e+00
3.575541321888048074e+00
5.480165924889068840e-01
1.335853963732600347e+00
4.692510608883164180e-01
1.256231711721287114e+00
1.238593530569584100e+00
5.562228668962884148e-01
6.082929511428362801e+00
6.410077607485159534e-01
6.202315054896170299e-01
1.304644263829513706e+00
5.552782674923881778e-01
4.790056778003879856e+00
7.717644522320487033e-01
1.271354279381399000e+00
1.428501344340070034e+00
1.288452669735367762e+00
1.541082769848058476e+00
1.494781233644511875e+00
1.305160533243192811e+00
1.241049829430180829e+00
1.549984322821567728e+00
1.315706573919639411e+00
1.948585280252876251e+00
1.193811368504039017e+00
1.013168715630365746e+01
1.894390167884875575e+00
1.509293356313286649e+00
2.950963026567221092e+00
1.264166137453268890e+00
1.297992724307664103e+00
2.311980241104043987e+00
1.572561292825577439e+00
1.361033986398421991e+00
1.244784320408971690e+00
3.977588817114707243e-01
5.653251678726454177e-01
7.348178157588265424e-01
5.500468631820154553e-01
6.912261443799565530e-01
7.820210601487420643e-01
7.962732645384965613e-01
8.235026763054182908e-01
8.910879074563516911e-01
1.892882596271560303e+00
1.162903305857627911e+00
1.647223513307189968e+00
1.148162182855010371e+00
1.060143878691358621e+00
1.430136297141820334e+00
1.093274158945011010e+00
1.348143651011206146e+00
1.224102928862802475e+00
1.385236816837297491e+00
1.368599715636118042e+00
1.421127633634890364e+00
1.418999780869121263e+00
1.247275413408619249e+00
1.676840046740114332e+00
1.445989489500720593e+00
1.221453671173748035e+00
1.740745758062591797e+00
8.837840104166940769e-01
1.335512667095245076e+00
1.092991301030675100e+00
1.261215041514986090e+00
1.064704617891765626e+00
1.835663248199705722e+00
1.660002876351621692e+00
1.979493941111994282e+00
2.756747691114768806e+00
1.398086990605073021e+00
1.249267150689153283e+00
1.119413713345393635e+00
1.276133108277440753e+00
1.627543751281023576e+00
1.200427750119762216e+00
1.228132842906658695e+00
1.398589061192446525e+00
6.991747075694605407e-01
1.256361370096053864e+00
1.297286264017354585e+00
1.473069027720047774e+00
1.429124843265074274e+00
1.287550785324081737e+00
1.250009433997614217e+00
1.270128895503345623e+00
1.145072573389789961e+00
1.131674844471736607e+00
