HKL Value		Reward		TotalReward	Chi Squared	Z Appr. 	Error	Two-Thetas	Sfs2
2 0 8			0.0		0.0		0.0		0.3	0.1665	35.7565424018	1.5727
0 2 10			0.0		0.0		1.64		0.28396	0.4317	42.9590557724	21.0204
6 4 0			0.41		0.41		0.83		0.28396	1.8287	67.0910631577	58.6803
6 2 10			-0.59		-0.18		1.41		0.28096	0.7103	71.9901825081	43.9921
5 5 1			0.17		-0.02		1.08		0.28092	0.5073	65.769247456	23.9531
0 2 14			0.09		0.07		0.91		0.28057	0.2479	58.6982494177	6.3292
2 6 4			0.07		0.14		0.77		0.2807	0.8772	60.3635846112	78.02
5 1 1			-0.29		-0.15		1.06		0.28054	0.5346	46.1701152	26.7419
3 3 15			-0.13		-0.28		1.19		0.28243	0.3402	73.0835579415	3.8877
2 4 14			0.02		-0.26		1.15		0.28258	0.5221	70.6383718296	19.4111
5 3 9			-1.02		-1.28		2.18		0.28247	0.4833	65.0662013285	20.8409
4 2 2			-0.03		-1.31		2.2		0.28243	0.457	40.8620305525	12.2524
6 4 2			0.08		-1.23		2.05		0.28245	0.2211	67.6401768609	4.8049
3 5 3			-3.43		-4.66		5.48		0.28283	0.9259	54.5093201099	87.7589
6 0 8			0.1		-4.56		5.27		0.28283	2.9234	64.163237895	5.3359
3 7 1			0.17		-4.39		4.94		0.28281	1.2822	71.5694631273	22.2453
1 1 11			-10.88		-15.28		15.82		0.28077	2.144	44.8525636461	378.5934
6 2 4			0.46		-14.81		14.9		0.2808	0.8727	60.3342977717	77.9073
0 0 10			0.39		-14.42		14.11		0.28054	0.8316	38.8438017949	41.7013
3 5 1			0.28		-14.14		13.55		0.2805	0.5283	53.2544885252	31.9012
3 3 1			0.25		-13.89		13.04		0.28046	0.5106	38.1558496662	33.1617
0 6 2			0.29		-13.59		12.46		0.28044	0.2356	55.3895592761	6.1752
0 2 16			0.17		-13.43		12.13		0.28048	1.8687	67.2407114996	13.8307
2 4 2			0.2		-13.23		11.72		0.28046	0.3828	40.8766170199	13.2501
5 3 1			0.16		-13.06		11.4		0.28042	0.5252	53.2386121167	32.835
4 6 0			0.23		-12.84		10.94		0.28042	0.7863	67.1083315067	59.4729
6 0 2			0.2		-12.63		10.54		0.28042	0.2214	55.354768557	5.4487
4 2 14			0.16		-12.47		10.21		0.28057	1.2576	70.6282605877	19.9713
2 2 4			0.18		-12.29		9.85		0.28057	0.7551	29.4672289371	73.6026
0 2 20			-0.25		-12.53		10.09		0.28274	0.4494	86.0769303832	2.8517
2 0 14			0.16		-12.37		9.77		0.28271	0.2634	58.6945218607	7.3942
7 1 1			0.12		-12.25		9.52		0.28269	0.5207	65.7483230412	25.2044
5 1 11			-2.03		-14.27		11.55		0.28204	3.2753	64.7131722767	203.727
0 4 20			0.09		-14.18		11.36		0.28238	1.027	94.1654323607	18.6345
4 4 10			0.15		-14.03		11.06		0.28222	0.6886	66.23802526	47.6672
4 6 2			0.16		-13.87		10.75		0.28222	0.2349	67.657370766	5.5969
1 1 15			0.03		-13.85		10.69		0.28192	0.656	61.3839959686	20.6242
1 3 9			0.13		-13.72		10.43		0.2819	0.2622	45.3040218183	7.1674
0 0 4			0.14		-13.58		10.16		0.28191	0.8482	15.2869714585	59.1035
3 1 9			0.11		-13.47		9.95		0.28188	0.36	45.2950695798	8.7768
0 6 12			0.12		-13.36		9.72		0.28188	0.3425	75.0250979777	1.887
7 3 1			0.12		-13.24		9.48		0.28188	0.5095	71.5359286583	22.1332
2 0 16			0.07		-13.18		9.35		0.28186	0.5935	67.2372591268	11.8907
1 3 13			0.08		-13.1		9.19		0.28203	0.3907	59.4200243294	11.5335
1 7 1			0.08		-13.02		9.04		0.282	0.5219	65.7901743415	26.2984
6 2 6			-5.16		-18.18		14.2		0.28254	3.9921	63.2107357729	344.5633
3 1 1			0.07		-18.11		14.06		0.2825	0.5239	28.3131072915	41.7464
4 0 10			0.13		-17.98		13.8		0.28227	0.6243	53.7713327333	45.2096
2 2 12			-2.07		-20.05		15.87		0.28161	1.9766	54.0147953295	208.0279
6 0 12			0.16		-19.89		15.55		0.2816	0.5892	74.995462768	0.9301
7 1 3			-0.53		-20.43		16.09		0.28174	1.4031	66.8553232335	91.2915
9 1 1			0.16		-20.27		15.77		0.28174	0.8793	87.9915459652	19.6393
0 2 8			0.15		-20.12		15.47		0.28172	0.1155	35.7619852008	1.7384
1 3 1			0.08		-20.04		15.32		0.2817	0.5324	28.3265170018	42.1271
0 6 16			0.13		-19.91		15.05		0.28168	0.4825	89.3859051251	7.6515
0 6 8			0.11		-19.8		14.83		0.28167	0.7694	64.1950429677	5.6946
1 5 1			0.1		-19.69		14.62		0.28165	0.4978	46.196563203	27.3004
0 6 0			0.07		-19.62		14.48		0.28165	1.4277	54.7714555341	59.4019
4 2 10			0.12		-19.5		14.23		0.2816	1.1102	57.0442200735	11.3144
2 4 10			0.12		-19.38		13.99		0.28157	0.607	57.0555982332	12.0937
2 4 6			-0.41		-19.78		14.4		0.28176	0.785	46.7364348384	64.2552
6 0 10			0.11		-19.68		14.18		0.2816	1.0728	69.1331306246	8.9056
2 4 4			-0.35		-20.03		14.53		0.2815	0.8182	43.1484985256	64.6996
2 2 10			0.11		-19.92		14.32		0.28137	0.6429	46.7739448495	44.8949
6 0 0			0.08		-19.85		14.17		0.28137	0.7256	54.7363985401	55.434
3 3 9			0.08		-19.77		14.02		0.28135	0.3816	52.4524123761	12.0632
0 6 10			0.1		-19.67		13.82		0.2812	0.8527	69.1637693973	8.5049
1 1 9			-0.02		-19.7		13.85		0.28136	0.2216	37.1193146943	1.1702
1 7 3			-0.41		-20.1		14.25		0.28146	0.9932	66.8968211493	90.2271
0 0 14			-0.01		-20.12		14.27		0.28164	0.8389	55.4890953336	74.9432