Number of epochs: 508e-01
-1.780643233249857360e+01
1.597690308457045960e-01
-9.789139330060119271e-01
-1.938020914044311738e+01
9.436898215115606392e-02
-1.248283070674845341e+01
-2.729289252324161552e+01
9.393212536840057914e-02
-1.433555752766197955e+01
2.788901195319769766e+00
2.342551223907662905e-01
-1.926527139501030916e+01
2.615526289135257088e-01
1.810243362990324179e-01
2.872839850302993381e-01
1.003222502608792865e+00
3.515614688290179535e-01
2.365505240526034614e-01
1.518387601157886457e-01
4.423174245252092796e-01
3.993080791452112144e-01
2.572569350814151723e-01
2.141402107991250692e-01
5.248959296128449248e-01
1.703757483343143475e+00
2.477658602175935310e-01
1.376326171407354915e-01
-1.134398406466547105e+00
2.887764863194410697e-02
-7.593350185996184720e+00
2.641672036420316116e-01
-7.767398420531064218e-01
-9.121498813819919338e-01
6.776465981085492141e-01
-1.281321487472940746e+01
-1.820871467682399825e+01
4.366027519598797424e-01
-3.166123592553502064e+00
6.154010634598353624e-01
3.553287848622476153e-01
-2.322309253350827607e+00
2.818950855973392233e-01
7.227068138420068844e-02
-6.971536265220151796e-02
-6.178120702382536855e-01
-3.565477803168852211e-01
-4.169021688077830801e-01
-3.232891474961258060e-01
-2.269541639010976386e+00
-1.292247857578343817e+00
-1.506700397099768052e-01
-1.127960821389180079e+00
-2.994039060991977586e-01
-2.453141553660956653e+00
-7.220293746516226463e-02
2.535139761624679577e-01
-3.553562048790174899e+00
1.371445200531087316e-01
-1.580034709297610251e-01
-6.179621173625687192e+00
1.318822193452513503e-01
-2.049757308990109550e+00
6.401229545698028378e-01
1.482174189243785634e-01
-8.208973794911967881e-01
1.159172488380059152e-01
1.462827036243211087e-01
-2.585039809482639339e-02
9.982869987739753648e-02
9.097644718159421384e-02
-9.359966410193633735e+00
-2.022067590492458322e+00
-8.985099832491998839e+00
-1.878138045319284855e+00
-9.357200030682935932e+00
-3.879890052981177728e+00
-1.387990473797511370e+01
-1.044263835047018807e+00
-1.987527957622209795e+00
-1.982426817941144837e+00
-9.565956243066062736e-01
-6.659353920163034735e-01
-1.189995511257673000e+00
-1.385941914409146491e+01
-1.403386196688025223e+00
-1.066766203776785460e+01
-6.526171765735111485e-02
-1.158863019737121469e+00
-1.368515837103063149e+01
-3.722011554508280473e-01
-4.855352442132691237e+00
-7.887725424472885827e+00
-3.738909325609712231e-01
-8.506030650947113969e+00
2.343872517770022035e-01
6.499061680149623155e-02
-4.217904900943055146e+00
1.635290582609459364e-01
-5.002551612636369605e+00
-1.528664645746036044e+01
-7.666197992999030930e-01
-1.094723179950618963e+00
-5.558670827090518962e+00
-1.111496361118246057e+01
-7.998427401071292131e+00
-3.880321627384327510e+00
-6.052595645084451803e+00
-4.096436184398856817e+00
-4.932313387884071254e+00
-3.071506324418932454e+00
4.127423959706882917e-02
-6.926431752040307366e+00
4.820241055647997985e-01
4.337116250868730538e-02
-2.237607234564458025e+01
1.788896475132780439e-01
-1.376415521560449484e+01
-3.497803727946374952e+00
1.276244576321174107e-01
-2.732421864439071868e+00
2.014699877583989163e-01
-7.083847686615860617e+00
1.411282251692937695e-01
2.659748682695216027e-01
-2.820623943235140985e-01
2.300058629757388562e-01
2.049577607395333401e-01
9.088400850580002910e-02
1.224172836155398569e-01
1.438237761820786165e-01
8.496573271099248092e-01
1.529137346601770475e-01
1.720758994362726613e-01
1.777028118429803127e-01
4.181676783107187489e+00
2.612130191070004548e-01
1.417383034317116208e-01
1.740355221005250586e-01
1.593748199292577827e-01
1.500435514405256687e-01
2.586199006107022247e-01
1.976274803599074870e-01
1.570186641179905085e-01
-1.821535488825546167e+01
-3.749441774241504710e+00
-2.180629819304019890e+00
-2.227073872332393734e+00
-1.028372517518347529e+01
-3.845902372846971673e+00
-6.788075096260907770e+00
-2.668966892361564813e+00
-3.383695692253897214e+00
-2.362349288788453683e-01
-5.710856232347669703e-01
3.472368953767642624e-02
1.600077748039508141e-01
-4.884536392565983931e+00
3.033340071939247817e-01
-9.469201573758034840e-02
2.679415640788934683e-01
-6.326386414414961745e-01
5.150467717533057765e+00
1.619074211865690477e-02
8.283737729540424644e-02
-1.026196335205505766e-02
1.576494127839478121e-01
-8.278926977117281871e-02
6.603199637995636750e-02
-1.343541588631740114e+00
2.900005739876805877e-01
-2.427405777234261652e+00
1.269846079513153203e+00
-1.902184713883362521e+00
3.054357278511298790e-01
-2.344352952586085337e+00
7.967367331793542284e-01
1.892783974649562828e-01
2.704890881533098534e-01
1.803475102400175500e-01
8.745592260928251871e-02
1.118614190998601932e-01
-5.631310257538030273e-02
2.794843000676738298e-01
2.654510438780608439e-01
-7.249708416733249283e-01
-2.431458913806901823e+00
2.584772929395106056e-01
-3.373244128072536707e+00
-1.853575409072303615e-01
-5.751117659351570044e-01
-1.842078204078191062e-01
-3.979293403648402339e-01
1.883130517250343194e-01
5.213349119089096817e-01
5.053006117072167402e-01
7.077679180778047308e-02
-1.498289901157955795e+00
