HKL Value		Reward		TotalReward	Chi Squared	Z Appr. 	Error	Two-Thetas	Sfs2
1 0 0			0.0		0.0		0.0		0.5	0.0	14.0285801003	0.0
1 0 8			0.0		0.0		0.0		0.49995	0.24	54.8685935926	0.0
3 0 0			1.0		1.0		0.0		0.49995	0.45	42.9814560157	0.0
3 1 7			-1.0		-0.0		0.0		0.53189	0.32	70.7276559911	1.1017
4 0 3			0.33		0.33		0.0		0.53189	0.29	62.1413926063	0.0
3 1 1			-1.0		-0.67		0.03		0.53289	0.22	51.2370468789	1.4731
0 0 3			0.2		-0.47		0.02		0.53289	0.03	19.1797885945	0.0
3 0 2			0.17		-0.3		0.02		0.53289	0.46	45.0164041053	0.0
1 0 4			0.14		-0.16		0.02		0.53289	0.08	29.3672081998	0.0
1 1 6			-0.29		-0.44		0.02		0.56991	0.38	49.5460147793	8.8974
0 0 7			0.11		-0.33		0.02		0.56991	0.2	45.7499157105	0.0
2 0 4			-0.92		-1.25		0.28		0.52205	0.23	38.5541558059	1.7476
4 0 1			0.09		-1.16		0.26		0.52205	0.27	58.8934376912	0.0
2 0 1			0.08		-1.08		0.24		0.52205	0.15	29.01034049	0.0
0 0 8			-0.24		-1.32		0.31		0.50568	0.5	52.7511004195	15.5355
2 1 0			0.01		-1.3		0.31		0.50568	0.16	38.6117414796	0.0084
3 0 5			-0.14		-1.45		0.36		0.50956	0.2	54.7330754518	7.0489
2 0 5			0.06		-1.38		0.34		0.50956	5.26	43.4052500519	0.0
2 0 7			0.06		-1.33		0.32		0.50956	4.16	54.6555056564	0.0
4 0 0			-0.16		-1.49		0.38		0.50956	0.08	58.4798162983	46.4355
0 0 4			0.02		-1.47		0.38		0.50661	0.08	25.6679215219	1.7476
2 2 6			0.05		-1.42		0.36		0.50657	0.0	74.8444416707	3.2648
1 0 6			0.05		-1.37		0.34		0.50656	0.25	41.5701214249	0.0
3 0 6			0.05		-1.33		0.33		0.50656	0.11	59.366558438	0.0
4 1 1			0.04		-1.29		0.31		0.50656	0.21	65.3342299592	0.4263
1 2 6			-0.01		-1.3		0.32		0.50301	0.11	69.4566609057	1.2895
4 0 5			0.04		-1.26		0.31		0.50301	0.26	68.3700248267	0.0
3 2 1			-0.03		-1.29		0.32		0.50298	0.17	70.8417473216	1.0468
2 1 7			-0.01		-1.3		0.32		0.50098	0.57	61.3678684761	8.4036
2 0 3			0.04		-1.26		0.31		0.50098	0.09	34.3920319457	0.0
3 0 8			0.03		-1.23		0.3		0.50098	0.3	70.3147352648	0.0
3 0 4			0.03		-1.2		0.29		0.50098	0.64	50.7360354343	0.0
2 0 2			-0.07		-1.27		0.31		0.50146	0.1	31.1263267788	5.5981
3 2 2			0.0		-1.26		0.31		0.50162	0.0	71.9603042663	6.6617
4 1 3			0.01		-1.25		0.3		0.50123	0.15	68.408649436	0.0043
1 1 2			-0.02		-1.27		0.31		0.5004	0.52	32.1995090242	11.6912
1 0 7			0.92		-0.36		0.16		0.44052	0.54	48.0896902272	2.8781
2 2 3			0.03		-0.33		0.16		0.44052	0.31	64.6616050849	6.6891
1 1 7			0.0		-0.33		0.16		0.43972	0.15	55.34320722	1.1017
-1 -1 2			0.02		-0.3		0.15		0.43981	0.13	32.1995090242	11.6912
1 2 7			-0.0		-0.31		0.15		0.44005	0.71	74.291810142	3.5836
3 2 0			-0.0		-0.31		0.15		0.44005	0.67	70.467230504	2.2538
0 2 7			-0.03		-0.34		0.16		0.44173	0.0	72.5085769296	0.0094