HKL Value		Reward		TotalReward	Chi Squared	Z Appr. 	Error	Two-Thetas	Sfs2
1 0 0			0.0		0.0		0.0		0.5	0.0	14.0285801003	0.0
3 0 0			0.0		0.0		0.0		0.5	0.45	42.9814560157	0.0
1 1 4			-1.0		-1.0		0.0		0.40414	0.3	39.4492672371	0.9567
3 1 4			-0.25		-1.25		0.0		0.40414	0.33	57.7518627408	0.9567
4 0 3			0.33		-0.92		0.0		0.40408	0.29	62.1413926063	0.0
-1 -1 2			-0.94		-1.86		0.01		0.44857	0.13	32.1995090242	11.6912
2 0 1			0.2		-1.66		0.0		0.44857	0.15	29.01034049	0.0
3 0 2			0.17		-1.49		0.0		0.44857	0.46	45.0164041053	0.0
0 0 3			0.14		-1.35		0.0		0.44857	0.03	19.1797885945	0.0
3 1 0			0.07		-1.28		0.0		0.44857	0.86	50.7823995615	0.002
3 0 4			0.11		-1.17		0.0		0.44857	0.64	50.7360354343	0.0
3 0 6			0.1		-1.07		0.0		0.44857	0.11	59.366558438	0.0
1 0 4			0.09		-0.98		0.0		0.44857	0.08	29.3672081998	0.0
2 0 3			0.08		-0.9		0.0		0.44857	0.09	34.3920319457	0.0
2 0 7			0.08		-0.82		0.0		0.44857	4.16	54.6555056564	0.0
0 0 7			0.07		-0.75		0.0		0.44857	0.2	45.7499157105	0.0
4 0 1			0.07		-0.68		0.0		0.44857	0.27	58.8934376912	0.0
1 0 8			0.06		-0.62		0.0		0.44857	0.24	54.8685935926	0.0
1 0 7			-0.27		-0.89		0.0		0.44648	0.54	48.0896902272	2.8781
1 2 7			-0.62		-1.52		0.01		0.45028	0.71	74.291810142	3.5836
0 0 2			-0.9		-2.42		0.06		0.44661	0.15	12.7532192506	5.5981