HKL Value		Reward		TotalReward	Chi Squared	Z Appr. 	Error	Two-Thetas	Sfs2
1 0 0			0.0		0.0		0.0		0.5	0.0	14.0285801003	0.0
3 0 0			0.0		0.0		0.0		0.5	0.45	42.9814560157	0.0
4 0 3			0.57		0.57		0.0		0.50694	0.29	62.1413926063	0.0
1 1 5			-1.0		-0.43		0.0		0.52747	3.06	44.2189644299	8.5457
2 0 1			0.33		-0.1		0.0		0.52747	0.15	29.01034049	0.0
3 0 2			0.25		0.15		0.0		0.52747	0.46	45.0164041053	0.0
0 0 3			0.2		0.35		0.0		0.52747	0.03	19.1797885945	0.0
3 0 5			-1.0		-0.65		0.0		0.53015	0.2	54.7330754518	7.0489
4 1 5			-0.95		-1.6		0.07		0.52608	1.53	74.3771604481	7.6693
2 0 3			0.12		-1.48		0.06		0.52608	0.09	34.3920319457	0.0
1 0 4			0.11		-1.36		0.06		0.52608	0.08	29.3672081998	0.0
3 0 4			0.1		-1.26		0.05		0.52608	0.64	50.7360354343	0.0
3 0 6			0.09		-1.17		0.05		0.52608	0.11	59.366558438	0.0
0 1 6			-0.69		-1.86		0.15		0.45281	0.0	47.2608104201	2.0239
0 0 7			0.08		-1.78		0.14		0.45281	0.2	45.7499157105	0.0
2 0 7			0.07		-1.71		0.13		0.45281	4.16	54.6555056564	0.0
4 0 1			0.07		-1.65		0.12		0.45281	0.27	58.8934376912	0.0
2 0 5			0.06		-1.58		0.11		0.45281	5.26	43.4052500519	0.0
3 1 5			-0.35		-1.93		0.18		0.44854	0.09	61.4399691436	8.5457
1 0 8			0.06		-1.88		0.17		0.44854	0.24	54.8685935926	0.0
2 0 -4			-0.04		-1.91		0.17		0.44766	0.31	38.5541558059	1.7476
3 0 8			0.05		-1.86		0.17		0.44766	0.3	70.3147352648	0.0
4 0 5			0.05		-1.82		0.16		0.44766	0.26	68.3700248267	0.0
1 0 6			0.05		-1.77		0.15		0.44766	0.25	41.5701214249	0.0
3 1 0			0.04		-1.73		0.14		0.44766	0.86	50.7823995615	0.002
3 1 4			0.04		-1.69		0.14		0.44764	0.33	57.7518627408	0.9567
4 1 3			0.04		-1.65		0.13		0.44764	0.15	68.408649436	0.0043
1 1 4			0.04		-1.61		0.13		0.44758	0.3	39.4492672371	0.9567
4 1 1			0.03		-1.58		0.13		0.44758	0.21	65.3342299592	0.4263
3 0 7			0.03		-1.55		0.12		0.44747	0.18	64.5726747292	2.8781
1 0 7			0.03		-1.52		0.12		0.44736	0.54	48.0896902272	2.8781
2 1 1			0.03		-1.49		0.11		0.44736	0.13	39.1745550983	0.4263
1 1 3			-0.21		-1.7		0.14		0.44689	0.54	35.3770121777	12.6586
0 1 5			0.02		-1.68		0.14		0.44655	0.34	41.7114803244	7.6693
2 1 7			0.03		-1.65		0.14		0.44622	0.57	61.3678684761	8.4036
2 0 4			-0.02		-1.67		0.14		0.44551	0.23	38.5541558059	1.7476
1 -1 2			0.03		-1.65		0.14		0.4456	0.39	32.1995090242	11.6912
0 1 7			0.03		-1.62		0.13		0.44536	0.26	53.2385720724	8.4036
0 2 7			0.01		-1.61		0.13		0.44632	0.0	72.5085769296	0.0094
3 1 7			-0.05		-1.66		0.14		0.44459	0.32	70.7276559911	1.1017
2 2 3			0.02		-1.64		0.14		0.44452	0.31	64.6616050849	6.6891
-1 -1 2			0.02		-1.61		0.13		0.44459	0.13	32.1995090242	11.6912
1 2 7			0.0		-1.61		0.13		0.44483	0.71	74.291810142	3.5836
1 1 2			0.02		-1.59		0.13		0.4449	0.52	32.1995090242	11.6912
2 0 2			-0.14		-1.73		0.15		0.44466	0.1	31.1263267788	5.5981
1 1 6			0.02		-1.71		0.15		0.44487	0.38	49.5460147793	8.8974
1 2 6			0.02		-1.69		0.15		0.44485	0.11	69.4566609057	1.2895
-1 -1 -2			0.02		-1.67		0.14		0.44491	0.31	32.1995090242	11.6912
4 0 4			-0.01		-1.68		0.14		0.44455	0.13	64.9051128666	1.7476
3 2 0			-0.0		-1.69		0.15		0.44455	0.67	70.467230504	2.2538
0 1 4			-0.03		-1.71		0.15		0.44479	0.09	36.6772811508	0.4076