HKL Value		Reward		TotalReward	Chi Squared	Z Appr. 	Error	Two-Thetas	Sfs2
3 3 7			0.0		0.0		0.0		0.3	0.1558	47.1418707618	3.5073
6 2 10			0.0		0.0		14.21		0.33049	0.7103	71.9901825081	43.9921
6 0 8			3.51		3.51		7.18		0.33015	2.9234	64.163237895	5.3359
4 6 0			1.19		4.7		4.8		0.33015	0.7863	67.1083315067	59.4729
7 1 7			0.43		5.14		3.93		0.33148	0.3505	72.2660298289	5.0526
0 6 8			0.35		5.49		3.23		0.33108	0.7694	64.1950429677	5.6946
6 4 0			0.27		5.76		2.7		0.33109	1.8287	67.0910631577	58.6803
4 6 2			0.08		5.83		2.54		0.33097	0.2349	67.657370766	5.5969
6 4 2			0.08		5.92		2.37		0.33087	0.2211	67.6401768609	4.8049
2 0 14			0.12		6.04		2.13		0.33124	0.2634	58.6945218607	7.3942
0 2 14			0.09		6.14		1.94		0.33167	0.2479	58.6982494177	6.3292
1 7 7			0.07		6.21		1.79		0.33188	0.4353	72.3061031614	6.1143
0 6 2			-0.11		6.1		1.9		0.33187	0.2356	55.3895592761	6.1752
3 5 7			0.04		6.15		1.81		0.33221	0.2309	60.5203777188	5.6046
5 3 7			0.04		6.18		1.73		0.33252	0.2523	60.5057581853	5.4388
1 5 7			0.03		6.21		1.68		0.33286	0.6035	54.1236034243	4.2528
5 1 7			0.03		6.24		1.63		0.33314	0.2609	54.1000446603	4.252
6 0 2			-0.06		6.18		1.68		0.33314	0.2214	55.354768557	5.4487
4 2 8			0.03		6.21		1.62		0.33339	0.7605	51.4203212226	2.5419
2 4 8			0.03		6.24		1.57		0.33363	0.1687	51.4325245866	2.4593
3 3 13			0.01		6.24		1.56		0.33328	0.5636	65.4922780779	9.1158
1 3 13			-0.03		6.21		1.59		0.33287	0.3907	59.4200243294	11.5335
4 0 0			-21.57		-15.36		23.16		0.33287	8.3901	35.6934066618	787.9925
1 5 13			0.45		-14.91		22.26		0.33247	1.1973	71.2966048402	12.6128
1 1 13			0.43		-14.47		21.39		0.33217	0.3722	52.9310122384	10.9703
5 1 13			0.4		-14.07		20.59		0.3319	0.4567	71.2764535317	11.3258
3 1 13			0.37		-13.7		19.85		0.33165	0.3869	59.4126405656	11.7895
0 6 6			0.33		-13.37		19.18		0.33163	1.0147	60.183190367	40.9583
0 6 4			-0.44		-13.81		19.62		0.33169	0.6675	57.2171401797	42.9768
4 2 6			0.34		-13.47		18.95		0.33169	1.6049	46.7233273538	62.1975
3 1 7			0.29		-13.18		18.37		0.33192	0.257	39.2655360855	5.205
6 0 12			-11.22		-24.41		29.59		0.32681	0.5892	74.995462768	0.9301
6 0 6			0.44		-23.97		28.72		0.32678	1.0815	60.1501886982	39.9969
1 3 7			0.32		-23.65		28.08		0.32713	0.1893	39.2755843192	5.3372
2 4 6			0.41		-23.24		27.25		0.32713	0.785	46.7364348384	64.2552
0 6 16			0.38		-22.86		26.5		0.32702	0.4825	89.3859051251	7.6515
9 1 1			0.34		-22.52		25.82		0.32701	0.8793	87.9915459652	19.6393
1 1 15			0.35		-22.17		25.13		0.32699	0.656	61.3839959686	20.6242
0 6 10			0.3		-21.87		24.52		0.3269	0.8527	69.1637693973	8.5049
3 7 1			0.27		-21.6		23.97		0.32689	1.2822	71.5694631273	22.2453
6 0 10			0.27		-21.32		23.43		0.3268	1.0728	69.1331306246	8.9056
5 5 1			0.25		-21.07		22.93		0.32678	0.5073	65.769247456	23.9531
7 3 1			0.23		-20.84		22.46		0.32677	0.5095	71.5359286583	22.1332
6 0 0			0.21		-20.63		22.05		0.32677	0.7256	54.7363985401	55.434
2 0 16			0.23		-20.4		21.59		0.32661	0.5935	67.2372591268	11.8907
5 3 9			0.21		-20.2		21.18		0.32653	0.4833	65.0662013285	20.8409
4 2 10			0.19		-20.01		20.79		0.32645	1.1102	57.0442200735	11.3144
0 2 16			0.2		-19.81		20.4		0.32629	1.8687	67.2407114996	13.8307
2 4 14			0.18		-19.63		20.05		0.32622	0.5221	70.6383718296	19.4111
4 2 14			0.17		-19.47		19.71		0.32615	1.2576	70.6282605877	19.9713
2 4 10			0.16		-19.31		19.39		0.32607	0.607	57.0555982332	12.0937
5 5 7			0.06		-19.24		19.27		0.3264	0.6639	72.2860687267	4.3062
0 6 0			0.12		-19.12		19.02		0.3264	1.4277	54.7714555341	59.4019
3 5 9			0.14		-18.98		18.74		0.32633	0.4755	65.0802252419	19.5165
4 2 2			0.12		-18.86		18.51		0.32633	0.457	40.8620305525	12.2524
2 4 2			0.11		-18.76		18.3		0.32631	0.3828	40.8766170199	13.2501
0 4 20			0.07		-18.69		18.16		0.32633	1.027	94.1654323607	18.6345
0 0 20			0.14		-18.55		17.87		0.32634	0.4542	83.3712939521	4.3689
7 1 1			0.1		-18.45		17.68		0.32633	0.5207	65.7483230412	25.2044
1 7 1			0.09		-18.37		17.51		0.32631	0.5219	65.7901743415	26.2984
1 5 1			0.08		-18.29		17.36		0.32631	0.4978	46.196563203	27.3004
5 1 1			0.08		-18.21		17.2		0.32629	0.5346	46.1701152	26.7419
4 4 12			0.12		-18.09		16.96		0.3262	1.9475	72.2035773977	130.2426
0 4 10			0.11		-17.98		16.73		0.32608	0.9893	53.7871001638	44.1425
2 6 10			0.11		-17.87		16.51		0.32596	0.7069	72.0169435829	44.7171
2 0 0			-0.46		-18.33		16.97		0.32596	2.02	17.6289686615	175.6782
0 0 10			0.11		-18.22		16.75		0.32585	0.8316	38.8438017949	41.7013
2 2 10			0.1		-18.12		16.55		0.32574	0.6429	46.7739448495	44.8949
4 0 10			0.1		-18.01		16.35		0.32564	0.6243	53.7713327333	45.2096
3 3 1			0.05		-17.96		16.24		0.32562	0.5106	38.1558496662	33.1617
4 4 10			0.09		-17.87		16.06		0.32551	0.6886	66.23802526	47.6672
4 0 12			0.09		-17.78		15.88		0.32559	2.7435	60.4154589103	161.2613
3 5 1			0.05		-17.73		15.79		0.32557	0.5283	53.2544885252	31.9012
5 3 1			0.04		-17.69		15.7		0.32557	0.5252	53.2386121167	32.835
1 1 7			0.03		-17.66		15.65		0.32579	0.2012	29.7561292971	6.5386
5 1 5			-1.07		-18.74		16.72		0.32585	1.1901	50.2495039981	127.1383
5 1 9			0.04		-18.7		16.64		0.32574	0.4583	58.9619928854	19.0838
4 6 6			0.03		-18.67		16.58		0.32569	1.1903	71.9781772466	41.9784
0 2 10			0.04		-18.62		16.49		0.32561	0.4317	42.9590557724	21.0204
2 0 10			0.05		-18.58		16.4		0.32553	0.6169	42.9543880851	20.236
0 6 14			0.04		-18.54		16.32		0.32548	0.9096	81.7552219026	27.2955
4 2 0			0.02		-18.52		16.28		0.32548	0.9287	40.0811891304	86.5118
6 4 6			0.03		-18.49		16.23		0.32543	0.9247	71.9614498967	41.9809
1 1 3			0.02		-18.47		16.18		0.32543	0.4514	16.9416048235	36.8187
1 5 9			0.03		-18.44		16.13		0.32532	0.4394	58.984264935	17.7365
0 4 16			0.07		-18.38		16.0		0.32513	1.5557	75.7704700384	94.8658
3 3 9			0.02		-18.35		15.95		0.32502	0.3816	52.4524123761	12.0632
1 3 5			-1.5		-19.85		17.45		0.32508	3.1323	34.189462707	190.138
2 4 0			0.02		-19.83		17.41		0.32508	1.4359	40.0960076051	88.2765
1 3 1			0.02		-19.81		17.37		0.32507	0.5324	28.3265170018	42.1271
3 1 1			0.02		-19.8		17.34		0.32506	0.5239	28.3131072915	41.7464
2 2 16			0.04		-19.75		17.25		0.32483	1.1693	70.1293332912	108.6018
3 7 3			-0.01		-19.76		17.26		0.32483	0.8954	72.6346668965	71.6226
3 1 9			0.0		-19.76		17.25		0.32472	0.36	45.2950695798	8.7768
1 3 15			0.02		-19.73		17.2		0.32444	0.2862	67.3623786269	8.1809
1 1 1			-0.01		-19.74		17.21		0.32443	0.5749	13.0194761966	56.7652
0 2 20			-0.51		-20.25		17.72		0.32428	0.4494	86.0769303832	2.8517
3 1 15			0.03		-20.22		17.66		0.32397	0.2871	67.3554895111	7.7692
1 3 9			-0.04		-20.26		17.7		0.32381	0.2622	45.3040218183	7.1674
0 2 8			-0.44		-20.69		18.13		0.32421	0.1155	35.7619852008	1.7384
0 4 12			0.07		-20.63		18.0		0.32429	1.4889	60.4300914167	161.7651
2 0 8			-0.44		-21.07		18.44		0.32476	0.1665	35.7565424018	1.5727