HKL Value		Reward		TotalReward	Chi Squared	Z Appr. 	Error	Two-Thetas	Sfs2
1 0 8			0.0		0.0		0.0		0.5	0.24	54.8685935926	0.0
1 0 0			0.0		0.0		0.0		0.49995	0.0	14.0285801003	0.0
4 0 3			0.98		0.98		0.0		0.49995	0.29	62.1413926063	0.0
3 0 4			-0.59		0.39		0.0		0.49995	0.64	50.7360354343	0.0
2 0 1			0.33		0.73		0.0		0.49995	0.15	29.01034049	0.0
2 0 3			-0.3		0.42		0.0		0.49995	0.09	34.3920319457	0.0
4 0 1			-0.26		0.16		0.0		0.49995	0.27	58.8934376912	0.0
3 0 6			-0.3		-0.14		0.0		0.49993	0.11	59.366558438	0.0
1 0 7			-1.0		-1.14		0.0		0.44563	0.54	48.0896902272	2.8781
1 1 6			-0.32		-1.46		0.0		0.44829	0.38	49.5460147793	8.8974
4 0 5			0.11		-1.35		0.0		0.44829	0.26	68.3700248267	0.0
0 0 3			0.1		-1.25		0.0		0.44829	0.03	19.1797885945	0.0
3 0 2			0.09		-1.16		0.0		0.44829	0.46	45.0164041053	0.0
2 0 7			0.08		-1.08		0.0		0.44829	4.16	54.6555056564	0.0
1 -1 2			-0.06		-1.14		0.0		0.44866	0.39	32.1995090242	11.6912
0 0 7			0.07		-1.07		0.0		0.44866	0.2	45.7499157105	0.0
3 0 0			0.07		-1.0		0.0		0.44866	0.45	42.9814560157	0.0
2 0 5			0.06		-0.94		0.0		0.44866	5.26	43.4052500519	0.0
1 0 6			0.06		-0.88		0.0		0.44866	0.25	41.5701214249	0.0
1 0 4			0.06		-0.82		0.0		0.44866	0.08	29.3672081998	0.0
3 0 7			-0.39		-1.21		0.0		0.44794	0.18	64.5726747292	2.8781
3 0 8			0.05		-1.16		0.0		0.44794	0.3	70.3147352648	0.0
4 1 1			-0.3		-1.46		0.0		0.44794	0.21	65.3342299592	0.4263
1 1 4			-0.13		-1.6		0.0		0.44782	0.3	39.4492672371	0.9567
2 0 -4			-0.78		-2.38		0.01		0.44377	0.31	38.5541558059	1.7476