HKL Value		Reward		TotalReward	Chi Squared	Z Appr. 	Error	Two-Thetas	Sfs2
1 0 8			0.0		0.0		0.0		0.5	0.24	54.8685935926	0.0
3 0 4			0.0		0.0		0.0		0.50001	0.64	50.7360354343	0.0
4 0 5			-0.52		-0.52		0.0		0.50001	0.26	68.3700248267	0.0
2 2 3			-1.0		-1.52		0.0		0.44115	0.31	64.6616050849	6.6891
1 0 0			0.33		-1.18		0.0		0.44115	0.0	14.0285801003	0.0
4 0 1			0.25		-0.93		0.0		0.44115	0.27	58.8934376912	0.0
3 0 6			0.2		-0.73		0.0		0.44115	0.11	59.366558438	0.0
2 0 3			0.17		-0.57		0.0		0.44115	0.09	34.3920319457	0.0
4 0 3			0.14		-0.42		0.0		0.44115	0.29	62.1413926063	0.0
2 0 1			0.12		-0.3		0.0		0.44115	0.15	29.01034049	0.0
3 0 7			-1.0		-1.3		0.0		0.44375	0.18	64.5726747292	2.8781
0 1 8			-0.89		-2.19		0.02		0.45272	2.05	59.6041295708	7.5134
3 1 1			-0.73		-2.92		0.06		0.45301	0.22	51.2370468789	1.4731
4 1 5			-0.04		-2.96		0.06		0.45251	1.53	74.3771604481	7.6693
1 0 1			-0.09		-3.04		0.06		0.4524	0.06	15.4189733366	0.0644