HKL Value		Reward		TotalReward	Chi Squared	Z Appr. 	Error	Two-Thetas	Sfs2
3 3 7			0.0		0.0		0.0		0.3	0.1558	47.1418707618	3.5073
2 4 12			0.0		0.0		0.82		0.35773	0.2205	63.4791913795	4.8908
6 2 10			-0.52		-0.52		1.34		0.37732	0.7103	71.9901825081	43.9921
6 0 8			-2.66		-3.18		4.0		0.37836	2.9234	64.163237895	5.3359
4 6 0			0.49		-2.68		3.01		0.37836	0.7863	67.1083315067	59.4729
7 1 7			0.3		-2.38		2.41		0.37835	0.3505	72.2660298289	5.0526
0 6 8			-0.9		-3.28		3.31		0.37955	0.7694	64.1950429677	5.6946
6 4 0			0.24		-3.05		2.84		0.37955	1.8287	67.0910631577	58.6803
4 6 2			0.06		-2.99		2.71		0.37975	0.2349	67.657370766	5.5969
6 4 2			0.07		-2.91		2.57		0.3799	0.2211	67.6401768609	4.8049
2 0 14			0.1		-2.81		2.36		0.38077	0.2634	58.6945218607	7.3942
0 2 14			0.1		-2.7		2.15		0.38098	0.2479	58.6982494177	6.3292
0 6 2			0.07		-2.64		2.01		0.38106	0.2356	55.3895592761	6.1752
1 7 7			0.08		-2.56		1.86		0.38097	0.4353	72.3061031614	6.1143
6 0 2			0.06		-2.5		1.75		0.38102	0.2214	55.354768557	5.4487
3 5 7			0.05		-2.46		1.65		0.3808	0.2309	60.5203777188	5.6046
3 3 1			-0.87		-3.33		2.53		0.38072	0.5106	38.1558496662	33.1617
5 3 7			0.07		-3.26		2.39		0.38052	0.2523	60.5057581853	5.4388
1 5 7			0.05		-3.21		2.29		0.38027	0.6035	54.1236034243	4.2528
5 1 7			0.05		-3.16		2.19		0.38006	0.2609	54.1000446603	4.252
4 2 8			-0.38		-3.54		2.57		0.38061	0.7605	51.4203212226	2.5419
2 4 8			-0.34		-3.88		2.91		0.38118	0.1687	51.4325245866	2.4593
1 1 13			-0.01		-3.89		2.92		0.35961	0.3722	52.9310122384	10.9703