HKL Value		Reward		TotalReward	Chi Squared	Z Appr. 	Error	Two-Thetas	Sfs2
4 0 3			0.0		0.0		0.0		0.5	0.29	62.1413926063	0.0
1 0 0			0.0		0.0		0.0		0.50694	0.0	14.0285801003	0.0
3 0 0			0.99		0.99		0.0		0.50694	0.45	42.9814560157	0.0
0 0 3			-0.8		0.2		0.0		0.50711	0.03	19.1797885945	0.0
2 0 1			0.29		0.49		0.0		0.50711	0.15	29.01034049	0.0
3 0 2			-0.21		0.28		0.0		0.50711	0.46	45.0164041053	0.0
2 2 5			-1.0		-0.72		0.0		0.37988	0.26	70.7747179536	2.8196
0 1 8			-1.0		-1.72		0.01		0.38593	2.05	59.6041295708	7.5134
3 0 4			0.14		-1.58		0.01		0.38593	0.64	50.7360354343	0.0
2 0 3			0.13		-1.45		0.01		0.38593	0.09	34.3920319457	0.0
3 0 6			0.11		-1.34		0.01		0.38593	0.11	59.366558438	0.0
0 0 7			0.1		-1.24		0.01		0.38593	0.2	45.7499157105	0.0
1 0 4			0.09		-1.15		0.01		0.38593	0.08	29.3672081998	0.0
4 0 1			0.08		-1.07		0.01		0.38593	0.27	58.8934376912	0.0
2 0 7			0.08		-0.99		0.01		0.38593	4.16	54.6555056564	0.0
3 0 8			0.07		-0.92		0.01		0.38593	0.3	70.3147352648	0.0
4 0 5			0.07		-0.85		0.01		0.38593	0.26	68.3700248267	0.0
3 0 5			-0.97		-1.83		0.21		0.33754	0.2	54.7330754518	7.0489
2 0 5			0.06		-1.77		0.2		0.33754	5.26	43.4052500519	0.0
1 0 6			0.06		-1.71		0.19		0.33754	0.25	41.5701214249	0.0
1 0 8			0.05		-1.66		0.18		0.33754	0.24	54.8685935926	0.0
3 1 0			0.05		-1.61		0.17		0.33754	0.86	50.7823995615	0.002
4 0 2			0.01		-1.6		0.17		0.33863	0.26	60.1237214722	5.5981
3 1 3			-0.23		-1.83		0.22		0.3436	0.4	54.7770496801	12.6586
3 1 4			0.04		-1.79		0.21		0.34376	0.33	57.7518627408	0.9567
4 1 1			0.04		-1.75		0.2		0.34376	0.21	65.3342299592	0.4263
2 1 1			0.04		-1.72		0.2		0.34374	0.13	39.1745550983	0.4263
1 1 4			0.03		-1.68		0.19		0.34387	0.3	39.4492672371	0.9567
1 0 7			-0.4		-2.08		0.31		0.323	0.54	48.0896902272	2.8781
2 1 7			0.02		-2.06		0.31		0.32307	0.57	61.3678684761	8.4036
-1 -1 -2			-0.03		-2.1		0.32		0.3228	0.31	32.1995090242	11.6912
2 2 4			0.03		-2.06		0.31		0.3228	0.5	67.3692384702	10.6939
4 1 5			-0.0		-2.06		0.31		0.32169	1.53	74.3771604481	7.6693
1 1 7			-0.15		-2.22		0.36		0.31557	0.15	55.34320722	1.1017
3 0 7			0.02		-2.2		0.36		0.31139	0.18	64.5726747292	2.8781
2 2 3			0.03		-2.17		0.35		0.31218	0.31	64.6616050849	6.6891
3 1 2			-0.01		-2.19		0.35		0.31132	0.11	52.5840292854	11.6912
-1 -1 2			-0.01		-2.2		0.36		0.30997	0.13	32.1995090242	11.6912
1 1 2			0.04		-2.16		0.34		0.29001	0.52	32.1995090242	11.6912
0 1 7			0.02		-2.14		0.34		0.29131	0.26	53.2385720724	8.4036
4 1 3			-0.16		-2.29		0.4		0.2918	0.15	68.408649436	0.0043
2 0 0			-0.06		-2.36		0.43		0.2918	0.07	28.2731138415	46.4355
0 1 5			0.02		-2.33		0.42		0.29231	0.34	41.7114803244	7.6693
0 2 7			0.01		-2.33		0.41		0.30831	0.0	72.5085769296	0.0094
3 1 1			-0.02		-2.35		0.42		0.30807	0.22	51.2370468789	1.4731
1 2 7			0.02		-2.33		0.42		0.30957	0.71	74.291810142	3.5836
3 0 3			-0.34		-2.67		0.63		0.29429	0.33	47.4629609511	3.2424
1 2 6			0.01		-2.66		0.62		0.29374	0.11	69.4566609057	1.2895
2 2 6			0.01		-2.65		0.61		0.29388	0.0	74.8444416707	3.2648
1 0 5			-0.03		-2.68		0.63		0.29402	0.22	35.3149362404	7.049
4 1 4			-0.4		-3.08		1.06		0.28483	0.37	71.0458443611	0.4076
3 2 0			0.02		-3.06		1.04		0.28483	0.67	70.467230504	2.2538
0 0 8			-0.04		-3.11		1.09		0.28584	0.5	52.7511004195	15.5355
2 1 0			0.01		-3.09		1.07		0.28584	0.16	38.6117414796	0.0084
3 2 4			0.02		-3.08		1.06		0.28625	0.0	76.369138646	3.3351
3 0 1			-0.04		-3.12		1.11		0.28768	0.76	43.4972935008	0.0644
1 -1 2			0.01		-3.11		1.09		0.28748	0.39	32.1995090242	11.6912
4 0 4			-0.03		-3.14		1.13		0.28477	0.13	64.9051128666	1.7476
0 1 4			-0.21		-3.35		1.43		0.27891	0.09	36.6772811508	0.4076
2 1 8			0.0		-3.35		1.42		0.27779	0.22	67.2524657177	7.5134
2 0 -4			-0.01		-3.35		1.43		0.27663	0.31	38.5541558059	1.7476
2 0 4			-0.0		-3.36		1.44		0.27557	0.23	38.5541558059	1.7476
1 0 1			-0.04		-3.39		1.49		0.2763	0.06	15.4189733366	0.0644