HKL Value		Reward		TotalReward	Chi Squared	Z Appr. 	Error	Two-Thetas	Sfs2
4 1 4			0.0		0.0		0.0		0.5	0.37	71.0458443611	0.4076
3 0 4			0.0		0.0		0.31		0.45113	0.64	50.7360354343	0.0
4 0 3			1.0		1.0		0.16		0.45113	0.29	62.1413926063	0.0
1 0 0			0.5		1.5		0.1		0.45113	0.0	14.0285801003	0.0
4 0 1			0.33		1.83		0.08		0.45113	0.27	58.8934376912	0.0
2 0 3			0.25		2.08		0.06		0.45113	0.09	34.3920319457	0.0
2 2 6			-0.45		1.63		0.11		0.44957	0.0	74.8444416707	3.2648
1 0 8			0.17		1.8		0.1		0.44957	0.24	54.8685935926	0.0
4 0 5			0.14		1.94		0.09		0.44957	0.26	68.3700248267	0.0
3 2 1			-0.4		1.55		0.14		0.45059	0.17	70.8417473216	1.0468
3 1 3			-0.39		1.16		0.23		0.43958	0.4	54.7770496801	12.6586
3 0 0			0.1		1.26		0.21		0.43958	0.45	42.9814560157	0.0
0 0 3			0.09		1.35		0.19		0.43958	0.03	19.1797885945	0.0
0 0 7			0.08		1.43		0.18		0.43958	0.2	45.7499157105	0.0
3 1 4			0.07		1.5		0.17		0.43929	0.33	57.7518627408	0.9567
2 0 1			0.07		1.58		0.16		0.43929	0.15	29.01034049	0.0
3 1 0			0.07		1.64		0.15		0.43927	0.86	50.7823995615	0.002
2 0 5			0.06		1.7		0.14		0.43927	5.26	43.4052500519	0.0
4 0 4			0.03		1.73		0.13		0.43397	0.13	64.9051128666	1.7476
3 1 1			-0.15		1.58		0.16		0.435	0.22	51.2370468789	1.4731
1 0 6			0.05		1.63		0.15		0.435	0.25	41.5701214249	0.0
1 0 4			0.05		1.68		0.14		0.435	0.08	29.3672081998	0.0
1 1 4			0.05		1.73		0.14		0.43495	0.3	39.4492672371	0.9567
3 0 2			0.05		1.77		0.13		0.43493	0.46	45.0164041053	0.0
3 0 6			0.04		1.82		0.13		0.43496	0.11	59.366558438	0.0
-1 -1 -2			0.02		1.84		0.12		0.43654	0.31	32.1995090242	11.6912
0 1 5			0.04		1.88		0.12		0.43695	0.34	41.7114803244	7.6693
2 1 1			0.03		1.91		0.11		0.43695	0.13	39.1745550983	0.4263
1 1 2			0.02		1.93		0.11		0.43809	0.52	32.1995090242	11.6912
3 2 0			-0.02		1.92		0.11		0.43809	0.67	70.467230504	2.2538
4 1 5			0.03		1.95		0.11		0.4382	1.53	74.3771604481	7.6693
2 0 7			0.03		1.99		0.11		0.4382	4.16	54.6555056564	0.0
4 1 3			0.03		2.02		0.1		0.4382	0.15	68.408649436	0.0043
3 0 8			0.03		2.05		0.1		0.4382	0.3	70.3147352648	0.0
4 0 0			-0.29		1.76		0.14		0.4382	0.08	58.4798162983	46.4355
1 0 7			0.02		1.78		0.14		0.44027	0.54	48.0896902272	2.8781
3 0 5			-0.03		1.75		0.14		0.44907	0.2	54.7330754518	7.0489
1 1 7			-0.06		1.69		0.15		0.44361	0.15	55.34320722	1.1017
4 1 1			0.02		1.71		0.15		0.44361	0.21	65.3342299592	0.4263
4 0 6			-0.05		1.66		0.15		0.44037	0.38	72.4962488704	6.3028
2 1 7			0.03		1.69		0.15		0.44052	0.57	61.3678684761	8.4036
0 1 7			0.02		1.71		0.15		0.44065	0.26	53.2385720724	8.4036
3 1 2			0.02		1.73		0.14		0.4408	0.11	52.5840292854	11.6912
1 2 7			-0.0		1.73		0.15		0.44121	0.71	74.291810142	3.5836
3 0 3			-0.02		1.71		0.15		0.4425	0.33	47.4629609511	3.2424
0 1 4			-0.03		1.68		0.15		0.44304	0.09	36.6772811508	0.4076