HKL Value		Reward		TotalReward	Chi Squared	Z Appr. 	Error	Two-Thetas	Sfs2
4 0 3			0.0		0.0		0.0		0.5	0.29	62.1413926063	0.0
1 1 6			0.0		0.0		0.0		0.22322	0.38	49.5460147793	8.8974
1 0 0			1.0		1.0		0.0		0.22322	0.0	14.0285801003	0.0
3 0 0			0.5		1.5		0.0		0.22322	0.45	42.9814560157	0.0
0 0 3			0.33		1.83		0.0		0.22322	0.03	19.1797885945	0.0
2 0 1			0.25		2.08		0.0		0.22322	0.15	29.01034049	0.0
3 0 2			0.2		2.28		0.0		0.22322	0.46	45.0164041053	0.0
3 0 4			0.17		2.45		0.0		0.22322	0.64	50.7360354343	0.0
1 2 6			-1.0		1.45		0.0		0.27979	0.11	69.4566609057	1.2895
0 0 7			0.13		1.57		0.0		0.27979	0.2	45.7499157105	0.0
2 2 4			-0.91		0.66		0.03		0.2824	0.5	67.3692384702	10.6939
3 0 6			0.1		0.76		0.02		0.2824	0.11	59.366558438	0.0
2 0 7			0.09		0.85		0.02		0.2824	4.16	54.6555056564	0.0
4 0 2			-0.83		0.03		0.12		0.28957	0.26	60.1237214722	5.5981
4 0 1			0.08		0.1		0.11		0.28957	0.27	58.8934376912	0.0
1 0 4			0.07		0.17		0.11		0.28957	0.08	29.3672081998	0.0
2 0 3			0.07		0.24		0.1		0.28957	0.09	34.3920319457	0.0
4 0 5			0.06		0.3		0.09		0.28957	0.26	68.3700248267	0.0
2 0 5			0.06		0.36		0.09		0.28957	5.26	43.4052500519	0.0
4 0 4			-0.54		-0.17		0.19		0.27031	0.13	64.9051128666	1.7476
3 0 8			0.05		-0.12		0.18		0.27031	0.3	70.3147352648	0.0
1 0 8			0.05		-0.07		0.17		0.27031	0.24	54.8685935926	0.0
1 0 6			0.05		-0.02		0.16		0.27031	0.25	41.5701214249	0.0
1 0 7			-0.33		-0.35		0.24		0.28552	0.54	48.0896902272	2.8781
2 2 5			-0.2		-0.55		0.3		0.28221	0.26	70.7747179536	2.8196
3 1 3			-0.26		-0.8		0.4		0.28182	0.4	54.7770496801	12.6586