HKL Value		Reward		TotalReward	Chi Squared	Z Appr. 	Error	Two-Thetas	Sfs2
2 2 3			0.0		0.0		0.0		0.5	0.31	64.6616050849	6.6891
4 0 3			0.0		0.0		0.0		0.44115	0.29	62.1413926063	0.0
1 0 0			1.0		1.0		0.0		0.44115	0.0	14.0285801003	0.0
3 0 0			0.5		1.5		0.0		0.44115	0.45	42.9814560157	0.0
0 0 3			0.33		1.83		0.0		0.44115	0.03	19.1797885945	0.0
2 0 1			0.25		2.08		0.0		0.44115	0.15	29.01034049	0.0
3 0 2			0.2		2.28		0.0		0.44115	0.46	45.0164041053	0.0
3 0 4			0.17		2.45		0.0		0.44115	0.64	50.7360354343	0.0
0 0 7			0.14		2.59		0.0		0.44115	0.2	45.7499157105	0.0
3 0 6			0.12		2.72		0.0		0.44115	0.11	59.366558438	0.0
3 0 8			0.11		2.83		0.0		0.44115	0.3	70.3147352648	0.0
1 1 5			-1.0		1.83		0.01		0.42577	3.06	44.2189644299	8.5457
1 0 4			0.09		1.92		0.01		0.42577	0.08	29.3672081998	0.0
4 0 1			0.08		2.0		0.01		0.42577	0.27	58.8934376912	0.0
-1 -1 -2			-0.51		1.49		0.02		0.42766	0.31	32.1995090242	11.6912
2 0 3			0.07		1.56		0.01		0.42766	0.09	34.3920319457	0.0
2 0 7			0.07		1.63		0.01		0.42766	4.16	54.6555056564	0.0
3 2 4			-0.02		1.61		0.01		0.42907	0.0	76.369138646	3.3351
4 0 5			0.06		1.67		0.01		0.42907	0.26	68.3700248267	0.0
2 0 5			0.06		1.73		0.01		0.42907	5.26	43.4052500519	0.0
1 0 8			0.05		1.78		0.01		0.42907	0.24	54.8685935926	0.0
1 0 6			0.05		1.83		0.01		0.42907	0.25	41.5701214249	0.0
1 0 7			-0.51		1.32		0.02		0.43562	0.54	48.0896902272	2.8781
3 1 0			0.04		1.36		0.02		0.43562	0.86	50.7823995615	0.002
1 1 4			0.03		1.4		0.02		0.4356	0.3	39.4492672371	0.9567
2 1 1			0.01		1.4		0.02		0.4356	0.13	39.1745550983	0.4263
4 1 1			0.0		1.41		0.02		0.4356	0.21	65.3342299592	0.4263
3 1 4			0.03		1.44		0.02		0.43558	0.33	57.7518627408	0.9567
2 1 7			-0.05		1.39		0.02		0.43665	0.57	61.3678684761	8.4036
3 0 7			-0.09		1.3		0.02		0.43803	0.18	64.5726747292	2.8781
4 1 5			0.03		1.34		0.02		0.43803	1.53	74.3771604481	7.6693
-1 -1 2			-0.02		1.31		0.02		0.4383	0.13	32.1995090242	11.6912
1 -1 2			-0.02		1.3		0.02		0.43855	0.39	32.1995090242	11.6912
3 1 2			-0.02		1.28		0.02		0.43881	0.11	52.5840292854	11.6912