HKL Value		Reward		TotalReward	Chi Squared	Z Appr. 	Error	Two-Thetas	Sfs2
4 0 3			0.0		0.0		0.0		0.5	0.29	62.1413926063	0.0
1 0 0			0.0		0.0		0.0		0.50694	0.0	14.0285801003	0.0
3 0 4			-0.9		-0.9		0.0		0.50691	0.64	50.7360354343	0.0
3 0 0			0.5		-0.4		0.0		0.50691	0.45	42.9814560157	0.0
2 0 1			0.3		-0.1		0.0		0.50686	0.15	29.01034049	0.0
3 0 7			-1.0		-1.1		0.0		0.44564	0.18	64.5726747292	2.8781
0 0 3			0.2		-0.9		0.0		0.44564	0.03	19.1797885945	0.0
3 0 2			0.17		-0.74		0.0		0.44564	0.46	45.0164041053	0.0
3 0 6			0.14		-0.59		0.0		0.44564	0.11	59.366558438	0.0
1 0 4			0.12		-0.47		0.0		0.44564	0.08	29.3672081998	0.0
4 1 3			0.05		-0.42		0.0		0.44568	0.15	68.408649436	0.0043
2 2 5			-0.83		-1.25		0.01		0.45196	0.26	70.7747179536	2.8196
4 0 1			0.09		-1.16		0.01		0.45196	0.27	58.8934376912	0.0
2 0 3			0.08		-1.07		0.01		0.45196	0.09	34.3920319457	0.0
2 0 7			0.08		-1.0		0.01		0.45196	4.16	54.6555056564	0.0
0 0 7			0.07		-0.92		0.01		0.45196	0.2	45.7499157105	0.0
4 0 5			0.07		-0.86		0.0		0.45196	0.26	68.3700248267	0.0
2 0 5			0.06		-0.79		0.0		0.45196	5.26	43.4052500519	0.0
1 0 6			0.06		-0.74		0.0		0.45196	0.25	41.5701214249	0.0
-1 -1 -2			0.06		-0.68		0.0		0.45196	0.31	32.1995090242	11.6912
1 0 8			0.05		-0.63		0.0		0.45196	0.24	54.8685935926	0.0
3 0 8			0.05		-0.58		0.0		0.45196	0.3	70.3147352648	0.0
3 1 0			0.03		-0.55		0.0		0.45196	0.86	50.7823995615	0.002
4 1 1			-0.15		-0.7		0.0		0.45197	0.21	65.3342299592	0.4263
3 1 4			-0.09		-0.8		0.0		0.45188	0.33	57.7518627408	0.9567
2 0 4			-0.74		-1.54		0.02		0.44962	0.23	38.5541558059	1.7476