HKL Value		Reward		TotalReward	Chi Squared	Z Appr. 	Error	Two-Thetas	Sfs2
4 0 3			0.0		0.0		0.0		0.5	0.29	62.1413926063	0.0
3 0 4			0.0		0.0		0.0		0.50002	0.64	50.7360354343	0.0
1 0 0			0.95		0.95		0.0		0.50002	0.0	14.0285801003	0.0
3 0 0			0.5		1.45		0.0		0.50002	0.45	42.9814560157	0.0
2 0 1			0.3		1.75		0.0		0.50002	0.15	29.01034049	0.0
0 0 3			-0.04		1.72		0.0		0.50002	0.03	19.1797885945	0.0
3 0 2			0.08		1.8		0.0		0.50002	0.46	45.0164041053	0.0
3 0 6			-0.26		1.54		0.0		0.5	0.11	59.366558438	0.0
4 0 1			-0.45		1.09		0.0		0.5	0.27	58.8934376912	0.0
1 0 4			-0.12		0.96		0.0		0.5	0.08	29.3672081998	0.0
2 0 3			0.06		1.03		0.0		0.5	0.09	34.3920319457	0.0
3 0 8			-0.89		0.13		0.0		0.5	0.3	70.3147352648	0.0
3 1 3			-1.0		-0.87		0.0		0.52863	0.4	54.7770496801	12.6586
0 0 8			-1.0		-1.87		0.03		0.50119	0.5	52.7511004195	15.5355
2 0 7			0.08		-1.79		0.03		0.50119	4.16	54.6555056564	0.0
4 0 5			0.07		-1.72		0.03		0.50119	0.26	68.3700248267	0.0
0 0 7			0.07		-1.65		0.03		0.50119	0.2	45.7499157105	0.0
2 0 5			0.06		-1.59		0.02		0.50119	5.26	43.4052500519	0.0
1 0 6			0.06		-1.53		0.02		0.50119	0.25	41.5701214249	0.0
1 0 8			0.06		-1.47		0.02		0.50119	0.24	54.8685935926	0.0
3 1 0			0.05		-1.43		0.02		0.50119	0.86	50.7823995615	0.002
1 1 4			-0.13		-1.55		0.02		0.50111	0.3	39.4492672371	0.9567
1 1 3			-0.41		-1.96		0.04		0.50243	0.54	35.3770121777	12.6586
0 1 5			0.04		-1.92		0.04		0.50236	0.34	41.7114803244	7.6693
3 1 4			-0.05		-1.97		0.04		0.50229	0.33	57.7518627408	0.9567
0 2 7			-0.6		-2.56		0.1		0.44081	0.0	72.5085769296	0.0094
3 2 2			-0.03		-2.59		0.1		0.44065	0.0	71.9603042663	6.6617