Number of epochs: 700e-01
8.091871232747535614e-02
-2.545342459024875770e-01
-2.891895659270966590e-01
4.219331795269568031e-02
-1.639117951958192210e-01
-2.537877513045682099e-01
-5.297937444022872422e-02
-3.997368549284942563e-01
-3.760684598803090001e-02
-2.022259427152501843e-01
-6.211334012596853721e-02
7.299466871840051274e-01
-2.284099788856406021e-01
4.223965265078064024e-02
-9.702740026797621042e-02
3.077301764878981674e-02
-1.889141764920166527e-02
3.234217262184922725e-02
-3.431724068515804027e-02
-4.504566179296159434e-01
-2.062695850484404930e-02
-3.560180291095877414e-01
-2.687636967230815910e-01
-2.185094336406777360e-01
-8.177558172170966422e-02
-7.152486109311899376e-02
-5.223184645652374503e-01
8.903663250012099073e-02
-3.851394762310772490e-01
4.062450864536550771e-02
-2.317935465995301092e-01
3.290505601821030329e-02
-3.095669170501243461e-01
3.508281248256373691e-02
-1.713472857807655514e-01
-2.006310413649908461e-02
-2.613904353039812611e-01
-3.272968718913520925e-01
-4.214351893781599356e-01
-2.172624813399283428e-02
-1.876148752890270388e-01
-2.702804809454263657e-02
-3.359600435522832051e-01
-2.373362996946353776e-01
-2.653328113260033927e-01
5.637781978087264001e-01
-2.648161406465671108e-01
9.042278120533069063e-02
-8.494927407136278197e-02
4.181949416401179592e-02
-2.673431084644002920e-01
4.306241912888227052e-02
-3.095873240702283480e-02
3.502503630569011456e-02
-1.740885042853301465e-02
-3.611058804333920347e-01
-2.944599255983999450e-02
-3.860057770161607893e-01
-1.923732699703696938e-02
-3.952330114079686818e-01
-2.218466175347863223e-01
-1.157373690227462004e-01
-3.494816911538846105e-01
-2.211274636182314624e-01
-3.171146223980759737e-01
-1.320907890181934885e-01
-4.907883325998534385e-01
3.468626952830564797e-02
-3.457400293618211884e-01
7.394052580311695211e-01
-1.668179147100281867e-01
3.449873778942864899e-02
-3.198799618921290833e-01
-2.668622508081407996e-01
-1.880044581677471627e-02
-3.171119573912345446e-02
-1.286226395805920852e-01
-2.556951892420459768e-02
-3.658274604621694626e-01
-2.547365896370537564e-02
-2.516855540626506196e-02
-1.538743978058658701e-01
-2.895115235032417189e-01
-2.255585706360715981e-01
