Number of epochs: 425e-01
1.260948237837508090e-01
-2.725876674664491905e-01
-2.568140170293282121e-01
6.066414577739364516e-02
-1.143154103932304683e-01
-2.205150664290498053e-01
-4.575757607291449508e-02
-3.611171161109696937e-01
-4.044323277970823111e-02
-1.592675963995434929e-01
-6.076713002397416546e-02
6.895921981542034729e-01
-2.038230058568874792e-01
4.546394986612346117e-02
-8.865261161379804633e-02
3.498719835731660399e-02
1.732803011541929079e-03
3.802481342531646019e-02
-2.759191842146952595e-02
-4.255629492135417080e-01
-2.858487366488904596e-03
-2.861253217813854444e-01
-2.305216152877382907e-01
-1.935542830060016373e-01
-7.095379213496996740e-02
-5.568183353743082209e-02
-4.921638166161032557e-01
1.243960299356086513e-01
-3.402411386581080111e-01
4.348165321661336818e-02
-1.956602048169609198e-01
4.186623670862919117e-02
-2.595145032583338618e-01
4.783063529628320265e-02
-1.281017489918774566e-01
-3.206088419409702014e-03
-2.207870620277347651e-01
-2.658129822597160574e-01
-3.425593372624249344e-01
-1.732819409909311381e-02
-1.868411743900661448e-01
-1.835005722935963146e-02
-3.183821529754300994e-01
-1.956720945266391398e-01
-2.211504530342713881e-01
4.252144451333106367e-01
-2.241042202739267075e-01
1.079589248191740875e-01
-6.319887641697150005e-02
1.024086081742100612e-01
-2.234963375474408875e-01
5.714037013651414310e-02
-1.455710542579927505e-02
4.015838584005516215e-02
5.844625366646208180e-03
-3.470264841232598152e-01
-3.093255748555058526e-02
-3.589219432913588470e-01
-6.892864152759727026e-03
-3.463181704780569636e-01
-2.118607509617382867e-01
-1.052468683575587677e-01
-3.088606803858671146e-01
-1.942973770329757544e-01
-2.854499928375967555e-01
-1.299663563684011203e-01
-4.097028199436927309e-01
4.711980437064721555e-02
-3.018580901187337684e-01
6.970181952284464355e-01
-1.589733635609334728e-01
4.200259887144703469e-02
-3.272360036561089980e-01
-2.105174832161496035e-01
-1.473068221867620316e-03
-2.036156663549954643e-02
-1.064724390459940440e-01
-1.873305028457515273e-02
-3.287999944874975822e-01
-2.091408194133201684e-02
-4.959391977875091725e-04
-1.299519450999852832e-01
-2.845686718297807949e-01
-1.689420817202528236e-01
