HKL Value		Reward		TotalReward	Chi Squared	Z Appr. 	Error	Two-Thetas	Sfs2
6 4 6			0.0		0.0		0.0		0.3	0.9247	71.9614498967	41.9809
4 6 2			0.0		0.0		0.17		0.30452	0.2349	67.657370766	5.5969
2 4 12			7.72		7.72		0.4		0.30757	0.2205	63.4791913795	4.8908
0 2 18			5.82		13.53		0.7		0.30807	0.3755	76.3208597895	3.7538
9 1 1			5.68		19.21		0.77		0.30776	0.8793	87.9915459652	19.6393
0 6 8			5.08		24.29		0.94		0.29944	0.7694	64.1950429677	5.6946
0 6 2			4.86		29.15		1.04		0.29905	0.2356	55.3895592761	6.1752
5 1 3			1.6		30.75		4.6		0.30813	0.9592	47.5591860667	88.1873
0 6 16			2.47		33.22		4.31		0.30035	0.4825	89.3859051251	7.6515
3 1 15			2.53		35.76		4.07		0.30031	0.2871	67.3554895111	7.7692
0 6 12			2.67		38.43		3.72		0.30025	0.3425	75.0250979777	1.887
4 2 2			2.59		41.02		3.73		0.30012	0.457	40.8620305525	12.2524
4 6 6			2.73		43.75		3.49		0.30062	1.1903	71.9781772466	41.9784
0 2 14			2.7		46.45		3.45		0.30023	0.2479	58.6982494177	6.3292
5 3 1			2.57		49.02		3.66		0.30002	0.5252	53.2386121167	32.835
2 0 12			2.42		51.44		4.01		0.30083	0.8079	50.6101057273	16.6151
3 1 9			2.49		53.93		4.02		0.30151	0.36	45.2950695798	8.7768