HKL Value		Reward		TotalReward	Chi Squared	Z Appr. 	Error	Two-Thetas	Sfs2
6 4 6			0.0		0.0		0.0		0.3	0.9247	71.9614498967	41.9809
4 6 2			0.0		0.0		0.17		0.30452	0.2349	67.657370766	5.5969
2 4 12			7.72		7.72		0.4		0.30757	0.2205	63.4791913795	4.8908
0 2 18			5.82		13.53		0.7		0.30807	0.3755	76.3208597895	3.7538
1 5 7			0.06		13.59		20.72		0.3161	0.6035	54.1236034243	4.2528
4 0 0			0.0		13.59		111.78		0.3161	8.3901	35.6934066618	787.9925
9 1 1			1.0		14.59		93.4		0.31608	0.8793	87.9915459652	19.6393
0 6 8			1.02		15.61		80.42		0.31614	0.7694	64.1950429677	5.6946
0 6 2			1.02		16.62		70.68		0.31614	0.2356	55.3895592761	6.1752
0 6 16			0.89		17.52		65.41		0.31719	0.4825	89.3859051251	7.6515
3 1 15			1.0		18.52		58.9		0.3173	0.2871	67.3554895111	7.7692
0 6 12			0.85		19.37		55.87		0.31522	0.3425	75.0250979777	1.887
5 1 1			0.94		20.31		51.76		0.31518	0.5346	46.1701152	26.7419
4 2 2			0.95		21.26		48.18		0.31516	0.457	40.8620305525	12.2524
0 6 4			0.81		22.06		47.0		0.31511	0.6675	57.2171401797	42.9768
4 6 6			0.94		23.01		44.14		0.3149	1.1903	71.9781772466	41.9784
0 2 14			0.95		23.96		41.59		0.31448	0.2479	58.6982494177	6.3292
5 3 1			0.93		24.9		39.63		0.31444	0.5252	53.2386121167	32.835
2 0 12			0.98		25.87		37.47		0.31415	0.8079	50.6101057273	16.6151
3 1 9			0.99		26.86		35.53		0.31401	0.36	45.2950695798	8.7768
4 6 0			1.0		27.86		33.76		0.31401	0.7863	67.1083315067	59.4729
6 0 8			0.99		28.85		32.31		0.31404	2.9234	64.163237895	5.3359
4 2 12			1.0		29.85		31.08		0.31324	0.2244	63.468523569	4.7972
0 4 18			1.02		30.87		29.83		0.31276	0.8369	84.5238780681	17.4513
3 5 9			1.03		31.9		28.65		0.3129	0.4755	65.0802252419	19.5165
6 0 2			1.04		32.94		27.58		0.31289	0.2214	55.354768557	5.4487
2 0 10			1.06		34.01		26.52		0.3129	0.6169	42.9543880851	20.236
3 3 9			1.08		35.09		25.54		0.3129	0.3816	52.4524123761	12.0632
5 5 1			1.08		36.17		24.69		0.31289	0.5073	65.769247456	23.9531
0 6 18			1.1		37.27		23.84		0.31292	0.7949	98.0280769063	1.8601
7 3 1			1.11		38.38		23.12		0.31291	0.5095	71.5359286583	22.1332
1 3 1			1.08		39.46		22.77		0.31287	0.5324	28.3265170018	42.1271
6 0 12			1.1		40.56		22.37		0.31191	0.5892	74.995462768	0.9301
0 2 20			1.14		41.7		21.7		0.312	0.4494	86.0769303832	2.8517
6 0 6			1.15		42.85		21.07		0.31203	1.0815	60.1501886982	39.9969
2 4 2			1.15		43.99		20.63		0.31202	0.3828	40.8766170199	13.2501
0 4 10			1.13		45.12		20.44		0.31246	0.9893	53.7871001638	44.1425
0 6 0			1.15		46.27		20.06		0.31247	1.4277	54.7714555341	59.4019
0 2 12			1.19		47.46		19.53		0.31248	0.3827	50.6142203783	17.5707
4 2 14			1.17		48.63		19.21		0.31264	1.2576	70.6282605877	19.9713
6 2 10			1.16		49.8		19.05		0.31297	0.7103	71.9901825081	43.9921
3 3 15			1.21		51.0		18.6		0.31303	0.3402	73.0835579415	3.8877
1 3 15			1.21		52.21		18.24		0.3131	0.2862	67.3623786269	8.1809
2 4 14			1.21		53.42		17.96		0.31322	0.5221	70.6383718296	19.4111
3 5 1			1.21		54.64		17.72		0.3132	0.5283	53.2544885252	31.9012
3 7 1			1.24		55.87		17.38		0.31319	1.2822	71.5694631273	22.2453
2 0 6			1.19		57.06		17.46		0.31333	1.6278	29.1406672869	128.8477
0 0 16			1.25		58.31		17.1		0.31334	1.3342	64.286058028	116.6634
5 5 5			1.04		59.35		18.33		0.31338	1.5862	69.0631626084	104.8873
5 1 9			1.22		60.57		17.95		0.31339	0.4583	58.9619928854	19.0838
4 2 10			1.22		61.79		17.69		0.31356	1.1102	57.0442200735	11.3144
7 1 1			1.22		63.01		17.45		0.31355	0.5207	65.7483230412	25.2044
1 5 9			1.25		64.25		17.11		0.31354	0.4394	58.984264935	17.7365
2 0 16			1.21		65.46		17.13		0.31362	0.5935	67.2372591268	11.8907
4 4 10			1.24		66.7		16.93		0.31381	0.6886	66.23802526	47.6672
2 4 10			1.25		67.95		16.68		0.31393	0.607	57.0555982332	12.0937
1 3 9			1.26		69.21		16.41		0.31385	0.2622	45.3040218183	7.1674
0 4 16			1.26		70.48		16.22		0.3139	1.5557	75.7704700384	94.8658
7 3 3			1.24		71.71		16.27		0.31392	1.9283	72.601334037	69.5466
1 5 1			1.26		72.98		16.11		0.31391	0.4978	46.196563203	27.3004
4 0 10			1.27		74.24		15.97		0.3141	0.6243	53.7713327333	45.2096
2 4 8			1.23		75.47		16.14		0.31414	0.1687	51.4325245866	2.4593
1 3 3			1.23		76.7		16.22		0.31416	0.7045	30.3940112777	66.1614
2 6 4			1.24		77.94		16.22		0.31408	0.8772	60.3635846112	78.02
4 2 8			1.22		79.16		16.36		0.31412	0.7605	51.4203212226	2.5419
0 6 6			1.27		80.44		16.11		0.31413	1.0147	60.183190367	40.9583
3 3 1			1.27		81.7		15.98		0.31412	0.5106	38.1558496662	33.1617
4 4 0			0.66		82.36		20.61		0.31412	4.9852	51.3853572345	648.027
2 4 0			1.11		83.48		20.51		0.31412	1.4359	40.0960076051	88.2765
4 2 6			1.14		84.62		20.25		0.31415	1.6049	46.7233273538	62.1975
0 2 16			1.13		85.74		20.13		0.31425	1.8687	67.2407114996	13.8307
5 3 9			1.15		86.89		19.87		0.31429	0.4833	65.0662013285	20.8409
0 0 10			1.14		88.03		19.7		0.31448	0.8316	38.8438017949	41.7013
4 0 4			1.13		89.17		19.67		0.3144	1.2165	39.0343929222	79.1487
1 1 9			1.16		90.32		19.46		0.31427	0.2216	37.1193146943	1.1702
0 6 14			1.15		91.47		19.37		0.31435	0.9096	81.7552219026	27.2955
3 3 3			1.13		92.6		19.4		0.31436	0.8081	39.7679129272	70.9373
0 0 18			1.17		93.77		19.14		0.31436	0.6609	73.530655613	37.988
0 2 10			1.18		94.94		18.9		0.31434	0.4317	42.9590557724	21.0204
6 0 10			1.17		96.11		18.76		0.3145	1.0728	69.1331306246	8.9056
6 4 2			1.19		97.3		18.53		0.3145	0.2211	67.6401768609	4.8049
3 7 3			1.16		98.46		18.54		0.31451	0.8954	72.6346668965	71.6226
2 2 4			1.16		99.62		18.54		0.31445	0.7551	29.4672289371	73.6026
1 1 1			1.16		100.78		18.52		0.31444	0.5749	13.0194761966	56.7652
4 2 0			1.17		101.96		18.45		0.31444	0.9287	40.0811891304	86.5118
1 7 1			1.18		103.14		18.3		0.31443	0.5219	65.7901743415	26.2984
3 1 13			1.08		104.22		18.95		0.31502	0.3869	59.4126405656	11.7895
2 2 12			1.1		105.32		19.28		0.3153	1.9766	54.0147953295	208.0279
0 4 4			1.14		106.47		19.26		0.31525	0.8482	39.0545896029	78.0016
2 4 6			1.16		107.63		19.07		0.31527	0.785	46.7364348384	64.2552
6 4 0			1.17		108.8		18.86		0.31527	1.8287	67.0910631577	58.6803
2 2 10			1.17		109.98		18.7		0.31537	0.6429	46.7739448495	44.8949
2 0 0			1.12		111.09		19.0		0.31537	2.02	17.6289686615	175.6782
2 0 2			1.15		112.24		19.0		0.31536	0.6502	19.2320929378	35.9547
3 1 3			1.14		113.38		19.03		0.31537	1.2003	30.3814370344	67.5761
1 1 3			1.15		114.54		18.97		0.31537	0.4514	16.9416048235	36.8187
5 5 3			1.15		115.68		18.99		0.31539	0.8107	66.8760743485	64.1048
1 1 13			1.08		116.76		19.52		0.31588	0.3722	52.9310122384	10.9703
2 2 16			1.16		117.92		19.33		0.3159	1.1693	70.1293332912	108.6018
2 0 14			1.16		119.08		19.17		0.31585	0.2634	58.6945218607	7.3942
4 4 12			1.16		120.23		19.05		0.31595	1.9475	72.2035773977	130.2426
6 0 0			1.16		121.4		18.9		0.31595	0.7256	54.7363985401	55.434