HKL Value		Reward		TotalReward	Chi Squared	Z Appr. 	Error	Two-Thetas	Sfs2
2 4 12			0.0		0.0		0.0		0.3	0.2205	63.4791913795	4.8908
6 4 6			0.0		0.0		0.54		0.30773	0.9247	71.9614498967	41.9809
4 6 2			7.98		7.98		0.4		0.30757	0.2349	67.657370766	5.5969
0 2 18			5.82		13.8		0.7		0.30807	0.3755	76.3208597895	3.7538
9 1 1			5.68		19.47		0.77		0.30777	0.8793	87.9915459652	19.6393
0 6 8			5.08		24.55		0.94		0.29943	0.7694	64.1950429677	5.6946
0 6 2			4.86		29.42		1.04		0.29906	0.2356	55.3895592761	6.1752
0 6 16			5.36		34.78		0.89		0.29961	0.4825	89.3859051251	7.6515
3 1 15			4.81		39.58		1.05		0.29965	0.2871	67.3554895111	7.7692
0 6 12			5.03		44.62		1.0		0.29955	0.3425	75.0250979777	1.887
5 3 7			0.28		44.9		12.99		0.31491	0.2523	60.5057581853	5.4388
4 2 2			1.52		46.42		12.28		0.31488	0.457	40.8620305525	12.2524
4 6 6			1.56		47.98		11.58		0.31466	1.1903	71.9781772466	41.9784
0 2 14			1.6		49.58		10.92		0.31421	0.2479	58.6982494177	6.3292
5 3 1			1.55		51.14		10.73		0.31417	0.5252	53.2386121167	32.835
2 0 12			1.67		52.81		10.05		0.3139	0.8079	50.6101057273	16.6151
3 1 9			1.71		54.52		9.46		0.31375	0.36	45.2950695798	8.7768
4 2 12			1.69		56.22		9.17		0.31297	0.2244	63.468523569	4.7972
4 6 0			1.78		57.99		8.66		0.31297	0.7863	67.1083315067	59.4729
6 0 8			1.77		59.76		8.39		0.31297	2.9234	64.163237895	5.3359
0 4 18			1.81		61.58		8.07		0.31253	0.8369	84.5238780681	17.4513
2 0 10			1.87		63.44		7.68		0.31254	0.6169	42.9543880851	20.236
3 5 9			1.88		65.33		7.41		0.31271	0.4755	65.0802252419	19.5165
5 1 1			1.85		67.18		7.36		0.31268	0.5346	46.1701152	26.7419
3 3 9			1.93		69.11		7.06		0.31268	0.3816	52.4524123761	12.0632
5 5 1			1.95		71.06		6.85		0.31268	0.5073	65.769247456	23.9531
7 3 1			1.97		73.03		6.66		0.31266	0.5095	71.5359286583	22.1332
0 2 20			2.02		75.05		6.42		0.31273	0.4494	86.0769303832	2.8517
6 0 12			1.94		76.99		6.52		0.31179	0.5892	74.995462768	0.9301
0 6 18			2.03		79.02		6.31		0.31183	0.7949	98.0280769063	1.8601
1 3 1			1.92		80.94		6.5		0.3118	0.5324	28.3265170018	42.1271
0 6 0			1.96		82.9		6.5		0.3118	1.4277	54.7714555341	59.4019
2 4 2			1.97		84.87		6.47		0.31178	0.3828	40.8766170199	13.2501
0 2 6			1.79		86.66		7.02		0.31203	1.1672	29.1471999487	131.5155
6 0 6			1.95		88.61		6.83		0.31207	1.0815	60.1501886982	39.9969
4 2 14			1.91		90.52		6.84		0.31225	1.2576	70.6282605877	19.9713
0 2 12			1.97		92.49		6.65		0.31229	0.3827	50.6142203783	17.5707
2 6 2			1.25		93.75		9.28		0.31233	1.2892	58.5985395934	134.3564
0 4 10			1.62		95.36		9.38		0.31271	0.9893	53.7871001638	44.1425
6 2 10			1.61		96.98		9.46		0.31304	0.7103	71.9901825081	43.9921