HKL Value		Reward		TotalReward	Chi Squared	Z Appr. 	Error	Two-Thetas	Sfs2
5 3 5			0.0		0.0		0.0		0.3	2.2247	56.9473208346	134.0256
6 4 6			0.0		0.0		106.91		0.30663	0.9247	71.9614498967	41.9809
2 4 12			1.37		1.37		53.52		0.30851	0.2205	63.4791913795	4.8908
4 6 2			1.61		2.98		35.78		0.30838	0.2349	67.657370766	5.5969
0 2 18			1.59		4.57		27.13		0.30898	0.3755	76.3208597895	3.7538
0 6 8			1.51		6.08		22.19		0.30769	0.7694	64.1950429677	5.6946
0 6 12			1.54		7.62		18.49		0.30764	0.3425	75.0250979777	1.887
9 1 1			1.53		9.15		15.99		0.30743	0.8793	87.9915459652	19.6393
3 1 15			1.52		10.67		14.33		0.29919	0.2871	67.3554895111	7.7692
0 6 16			1.6		12.27		12.74		0.29962	0.4825	89.3859051251	7.6515
0 6 2			1.62		13.88		11.62		0.29954	0.2356	55.3895592761	6.1752
4 2 2			1.61		15.5		10.91		0.2994	0.457	40.8620305525	12.2524
0 2 14			1.67		17.16		10.2		0.29858	0.2479	58.6982494177	6.3292
4 6 6			1.72		18.88		9.53		0.29943	1.1903	71.9781772466	41.9784
5 3 1			1.68		20.56		9.29		0.29923	0.5252	53.2386121167	32.835
2 0 12			1.64		22.2		9.29		0.29994	0.8079	50.6101057273	16.6151
3 1 9			1.71		23.91		8.99		0.30055	0.36	45.2950695798	8.7768
6 0 8			1.8		25.71		8.48		0.30007	2.9234	64.163237895	5.3359
4 6 0			1.84		27.55		8.02		0.30007	0.7863	67.1083315067	59.4729
3 5 9			1.72		29.27		8.19		0.30133	0.4755	65.0802252419	19.5165
4 2 12			1.83		31.1		7.89		0.30176	0.2244	63.468523569	4.7972
5 1 1			1.82		32.91		7.75		0.30146	0.5346	46.1701152	26.7419
2 0 10			1.84		34.75		7.61		0.30225	0.6169	42.9543880851	20.236
2 6 8			0.52		35.27		15.1		0.29742	4.3291	67.1483383839	218.3417
5 5 1			1.38		36.66		14.5		0.29727	0.5073	65.769247456	23.9531
6 2 10			1.18		37.84		15.31		0.29491	0.7103	71.9901825081	43.9921
4 4 12			1.23		39.07		15.6		0.31185	1.9475	72.2035773977	130.2426
0 4 10			1.28		40.35		15.52		0.31282	0.9893	53.7871001638	44.1425
2 0 16			1.25		41.61		15.63		0.31292	0.5935	67.2372591268	11.8907
3 3 9			1.35		42.96		15.09		0.31293	0.3816	52.4524123761	12.0632
2 4 14			1.34		44.29		14.79		0.31326	0.5221	70.6383718296	19.4111
6 0 6			1.38		45.67		14.31		0.31328	1.0815	60.1501886982	39.9969
7 1 1			1.37		47.04		14.03		0.31327	0.5207	65.7483230412	25.2044
5 3 9			1.4		48.44		13.66		0.31345	0.4833	65.0662013285	20.8409
5 1 9			1.42		49.86		13.26		0.31348	0.4583	58.9619928854	19.0838
0 2 20			1.44		51.3		12.88		0.31346	0.4494	86.0769303832	2.8517
7 3 3			1.36		52.67		13.04		0.3135	1.9283	72.601334037	69.5466
0 2 12			1.45		54.12		12.69		0.31346	0.3827	50.6142203783	17.5707
2 4 10			1.45		55.56		12.45		0.3137	0.607	57.0555982332	12.0937
3 3 15			1.47		57.04		12.15		0.31378	0.3402	73.0835579415	3.8877
3 1 13			1.15		58.19		13.76		0.31503	0.3869	59.4126405656	11.7895
4 0 10			1.38		59.57		13.57		0.31526	0.6243	53.7713327333	45.2096
7 1 5			1.12		60.69		15.05		0.31529	1.5264	69.0427278305	98.726
1 3 15			1.34		62.03		14.74		0.31538	0.2862	67.3623786269	8.1809
3 5 1			1.33		63.35		14.58		0.31537	0.5283	53.2544885252	31.9012
1 5 1			1.34		64.69		14.41		0.31536	0.4978	46.196563203	27.3004
2 4 8			1.28		65.97		14.65		0.31545	0.1687	51.4325245866	2.4593
2 4 0			1.31		67.28		14.63		0.31545	1.4359	40.0960076051	88.2765
4 2 10			1.35		68.63		14.37		0.31555	1.1102	57.0442200735	11.3144
3 3 1			1.34		69.97		14.24		0.31554	0.5106	38.1558496662	33.1617
6 0 2			1.37		71.34		13.99		0.31554	0.2214	55.354768557	5.4487
0 2 2			1.32		72.66		14.09		0.31552	0.4614	19.2417464495	36.8131
4 2 8			1.3		73.96		14.29		0.3156	0.7605	51.4203212226	2.5419
1 1 9			1.35		75.3		14.14		0.31539	0.2216	37.1193146943	1.1702
0 4 18			1.35		76.65		14.04		0.31488	0.8369	84.5238780681	17.4513
7 1 7			1.21		77.86		14.82		0.31557	0.3505	72.2660298289	5.0526
0 0 10			1.33		79.18		14.66		0.31571	0.8316	38.8438017949	41.7013
2 6 4			1.3		80.48		14.71		0.31563	0.8772	60.3635846112	78.02
4 4 2			1.07		81.55		16.2		0.31565	1.2125	52.0311030722	128.6454
1 1 13			1.11		82.67		17.07		0.31633	0.3722	52.9310122384	10.9703