HKL Value		Reward		TotalReward	Chi Squared	Z Appr. 	Error	Two-Thetas	Sfs2
6 4 6			0.0		0.0		0.0		0.3	0.9247	71.9614498967	41.9809
4 6 2			0.0		0.0		0.17		0.30452	0.2349	67.657370766	5.5969
2 4 12			7.72		7.72		0.4		0.30757	0.2205	63.4791913795	4.8908
0 2 18			5.82		13.53		0.7		0.30807	0.3755	76.3208597895	3.7538
9 1 1			5.68		19.21		0.77		0.30776	0.8793	87.9915459652	19.6393
0 6 8			5.08		24.29		0.94		0.29944	0.7694	64.1950429677	5.6946
0 6 2			4.86		29.15		1.04		0.29905	0.2356	55.3895592761	6.1752
0 6 16			5.36		34.51		0.89		0.29961	0.4825	89.3859051251	7.6515
2 0 6			1.18		35.7		5.88		0.30224	1.6278	29.1406672869	128.8477
3 1 15			2.21		37.91		5.48		0.30206	0.2871	67.3554895111	7.7692
0 6 12			2.34		40.24		5.0		0.30208	0.3425	75.0250979777	1.887
4 2 2			2.28		42.52		4.9		0.30198	0.457	40.8620305525	12.2524
4 6 6			2.43		44.95		4.52		0.30225	1.1903	71.9781772466	41.9784
0 2 14			2.4		47.35		4.42		0.30234	0.2479	58.6982494177	6.3292
4 2 14			2.12		49.47		4.99		0.30115	1.2576	70.6282605877	19.9713
2 0 10			2.25		51.72		4.97		0.30156	0.6169	42.9543880851	20.236
5 3 1			2.2		53.92		5.07		0.30121	0.5252	53.2386121167	32.835
2 0 12			2.15		56.08		5.23		0.30359	0.8079	50.6101057273	16.6151
3 1 9			2.25		58.33		5.08		0.30631	0.36	45.2950695798	8.7768
4 6 0			2.33		60.66		4.81		0.30631	0.7863	67.1083315067	59.4729
6 0 8			2.34		63.01		4.67		0.3045	2.9234	64.163237895	5.3359
4 2 12			2.4		65.4		4.49		0.30648	0.2244	63.468523569	4.7972
3 5 9			2.34		67.74		4.54		0.3089	0.4755	65.0802252419	19.5165
0 4 18			2.44		70.18		4.34		0.309	0.8369	84.5238780681	17.4513
5 1 1			2.37		72.55		4.41		0.30889	0.5346	46.1701152	26.7419
3 3 9			2.45		75.0		4.28		0.30945	0.3816	52.4524123761	12.0632
5 5 1			2.47		77.47		4.17		0.3094	0.5073	65.769247456	23.9531
1 3 1			2.31		79.78		4.46		0.30924	0.5324	28.3265170018	42.1271
6 0 6			2.43		82.21		4.33		0.30953	1.0815	60.1501886982	39.9969
2 4 4			1.77		83.97		5.9		0.3093	0.8182	43.1484985256	64.6996
0 4 10			1.91		85.88		6.34		0.31105	0.9893	53.7871001638	44.1425
6 2 10			1.89		87.77		6.64		0.31204	0.7103	71.9901825081	43.9921