HKL Value		Reward		TotalReward	Chi Squared	Z Appr. 	Error	Two-Thetas	Sfs2
6 4 6			0.0		0.0		0.0		0.3	0.9247	71.9614498967	41.9809
4 6 2			0.0		0.0		0.17		0.30452	0.2349	67.657370766	5.5969
2 4 12			7.72		7.72		0.4		0.30757	0.2205	63.4791913795	4.8908
0 2 18			5.82		13.53		0.7		0.30807	0.3755	76.3208597895	3.7538
9 1 1			5.68		19.21		0.77		0.30776	0.8793	87.9915459652	19.6393
0 6 8			5.08		24.29		0.94		0.29944	0.7694	64.1950429677	5.6946
0 6 2			4.86		29.15		1.04		0.29905	0.2356	55.3895592761	6.1752
0 6 16			5.36		34.51		0.89		0.29961	0.4825	89.3859051251	7.6515
3 1 15			4.81		39.32		1.05		0.29965	0.2871	67.3554895111	7.7692
0 6 12			5.03		44.35		1.0		0.29955	0.3425	75.0250979777	1.887
4 2 2			4.33		48.68		1.27		0.29942	0.457	40.8620305525	12.2524
4 6 6			4.46		53.14		1.26		0.30004	1.1903	71.9781772466	41.9784
0 4 2			0.5		53.64		10.35		0.30027	3.2657	36.5744795411	137.7475
0 2 14			1.68		55.32		9.77		0.29975	0.2479	58.6982494177	6.3292
5 3 1			1.66		56.98		9.52		0.29954	0.5252	53.2386121167	32.835
2 0 12			1.63		58.61		9.5		0.30029	0.8079	50.6101057273	16.6151
3 1 9			1.7		60.31		9.17		0.30092	0.36	45.2950695798	8.7768
4 6 0			1.78		62.09		8.64		0.30092	0.7863	67.1083315067	59.4729
6 0 8			1.82		63.91		8.18		0.30043	2.9234	64.163237895	5.3359
4 2 12			1.83		65.74		7.87		0.30061	0.2244	63.468523569	4.7972
3 5 9			1.74		67.48		8.02		0.30217	0.4755	65.0802252419	19.5165
0 4 18			1.87		69.35		7.64		0.30202	0.8369	84.5238780681	17.4513
5 1 1			1.84		71.2		7.53		0.30179	0.5346	46.1701152	26.7419
2 0 10			1.86		73.06		7.4		0.30241	0.6169	42.9543880851	20.236
5 5 1			1.92		74.97		7.13		0.30225	0.5073	65.769247456	23.9531
3 3 9			1.9		76.87		7.04		0.30454	0.3816	52.4524123761	12.0632
1 3 1			1.84		78.71		7.2		0.30388	0.5324	28.3265170018	42.1271
0 4 10			1.66		80.38		7.9		0.30971	0.9893	53.7871001638	44.1425
6 0 6			1.85		82.23		7.65		0.30995	1.0815	60.1501886982	39.9969
6 2 10			1.71		83.93		8.01		0.31139	0.7103	71.9901825081	43.9921
0 2 12			1.84		85.77		7.76		0.31155	0.3827	50.6142203783	17.5707
6 0 12			1.82		87.59		7.67		0.31064	0.5892	74.995462768	0.9301
2 0 16			1.73		89.32		7.95		0.31002	0.5935	67.2372591268	11.8907
1 3 15			1.8		91.12		7.85		0.31002	0.2862	67.3623786269	8.1809
7 1 1			1.81		92.93		7.76		0.30997	0.5207	65.7483230412	25.2044
2 4 14			1.78		94.71		7.8		0.3105	0.5221	70.6383718296	19.4111
3 3 15			1.84		96.55		7.63		0.31056	0.3402	73.0835579415	3.8877
5 1 9			1.86		98.41		7.45		0.3108	0.4583	58.9619928854	19.0838
7 3 1			1.87		100.29		7.3		0.31078	0.5095	71.5359286583	22.1332
0 0 16			1.9		102.19		7.13		0.3107	1.3342	64.286058028	116.6634
3 7 1			1.91		104.1		7.0		0.31067	1.2822	71.5694631273	22.2453
2 4 2			1.9		106.01		6.96		0.31062	0.3828	40.8766170199	13.2501
2 4 10			1.89		107.89		6.98		0.31128	0.607	57.0555982332	12.0937
3 5 1			1.89		109.78		6.99		0.31126	0.5283	53.2544885252	31.9012
4 2 14			1.88		111.67		7.02		0.31157	1.2576	70.6282605877	19.9713