HKL Value		Reward		TotalReward	Chi Squared	Z Appr. 	Error	Two-Thetas	Sfs2
6 4 6			0.0		0.0		0.0		0.3	0.9247	71.9614498967	41.9809
2 4 12			0.0		0.0		0.54		0.30773	0.2205	63.4791913795	4.8908
4 6 2			7.98		7.98		0.4		0.30757	0.2349	67.657370766	5.5969
0 2 18			5.82		13.8		0.7		0.30807	0.3755	76.3208597895	3.7538
0 6 8			4.73		18.53		1.05		0.30526	0.7694	64.1950429677	5.6946
3 1 15			4.36		22.89		1.26		0.3	0.2871	67.3554895111	7.7692
0 6 16			4.96		27.85		1.05		0.29979	0.4825	89.3859051251	7.6515
4 2 2			4.02		31.88		1.44		0.29967	0.457	40.8620305525	12.2524
0 6 12			4.38		36.26		1.33		0.29957	0.3425	75.0250979777	1.887
0 2 14			4.09		40.34		1.46		0.29881	0.2479	58.6982494177	6.3292
5 3 1			3.45		43.79		1.93		0.29858	0.5252	53.2386121167	32.835
4 6 6			3.65		47.44		1.89		0.29941	1.1903	71.9781772466	41.9784
9 1 1			3.79		51.24		1.77		0.29934	0.8793	87.9915459652	19.6393
2 0 12			3.09		54.33		2.35		0.30005	0.8079	50.6101057273	16.6151
3 1 9			3.12		57.45		2.5		0.30063	0.36	45.2950695798	8.7768
4 6 0			3.32		60.77		2.33		0.30063	0.7863	67.1083315067	59.4729
6 0 8			3.4		64.17		2.21		0.30017	2.9234	64.163237895	5.3359
3 5 9			2.87		67.03		2.75		0.30137	0.4755	65.0802252419	19.5165
4 2 12			3.05		70.08		2.71		0.3018	0.2244	63.468523569	4.7972
5 1 1			2.94		73.02		2.84		0.30151	0.5346	46.1701152	26.7419
1 3 15			2.98		76.0		2.82		0.30124	0.2862	67.3623786269	8.1809
2 0 10			2.91		78.91		2.91		0.30173	0.6169	42.9543880851	20.236
6 2 10			2.13		81.04		4.24		0.30912	0.7103	71.9901825081	43.9921
0 4 10			2.15		83.19		4.85		0.31165	0.9893	53.7871001638	44.1425