HKL Value		Reward		TotalReward	Chi Squared	Z Appr. 	Error	Two-Thetas	Sfs2
6 4 6			0.0		0.0		0.0		0.3	0.9247	71.9614498967	41.9809
2 4 12			0.0		0.0		0.54		0.30773	0.2205	63.4791913795	4.8908
4 6 2			7.98		7.98		0.4		0.30757	0.2349	67.657370766	5.5969
0 2 18			5.82		13.8		0.7		0.30807	0.3755	76.3208597895	3.7538
9 1 1			5.68		19.47		0.77		0.30777	0.8793	87.9915459652	19.6393
0 6 8			5.08		24.55		0.94		0.29943	0.7694	64.1950429677	5.6946
0 6 2			4.86		29.42		1.04		0.29906	0.2356	55.3895592761	6.1752
0 6 16			5.36		34.78		0.89		0.29961	0.4825	89.3859051251	7.6515
3 1 15			4.81		39.58		1.05		0.29965	0.2871	67.3554895111	7.7692
0 6 12			5.03		44.62		1.0		0.29955	0.3425	75.0250979777	1.887
4 2 2			4.33		48.94		1.27		0.29942	0.457	40.8620305525	12.2524
1 3 11			0.07		49.02		19.76		0.29428	2.4293	52.0561920156	298.4303
0 2 14			1.35		50.37		18.13		0.29415	0.2479	58.6982494177	6.3292
4 6 6			1.32		51.69		17.08		0.29457	1.1903	71.9781772466	41.9784
5 3 1			1.33		53.02		16.26		0.2945	0.5252	53.2386121167	32.835
2 0 12			1.3		54.32		15.87		0.29454	0.8079	50.6101057273	16.6151
3 1 9			1.37		55.69		15.17		0.29446	0.36	45.2950695798	8.7768
4 6 0			1.43		57.12		14.28		0.29446	0.7863	67.1083315067	59.4729
6 0 8			1.46		58.58		13.5		0.29454	2.9234	64.163237895	5.3359
4 2 12			1.47		60.05		12.9		0.29451	0.2244	63.468523569	4.7972
3 5 9			1.39		61.44		12.9		0.29451	0.4755	65.0802252419	19.5165
5 3 11			0.71		62.15		17.6		0.29262	1.8677	70.5420870211	204.0714
5 1 1			1.28		63.43		16.99		0.29259	0.5346	46.1701152	26.7419
2 0 10			1.31		64.74		16.33		0.29242	0.6169	42.9543880851	20.236
5 5 1			1.34		66.08		15.67		0.2924	0.5073	65.769247456	23.9531
1 3 1			1.3		67.38		15.41		0.29236	0.5324	28.3265170018	42.1271
6 2 10			1.21		68.59		15.81		0.2916	0.7103	71.9901825081	43.9921
0 4 10			1.21		69.81		16.09		0.29093	0.9893	53.7871001638	44.1425
0 6 4			1.22		71.03		16.27		0.2908	0.6675	57.2171401797	42.9768