Number of epochs: 50e-01
1.221188972627486741e-01
9.403519400858262323e-01
9.139649831615640485e-01
1.747903306133430645e-01
1.078491379717075649e+00
4.130981877653479017e-01
1.509702109893500399e-01
1.195411685833074555e+00
3.991207651846963023e-01
1.008073132473647382e+00
7.962095501341301951e-01
4.575705432095689695e-01
1.782792821914331638e+00
1.002696865644965074e+00
1.068472377069226820e+00
1.699139288270019366e+00
1.293468416091589246e+00
8.448317681876347240e-01
6.914217087787327687e-01
1.001074732610601536e+00
2.054092103529350233e+00
8.680168432140404899e-01
1.165711068326551914e+00
1.128058107001294275e+00
8.069889100508605972e-01
1.155196423684352380e+00
9.094550573678827909e-01
6.123239886273574850e-01
9.921026984410876715e-01
4.092957714904041921e-01
1.188343649969562543e+00
1.047117467317247641e+00
5.457786482919703142e-01
2.460716419280061462e+00
5.330529944146309429e-01
5.329992088605741696e-01
7.686744821201230149e-01
5.603015188097164589e-01
9.968511323383595357e-01
8.018703312252815074e-01
6.662839601640839771e-01
5.044504754593210016e+00
1.117675393796920380e+00
9.641711186647157206e-01
6.823337116902967736e-01
9.400185772205795764e-01
6.869504619162927206e-01
8.728803066297472490e-01
9.091153826775111302e-01
7.533552336271649441e-01
7.553596308053183161e-01
8.150958833849819563e-01
9.781677165345934455e-01
8.116498179018070136e-01
9.625609749943084825e-01
1.024898112127860417e+00
7.210063520415729288e-01
9.119180442903911388e-01
1.038952636031093446e+00
6.598091481371617384e-01
9.910254126072841618e-01
9.339257537063583303e-01
1.047212831472721817e+00
7.221554752337899785e-01
9.779180105765564734e-01
1.006302825030870318e+00
1.078484158854682295e+00
8.694039086834128849e-01
1.174792399575614876e+00
1.079725077864753358e+00
5.530604890095018877e-01
5.848465266101443572e-01
5.209741451640590437e-01
9.216471972672193314e-01
5.885396768861456129e-01
6.189617454780674821e-01
8.777202304773420449e-01
9.267382258160052899e-01
6.540536489150122756e-01
6.684895933416213909e-01
7.257454421116005250e-01
9.077980224422413924e-01
8.796021645136458122e-01
1.432664615248593592e-05
8.299718025112619024e-01
2.243111909187202879e-01
1.290504812926305700e+00
8.552062288588324623e-01
2.408729697660637048e-01
9.597377805124274186e-01
3.810904882790319137e-01
3.965787057346468192e-01
1.003797962542146927e+00
5.324423980899614106e-01
5.585352198506916110e+00
1.088635938077679999e+00
6.457120764039792071e-01
1.997060265721565697e+00
7.621372768617724613e-01
6.346450804826385683e-01
6.486244206860964923e-01
9.047289632805537440e-01
5.671584780591875097e-01
6.185407536630195269e-01
4.681875221200795800e-01
7.819479989491625593e-01
3.243882761923340685e-01
8.853313746226092462e-01
6.611832150590343238e-01
2.508749517533793161e-01
1.093458556747844312e+00
3.725511352687077005e-01
1.360477808198087946e+00
8.097282225989983484e-01
4.908834582627358833e-01
1.059418109098643201e+00
3.399135019536960733e-01
4.952812986621439317e-01
1.206647079707905412e+00
5.933894502235409485e-01
2.978170753132443949e+00
4.990332939189175976e-01
1.002443447655403608e+00
1.801924631432181734e+00
1.225665127368164686e+00
1.067885613033802361e+00
1.342489543124325779e+00
9.159747448702064698e-01
9.804591361041201658e-01
1.788837301986877737e+00
8.900707861799959097e-01
1.685876181861663214e+00
1.222254258006533201e+00
1.061650176430973591e+00
1.014245675303071748e+00
9.583767329752387321e-01
8.136434073247356125e-01
7.638408067036659421e-01
1.447001721111599526e+00
1.261083729498279293e+00
6.892295795182787899e-01
8.983938837915143028e-01
9.905056957098512527e-01
3.225239400991560257e-01
4.383191719982537649e-01
6.121853832637111914e-01
6.308231026295958443e-01
6.100642906800777254e-01
4.939435004205883772e-01
3.517196944874271258e-01
4.311123241092987834e-01
8.354751571862191195e-01
8.431145231838099718e-01
5.673094746644100628e-01
8.230581524600276699e-01
1.267949238300727810e+00
8.806713371082522945e-01
1.733842968460248102e+00
9.359219669785725504e-01
4.967976863843356128e+00
1.094426086022551425e+00
2.284359415492930978e+00
1.196681088847934227e+00
1.279215005409473083e+00
9.238180495505791123e-01
1.009099650335640641e+00
8.818906517824833813e-01
9.214602430084896101e-01
8.957960599047980477e-01
1.065168774732370816e+00
7.549108585750705647e-01
2.150091290420683698e+00
9.112739607632389660e-01
7.617679355795885510e-01
7.964041273555433342e-01
1.263594000449958621e+00
9.791980369616192226e-01
9.763297772326338109e-01
2.999047241571388245e+00
9.287670510183221317e-01
9.635463678007240018e-01
9.523729561717815262e-01
9.685844540631699529e-01
9.679290190018567941e-01
9.627074988872300620e-01
1.039161333681246857e+00
2.733489525960670186e+00
5.569012284227976561e-01
1.016965447098781006e+00
4.267353562274179168e+00
8.715810071583560692e-01
8.762701167944363378e-01
9.052420989182677902e-01
9.996201429318282150e-01
1.022614626507364566e+00
8.182244275798966626e-01
1.012537025137183910e+00
