HKL Value		Reward		TotalReward	Chi Squared	Z Appr. 	Error	Two-Thetas	Sfs2
0 2 20			0.0		0.0		0.0		0.3	0.4494	86.0769303832	2.8517
6 4 2			0.0		0.0		0.04		0.30487	0.2211	67.6401768609	4.8049
2 4 6			3.33		3.33		1.64		0.31389	0.785	46.7364348384	64.2552
4 6 2			4.57		7.91		1.28		0.31384	0.2349	67.657370766	5.5969
2 0 14			4.59		12.5		1.2		0.31303	0.2634	58.6945218607	7.3942
0 6 2			4.11		16.61		1.42		0.31296	0.2356	55.3895592761	6.1752
6 0 2			4.07		20.68		1.49		0.3129	0.2214	55.354768557	5.4487
6 4 6			3.88		24.55		1.62		0.31193	0.9247	71.9614498967	41.9809
6 0 6			4.21		28.77		1.45		0.31223	1.0815	60.1501886982	39.9969
4 2 10			3.51		32.28		1.88		0.3138	1.1102	57.0442200735	11.3144
3 1 15			3.56		35.83		1.95		0.31426	0.2871	67.3554895111	7.7692
5 3 9			3.68		39.52		1.87		0.31455	0.4833	65.0662013285	20.8409
3 1 9			3.78		43.3		1.78		0.31426	0.36	45.2950695798	8.7768
0 6 18			3.94		47.24		1.65		0.31417	0.7949	98.0280769063	1.8601
3 5 9			4.0		51.24		1.58		0.31434	0.4755	65.0802252419	19.5165
1 3 7			1.34		52.58		5.71		0.31642	0.1893	39.2755843192	5.3372
5 5 1			2.18		54.76		5.48		0.3164	0.5073	65.769247456	23.9531
4 4 4			1.83		56.59		6.34		0.31623	0.8476	53.9354251327	76.9211
0 6 12			1.75		58.34		7.1		0.31491	0.3425	75.0250979777	1.887
0 6 14			1.8		60.14		7.35		0.31507	0.9096	81.7552219026	27.2955