HKL Value		Reward		TotalReward	Chi Squared	Z Appr. 	Error	Two-Thetas	Sfs2
0 2 6			0.0		0.0		0.0		0.3	1.1672	29.1471999487	131.5155
5 3 5			0.0		0.0		81.94		0.35991	2.2247	56.9473208346	134.0256
4 0 12			1.44		1.44		48.17		0.34153	2.7435	60.4154589103	161.2613
0 6 2			1.63		3.07		33.15		0.34157	0.2356	55.3895592761	6.1752
6 4 2			1.6		4.67		25.32		0.34138	0.2211	67.6401768609	4.8049
6 0 2			1.53		6.2		20.79		0.34142	0.2214	55.354768557	5.4487
0 6 18			1.22		7.42		19.83		0.35004	0.7949	98.0280769063	1.8601
0 0 16			0.54		7.96		25.22		0.36215	1.3342	64.286058028	116.6634
1 3 13			1.36		9.32		22.08		0.36284	0.3907	59.4200243294	11.5335
3 1 9			1.34		10.66		19.94		0.36202	0.36	45.2950695798	8.7768
3 3 1			1.2		11.86		19.31		0.36181	0.5106	38.1558496662	33.1617
0 6 14			1.35		13.21		17.81		0.36085	0.9096	81.7552219026	27.2955
5 3 9			1.31		14.52		16.93		0.35799	0.4833	65.0662013285	20.8409
6 0 4			1.14		15.66		17.47		0.35887	0.7069	57.1830782131	42.6751
5 3 7			1.36		17.02		16.36		0.35903	0.2523	60.5057581853	5.4388
2 6 10			1.18		18.2		16.73		0.36164	0.7069	72.0169435829	44.7171
0 4 4			0.93		19.13		18.83		0.36113	0.8482	39.0545896029	78.0016
6 4 4			1.2		20.33		18.52		0.36153	0.6669	69.2748711385	33.991
0 0 10			1.16		21.49		18.53		0.36361	0.8316	38.8438017949	41.7013
0 4 12			0.99		22.47		19.87		0.3505	1.4889	60.4300914167	161.7651
3 5 9			1.25		23.73		18.88		0.35041	0.4755	65.0802252419	19.5165
2 2 4			0.98		24.71		20.19		0.35021	0.7551	29.4672289371	73.6026
2 0 2			1.09		25.79		20.4		0.35016	0.6502	19.2320929378	35.9547
2 0 6			1.12		26.92		20.28		0.34978	1.6278	29.1406672869	128.8477
3 1 7			1.21		28.13		19.49		0.34975	0.257	39.2655360855	5.205
0 2 10			1.18		29.31		19.13		0.34975	0.4317	42.9590557724	21.0204
2 2 16			0.95		30.26		20.68		0.35115	1.1693	70.1293332912	108.6018
0 6 16			1.18		31.44		20.03		0.35082	0.4825	89.3859051251	7.6515
6 4 6			1.19		32.63		19.47		0.35139	0.9247	71.9614498967	41.9809
4 0 4			1.01		33.64		20.45		0.35101	1.2165	39.0343929222	79.1487
9 1 1			1.18		34.81		19.91		0.35095	0.8793	87.9915459652	19.6393
2 0 10			1.16		35.98		19.59		0.35091	0.6169	42.9543880851	20.236
1 3 1			1.14		37.11		19.54		0.35083	0.5324	28.3265170018	42.1271
5 1 9			1.21		38.32		18.96		0.35101	0.4583	58.9619928854	19.0838
0 6 0			1.2		39.52		18.59		0.35101	1.4277	54.7714555341	59.4019
4 4 4			1.05		40.57		19.42		0.35075	0.8476	53.9354251327	76.9211
6 0 10			1.2		41.77		18.96		0.35073	1.0728	69.1331306246	8.9056
6 4 0			1.22		42.98		18.45		0.35073	1.8287	67.0910631577	58.6803
3 1 13			1.21		44.19		18.14		0.35081	0.3869	59.4126405656	11.7895
1 7 7			1.23		45.42		17.73		0.35078	0.4353	72.3061031614	6.1143
7 1 3			1.16		46.58		17.92		0.35063	1.4031	66.8553232335	91.2915
7 3 1			1.22		47.81		17.62		0.35058	0.5095	71.5359286583	22.1332
1 3 3			1.18		48.99		17.69		0.35047	0.7045	30.3940112777	66.1614
2 4 6			1.24		50.23		17.32		0.3503	0.785	46.7364348384	64.2552
2 4 10			1.24		51.47		17.04		0.35029	0.607	57.0555982332	12.0937
4 2 6			1.26		52.74		16.69		0.35016	1.6049	46.7233273538	62.1975
0 2 16			1.25		53.99		16.48		0.34995	1.8687	67.2407114996	13.8307
3 3 9			1.28		55.27		16.15		0.3502	0.3816	52.4524123761	12.0632
3 5 1			1.26		56.53		16.07		0.35015	0.5283	53.2544885252	31.9012
1 1 3			1.26		57.78		16.01		0.3501	0.4514	16.9416048235	36.8187
2 2 10			1.21		59.0		16.25		0.3501	0.6429	46.7739448495	44.8949
4 2 2			1.27		60.27		16.07		0.3501	0.457	40.8620305525	12.2524
1 3 15			1.29		61.56		15.78		0.34985	0.2862	67.3623786269	8.1809
1 3 5			1.0		62.56		17.54		0.3506	3.1323	34.189462707	190.138
4 4 12			1.23		63.79		17.32		0.34988	1.9475	72.2035773977	130.2426
3 1 1			1.2		64.99		17.32		0.34984	0.5239	28.3131072915	41.7464
4 2 8			1.25		66.23		17.02		0.34988	0.7605	51.4203212226	2.5419
0 6 8			1.25		67.49		16.74		0.34998	0.7694	64.1950429677	5.6946
1 5 3			1.21		68.7		16.81		0.34991	0.9511	47.585042181	85.8034
0 2 2			1.2		69.9		16.96		0.34987	0.4614	19.2417464495	36.8131
1 1 15			1.23		71.13		16.84		0.34948	0.656	61.3839959686	20.6242
0 0 4			1.17		72.29		17.19		0.34938	0.8482	15.2869714585	59.1035
4 2 0			1.22		73.51		17.12		0.34938	0.9287	40.0811891304	86.5118
2 4 8			1.25		74.76		16.86		0.34942	0.1687	51.4325245866	2.4593
0 4 20			1.05		75.8		18.07		0.34785	1.027	94.1654323607	18.6345
2 0 12			1.27		77.07		17.44		0.35938	0.8079	50.6101057273	16.6151
5 5 1			1.22		78.29		17.27		0.35936	0.5073	65.769247456	23.9531
5 5 3			1.19		79.48		17.35		0.35924	0.8107	66.8760743485	64.1048
0 0 14			1.21		80.69		17.29		0.35903	0.8389	55.4890953336	74.9432
0 6 4			1.19		81.88		17.39		0.3591	0.6675	57.2171401797	42.9768
1 3 9			1.23		83.12		17.14		0.359	0.2622	45.3040218183	7.1674
5 3 1			1.21		84.33		17.1		0.35895	0.5252	53.2386121167	32.835
0 0 6			0.59		84.92		22.31		0.35725	7.4326	23.0169618987	709.6598
6 2 4			1.02		85.94		22.67		0.35705	0.8727	60.3342977717	77.9073
3 7 3			1.05		86.99		22.65		0.35688	0.8954	72.6346668965	71.6226
0 2 12			1.08		88.07		22.36		0.35633	0.3827	50.6142203783	17.5707
3 5 3			1.04		89.11		22.5		0.35611	0.9259	54.5093201099	87.7589
2 0 8			1.09		90.2		22.21		0.35611	0.1665	35.7565424018	1.5727
5 1 7			1.09		91.3		21.94		0.35611	0.2609	54.1000446603	4.252
1 3 7			1.1		92.4		21.69		0.35611	0.1893	39.2755843192	5.3372
3 3 13			1.1		93.5		21.45		0.3565	0.5636	65.4922780779	9.1158
4 2 12			1.11		94.61		21.19		0.35674	0.2244	63.468523569	4.7972
4 4 10			1.08		95.69		21.27		0.35704	0.6886	66.23802526	47.6672
0 0 18			1.11		96.8		21.05		0.35655	0.6609	73.530655613	37.988
1 7 3			1.08		97.88		21.12		0.35635	0.9932	66.8968211493	90.2271
3 3 3			1.09		98.97		21.14		0.35615	0.8081	39.7679129272	70.9373
1 5 13			1.11		100.08		20.95		0.35655	1.1973	71.2966048402	12.6128
2 4 4			1.06		101.14		21.18		0.3567	0.8182	43.1484985256	64.6996
5 5 5			1.08		102.22		21.24		0.35745	1.5862	69.0631626084	104.8873
3 1 3			1.08		103.3		21.27		0.35734	1.2003	30.3814370344	67.5761