HKL Value		Reward		TotalReward	Chi Squared	Z Appr. 	Error	Two-Thetas	Sfs2
0 2 20			0.0		0.0		0.0		0.3	0.4494	86.0769303832	2.8517
6 4 2			0.0		0.0		0.04		0.30487	0.2211	67.6401768609	4.8049
4 6 2			15.38		15.38		0.1		0.30474	0.2349	67.657370766	5.5969
2 0 14			7.52		22.89		0.42		0.31212	0.2634	58.6945218607	7.3942
0 6 2			5.13		28.03		0.87		0.31198	0.2356	55.3895592761	6.1752
6 0 2			4.78		32.81		1.06		0.31183	0.2214	55.354768557	5.4487
6 4 6			4.97		37.78		1.02		0.30689	0.9247	71.9614498967	41.9809
6 0 6			4.84		42.61		1.06		0.31026	1.0815	60.1501886982	39.9969
4 2 10			3.57		46.18		1.73		0.31345	1.1102	57.0442200735	11.3144
3 1 15			3.63		49.81		1.86		0.31395	0.2871	67.3554895111	7.7692
0 4 10			3.01		52.82		2.47		0.31512	0.9893	53.7871001638	44.1425
5 3 9			3.34		56.16		2.3		0.31529	0.4833	65.0662013285	20.8409
3 1 9			3.38		59.54		2.22		0.31501	0.36	45.2950695798	8.7768
0 6 18			3.52		63.06		2.07		0.31479	0.7949	98.0280769063	1.8601
3 5 9			3.61		66.67		1.96		0.3149	0.4755	65.0802252419	19.5165
5 5 1			3.57		70.24		1.96		0.31488	0.5073	65.769247456	23.9531
4 4 4			2.62		72.85		3.0		0.31459	0.8476	53.9354251327	76.9211
0 6 12			2.6		75.46		3.41		0.31312	0.3425	75.0250979777	1.887