HKL Value		Reward		TotalReward	Chi Squared	Z Appr. 	Error	Two-Thetas	Sfs2
0 2 20			0.0		0.0		0.0		0.3	0.4494	86.0769303832	2.8517
6 4 2			0.0		0.0		0.04		0.30487	0.2211	67.6401768609	4.8049
4 6 2			15.38		15.38		0.1		0.30474	0.2349	67.657370766	5.5969
1 5 7			0.05		15.43		20.54		0.31776	0.6035	54.1236034243	4.2528
2 0 14			1.63		17.06		16.72		0.31736	0.2634	58.6945218607	7.3942
0 6 2			1.68		18.75		13.88		0.31734	0.2356	55.3895592761	6.1752
0 6 8			1.7		20.45		11.94		0.31744	0.7694	64.1950429677	5.6946
6 0 2			1.74		22.18		10.53		0.31742	0.2214	55.354768557	5.4487
6 4 6			1.67		23.85		9.95		0.31712	0.9247	71.9614498967	41.9809
6 0 6			1.85		25.7		8.85		0.31709	1.0815	60.1501886982	39.9969
4 2 10			1.9		27.6		8.03		0.3173	1.1102	57.0442200735	11.3144
4 0 12			1.52		29.12		9.0		0.31844	2.7435	60.4154589103	161.2613
3 1 15			1.86		30.98		8.25		0.31844	0.2871	67.3554895111	7.7692
5 3 9			1.92		32.89		7.61		0.31844	0.4833	65.0662013285	20.8409
3 1 9			1.87		34.77		7.4		0.31804	0.36	45.2950695798	8.7768
0 6 18			1.86		36.63		7.33		0.31706	0.7949	98.0280769063	1.8601
0 4 16			1.93		38.56		7.05		0.31723	1.5557	75.7704700384	94.8658
3 5 9			2.01		40.57		6.64		0.31724	0.4755	65.0802252419	19.5165
5 5 1			2.02		42.59		6.39		0.31722	0.5073	65.769247456	23.9531
4 4 4			1.74		44.33		7.15		0.31708	0.8476	53.9354251327	76.9211
0 6 12			1.6		45.93		8.13		0.31573	0.3425	75.0250979777	1.887
0 4 20			1.83		47.77		7.84		0.31551	1.027	94.1654323607	18.6345
0 0 18			1.88		49.65		7.5		0.31536	0.6609	73.530655613	37.988
4 6 0			1.92		51.57		7.18		0.31536	0.7863	67.1083315067	59.4729
0 6 14			1.81		53.38		7.36		0.31548	0.9096	81.7552219026	27.2955
3 3 1			1.84		55.22		7.38		0.31546	0.5106	38.1558496662	33.1617
5 1 9			1.92		57.14		7.1		0.31543	0.4583	58.9619928854	19.0838
2 4 8			1.68		58.82		7.77		0.31554	0.1687	51.4325245866	2.4593
0 0 16			1.87		60.69		7.5		0.31557	1.3342	64.286058028	116.6634
0 0 10			1.85		62.54		7.43		0.31579	0.8316	38.8438017949	41.7013
3 3 15			1.91		64.45		7.18		0.31579	0.3402	73.0835579415	3.8877
1 1 15			1.82		66.27		7.33		0.31591	0.656	61.3839959686	20.6242
2 0 12			1.89		68.16		7.19		0.31572	0.8079	50.6101057273	16.6151
6 0 0			1.89		70.05		7.11		0.31572	0.7256	54.7363985401	55.434
2 2 16			1.93		71.98		6.93		0.31576	1.1693	70.1293332912	108.6018
0 0 4			1.82		73.8		7.18		0.31567	0.8482	15.2869714585	59.1035
2 6 10			1.88		75.68		7.13		0.31586	0.7069	72.0169435829	44.7171
0 4 10			1.89		77.57		7.07		0.31604	0.9893	53.7871001638	44.1425
2 4 2			1.89		79.46		7.05		0.31604	0.3828	40.8766170199	13.2501
2 2 10			1.91		81.37		6.96		0.31618	0.6429	46.7739448495	44.8949
2 4 12			1.84		83.21		7.14		0.3157	0.2205	63.4791913795	4.8908
1 7 1			1.88		85.09		7.12		0.31569	0.5219	65.7901743415	26.2984
6 0 8			1.9		86.99		7.02		0.31571	2.9234	64.163237895	5.3359
0 2 16			1.86		88.86		7.1		0.31587	1.8687	67.2407114996	13.8307
0 6 6			1.93		90.78		6.94		0.31587	1.0147	60.183190367	40.9583
4 0 10			1.92		92.7		6.88		0.31601	0.6243	53.7713327333	45.2096
0 0 20			1.95		94.65		6.74		0.31607	0.4542	83.3712939521	4.3689
7 1 1			1.93		96.58		6.71		0.31606	0.5207	65.7483230412	25.2044
2 4 6			1.96		98.54		6.61		0.31609	0.785	46.7364348384	64.2552
2 4 14			1.96		100.51		6.55		0.31614	0.5221	70.6383718296	19.4111
3 7 1			1.98		102.49		6.47		0.31614	1.2822	71.5694631273	22.2453
3 1 5			1.23		103.72		9.27		0.31617	2.8985	34.1781376955	186.2389
2 6 6			1.12		104.84		11.82		0.31633	5.383	63.2392339525	346.2148
0 4 18			1.44		106.29		11.88		0.31584	0.8369	84.5238780681	17.4513