HKL Value		Reward		TotalReward	Chi Squared	Z Appr. 	Error	Two-Thetas	Sfs2
0 2 20			0.0		0.0		0.0		0.3	0.4494	86.0769303832	2.8517
6 4 2			0.0		0.0		0.04		0.30487	0.2211	67.6401768609	4.8049
4 6 2			15.38		15.38		0.1		0.30474	0.2349	67.657370766	5.5969
2 0 14			7.52		22.89		0.42		0.31212	0.2634	58.6945218607	7.3942
0 6 2			5.13		28.03		0.87		0.31198	0.2356	55.3895592761	6.1752
6 0 2			4.78		32.81		1.06		0.31183	0.2214	55.354768557	5.4487
2 2 14			1.91		34.72		3.85		0.28638	1.0835	61.7979105177	101.9829
6 4 6			2.03		36.74		4.94		0.28767	0.9247	71.9614498967	41.9809
6 0 6			1.72		38.46		6.4		0.292	1.0815	60.1501886982	39.9969
4 2 10			1.91		40.37		6.59		0.28669	1.1102	57.0442200735	11.3144
3 1 15			2.07		42.44		6.23		0.28613	0.2871	67.3554895111	7.7692
5 3 9			1.83		44.27		6.77		0.28593	0.4833	65.0662013285	20.8409
0 6 18			1.62		45.89		7.82		0.29444	0.7949	98.0280769063	1.8601
3 1 9			1.86		47.74		7.58		0.29438	0.36	45.2950695798	8.7768
3 5 9			1.71		49.45		7.96		0.29437	0.4755	65.0802252419	19.5165
2 0 12			1.73		51.18		8.13		0.2944	0.8079	50.6101057273	16.6151
4 4 4			1.84		53.02		7.81		0.29421	0.8476	53.9354251327	76.9211
5 5 1			1.91		54.93		7.38		0.29419	0.5073	65.769247456	23.9531
0 6 12			1.96		56.89		6.98		0.29417	0.3425	75.0250979777	1.887
4 0 12			0.86		57.75		11.79		0.29455	2.7435	60.4154589103	161.2613
0 2 18			1.55		59.3		11.3		0.29557	0.3755	76.3208597895	3.7538
0 6 14			1.52		60.83		11.13		0.29505	0.9096	81.7552219026	27.2955
3 3 1			1.55		62.38		10.86		0.295	0.5106	38.1558496662	33.1617
0 0 16			2.16		64.54		8.2		0.31367	1.3342	64.286058028	116.6634
4 6 0			1.84		66.38		7.86		0.31367	0.7863	67.1083315067	59.4729
0 0 10			1.77		68.15		7.91		0.31416	0.8316	38.8438017949	41.7013
2 6 10			1.78		69.93		7.92		0.31454	0.7069	72.0169435829	44.7171
6 0 12			1.67		71.59		8.33		0.31329	0.5892	74.995462768	0.9301