HKL Value		Reward		TotalReward	Chi Squared	Z Appr. 	Error	Two-Thetas	Sfs2
6 0 2			0.0		0.0		0.0		0.3	0.2214	55.354768557	5.4487
6 4 2			0.0		0.0		0.86		0.28544	0.2211	67.6401768609	4.8049
1 5 5			0.63		0.63		8.85		0.20105	1.8923	50.2743192378	127.3636
0 6 2			2.41		3.05		6.4		0.20216	0.2356	55.3895592761	6.1752
0 0 16			2.4		5.45		5.27		0.1938	1.3342	64.286058028	116.6634
0 6 14			1.43		6.88		7.6		0.18344	0.9096	81.7552219026	27.2955
3 1 9			1.96		8.84		7.12		0.1829	0.36	45.2950695798	8.7768
0 6 18			2.17		11.01		6.22		0.18545	0.7949	98.0280769063	1.8601
2 6 10			2.02		13.03		6.16		0.18391	0.7069	72.0169435829	44.7171
2 2 4			1.56		14.59		7.68		0.18445	0.7551	29.4672289371	73.6026
0 0 10			1.89		16.48		7.39		0.18359	0.8316	38.8438017949	41.7013
0 4 12			1.49		17.97		8.71		0.1825	1.4889	60.4300914167	161.7651
2 0 2			1.49		19.46		9.56		0.18255	0.6502	19.2320929378	35.9547
9 1 1			1.45		20.91		10.32		0.18268	0.8793	87.9915459652	19.6393
3 5 9			1.52		22.43		10.5		0.18265	0.4755	65.0802252419	19.5165