Number of epochs: 150-01
4.696561982415230901e-02
1.026212452342205594e+00
1.090972167258067671e+00
8.985667647625229792e-02
1.106891111171780961e+00
2.963190179191962925e-01
6.510051416556485171e-02
1.103442126569676995e+00
2.100806893314855484e-01
1.113185316815479053e+00
1.250993720945413834e+00
3.586362270160962651e-01
1.478651843210982086e+00
1.094687917747985351e+00
1.072915363934957123e+00
1.216797244662497057e+00
1.200416335942551926e+00
1.233892833239289555e+00
1.176127281844701722e+00
1.545666431285011244e+00
1.066811657783066636e+00
1.201070315130143618e+00
1.238944841320756884e+00
1.125345862462072466e+00
2.011919238032127133e+00
1.353410692970682838e+00
1.293224025715638659e+00
7.969406740660803790e-01
1.174517024213871608e+00
7.273095110895073656e-01
3.581162506899811415e+00
1.176419256870353536e+00
4.929231181060623190e-01
1.214762801807841130e+00
5.531857741807574280e-01
7.635740099847228013e-01
1.200395937061965679e+00
6.211937284886708266e-01
8.077108959846924563e+00
3.979734492962293757e+00
8.434078470877198752e-01
7.754938357689686868e+00
1.112242896523219171e+00
9.918748613717317530e-01
1.032936835776813167e+00
1.085864772579177684e+00
1.072003576448490092e+00
1.206973068803252502e+00
9.887104171314043954e-01
1.041465035619454138e+00
1.322010320824576146e+00
1.099037931581864802e+00
1.116860687657384110e+00
9.179001566792341915e-01
1.154121939564580757e+00
1.261706289490172050e+00
7.843888134331650219e-01
1.118165616929020167e+00
1.206892580670250847e+00
7.850194387929346762e-01
1.332310688016146827e+00
1.066855751939601360e+00
1.121715647944710348e+00
1.106508419036208002e+00
9.348226657482431312e-01
8.575852953797843403e-01
1.242643793881385905e+00
9.799254074019300154e-01
1.229391622745632962e+00
1.186258215896198953e+00
3.734238404409689904e-01
7.482849178795223377e-01
6.637001628179505230e-01
9.552875762100416779e-01
6.238046034416868668e-01
8.269747643668796666e-01
8.072196946028182829e-01
1.028783341120456329e+00
8.391277953040048310e-01
6.944715725551062757e-01
1.089048781313193714e+00
7.906781184094320292e-01
6.747764433769933845e-01
2.639593800410839908e-01
1.107344722923353952e+00
3.219737466245629620e-01
3.410303217151586797e+00
1.066562177014152457e+00
2.847448317291662034e-01
1.157955124684041159e+00
4.762501921043996722e-01
1.390092550482331379e-01
1.247855276539953095e+00
4.520194224040072761e-01
3.165563184123292295e+00
1.481902402480222092e+00
3.108885354416100477e-01
1.322988586895751162e+00
1.119745785280888084e+00
1.115770010136434065e+00
1.083808207515420730e+00
1.165670007857578794e+00
1.126367525309380113e+00
1.172727941278426167e+00
1.037074342023608375e+00
8.584603028908649458e-01
1.157711939189539407e+00
9.178083044182043793e-01
1.174161963828343813e+00
6.501759457647657836e-01
1.006451817663524206e+00
6.216444583905395005e-01
1.207983637411744970e+00
6.641476036966649232e-01
1.191614163178640190e-01
1.152513842753141615e+00
7.262030715260909819e-01
2.700988398163073345e-01
1.121911407878415812e+00
4.185089465730681413e-01
1.428058913833248011e+00
8.804337379088336135e-01
1.082000516695810655e+00
2.204285413066884303e+00
1.148731794657079197e+00
1.238991403555468551e+00
1.256928047351303146e+00
2.296573491878470374e+00
1.212654153867449125e+00
2.078332018188407737e+00
1.460761693507123926e+00
1.195718553900805503e+00
1.427520444772653496e+00
1.239732382550761347e+00
1.353538800223642591e+00
1.430951536872759000e+00
2.459196761344153437e+00
1.362827203574570545e+00
7.790117159222909038e-01
1.127761740127368739e+00
1.109773036953674685e+00
1.132714023059844033e+00
1.439843467912401698e+00
5.122367047736045009e-01
1.136915465056789060e-01
4.810508195340014170e-01
5.116612887368443552e-01
4.829549340078265196e-01
4.328196097069550996e-01
9.921802435395672415e-01
4.582859163756523579e-01
8.728314530848393371e-01
1.056144543567077543e+00
1.688490079764526364e+00
9.654806607314380118e-01
1.165183254343282959e+00
8.685562863969539249e-01
1.212056584791296743e+00
1.278992153732022574e+00
9.686267129126983066e-01
1.163725574827167542e+00
1.652682641769202654e+00
1.158243582640737790e+00
1.138319653679643606e+00
1.186206775651389433e+00
1.250964873107754505e+00
1.025080483859570402e+00
1.103635307046931358e+00
1.103623718185522629e+00
3.761329086800591526e+00
3.814331894416339019e-01
1.281931126719477509e+00
8.439881911478038790e-01
1.224467521528828540e+00
6.693717474070979279e-01
1.383580483629857305e+00
1.579269414005857852e+00
1.440931384643315383e+00
2.357957759667448805e+00
1.228834831299550068e+00
1.282531336673406575e+00
1.481121472415610318e+00
1.193849636356010935e+00
1.217131854892439691e+00
1.240790755161025771e+00
1.119978426771928381e+00
1.170011453306317950e+00
5.170051596318235854e-01
1.200738006293108562e+00
1.220616439707450152e+00
1.498451152092773464e+00
2.203751546836998365e+00
1.448549399492357725e+00
8.713884555340106530e+00
1.146677274009208825e+00
1.038460434671137023e+00
1.008720559703595310e+00
