HKL Value		Reward		TotalReward	Chi Squared	Z Appr. 	Error	Two-Thetas	Sfs2
2 0 1			0.0		0.0		0.0		0.4	0.15	29.01034049	0.0
4 0 3			0.0		0.0		0.0		0.40004	0.29	62.1413926063	0.0
0 0 3			-0.37		-0.37		0.0		0.40004	0.03	19.1797885945	0.0
3 0 0			0.5		0.12		0.0		0.40004	0.45	42.9814560157	0.0
1 0 6			-1.0		-0.87		0.0		0.40004	0.25	41.5701214249	0.0
1 0 0			0.25		-0.62		0.0		0.40004	0.0	14.0285801003	0.0
4 1 3			-1.0		-1.62		0.0		0.4491	0.15	68.408649436	0.0043
0 1 5			-0.61		-2.24		0.0		0.43848	0.34	41.7114803244	7.6693
1 -1 2			-0.94		-3.17		0.0		0.44227	0.39	32.1995090242	11.6912
1 1 5			-0.86		-4.03		0.03		0.42889	3.06	44.2189644299	8.5457
3 0 2			0.11		-3.92		0.02		0.42889	0.46	45.0164041053	0.0
1 0 8			0.1		-3.82		0.02		0.42889	0.24	54.8685935926	0.0
3 0 6			0.09		-3.73		0.02		0.42889	0.11	59.366558438	0.0
1 0 4			0.08		-3.65		0.02		0.42889	0.08	29.3672081998	0.0
3 0 4			0.08		-3.57		0.02		0.42889	0.64	50.7360354343	0.0
2 0 3			0.07		-3.5		0.02		0.42889	0.09	34.3920319457	0.0
3 2 2			-0.24		-3.74		0.02		0.42797	0.0	71.9603042663	6.6617
4 0 1			0.06		-3.68		0.02		0.42797	0.27	58.8934376912	0.0
2 0 7			0.06		-3.62		0.02		0.42797	4.16	54.6555056564	0.0
0 0 7			0.06		-3.57		0.02		0.42797	0.2	45.7499157105	0.0
0 1 7			-0.34		-3.9		0.03		0.43285	0.26	53.2385720724	8.4036
1 1 7			0.05		-3.85		0.02		0.43268	0.15	55.34320722	1.1017
4 0 5			0.05		-3.8		0.02		0.43268	0.26	68.3700248267	0.0
2 0 5			0.05		-3.76		0.02		0.43268	5.26	43.4052500519	0.0
3 0 8			0.04		-3.72		0.02		0.43268	0.3	70.3147352648	0.0
3 1 0			0.04		-3.68		0.02		0.43268	0.86	50.7823995615	0.002
1 1 4			0.03		-3.64		0.02		0.43266	0.3	39.4492672371	0.9567
4 0 0			-0.73		-4.37		0.07		0.43266	0.08	58.4798162983	46.4355
3 2 1			-0.21		-4.58		0.09		0.4328	0.17	70.8417473216	1.0468
2 2 3			0.03		-4.55		0.09		0.43327	0.31	64.6616050849	6.6891
1 1 6			-0.03		-4.59		0.09		0.43446	0.38	49.5460147793	8.8974
4 1 1			0.03		-4.56		0.09		0.43446	0.21	65.3342299592	0.4263
3 1 4			0.03		-4.53		0.09		0.43444	0.33	57.7518627408	0.9567
3 0 7			-0.02		-4.55		0.09		0.43666	0.18	64.5726747292	2.8781
1 1 2			0.01		-4.53		0.09		0.43693	0.52	32.1995090242	11.6912
1 2 7			-0.04		-4.57		0.09		0.43748	0.71	74.291810142	3.5836
2 1 1			0.02		-4.54		0.09		0.43748	0.13	39.1745550983	0.4263
1 0 7			0.01		-4.54		0.09		0.43843	0.54	48.0896902272	2.8781
3 1 2			0.02		-4.52		0.09		0.43864	0.11	52.5840292854	11.6912
-1 -1 2			0.02		-4.51		0.09		0.43885	0.13	32.1995090242	11.6912
2 1 7			0.02		-4.48		0.09		0.43916	0.57	61.3678684761	8.4036
1 2 6			0.01		-4.48		0.09		0.44006	0.11	69.4566609057	1.2895
1 1 3			-0.2		-4.68		0.11		0.4395	0.54	35.3770121777	12.6586
3 2 0			-0.01		-4.69		0.11		0.4395	0.67	70.467230504	2.2538
4 1 5			0.02		-4.66		0.11		0.43945	1.53	74.3771604481	7.6693
2 1 2			-0.01		-4.67		0.11		0.43977	0.36	40.8238903893	0.1747
2 2 5			-0.05		-4.72		0.11		0.44097	0.26	70.7747179536	2.8196
3 2 4			0.01		-4.71		0.11		0.44061	0.0	76.369138646	3.3351
-2 0 4			-0.01		-4.72		0.11		0.44006	0.22	38.5541558059	1.7476
2 0 4			-0.0		-4.72		0.11		0.43953	0.23	38.5541558059	1.7476
4 1 0			-0.02		-4.75		0.11		0.43953	0.2	64.9447604845	0.0084