HKL Value		Reward		TotalReward	Chi Squared	Z Appr. 	Error	Two-Thetas	Sfs2
2 0 1			0.0		0.0		0.0		0.4	0.15	29.01034049	0.0
0 0 3			0.0		0.0		0.0		0.39997	0.03	19.1797885945	0.0
3 0 0			0.88		0.88		0.0		0.39997	0.45	42.9814560157	0.0
4 0 3			-0.87		0.02		0.0		0.39997	0.29	62.1413926063	0.0
2 1 7			-1.0		-0.98		0.0		0.48632	0.57	61.3678684761	8.4036
3 0 6			0.25		-0.73		0.0		0.48632	0.11	59.366558438	0.0
2 2 5			-1.0		-1.73		0.02		0.45287	0.26	70.7747179536	2.8196
1 0 0			0.17		-1.57		0.01		0.45287	0.0	14.0285801003	0.0
3 0 2			0.14		-1.42		0.01		0.45287	0.46	45.0164041053	0.0
2 0 3			0.13		-1.3		0.01		0.45287	0.09	34.3920319457	0.0
1 0 8			0.11		-1.19		0.01		0.45287	0.24	54.8685935926	0.0
3 0 4			0.1		-1.09		0.01		0.45287	0.64	50.7360354343	0.0
2 0 7			0.09		-1.0		0.01		0.45287	4.16	54.6555056564	0.0
1 0 4			0.08		-0.91		0.01		0.45287	0.08	29.3672081998	0.0
0 1 7			-0.34		-1.25		0.01		0.44961	0.26	53.2385720724	8.4036
4 0 1			0.07		-1.18		0.01		0.44961	0.27	58.8934376912	0.0
0 0 7			0.07		-1.12		0.01		0.44961	0.2	45.7499157105	0.0
3 1 0			0.05		-1.06		0.01		0.44961	0.86	50.7823995615	0.002
3 1 7			-0.65		-1.71		0.03		0.44094	0.32	70.7276559911	1.1017
3 1 4			0.04		-1.67		0.03		0.44089	0.33	57.7518627408	0.9567
4 0 5			0.05		-1.62		0.03		0.44089	0.26	68.3700248267	0.0
2 1 8			-0.5		-2.12		0.05		0.44788	0.22	67.2524657177	7.5134
2 0 5			0.05		-2.07		0.05		0.44788	5.26	43.4052500519	0.0
3 0 8			0.05		-2.02		0.05		0.44788	0.3	70.3147352648	0.0
1 0 6			0.04		-1.98		0.05		0.44788	0.25	41.5701214249	0.0
1 1 4			0.03		-1.95		0.04		0.44784	0.3	39.4492672371	0.9567
2 1 1			0.02		-1.93		0.04		0.44784	0.13	39.1745550983	0.4263
1 1 2			0.04		-1.89		0.04		0.44793	0.52	32.1995090242	11.6912
2 2 3			0.02		-1.87		0.04		0.44761	0.31	64.6616050849	6.6891
4 1 1			0.02		-1.85		0.04		0.44761	0.21	65.3342299592	0.4263
3 1 1			-0.29		-2.14		0.06		0.44786	0.22	51.2370468789	1.4731
3 1 2			0.03		-2.11		0.05		0.44793	0.11	52.5840292854	11.6912
1 -1 2			0.03		-2.08		0.05		0.44803	0.39	32.1995090242	11.6912
3 0 7			0.02		-2.05		0.05		0.44788	0.18	64.5726747292	2.8781
4 1 3			0.03		-2.02		0.05		0.44788	0.15	68.408649436	0.0043
3 0 3			-0.02		-2.05		0.05		0.44874	0.33	47.4629609511	3.2424
-1 -1 2			0.03		-2.02		0.05		0.4488	0.13	32.1995090242	11.6912
1 2 6			0.01		-2.01		0.05		0.4483	0.11	69.4566609057	1.2895
1 1 6			0.03		-1.98		0.05		0.44841	0.38	49.5460147793	8.8974
3 2 4			-0.05		-2.03		0.05		0.44776	0.0	76.369138646	3.3351
3 2 3			-0.2		-2.23		0.06		0.4478	1.08	73.8091166097	1.7896
3 2 0			-0.04		-2.27		0.07		0.4478	0.67	70.467230504	2.2538