HKL Value		Reward		TotalReward	Chi Squared	Z Appr. 	Error	Two-Thetas	Sfs2
2 0 1			0.0		0.0		0.0		0.4	0.15	29.01034049	0.0
0 0 3			0.0		0.0		0.0		0.39997	0.03	19.1797885945	0.0
3 2 3			-1.0		-1.0		0.28		0.45178	1.08	73.8091166097	1.7896
3 0 2			0.5		-0.5		0.19		0.45178	0.46	45.0164041053	0.0
0 2 7			0.33		-0.17		0.14		0.45365	0.0	72.5085769296	0.0094
0 1 5			0.11		-0.06		0.13		0.44966	0.34	41.7114803244	7.6693
1 0 8			0.2		0.14		0.1		0.44966	0.24	54.8685935926	0.0
3 0 4			0.17		0.31		0.09		0.44966	0.64	50.7360354343	0.0
4 0 1			0.14		0.45		0.08		0.44966	0.27	58.8934376912	0.0
3 0 6			0.13		0.58		0.07		0.44966	0.11	59.366558438	0.0
4 0 5			0.11		0.69		0.06		0.44966	0.26	68.3700248267	0.0
0 0 7			0.1		0.79		0.06		0.44966	0.2	45.7499157105	0.0
2 0 3			0.09		0.88		0.05		0.44966	0.09	34.3920319457	0.0
4 0 3			0.08		0.96		0.05		0.44966	0.29	62.1413926063	0.0
3 0 0			0.08		1.04		0.04		0.44966	0.45	42.9814560157	0.0
2 0 7			0.07		1.11		0.04		0.44966	4.16	54.6555056564	0.0
1 0 0			0.07		1.18		0.04		0.44966	0.0	14.0285801003	0.0
1 0 4			0.06		1.24		0.04		0.44966	0.08	29.3672081998	0.0
2 0 5			0.06		1.3		0.03		0.44966	5.26	43.4052500519	0.0
3 0 8			0.06		1.35		0.03		0.44966	0.3	70.3147352648	0.0
1 -1 2			0.05		1.4		0.03		0.44989	0.39	32.1995090242	11.6912
1 0 6			0.05		1.45		0.03		0.44989	0.25	41.5701214249	0.0
3 1 0			0.05		1.5		0.03		0.44989	0.86	50.7823995615	0.002
3 0 7			0.01		1.51		0.03		0.44887	0.18	64.5726747292	2.8781
3 1 4			0.02		1.54		0.03		0.44878	0.33	57.7518627408	0.9567
4 1 3			0.04		1.58		0.03		0.44878	0.15	68.408649436	0.0043
2 1 6			-0.39		1.18		0.04		0.45526	0.16	55.9883197776	2.0239
1 1 4			0.02		1.21		0.04		0.4552	0.3	39.4492672371	0.9567
4 1 1			0.02		1.23		0.04		0.4552	0.21	65.3342299592	0.4263
2 1 1			0.02		1.25		0.04		0.4552	0.13	39.1745550983	0.4263
1 1 2			0.03		1.28		0.04		0.45511	0.52	32.1995090242	11.6912
2 2 3			-0.04		1.24		0.04		0.45431	0.31	64.6616050849	6.6891
3 1 2			0.03		1.27		0.04		0.45425	0.11	52.5840292854	11.6912
-1 -1 2			0.03		1.3		0.04		0.4542	0.13	32.1995090242	11.6912
2 1 7			-0.04		1.26		0.04		0.45358	0.57	61.3678684761	8.4036
1 2 6			-0.05		1.21		0.04		0.45238	0.11	69.4566609057	1.2895
3 2 0			-0.07		1.14		0.05		0.45238	0.67	70.467230504	2.2538