HKL Value		Reward		TotalReward	Chi Squared	Z Appr. 	Error	Two-Thetas	Sfs2
2 0 5			0.0		0.0		0.0		0.4	5.26	43.4052500519	0.0
2 0 1			0.0		0.0		0.0		0.40019	0.15	29.01034049	0.0
2 1 6			-1.0		-1.0		0.03		0.46961	0.16	55.9883197776	2.0239
0 0 3			0.5		-0.5		0.02		0.4696	0.03	19.1797885945	0.0
3 0 0			0.33		-0.17		0.02		0.4696	0.45	42.9814560157	0.0
4 0 3			0.25		0.08		0.01		0.4696	0.29	62.1413926063	0.0
1 0 8			0.2		0.28		0.01		0.4696	0.24	54.8685935926	0.0
3 1 4			-0.22		0.07		0.01		0.46876	0.33	57.7518627408	0.9567
3 0 4			0.14		0.21		0.01		0.46876	0.64	50.7360354343	0.0
2 0 3			0.12		0.34		0.01		0.46876	0.09	34.3920319457	0.0
1 0 4			0.11		0.45		0.01		0.46876	0.08	29.3672081998	0.0
4 0 1			0.1		0.55		0.01		0.46876	0.27	58.8934376912	0.0
3 0 6			0.09		0.64		0.01		0.46876	0.11	59.366558438	0.0
3 0 2			0.08		0.72		0.01		0.46876	0.46	45.0164041053	0.0
2 0 7			0.08		0.8		0.01		0.46876	4.16	54.6555056564	0.0
1 0 0			0.07		0.87		0.01		0.46876	0.0	14.0285801003	0.0
0 0 7			0.07		0.94		0.01		0.46876	0.2	45.7499157105	0.0
4 0 5			0.06		1.0		0.01		0.46876	0.26	68.3700248267	0.0
3 0 8			0.06		1.06		0.01		0.46876	0.3	70.3147352648	0.0
1 0 6			0.06		1.11		0.01		0.46876	0.25	41.5701214249	0.0
2 2 3			-0.7		0.42		0.02		0.46053	0.31	64.6616050849	6.6891
1 1 4			-0.01		0.4		0.02		0.46032	0.3	39.4492672371	0.9567
0 1 7			-0.25		0.15		0.02		0.45897	0.26	53.2385720724	8.4036