HKL Value		Reward		TotalReward	Chi Squared	Z Appr. 	Error	Two-Thetas	Sfs2
7 1 1			0.0		0.0		0.0		0.3	0.5207	65.7483230412	25.2044
3 3 7			0.0		0.0		8.17		0.33869	0.1558	47.1418707618	3.5073
6 2 10			-2.52		-2.52		10.7		0.33019	0.7103	71.9901825081	43.9921
6 0 8			1.76		-0.76		7.17		0.32991	2.9234	64.163237895	5.3359
4 6 0			0.89		0.13		5.39		0.32991	0.7863	67.1083315067	59.4729
7 1 7			0.39		0.52		4.61		0.33127	0.3505	72.2660298289	5.0526
0 6 8			0.35		0.87		3.9		0.3309	0.7694	64.1950429677	5.6946
6 4 0			0.28		1.15		3.35		0.3309	1.8287	67.0910631577	58.6803
4 6 2			0.11		1.26		3.13		0.3308	0.2349	67.657370766	5.5969
6 4 2			0.11		1.37		2.91		0.3307	0.2211	67.6401768609	4.8049
2 0 14			0.14		1.5		2.64		0.33112	0.2634	58.6945218607	7.3942
0 2 14			0.11		1.61		2.43		0.33158	0.2479	58.6982494177	6.3292
0 6 2			-0.05		1.56		2.48		0.33156	0.2356	55.3895592761	6.1752
1 7 7			0.08		1.64		2.32		0.33178	0.4353	72.3061031614	6.1143
0 4 16			-1.49		0.15		3.81		0.32894	1.5557	75.7704700384	94.8658
6 0 2			0.04		0.19		3.72		0.32893	0.2214	55.354768557	5.4487
3 5 7			0.03		0.22		3.67		0.32948	0.2309	60.5203777188	5.6046
5 3 7			0.03		0.25		3.6		0.32996	0.2523	60.5057581853	5.4388
1 5 7			0.02		0.28		3.55		0.33043	0.6035	54.1236034243	4.2528
5 1 7			0.03		0.31		3.48		0.33083	0.2609	54.1000446603	4.252
5 5 5			-2.98		-2.67		6.47		0.33134	1.5862	69.0631626084	104.8873
4 2 8			0.12		-2.56		6.23		0.33169	0.7605	51.4203212226	2.5419
2 4 8			0.11		-2.45		6.01		0.33201	0.1687	51.4325245866	2.4593
3 3 13			0.12		-2.33		5.77		0.3318	0.5636	65.4922780779	9.1158
5 1 13			0.1		-2.23		5.58		0.33153	0.4567	71.2764535317	11.3258
4 2 4			-1.74		-3.97		7.32		0.33163	0.7624	43.1345383828	64.2766
1 5 13			0.11		-3.86		7.09		0.33134	1.1973	71.2966048402	12.6128
0 2 8			-0.41		-4.27		7.51		0.33284	0.1155	35.7619852008	1.7384
1 1 13			0.1		-4.17		7.3		0.33253	0.3722	52.9310122384	10.9703
3 1 13			0.09		-4.08		7.11		0.33223	0.3869	59.4126405656	11.7895
1 3 13			0.09		-3.98		6.93		0.33198	0.3907	59.4200243294	11.5335
4 2 6			0.11		-3.87		6.7		0.33198	1.6049	46.7233273538	62.1975
0 6 6			0.08		-3.79		6.55		0.33197	1.0147	60.183190367	40.9583
4 2 0			-0.19		-3.98		6.74		0.33197	0.9287	40.0811891304	86.5118
6 0 6			0.07		-3.92		6.61		0.33195	1.0815	60.1501886982	39.9969
3 1 7			0.07		-3.84		6.46		0.33216	0.257	39.2655360855	5.205
1 3 7			0.07		-3.77		6.31		0.33235	0.1893	39.2755843192	5.3372
0 6 16			0.03		-3.74		6.25		0.3323	0.4825	89.3859051251	7.6515
2 4 6			0.08		-3.66		6.09		0.3323	0.785	46.7364348384	64.2552
9 1 1			0.04		-3.62		6.0		0.33227	0.8793	87.9915459652	19.6393
7 3 1			0.03		-3.59		5.95		0.33224	0.5095	71.5359286583	22.1332
7 1 5			-1.44		-5.03		7.39		0.33257	1.5264	69.0427278305	98.726
1 1 15			0.07		-4.96		7.25		0.33253	0.656	61.3839959686	20.6242
0 6 10			0.03		-4.93		7.19		0.33244	0.8527	69.1637693973	8.5049
2 0 16			0.0		-4.93		7.18		0.33232	0.5935	67.2372591268	11.8907
6 0 0			0.03		-4.9		7.13		0.33232	0.7256	54.7363985401	55.434
6 0 10			0.03		-4.87		7.07		0.33221	1.0728	69.1331306246	8.9056
5 5 1			0.04		-4.83		7.0		0.33217	0.5073	65.769247456	23.9531
3 7 1			0.03		-4.8		6.93		0.33213	1.2822	71.5694631273	22.2453
4 2 10			0.01		-4.8		6.92		0.33203	1.1102	57.0442200735	11.3144
5 3 9			0.02		-4.78		6.88		0.33196	0.4833	65.0662013285	20.8409
0 2 16			-0.03		-4.8		6.91		0.33177	1.8687	67.2407114996	13.8307
4 2 14			-0.03		-4.83		6.94		0.33134	1.2576	70.6282605877	19.9713
2 4 14			-0.01		-4.84		6.95		0.33099	0.5221	70.6383718296	19.4111