HKL Value		Reward		TotalReward	Chi Squared	Z Appr. 	Error	Two-Thetas	Sfs2
4 0 6			0.0		0.0		0.0		0.4	0.38	72.4962488704	6.3028
2 0 5			0.0		0.0		0.0		0.42979	5.26	43.4052500519	0.0
2 0 1			1.0		1.0		0.0		0.42979	0.15	29.01034049	0.0
3 0 4			0.5		1.5		0.0		0.42979	0.64	50.7360354343	0.0
4 0 5			0.33		1.83		0.0		0.42979	0.26	68.3700248267	0.0
2 0 2			-1.0		0.83		0.17		0.42738	0.1	31.1263267788	5.5981
4 0 1			0.2		1.03		0.14		0.42738	0.27	58.8934376912	0.0
0 0 3			0.17		1.2		0.12		0.42738	0.03	19.1797885945	0.0
2 1 0			-0.11		1.09		0.14		0.42738	0.16	38.6117414796	0.0084
3 0 2			0.13		1.21		0.12		0.42738	0.46	45.0164041053	0.0
2 0 3			0.11		1.33		0.11		0.42738	0.09	34.3920319457	0.0
2 2 3			0.04		1.36		0.11		0.42874	0.31	64.6616050849	6.6891
4 0 3			0.09		1.45		0.1		0.42874	0.29	62.1413926063	0.0
3 0 6			0.08		1.54		0.09		0.42874	0.11	59.366558438	0.0
2 0 7			0.08		1.61		0.08		0.42874	4.16	54.6555056564	0.0
0 1 5			0.03		1.64		0.08		0.43034	0.34	41.7114803244	7.6693
1 0 6			0.07		1.71		0.08		0.43034	0.25	41.5701214249	0.0
1 0 8			0.06		1.77		0.07		0.43034	0.24	54.8685935926	0.0
1 0 0			0.06		1.83		0.07		0.43034	0.0	14.0285801003	0.0
0 0 7			0.06		1.88		0.06		0.43034	0.2	45.7499157105	0.0
3 0 8			0.05		1.94		0.06		0.43034	0.3	70.3147352648	0.0
3 1 4			0.05		1.98		0.06		0.43031	0.33	57.7518627408	0.9567
1 0 4			0.05		2.03		0.06		0.43031	0.08	29.3672081998	0.0
3 0 0			0.05		2.08		0.05		0.43031	0.45	42.9814560157	0.0
1 1 4			0.04		2.12		0.05		0.43028	0.3	39.4492672371	0.9567
4 1 1			0.03		2.14		0.05		0.43028	0.21	65.3342299592	0.4263
1 -1 2			-0.03		2.12		0.05		0.43116	0.39	32.1995090242	11.6912
2 1 8			-0.48		1.64		0.1		0.44504	0.22	67.2524657177	7.5134
2 1 1			0.03		1.67		0.09		0.44504	0.13	39.1745550983	0.4263
1 0 7			0.03		1.7		0.09		0.44511	0.54	48.0896902272	2.8781
4 1 5			0.03		1.73		0.09		0.44463	1.53	74.3771604481	7.6693
2 1 7			0.03		1.76		0.09		0.44428	0.57	61.3678684761	8.4036
-1 -1 -2			0.03		1.79		0.08		0.4445	0.31	32.1995090242	11.6912
4 1 4			-0.09		1.7		0.09		0.44525	0.37	71.0458443611	0.4076
0 1 7			0.03		1.73		0.09		0.44492	0.26	53.2385720724	8.4036
3 1 0			0.03		1.75		0.09		0.44492	0.86	50.7823995615	0.002
1 2 6			0.03		1.78		0.09		0.44487	0.11	69.4566609057	1.2895
2 0 0			-0.31		1.47		0.12		0.44487	0.07	28.2731138415	46.4355
2 1 4			-0.05		1.43		0.13		0.44537	2.11	46.9440445598	0.4076
0 1 4			-0.04		1.39		0.13		0.44579	0.09	36.6772811508	0.4076