Number of epochs: 258e-01
1.299846349922740840e-01
-8.500918064722286227e-03
6.438484127616612984e-03
4.855210232214375587e-02
-3.816012618524974170e-02
-1.486609607066179950e-01
1.112366232332255046e-02
-1.768200118063525117e-01
1.970588644758815289e-02
-1.225703701478159796e-01
-1.661332205241338178e-01
5.938472435160125490e-02
-2.392909395037671333e-03
4.143242120848802251e-02
-2.863455188822895958e-01
7.012487497719757656e-02
1.360147071822311211e-02
6.249842741157855819e-02
-8.831064961547530415e-03
-1.206721120933520741e-01
4.392713539740853920e-03
-1.592520898973454890e-01
-2.057126792610672675e-03
-8.502281863675854867e-02
2.137333058808544781e-03
-2.145002246003886170e-01
-2.669998695488227103e-01
5.083346435668352203e-01
-2.676687574482494170e-01
9.050876736124109645e-02
-1.447910894119079916e-01
8.750005673381621163e-01
-1.473687293998335833e-02
4.577944556462455045e-02
-3.531075841543329097e-01
2.503796137248557110e-02
-1.724817076217385892e-01
-1.469575641903632102e-01
-4.345082115461346151e-01
1.519861670819721428e-02
-2.586525708861103223e-01
-1.694443601838475366e-01
-1.629395359917362174e-01
-2.586572386415203484e-01
-1.783472931865565103e-02
4.373422554116870864e-02
-1.057390077000529803e-02
1.028800483404063854e-01
-3.750911301966019379e-02
3.099951016276377147e-01
-1.361244249800095119e-01
8.539580484702405383e-02
-8.766012984096160920e-02
5.269723879080279866e-02
-1.378223145381946534e-02
-1.064532645237821901e-01
1.787545304610603167e-02
-4.308537030544360991e-01
3.151328468356909274e-02
-2.094413742448586746e-01
-1.435601162447583574e-02
-2.076055012224082078e-02
-2.581591013116564803e-01
-5.170875634493140444e-03
-1.030249858059576612e-01
1.672434014422570850e-02
-3.555643483554343232e-01
1.586205979666969190e-01
-2.898664273651027634e-01
5.531021162285477966e-02
-4.687537432965191431e-02
2.071615997681206800e-01
3.653924228501233440e+00
-2.128653000897119674e-02
3.340511554511632619e-02
-1.816371985931880539e-02
-5.873908342671771421e-02
1.359855107971966529e-02
-8.604372586841707929e-03
5.440856168117834402e-02
8.107968415632575351e-03
1.431593642473657189e-02
-7.544538123504338639e-03
-1.235448516202493074e-01
