HKL Value		Reward		TotalReward	Chi Squared	Z Appr. 	Error	Two-Thetas	Sfs2
1 0 8			0.0		0.0		0.0		0.5	0.24	54.8685935926	0.0
3 0 0			0.0		0.0		0.0		0.49995	0.45	42.9814560157	0.0
2 2 5			-1.0		-1.0		0.0		0.45597	0.26	70.7747179536	2.8196
4 0 3			0.5		-0.5		0.0		0.45597	0.29	62.1413926063	0.0
2 0 1			0.33		-0.17		0.0		0.45597	0.15	29.01034049	0.0
3 0 4			0.25		0.08		0.0		0.45597	0.64	50.7360354343	0.0
0 0 3			0.2		0.28		0.0		0.45597	0.03	19.1797885945	0.0
1 0 4			0.17		0.45		0.0		0.45597	0.08	29.3672081998	0.0
2 0 3			0.14		0.59		0.0		0.45597	0.09	34.3920319457	0.0
2 0 7			0.12		0.72		0.0		0.45597	4.16	54.6555056564	0.0
3 1 7			-1.0		-0.28		0.05		0.44002	0.32	70.7276559911	1.1017
3 0 2			0.1		-0.18		0.05		0.44002	0.46	45.0164041053	0.0
4 0 1			0.09		-0.09		0.04		0.44002	0.27	58.8934376912	0.0
4 0 5			0.08		-0.01		0.04		0.44002	0.26	68.3700248267	0.0
2 0 5			0.08		0.07		0.04		0.44002	5.26	43.4052500519	0.0
2 1 4			-0.4		-0.34		0.06		0.44263	2.11	46.9440445598	0.4076
3 0 6			0.07		-0.27		0.06		0.44263	0.11	59.366558438	0.0
3 0 8			0.06		-0.21		0.05		0.44263	0.3	70.3147352648	0.0
0 1 6			-0.48		-0.68		0.1		0.45103	0.0	47.2608104201	2.0239
1 0 0			0.06		-0.63		0.1		0.45103	0.0	14.0285801003	0.0
0 0 7			0.05		-0.57		0.09		0.45103	0.2	45.7499157105	0.0
1 1 2			0.05		-0.52		0.09		0.45105	0.52	32.1995090242	11.6912
4 0 2			-0.35		-0.88		0.14		0.45059	0.26	60.1237214722	5.5981
0 2 7			0.04		-0.83		0.13		0.45079	0.0	72.5085769296	0.0094
1 0 6			0.04		-0.79		0.12		0.45079	0.25	41.5701214249	0.0
-1 -1 -2			0.04		-0.75		0.12		0.45083	0.31	32.1995090242	11.6912
3 1 0			0.04		-0.71		0.12		0.45083	0.86	50.7823995615	0.002
0 1 4			-0.06		-0.77		0.12		0.45086	0.09	36.6772811508	0.4076
2 1 1			0.03		-0.74		0.12		0.45085	0.13	39.1745550983	0.4263
3 1 4			0.03		-0.71		0.12		0.45083	0.33	57.7518627408	0.9567
1 0 1			-0.0		-0.71		0.12		0.45074	0.06	15.4189733366	0.0644
4 1 1			0.03		-0.68		0.11		0.45074	0.21	65.3342299592	0.4263
1 1 6			0.03		-0.65		0.11		0.45068	0.38	49.5460147793	8.8974
-1 -1 2			0.03		-0.62		0.11		0.45071	0.13	32.1995090242	11.6912
3 1 2			0.03		-0.59		0.1		0.45071	0.11	52.5840292854	11.6912
1 1 3			-0.22		-0.81		0.13		0.45044	0.54	35.3770121777	12.6586
1 -1 2			0.03		-0.78		0.13		0.45047	0.39	32.1995090242	11.6912
0 1 7			0.02		-0.76		0.13		0.45004	0.26	53.2385720724	8.4036
1 1 4			0.02		-0.74		0.12		0.45004	0.3	39.4492672371	0.9567
1 0 7			0.02		-0.72		0.12		0.44978	0.54	48.0896902272	2.8781
4 0 6			-0.15		-0.87		0.14		0.44724	0.38	72.4962488704	6.3028
4 1 5			0.02		-0.85		0.14		0.44705	1.53	74.3771604481	7.6693
4 1 3			0.02		-0.83		0.14		0.44705	0.15	68.408649436	0.0043
2 1 7			0.02		-0.81		0.13		0.44681	0.57	61.3678684761	8.4036
0 1 5			0.02		-0.79		0.13		0.44664	0.34	41.7114803244	7.6693
3 2 4			0.0		-0.79		0.13		0.4462	0.0	76.369138646	3.3351
2 2 3			0.02		-0.77		0.13		0.44609	0.31	64.6616050849	6.6891
3 0 7			0.02		-0.75		0.13		0.44609	0.18	64.5726747292	2.8781
1 1 5			-0.11		-0.86		0.14		0.44466	3.06	44.2189644299	8.5457
2 0 -4			-0.01		-0.87		0.14		0.44431	0.31	38.5541558059	1.7476
3 2 3			-0.06		-0.92		0.15		0.44436	1.08	73.8091166097	1.7896