HKL Value		Reward		TotalReward	Chi Squared	Z Appr. 	Error	Two-Thetas	Sfs2
1 0 8			0.0		0.0		0.0		0.5	0.24	54.8685935926	0.0
3 0 0			0.0		0.0		0.0		0.49995	0.45	42.9814560157	0.0
0 1 7			-1.0		-1.0		0.0		0.48632	0.26	53.2385720724	8.4036
4 0 3			0.5		-0.5		0.0		0.48632	0.29	62.1413926063	0.0
2 0 1			0.33		-0.17		0.0		0.48632	0.15	29.01034049	0.0
0 0 3			0.25		0.08		0.0		0.48632	0.03	19.1797885945	0.0
3 2 0			-1.0		-0.92		0.03		0.48632	0.67	70.467230504	2.2538
1 1 3			-0.77		-1.69		0.12		0.49468	0.54	35.3770121777	12.6586
3 0 2			0.14		-1.54		0.1		0.49468	0.46	45.0164041053	0.0
2 0 7			0.12		-1.42		0.09		0.49468	4.16	54.6555056564	0.0
1 0 4			0.11		-1.31		0.08		0.49468	0.08	29.3672081998	0.0
3 0 4			0.1		-1.21		0.07		0.49468	0.64	50.7360354343	0.0
2 0 3			0.09		-1.12		0.07		0.49468	0.09	34.3920319457	0.0
1 1 4			-0.01		-1.12		0.07		0.49423	0.3	39.4492672371	0.9567
1 1 2			-0.23		-1.36		0.09		0.48856	0.52	32.1995090242	11.6912
1 0 0			0.07		-1.28		0.08		0.48856	0.0	14.0285801003	0.0
2 1 7			0.06		-1.22		0.08		0.48752	0.57	61.3678684761	8.4036
2 2 5			-0.08		-1.3		0.08		0.44738	0.26	70.7747179536	2.8196
4 0 1			0.06		-1.24		0.08		0.44738	0.27	58.8934376912	0.0
4 0 5			0.06		-1.18		0.08		0.44738	0.26	68.3700248267	0.0
3 0 6			0.05		-1.13		0.07		0.44738	0.11	59.366558438	0.0
2 0 5			0.05		-1.08		0.07		0.44738	5.26	43.4052500519	0.0
0 0 7			0.05		-1.03		0.07		0.44738	0.2	45.7499157105	0.0
3 0 8			0.05		-0.99		0.06		0.44738	0.3	70.3147352648	0.0
1 0 6			0.04		-0.95		0.06		0.44738	0.25	41.5701214249	0.0
3 1 0			0.04		-0.91		0.06		0.44738	0.86	50.7823995615	0.002
4 1 1			0.03		-0.88		0.06		0.44738	0.21	65.3342299592	0.4263
2 0 4			-0.11		-0.99		0.06		0.44317	0.23	38.5541558059	1.7476
4 1 3			0.04		-0.95		0.06		0.44317	0.15	68.408649436	0.0043
2 1 1			0.02		-0.92		0.06		0.44317	0.13	39.1745550983	0.4263
3 1 2			0.03		-0.9		0.06		0.44386	0.11	52.5840292854	11.6912
-1 -1 -2			0.03		-0.87		0.06		0.44452	0.31	32.1995090242	11.6912
3 1 4			0.03		-0.85		0.05		0.44441	0.33	57.7518627408	0.9567
-1 -1 2			0.02		-0.82		0.05		0.44495	0.13	32.1995090242	11.6912
1 -1 2			0.02		-0.8		0.05		0.44546	0.39	32.1995090242	11.6912
1 1 6			0.02		-0.78		0.05		0.44668	0.38	49.5460147793	8.8974
4 1 5			0.01		-0.77		0.05		0.44578	1.53	74.3771604481	7.6693
0 1 6			-0.24		-1.0		0.07		0.4542	0.0	47.2608104201	2.0239
1 0 7			-0.0		-1.0		0.07		0.45279	0.54	48.0896902272	2.8781
1 0 1			-0.03		-1.03		0.07		0.45268	0.06	15.4189733366	0.0644