HKL Value		Reward		TotalReward	Chi Squared	Z Appr. 	Error	Two-Thetas	Sfs2
5 5 7			0.0		0.0		0.0		0.3	0.6639	72.2860687267	4.3062
3 5 3			0.0		0.0		28.98		0.33819	0.9259	54.5093201099	87.7589
1 3 7			1.0		1.0		14.5		0.33787	0.1893	39.2755843192	5.3372
1 5 7			0.5		1.5		9.67		0.33774	0.6035	54.1236034243	4.2528
4 6 0			0.33		1.83		7.26		0.33774	0.7863	67.1083315067	59.4729
1 1 7			0.25		2.08		5.81		0.33779	0.2012	29.7561292971	6.5386
3 1 5			-0.65		1.43		16.5		0.37852	2.8985	34.1781376955	186.2389
5 1 5			-0.07		1.36		17.82		0.38018	1.1901	50.2495039981	127.1383
2 4 8			0.06		1.42		16.81		0.38142	0.1687	51.4325245866	2.4593
0 2 20			0.07		1.49		15.68		0.3844	0.4494	86.0769303832	2.8517
3 5 7			0.1		1.59		14.32		0.38413	0.2309	60.5203777188	5.6046
5 1 7			0.08		1.67		13.25		0.38384	0.2609	54.1000446603	4.252
2 4 6			-0.13		1.54		15.23		0.38353	0.785	46.7364348384	64.2552
3 3 7			0.06		1.59		14.42		0.38313	0.1558	47.1418707618	3.5073
0 2 8			0.07		1.66		13.46		0.3832	0.1155	35.7619852008	1.7384
4 2 8			0.03		1.7		13.04		0.38346	0.7605	51.4203212226	2.5419
0 6 8			0.04		1.74		12.53		0.38365	0.7694	64.1950429677	5.6946
0 4 14			-0.29		1.45		17.54		0.3833	1.2337	67.7597167724	121.3788
5 3 7			0.05		1.5		16.65		0.38311	0.2523	60.5057581853	5.4388
4 4 4			-0.1		1.4		18.52		0.38316	0.8476	53.9354251327	76.9211
3 1 7			0.05		1.45		17.7		0.38292	0.257	39.2655360855	5.205
6 4 0			0.05		1.5		16.85		0.38292	1.8287	67.0910631577	58.6803
4 0 2			-0.13		1.37		19.47		0.38311	1.7854	36.5531212028	138.5255
6 0 8			0.03		1.4		18.88		0.38332	2.9234	64.163237895	5.3359
4 6 2			0.04		1.44		18.15		0.38334	0.2349	67.657370766	5.5969
6 0 2			0.04		1.48		17.44		0.38335	0.2214	55.354768557	5.4487
3 1 9			0.04		1.51		16.84		0.3834	0.36	45.2950695798	8.7768
2 0 14			0.04		1.55		16.23		0.38331	0.2634	58.6945218607	7.3942
6 4 6			0.0		1.55		16.18		0.38307	0.9247	71.9614498967	41.9809
2 0 12			0.02		1.57		15.94		0.38318	0.8079	50.6101057273	16.6151
6 0 6			-0.01		1.56		16.15		0.38298	1.0815	60.1501886982	39.9969
1 5 9			0.01		1.57		15.97		0.38301	0.4394	58.984264935	17.7365
0 2 12			0.01		1.58		15.78		0.38312	0.3827	50.6142203783	17.5707
3 5 9			0.01		1.59		15.63		0.38317	0.4755	65.0802252419	19.5165
1 3 9			0.03		1.62		15.2		0.38321	0.2622	45.3040218183	7.1674
1 3 15			0.03		1.64		14.79		0.38339	0.2862	67.3623786269	8.1809
4 6 6			-0.0		1.64		14.8		0.38315	1.1903	71.9781772466	41.9784
2 6 0			-0.32		1.32		21.85		0.38315	4.3567	58.0028534629	558.9791
0 6 2			0.03		1.35		21.28		0.38316	0.2356	55.3895592761	6.1752
4 2 14			0.02		1.36		20.94		0.38342	1.2576	70.6282605877	19.9713
7 3 1			0.02		1.38		20.62		0.38341	0.5095	71.5359286583	22.1332
7 1 7			0.02		1.4		20.15		0.38326	0.3505	72.2660298289	5.0526
4 0 8			-0.09		1.32		22.05		0.3829	2.9483	47.8850437629	244.3799
0 6 14			0.01		1.32		21.89		0.38314	0.9096	81.7552219026	27.2955
6 0 0			0.02		1.34		21.5		0.38314	0.7256	54.7363985401	55.434
6 4 2			0.02		1.36		21.05		0.38316	0.2211	67.6401768609	4.8049
3 3 9			0.02		1.38		20.69		0.3832	0.3816	52.4524123761	12.0632
4 2 6			-0.01		1.37		20.99		0.38295	1.6049	46.7233273538	62.1975
0 6 6			-0.0		1.37		21.02		0.38275	1.0147	60.183190367	40.9583
1 7 5			0.01		1.38		20.75		0.38287	1.0841	69.0835930101	99.7513
1 1 9			0.01		1.39		20.58		0.38253	0.2216	37.1193146943	1.1702
3 3 13			0.24		1.62		16.65		0.35834	0.5636	65.4922780779	9.1158
0 2 14			0.02		1.64		16.35		0.35841	0.2479	58.6982494177	6.3292
9 1 1			0.01		1.65		16.13		0.35837	0.8793	87.9915459652	19.6393
0 6 16			0.02		1.67		15.87		0.35889	0.4825	89.3859051251	7.6515
6 0 10			0.01		1.68		15.66		0.35875	1.0728	69.1331306246	8.9056
2 6 2			-0.07		1.61		16.89		0.35912	1.2892	58.5985395934	134.3564
5 1 13			0.02		1.63		16.63		0.35962	0.4567	71.2764535317	11.3258
3 1 15			0.01		1.64		16.4		0.35982	0.2871	67.3554895111	7.7692
0 2 2			-0.01		1.63		16.58		0.35978	0.4614	19.2417464495	36.8131
2 0 16			0.01		1.65		16.34		0.36046	0.5935	67.2372591268	11.8907
2 0 8			0.02		1.66		16.08		0.36045	0.1665	35.7565424018	1.5727
5 5 1			0.01		1.67		15.91		0.36041	0.5073	65.769247456	23.9531
4 2 10			0.01		1.68		15.76		0.36027	1.1102	57.0442200735	11.3144
5 1 9			0.01		1.69		15.57		0.35975	0.4583	58.9619928854	19.0838
4 2 2			0.01		1.7		15.44		0.35975	0.457	40.8620305525	12.2524
7 1 1			0.01		1.71		15.36		0.35972	0.5207	65.7483230412	25.2044
2 4 12			0.01		1.72		15.14		0.35951	0.2205	63.4791913795	4.8908
0 6 0			0.01		1.73		15.01		0.35951	1.4277	54.7714555341	59.4019
6 0 12			0.01		1.75		14.8		0.35961	0.5892	74.995462768	0.9301
0 2 18			0.01		1.76		14.6		0.35959	0.3755	76.3208597895	3.7538
1 7 1			0.0		1.76		14.55		0.35953	0.5219	65.7901743415	26.2984
1 5 1			0.0		1.76		14.52		0.35949	0.4978	46.196563203	27.3004
3 3 3			-0.01		1.76		14.64		0.35931	0.8081	39.7679129272	70.9373
1 5 5			-0.03		1.72		15.15		0.36014	1.8923	50.2743192378	127.3636
0 6 12			0.01		1.74		14.95		0.36009	0.3425	75.0250979777	1.887
4 2 0			0.0		1.74		14.92		0.36009	0.9287	40.0811891304	86.5118
0 4 20			0.01		1.75		14.78		0.36142	1.027	94.1654323607	18.6345
1 3 13			0.01		1.76		14.6		0.36155	0.3907	59.4200243294	11.5335
1 1 15			0.0		1.76		14.55		0.36169	0.656	61.3839959686	20.6242
7 3 5			-0.0		1.76		14.55		0.36192	1.0496	74.7140851895	88.0788
3 3 1			0.0		1.76		14.54		0.3619	0.5106	38.1558496662	33.1617
1 1 3			-0.0		1.76		14.55		0.36185	0.4514	16.9416048235	36.8187
6 4 4			0.0		1.76		14.54		0.36189	0.6669	69.2748711385	33.991
1 3 3			-0.01		1.76		14.65		0.36182	0.7045	30.3940112777	66.1614
4 4 10			-0.01		1.75		14.75		0.36206	0.6886	66.23802526	47.6672
3 3 15			0.01		1.76		14.59		0.3621	0.3402	73.0835579415	3.8877
0 4 16			0.01		1.77		14.47		0.36256	1.5557	75.7704700384	94.8658
2 0 6			-0.02		1.75		14.71		0.36226	1.6278	29.1406672869	128.8477
0 0 6			-0.23		1.52		19.13		0.36145	7.4326	23.0169618987	709.6598
5 1 1			0.0		1.53		19.04		0.36143	0.5346	46.1701152	26.7419
2 2 16			0.0		1.53		18.96		0.36207	1.1693	70.1293332912	108.6018
3 1 1			-0.0		1.53		18.97		0.36205	0.5239	28.3131072915	41.7464
0 2 10			0.0		1.53		18.91		0.362	0.4317	42.9590557724	21.0204
3 7 5			0.0		1.54		18.87		0.36218	1.0548	74.7470539899	89.5814
2 4 0			0.0		1.54		18.82		0.36218	1.4359	40.0960076051	88.2765
0 0 16			0.0		1.54		18.75		0.36274	1.3342	64.286058028	116.6634
2 0 0			-0.01		1.53		19.03		0.36274	2.02	17.6289686615	175.6782
3 1 13			0.01		1.54		18.84		0.36278	0.3869	59.4126405656	11.7895
0 0 18			0.01		1.54		18.71		0.36285	0.6609	73.530655613	37.988
0 4 18			0.01		1.55		18.52		0.36286	0.8369	84.5238780681	17.4513
6 2 10			0.0		1.55		18.52		0.36304	0.7103	71.9901825081	43.9921