HKL Value		Reward		TotalReward	Chi Squared	Z Appr. 	Error	Two-Thetas	Sfs2
1 5 5			0.0		0.0		0.0		0.3	1.8923	50.2743192378	127.3636
5 5 7			0.0		0.0		26.0		0.38175	0.6639	72.2860687267	4.3062
0 2 22			-0.18		-0.18		31.82		0.3656	1.8317	96.7387030121	97.213
1 3 7			0.47		0.29		21.64		0.36572	0.1893	39.2755843192	5.3372
1 5 7			0.31		0.6		16.51		0.36582	0.6035	54.1236034243	4.2528
0 0 8			-0.47		0.13		30.91		0.36734	2.1948	30.8548203523	183.9052
4 6 0			0.2		0.33		25.77		0.36734	0.7863	67.1083315067	59.4729
1 1 7			0.16		0.49		22.24		0.36748	0.2012	29.7561292971	6.5386
2 0 0			-0.12		0.37		25.25		0.36748	2.02	17.6289686615	175.6782
2 4 8			0.08		0.45		23.31		0.36645	0.1687	51.4325245866	2.4593
0 2 20			0.1		0.55		21.21		0.36479	0.4494	86.0769303832	2.8517
3 5 7			0.09		0.65		19.43		0.36483	0.2309	60.5203777188	5.6046
5 1 7			0.08		0.73		17.91		0.36487	0.2609	54.1000446603	4.252
3 3 7			0.08		0.81		16.58		0.36489	0.1558	47.1418707618	3.5073
0 2 8			0.07		0.89		15.43		0.36481	0.1155	35.7619852008	1.7384
4 2 8			0.05		0.93		14.74		0.3644	0.7605	51.4203212226	2.5419
0 6 8			0.05		0.98		14.03		0.36409	0.7694	64.1950429677	5.6946
5 3 7			0.05		1.04		13.3		0.36412	0.2523	60.5057581853	5.4388
5 5 5			-0.02		1.02		13.53		0.36464	1.5862	69.0631626084	104.8873
3 1 7			0.05		1.07		12.89		0.36468	0.257	39.2655360855	5.205
6 4 0			0.05		1.12		12.24		0.36468	1.8287	67.0910631577	58.6803
4 6 2			0.04		1.16		11.79		0.36469	0.2349	67.657370766	5.5969
6 0 2			0.04		1.2		11.32		0.36472	0.2214	55.354768557	5.4487
3 1 9			0.03		1.23		11.0		0.36455	0.36	45.2950695798	8.7768
2 0 14			0.04		1.28		10.54		0.36445	0.2634	58.6945218607	7.3942
6 4 6			0.04		1.32		10.13		0.36436	0.9247	71.9614498967	41.9809
6 0 6			0.02		1.34		9.92		0.36405	1.0815	60.1501886982	39.9969
1 5 9			0.01		1.35		9.8		0.36366	0.4394	58.984264935	17.7365
0 2 12			0.01		1.36		9.73		0.36325	0.3827	50.6142203783	17.5707
3 5 9			0.0		1.36		9.72		0.36278	0.4755	65.0802252419	19.5165
1 3 9			0.03		1.39		9.46		0.36247	0.2622	45.3040218183	7.1674
1 3 15			0.02		1.41		9.25		0.36266	0.2862	67.3623786269	8.1809
4 6 6			0.03		1.44		8.96		0.36261	1.1903	71.9781772466	41.9784
2 0 12			0.01		1.45		8.88		0.36202	0.8079	50.6101057273	16.6151
4 0 8			-0.25		1.2		11.79		0.3634	2.9483	47.8850437629	244.3799
6 2 10			-0.01		1.19		11.95		0.36405	0.7103	71.9901825081	43.9921
3 3 15			0.03		1.22		11.64		0.3641	0.3402	73.0835579415	3.8877
0 0 14			-0.02		1.2		11.83		0.36326	0.8389	55.4890953336	74.9432
0 6 2			0.02		1.22		11.57		0.3633	0.2356	55.3895592761	6.1752
4 2 14			0.02		1.24		11.33		0.36302	1.2576	70.6282605877	19.9713
5 3 5			-0.07		1.18		12.15		0.3637	2.2247	56.9473208346	134.0256
7 3 1			0.01		1.19		12.01		0.36366	0.5095	71.5359286583	22.1332
7 1 7			0.02		1.21		11.77		0.36369	0.3505	72.2660298289	5.0526
0 6 14			0.02		1.22		11.59		0.36335	0.9096	81.7552219026	27.2955
3 3 13			0.02		1.25		11.33		0.36316	0.5636	65.4922780779	9.1158
1 1 5			-0.16		1.09		13.51		0.36386	1.9661	22.8949597146	247.5537
6 0 0			0.01		1.1		13.32		0.36386	0.7256	54.7363985401	55.434
6 4 2			0.02		1.12		13.08		0.36386	0.2211	67.6401768609	4.8049
3 3 9			0.01		1.13		12.91		0.36369	0.3816	52.4524123761	12.0632
4 2 0			0.0		1.13		12.91		0.36369	0.9287	40.0811891304	86.5118
2 2 2			-0.1		1.03		14.34		0.36385	1.1162	26.2109248846	125.5642
4 2 6			0.01		1.04		14.27		0.36352	1.6049	46.7233273538	62.1975
0 6 6			0.01		1.05		14.08		0.36329	1.0147	60.183190367	40.9583
2 6 8			-0.08		0.96		15.38		0.36389	4.3291	67.1483383839	218.3417
4 4 2			-0.07		0.89		16.62		0.36404	1.2125	52.0311030722	128.6454
1 1 9			0.02		0.91		16.32		0.36404	0.2216	37.1193146943	1.1702
0 2 14			0.02		0.93		16.03		0.36404	0.2479	58.6982494177	6.3292
9 1 1			0.01		0.94		15.84		0.36401	0.8793	87.9915459652	19.6393
0 6 16			0.02		0.96		15.58		0.36375	0.4825	89.3859051251	7.6515
0 0 6			-0.3		0.65		22.34		0.36263	7.4326	23.0169618987	709.6598
1 7 1			0.01		0.66		22.15		0.3626	0.5219	65.7901743415	26.2984
6 0 10			0.01		0.67		21.87		0.36256	1.0728	69.1331306246	8.9056
5 1 13			0.02		0.69		21.52		0.36263	0.4567	71.2764535317	11.3258
4 4 4			-0.02		0.67		21.99		0.36256	0.8476	53.9354251327	76.9211
3 1 15			0.01		0.68		21.69		0.36264	0.2871	67.3554895111	7.7692
2 0 16			0.02		0.7		21.36		0.36275	0.5935	67.2372591268	11.8907
2 0 8			0.02		0.71		21.04		0.36272	0.1665	35.7565424018	1.5727
5 5 1			0.01		0.72		20.82		0.3627	0.5073	65.769247456	23.9531
4 2 10			0.01		0.73		20.61		0.36266	1.1102	57.0442200735	11.3144
5 1 9			0.01		0.74		20.4		0.36245	0.4583	58.9619928854	19.0838
0 0 4			-0.01		0.73		20.71		0.36242	0.8482	15.2869714585	59.1035
4 2 2			0.01		0.74		20.51		0.36243	0.457	40.8620305525	12.2524
2 4 12			0.01		0.75		20.25		0.36235	0.2205	63.4791913795	4.8908
0 6 0			0.01		0.76		20.06		0.36235	1.4277	54.7714555341	59.4019
6 0 12			0.01		0.78		19.79		0.36233	0.5892	74.995462768	0.9301
5 3 3			-0.01		0.76		20.02		0.36222	0.9351	54.4936931553	89.9375
1 5 1			0.01		0.77		19.91		0.3622	0.4978	46.196563203	27.3004
0 2 2			-0.0		0.76		20.0		0.36218	0.4614	19.2417464495	36.8131
4 2 12			0.01		0.78		19.76		0.36209	0.2244	63.468523569	4.7972
4 4 10			-0.0		0.78		19.8		0.3624	0.6886	66.23802526	47.6672
3 3 3			-0.0		0.77		19.86		0.36232	0.8081	39.7679129272	70.9373
0 4 20			0.01		0.78		19.62		0.36258	1.027	94.1654323607	18.6345
1 3 13			0.01		0.8		19.38		0.36263	0.3907	59.4200243294	11.5335
3 3 1			0.0		0.8		19.31		0.36262	0.5106	38.1558496662	33.1617
1 1 3			0.0		0.8		19.27		0.36257	0.4514	16.9416048235	36.8187
6 4 4			0.0		0.81		19.2		0.36261	0.6669	69.2748711385	33.991
0 6 10			0.01		0.81		19.03		0.36258	0.8527	69.1637693973	8.5049
7 3 5			0.0		0.82		18.97		0.36276	1.0496	74.7140851895	88.0788
1 3 3			-0.0		0.81		19.03		0.3627	0.7045	30.3940112777	66.1614
1 1 15			0.01		0.82		18.92		0.36279	0.656	61.3839959686	20.6242
2 4 6			0.0		0.83		18.83		0.36261	0.785	46.7364348384	64.2552
0 2 18			0.01		0.84		18.64		0.36262	0.3755	76.3208597895	3.7538
2 2 16			0.01		0.84		18.53		0.3631	1.1693	70.1293332912	108.6018
3 1 1			-0.0		0.84		18.54		0.36308	0.5239	28.3131072915	41.7464
2 6 6			-0.08		0.76		20.21		0.36261	5.383	63.2392339525	346.2148
6 0 8			0.01		0.77		20.03		0.36251	2.9234	64.163237895	5.3359
0 6 12			0.01		0.78		19.82		0.36249	0.3425	75.0250979777	1.887
0 2 10			0.0		0.78		19.76		0.36245	0.4317	42.9590557724	21.0204
3 7 5			0.0		0.78		19.71		0.36261	1.0548	74.7470539899	89.5814
2 4 0			0.0		0.79		19.65		0.36261	1.4359	40.0960076051	88.2765
0 0 16			0.0		0.79		19.56		0.36311	1.3342	64.286058028	116.6634
7 1 1			0.0		0.8		19.47		0.36309	0.5207	65.7483230412	25.2044