Number of epochs: 08e-03
-1.709727070363348533e-01
1.000000000000000000e+00
1.000000000000000000e+00
1.000000000000000000e+00
1.000000000000000000e+00
1.000000000000000000e+00
1.000000000000000000e+00
1.000000000000000000e+00
1.000000000000000000e+00
1.000000000000000000e+00
1.000000000000000000e+00
1.000000000000000000e+00
6.240868830881302759e-02
1.000000000000000000e+00
1.000000000000000000e+00
-5.498768697420612916e-01
1.000000000000000000e+00
1.580909075929224500e-02
1.915356293955220932e-02
1.000000000000000000e+00
1.000000000000000000e+00
1.000000000000000000e+00
1.000000000000000000e+00
8.630185993329662908e-02
2.177418973298265656e-02
1.000000000000000000e+00
1.000000000000000000e+00
1.000000000000000000e+00
1.000000000000000000e+00
-1.616647479581068136e-02
1.000000000000000000e+00
1.000000000000000000e+00
1.000000000000000000e+00
1.000000000000000000e+00
-1.169184987384621482e-01
1.000000000000000000e+00
1.000000000000000000e+00
-2.269743100162167557e-02
1.674174911300064378e-02
7.012741279045096865e-02
-7.456428682459685930e-01
1.000000000000000000e+00
1.375428168860483476e-02
1.000000000000000000e+00
2.323941215512756453e-02
1.000000000000000000e+00
1.887009925854060341e-02
2.050409994512251630e-02
1.000000000000000000e+00
1.000000000000000000e+00
1.000000000000000000e+00
1.000000000000000000e+00
1.000000000000000000e+00
1.000000000000000000e+00
1.000000000000000000e+00
1.000000000000000000e+00
1.000000000000000000e+00
3.142871209234750218e-02
1.000000000000000000e+00
1.000000000000000000e+00
1.000000000000000000e+00
-4.464726834569371361e-02
1.320839088431764730e-02
1.076350429433228090e-02
3.180898336868506326e-03
1.000000000000000000e+00
1.000000000000000000e+00
1.000000000000000000e+00
1.000000000000000000e+00
1.000000000000000000e+00
1.000000000000000000e+00
-2.462596790329577359e-02
1.000000000000000000e+00
1.000000000000000000e+00
1.000000000000000000e+00
-1.539253839329604232e-02
1.000000000000000000e+00
1.000000000000000000e+00
1.000000000000000000e+00
-2.349510595949421965e-01
-2.919786372278036692e-03
1.000000000000000000e+00
-5.877479869690407921e-04
1.000000000000000000e+00
1.000000000000000000e+00
-1.246019457877560882e-01
3.627296247387796768e-01
1.553413527615941925e-02
1.000000000000000000e+00
1.000000000000000000e+00
1.000000000000000000e+00
-1.019953240771407643e-01
1.000000000000000000e+00
1.000000000000000000e+00
1.000000000000000000e+00
1.000000000000000000e+00
1.000000000000000000e+00
1.866217952869392988e-02
1.000000000000000000e+00
1.000000000000000000e+00
1.000000000000000000e+00
-1.966961931536662447e-02
1.156814121743193931e-02
1.000000000000000000e+00
1.000000000000000000e+00
1.000000000000000000e+00
1.592422485226203249e-02
1.000000000000000000e+00
1.000000000000000000e+00
1.000000000000000000e+00
1.000000000000000000e+00
-2.085154986757517259e-01
1.000000000000000000e+00
-3.205505663740538646e-03
1.000000000000000000e+00
1.781315262311211969e-02
1.000000000000000000e+00
-1.477975094695077596e-01
1.000000000000000000e+00
1.000000000000000000e+00
1.000000000000000000e+00
-3.169136161938636287e-02
1.000000000000000000e+00
1.000000000000000000e+00
1.000000000000000000e+00
3.333025043554621036e-01
1.000000000000000000e+00
3.073181083017430260e-02
1.000000000000000000e+00
1.000000000000000000e+00
1.000000000000000000e+00
1.000000000000000000e+00
1.000000000000000000e+00
1.000000000000000000e+00
1.000000000000000000e+00
1.000000000000000000e+00
1.000000000000000000e+00
5.189500589924898183e-02
1.602669735917755869e-02
1.000000000000000000e+00
4.341039092131911137e-02
2.173898012349416084e-02
1.000000000000000000e+00
1.000000000000000000e+00
-1.519141719114343314e-01
1.000000000000000000e+00
1.000000000000000000e+00
1.000000000000000000e+00
1.000000000000000000e+00
-3.609486125649755128e-02
-3.962694161117411018e-02
1.000000000000000000e+00
1.000000000000000000e+00
3.355963694163673072e-02
1.000000000000000000e+00
1.000000000000000000e+00
1.622952074824040788e-02
1.000000000000000000e+00
1.000000000000000000e+00
1.000000000000000000e+00
1.000000000000000000e+00
1.000000000000000000e+00
-3.083300153682133060e-01
1.000000000000000000e+00
1.297473471285303867e-02
-8.127919461569385953e-03
1.000000000000000000e+00
1.000000000000000000e+00
1.000000000000000000e+00
1.000000000000000000e+00
1.000000000000000000e+00
1.000000000000000000e+00
-9.185230301983924803e-03
1.000000000000000000e+00
1.000000000000000000e+00
-3.827540077548240993e-01
2.168821925032079698e-02
1.721654826966901447e-02
1.000000000000000000e+00
1.000000000000000000e+00
1.902572956433072268e-02
1.000000000000000000e+00
1.000000000000000000e+00
-2.887448066857736251e-01
1.000000000000000000e+00
3.695758871226277609e-02
3.125157261381655838e-02
1.000000000000000000e+00
1.000000000000000000e+00
1.000000000000000000e+00
1.000000000000000000e+00
1.000000000000000000e+00
2.933734461117930986e-02
1.000000000000000000e+00
1.000000000000000000e+00
1.000000000000000000e+00
1.690592004577765040e-02
