HKL Value		Reward		TotalReward	Chi Squared	Z Appr. 	Error	Two-Thetas	Sfs2
1 3 1			0.0		0.0		0.0		0.3	0.5324	28.3265170018	42.1271
1 5 13			0.0		0.0		8.27		0.28656	1.1973	71.2966048402	12.6128
0 6 16			1.58		1.58		5.12		0.28548	0.4825	89.3859051251	7.6515
2 4 14			0.77		2.35		3.58		0.28551	0.5221	70.6383718296	19.4111
4 6 2			0.44		2.79		2.7		0.28555	0.2349	67.657370766	5.5969
2 4 8			0.25		3.03		2.2		0.28589	0.1687	51.4325245866	2.4593
3 3 13			0.18		3.21		1.85		0.28556	0.5636	65.4922780779	9.1158
3 1 13			0.12		3.33		1.6		0.28588	0.3869	59.4126405656	11.7895
5 1 13			0.1		3.43		1.41		0.28598	0.4567	71.2764535317	11.3258
0 6 2			0.03		3.46		1.35		0.28596	0.2356	55.3895592761	6.1752
4 6 0			0.07		3.52		1.22		0.28596	0.7863	67.1083315067	59.4729
2 0 14			0.03		3.56		1.16		0.28597	0.2634	58.6945218607	7.3942
5 5 1			0.04		3.6		1.08		0.28595	0.5073	65.769247456	23.9531
6 0 2			0.02		3.61		1.04		0.28593	0.2214	55.354768557	5.4487
4 2 10			-0.16		3.46		1.2		0.28506	1.1102	57.0442200735	11.3144
6 4 0			0.04		3.5		1.12		0.28506	1.8287	67.0910631577	58.6803
6 4 2			0.03		3.52		1.07		0.28508	0.2211	67.6401768609	4.8049
4 2 14			0.01		3.54		1.04		0.28511	1.2576	70.6282605877	19.9713
7 3 1			0.02		3.55		1.0		0.28508	0.5095	71.5359286583	22.1332
6 2 2			-5.71		-2.16		6.72		0.28516	3.3001	58.5687226088	135.1206
6 0 12			0.17		-1.99		6.39		0.28519	0.5892	74.995462768	0.9301
1 1 3			-0.7		-2.7		7.09		0.28537	0.4514	16.9416048235	36.8187
9 1 1			0.16		-2.54		6.77		0.28536	0.8793	87.9915459652	19.6393
1 3 13			0.14		-2.39		6.48		0.28556	0.3907	59.4200243294	11.5335
3 7 1			0.13		-2.27		6.23		0.28554	1.2822	71.5694631273	22.2453
0 4 4			0.12		-2.14		5.99		0.28549	0.8482	39.0545896029	78.0016
0 2 14			0.09		-2.05		5.8		0.28548	0.2479	58.6982494177	6.3292
2 6 4			0.11		-1.94		5.58		0.28545	0.8772	60.3635846112	78.02
0 0 4			0.1		-1.84		5.39		0.28542	0.8482	15.2869714585	59.1035
0 0 20			0.07		-1.78		5.25		0.28459	0.4542	83.3712939521	4.3689
5 3 1			0.02		-1.76		5.22		0.28455	0.5252	53.2386121167	32.835
2 6 6			-7.42		-9.19		12.65		0.28538	5.383	63.2392339525	346.2148
1 7 3			-0.82		-10.01		13.47		0.28554	0.9932	66.8968211493	90.2271
6 2 4			0.2		-9.8		13.06		0.28552	0.8727	60.3342977717	77.9073
4 0 4			0.19		-9.61		12.68		0.2855	1.2165	39.0343929222	79.1487
4 4 4			0.18		-9.44		12.33		0.28545	0.8476	53.9354251327	76.9211
7 1 1			0.14		-9.3		12.06		0.28544	0.5207	65.7483230412	25.2044
4 2 2			0.13		-9.17		11.8		0.28542	0.457	40.8620305525	12.2524
1 7 1			0.12		-9.06		11.57		0.28539	0.5219	65.7901743415	26.2984
0 6 8			0.11		-8.94		11.34		0.28544	0.7694	64.1950429677	5.6946
3 1 15			0.12		-8.83		11.11		0.28524	0.2871	67.3554895111	7.7692
5 1 1			0.1		-8.73		10.92		0.28521	0.5346	46.1701152	26.7419
1 3 9			0.11		-8.62		10.69		0.28516	0.2622	45.3040218183	7.1674
0 4 12			-1.91		-10.53		12.6		0.28449	1.4889	60.4300914167	161.7651
0 2 10			0.14		-10.39		12.33		0.28464	0.4317	42.9590557724	21.0204
2 0 10			0.13		-10.26		12.06		0.28476	0.6169	42.9543880851	20.236
1 5 1			0.09		-10.16		11.88		0.28473	0.4978	46.196563203	27.3004
3 3 1			0.08		-10.08		11.71		0.28469	0.5106	38.1558496662	33.1617
3 5 1			0.08		-10.0		11.54		0.28465	0.5283	53.2544885252	31.9012
1 3 15			0.1		-9.9		11.34		0.28437	0.2862	67.3623786269	8.1809
6 0 8			0.09		-9.81		11.17		0.28441	2.9234	64.163237895	5.3359
2 4 2			0.08		-9.73		11.01		0.28439	0.3828	40.8766170199	13.2501
1 1 13			0.1		-9.63		10.81		0.28457	0.3722	52.9310122384	10.9703
0 2 8			0.09		-9.54		10.62		0.28439	0.1155	35.7619852008	1.7384
2 4 10			0.09		-9.45		10.45		0.28414	0.607	57.0555982332	12.0937
3 1 9			0.07		-9.37		10.3		0.28408	0.36	45.2950695798	8.7768
4 2 8			0.09		-9.29		10.12		0.28413	0.7605	51.4203212226	2.5419
0 2 16			0.04		-9.25		10.04		0.28403	1.8687	67.2407114996	13.8307
6 0 0			0.05		-9.2		9.95		0.28403	0.7256	54.7363985401	55.434
2 0 8			0.08		-9.12		9.79		0.28387	0.1665	35.7565424018	1.5727
3 3 9			0.04		-9.08		9.71		0.28381	0.3816	52.4524123761	12.0632
0 6 14			0.06		-9.02		9.58		0.28386	0.9096	81.7552219026	27.2955
0 6 10			0.04		-8.98		9.5		0.28336	0.8527	69.1637693973	8.5049
6 0 10			0.05		-8.92		9.4		0.28295	1.0728	69.1331306246	8.9056
2 6 10			0.05		-8.87		9.29		0.28256	0.7069	72.0169435829	44.7171
3 1 1			0.01		-8.86		9.27		0.28252	0.5239	28.3131072915	41.7464
1 5 11			-0.99		-9.84		10.25		0.28168	1.8219	64.7342781598	204.7444
7 3 3			-0.33		-10.17		10.58		0.28183	1.9283	72.601334037	69.5466
2 0 16			0.05		-10.13		10.48		0.28182	0.5935	67.2372591268	11.8907
0 6 0			0.03		-10.1		10.42		0.28182	1.4277	54.7714555341	59.4019
1 1 15			0.02		-10.08		10.39		0.2814	0.656	61.3839959686	20.6242
4 0 10			0.07		-10.01		10.26		0.28117	0.6243	53.7713327333	45.2096
5 3 7			-4.52		-14.53		14.78		0.279	0.2523	60.5057581853	5.4388
0 4 10			0.1		-14.43		14.58		0.27894	0.9893	53.7871001638	44.1425
1 1 1			0.03		-14.4		14.51		0.27888	0.5749	13.0194761966	56.7652
6 2 10			0.1		-14.3		14.31		0.27883	0.7103	71.9901825081	43.9921
2 2 10			0.09		-14.21		14.13		0.27883	0.6429	46.7739448495	44.8949
4 4 10			0.09		-14.11		13.94		0.2789	0.6886	66.23802526	47.6672
0 0 10			0.09		-14.03		13.77		0.27888	0.8316	38.8438017949	41.7013
3 5 9			0.02		-14.0		13.72		0.27887	0.4755	65.0802252419	19.5165
2 4 0			-0.0		-14.0		13.72		0.27887	1.4359	40.0960076051	88.2765
0 4 20			0.03		-13.98		13.67		0.27905	1.027	94.1654323607	18.6345
0 2 12			0.04		-13.93		13.58		0.27883	0.3827	50.6142203783	17.5707
3 5 7			-3.51		-17.45		17.1		0.27606	0.2309	60.5203777188	5.6046
2 4 12			0.1		-17.35		16.9		0.27594	0.2205	63.4791913795	4.8908
2 2 4			0.1		-17.25		16.7		0.27594	0.7551	29.4672289371	73.6026
2 0 12			0.08		-17.17		16.54		0.27561	0.8079	50.6101057273	16.6151
1 1 9			0.0		-17.17		16.54		0.27536	0.2216	37.1193146943	1.1702
1 5 9			0.04		-17.13		16.47		0.27537	0.4394	58.984264935	17.7365
0 6 12			0.09		-17.04		16.28		0.27538	0.3425	75.0250979777	1.887
0 2 20			-0.5		-17.54		16.78		0.279	0.4494	86.0769303832	2.8517
0 2 2			0.02		-17.52		16.74		0.27898	0.4614	19.2417464495	36.8131
0 6 18			-2.75		-20.26		19.49		0.2869	0.7949	98.0280769063	1.8601
6 4 4			0.02		-20.24		19.44		0.28687	0.6669	69.2748711385	33.991
5 3 9			0.04		-20.21		19.37		0.28685	0.4833	65.0662013285	20.8409
4 2 0			0.03		-20.17		19.3		0.28685	0.9287	40.0811891304	86.5118
4 2 12			0.09		-20.08		19.12		0.28685	0.2244	63.468523569	4.7972
5 1 9			0.04		-20.05		19.05		0.28685	0.4583	58.9619928854	19.0838
6 0 6			-0.0		-20.05		19.05		0.28691	1.0815	60.1501886982	39.9969
6 4 6			0.04		-20.01		18.98		0.28698	0.9247	71.9614498967	41.9809
5 5 3			-0.12		-20.13		19.09		0.28702	0.8107	66.8760743485	64.1048
4 2 6			-0.11		-20.24		19.21		0.2871	1.6049	46.7233273538	62.1975