HKL Value		Reward		TotalReward	Chi Squared	Z Appr. 	Error	Two-Thetas	Sfs2
1 3 1			0.0		0.0		0.0		0.3	0.5324	28.3265170018	42.1271
1 5 13			0.0		0.0		8.27		0.28656	1.1973	71.2966048402	12.6128
0 6 16			1.58		1.58		5.12		0.28548	0.4825	89.3859051251	7.6515
2 4 14			0.77		2.35		3.58		0.28551	0.5221	70.6383718296	19.4111
4 6 2			0.44		2.79		2.7		0.28555	0.2349	67.657370766	5.5969
2 4 8			0.25		3.03		2.2		0.28589	0.1687	51.4325245866	2.4593
3 3 13			0.18		3.21		1.85		0.28556	0.5636	65.4922780779	9.1158
3 1 13			0.12		3.33		1.6		0.28588	0.3869	59.4126405656	11.7895
5 1 13			0.1		3.43		1.41		0.28598	0.4567	71.2764535317	11.3258
2 0 14			0.05		3.48		1.3		0.28599	0.2634	58.6945218607	7.3942
5 5 1			0.05		3.54		1.2		0.28597	0.5073	65.769247456	23.9531
0 6 2			0.01		3.55		1.17		0.28595	0.2356	55.3895592761	6.1752
2 0 8			-0.07		3.48		1.24		0.28533	0.1665	35.7565424018	1.5727
4 2 10			-0.1		3.38		1.34		0.28458	1.1102	57.0442200735	11.3144
2 6 6			-16.63		-13.25		17.97		0.28613	5.383	63.2392339525	346.2148