HKL Value		Reward		TotalReward	Chi Squared	Z Appr. 	Error	Two-Thetas	Sfs2
1 3 1			0.0		0.0		0.0		0.3	0.5324	28.3265170018	42.1271
1 5 13			0.0		0.0		8.27		0.28656	1.1973	71.2966048402	12.6128
0 6 16			1.58		1.58		5.12		0.28548	0.4825	89.3859051251	7.6515
2 4 14			0.77		2.35		3.58		0.28551	0.5221	70.6383718296	19.4111
4 6 2			0.44		2.79		2.7		0.28555	0.2349	67.657370766	5.5969
2 4 8			0.25		3.03		2.2		0.28589	0.1687	51.4325245866	2.4593
3 3 13			0.18		3.21		1.85		0.28556	0.5636	65.4922780779	9.1158
3 1 13			0.12		3.33		1.6		0.28588	0.3869	59.4126405656	11.7895
5 1 13			0.1		3.43		1.41		0.28598	0.4567	71.2764535317	11.3258
0 6 2			0.03		3.46		1.35		0.28596	0.2356	55.3895592761	6.1752
2 6 8			-15.06		-11.6		16.41		0.28306	4.3291	67.1483383839	218.3417
4 6 0			0.74		-10.86		14.93		0.28306	0.7863	67.1083315067	59.4729
2 0 14			0.61		-10.25		13.7		0.28262	0.2634	58.6945218607	7.3942
7 1 1			0.44		-9.8		12.81		0.28213	0.5207	65.7483230412	25.2044
5 5 1			0.45		-9.35		11.91		0.2819	0.5073	65.769247456	23.9531
6 0 2			0.38		-8.97		11.15		0.28154	0.2214	55.354768557	5.4487
4 2 10			0.35		-8.62		10.45		0.28033	1.1102	57.0442200735	11.3144
6 4 0			0.31		-8.31		9.83		0.28033	1.8287	67.0910631577	58.6803
6 4 2			0.26		-8.05		9.31		0.28048	0.2211	67.6401768609	4.8049
7 3 1			0.24		-7.81		8.83		0.28039	0.5095	71.5359286583	22.1332
4 2 14			0.18		-7.63		8.46		0.28174	1.2576	70.6282605877	19.9713
9 1 1			0.2		-7.42		8.06		0.28174	0.8793	87.9915459652	19.6393
3 7 1			0.18		-7.25		7.7		0.28169	1.2822	71.5694631273	22.2453
1 3 13			0.12		-7.13		7.46		0.28305	0.3907	59.4200243294	11.5335
0 4 4			0.16		-6.97		7.15		0.28304	0.8482	39.0545896029	78.0016
0 0 4			0.14		-6.83		6.87		0.28305	0.8482	15.2869714585	59.1035
2 6 4			0.13		-6.7		6.6		0.28305	0.8772	60.3635846112	78.02
0 2 14			0.11		-6.59		6.39		0.2828	0.2479	58.6982494177	6.3292
6 2 4			0.11		-6.47		6.16		0.28281	0.8727	60.3342977717	77.9073
4 4 4			0.1		-6.37		5.95		0.28274	0.8476	53.9354251327	76.9211
4 0 4			0.1		-6.27		5.75		0.2827	1.2165	39.0343929222	79.1487
0 2 10			0.07		-6.2		5.61		0.28336	0.4317	42.9590557724	21.0204
1 3 9			0.07		-6.13		5.47		0.28325	0.2622	45.3040218183	7.1674
4 2 2			0.04		-6.09		5.38		0.2832	0.457	40.8620305525	12.2524
5 1 1			0.03		-6.05		5.32		0.28311	0.5346	46.1701152	26.7419
3 5 1			0.02		-6.03		5.27		0.283	0.5283	53.2544885252	31.9012
1 7 1			0.04		-5.99		5.2		0.28291	0.5219	65.7901743415	26.2984
5 3 1			0.01		-5.98		5.17		0.28279	0.5252	53.2386121167	32.835
3 1 15			0.07		-5.91		5.04		0.28242	0.2871	67.3554895111	7.7692
0 6 8			0.03		-5.89		4.98		0.2824	0.7694	64.1950429677	5.6946
2 0 10			0.04		-5.84		4.89		0.28289	0.6169	42.9543880851	20.236
1 5 1			0.02		-5.82		4.85		0.28283	0.4978	46.196563203	27.3004
1 1 13			0.04		-5.78		4.77		0.28332	0.3722	52.9310122384	10.9703
3 3 1			0.01		-5.77		4.75		0.28325	0.5106	38.1558496662	33.1617
1 3 15			0.05		-5.72		4.66		0.28286	0.2862	67.3623786269	8.1809
2 4 2			0.02		-5.7		4.62		0.28283	0.3828	40.8766170199	13.2501
1 5 9			-0.13		-5.84		4.75		0.28276	0.4394	58.984264935	17.7365
0 2 8			0.05		-5.79		4.65		0.28264	0.1155	35.7619852008	1.7384
6 0 8			0.02		-5.77		4.61		0.28264	2.9234	64.163237895	5.3359
2 4 10			0.04		-5.72		4.52		0.28244	0.607	57.0555982332	12.0937
3 1 9			0.03		-5.7		4.47		0.28238	0.36	45.2950695798	8.7768
4 2 8			0.04		-5.66		4.4		0.28244	0.7605	51.4203212226	2.5419
2 0 8			0.04		-5.62		4.32		0.28234	0.1665	35.7565424018	1.5727
6 0 0			-0.01		-5.63		4.32		0.28234	0.7256	54.7363985401	55.434
0 2 16			-0.02		-5.64		4.34		0.28228	1.8687	67.2407114996	13.8307
3 3 9			-0.0		-5.64		4.34		0.28221	0.3816	52.4524123761	12.0632