HKL Value		Reward		TotalReward	Chi Squared	Z Appr. 	Error	Two-Thetas	Sfs2
6 2 0			0.0		0.0		0.0		0.3	4.3933	57.9728440251	566.5186
1 3 1			0.0		0.0		282.19		0.20114	0.5324	28.3265170018	42.1271
1 5 13			70.52		70.52		141.15		0.20996	1.1973	71.2966048402	12.6128
0 6 16			22.93		93.45		95.29		0.21087	0.4825	89.3859051251	7.6515
2 4 14			11.81		105.26		71.67		0.21128	0.5221	70.6383718296	19.4111
4 6 2			7.17		112.42		57.34		0.21127	0.2349	67.657370766	5.5969
2 4 8			4.78		117.2		47.79		0.21132	0.1687	51.4325245866	2.4593
3 3 13			3.32		120.52		41.14		0.21	0.5636	65.4922780779	9.1158
3 1 13			2.57		123.09		36.0		0.20992	0.3869	59.4126405656	11.7895
5 1 13			2.0		125.09		32.01		0.20981	0.4567	71.2764535317	11.3258
2 0 14			1.6		126.69		28.81		0.20977	0.2634	58.6945218607	7.3942
4 6 0			1.31		128.0		26.2		0.20977	0.7863	67.1083315067	59.4729
0 6 2			1.05		129.04		24.1		0.20979	0.2356	55.3895592761	6.1752
5 5 1			0.64		129.68		22.83		0.20991	0.5073	65.769247456	23.9531
6 0 2			0.79		130.46		21.26		0.20993	0.2214	55.354768557	5.4487
6 4 0			0.71		131.17		19.84		0.20993	1.8287	67.0910631577	58.6803
4 2 10			0.29		131.46		19.26		0.21079	1.1102	57.0442200735	11.3144
4 2 14			0.53		132.0		18.19		0.21089	1.2576	70.6282605877	19.9713
6 4 2			0.5		132.5		17.19		0.21088	0.2211	67.6401768609	4.8049
7 3 1			0.29		132.79		16.61		0.21096	0.5095	71.5359286583	22.1332
9 1 1			0.19		132.98		16.22		0.21106	0.8793	87.9915459652	19.6393
1 3 13			0.38		133.36		15.47		0.21084	0.3907	59.4200243294	11.5335
3 7 1			0.21		133.57		15.04		0.21091	1.2822	71.5694631273	22.2453
0 2 14			0.31		133.89		14.41		0.21084	0.2479	58.6982494177	6.3292
4 4 4			0.28		134.16		13.86		0.21092	0.8476	53.9354251327	76.9211
5 3 9			0.26		134.43		13.34		0.21081	0.4833	65.0662013285	20.8409
6 2 4			0.25		134.67		12.84		0.21086	0.8727	60.3342977717	77.9073
0 4 4			0.23		134.9		12.39		0.21092	0.8482	39.0545896029	78.0016
0 0 4			0.21		135.11		11.97		0.21096	0.8482	15.2869714585	59.1035
2 4 4			-0.98		134.14		12.94		0.21112	0.8182	43.1484985256	64.6996
6 0 10			-0.08		134.06		13.02		0.21183	1.0728	69.1331306246	8.9056
2 6 4			0.2		134.26		12.61		0.21187	0.8772	60.3635846112	78.02
4 0 4			0.19		134.45		12.24		0.21191	1.2165	39.0343929222	79.1487
1 1 3			-0.18		134.27		12.41		0.21184	0.4514	16.9416048235	36.8187
0 6 8			0.15		134.43		12.1		0.21178	0.7694	64.1950429677	5.6946
7 1 1			0.15		134.58		11.8		0.2118	0.5207	65.7483230412	25.2044
0 2 10			0.16		134.74		11.47		0.21183	0.4317	42.9590557724	21.0204
2 6 8			-4.01		130.73		15.48		0.21234	4.3291	67.1483383839	218.3417
1 3 9			-0.1		130.63		15.58		0.21178	0.2622	45.3040218183	7.1674
1 7 1			0.19		130.82		15.21		0.21179	0.5219	65.7901743415	26.2984
2 0 10			0.19		131.01		14.83		0.21184	0.6169	42.9543880851	20.236
4 2 2			0.15		131.15		14.54		0.21186	0.457	40.8620305525	12.2524
5 1 1			0.17		131.32		14.21		0.21187	0.5346	46.1701152	26.7419
3 1 15			0.13		131.45		13.94		0.21226	0.2871	67.3554895111	7.7692
1 5 1			0.15		131.61		13.63		0.21226	0.4978	46.196563203	27.3004
3 3 1			0.15		131.75		13.34		0.21227	0.5106	38.1558496662	33.1617
3 5 1			0.14		131.9		13.05		0.21228	0.5283	53.2544885252	31.9012
3 1 9			-0.01		131.89		13.06		0.21193	0.36	45.2950695798	8.7768
6 0 8			0.12		132.0		12.83		0.21188	2.9234	64.163237895	5.3359
1 1 13			0.12		132.12		12.6		0.21165	0.3722	52.9310122384	10.9703
2 4 2			0.09		132.21		12.41		0.21166	0.3828	40.8766170199	13.2501
5 3 1			0.12		132.33		12.17		0.21166	0.5252	53.2386121167	32.835
0 2 16			0.04		132.37		12.09		0.21175	1.8687	67.2407114996	13.8307
2 4 10			0.06		132.43		11.98		0.21201	0.607	57.0555982332	12.0937
0 2 8			0.07		132.5		11.84		0.21226	0.1155	35.7619852008	1.7384
1 3 15			0.09		132.59		11.65		0.21247	0.2862	67.3623786269	8.1809
4 2 8			0.1		132.69		11.45		0.21246	0.7605	51.4203212226	2.5419
2 0 8			0.06		132.76		11.32		0.21265	0.1665	35.7565424018	1.5727
6 0 0			0.06		132.81		11.21		0.21265	0.7256	54.7363985401	55.434
3 3 9			0.01		132.83		11.18		0.21247	0.3816	52.4524123761	12.0632
6 0 12			0.09		132.92		10.99		0.21247	0.5892	74.995462768	0.9301
0 6 10			-0.03		132.89		11.03		0.2128	0.8527	69.1637693973	8.5049
0 6 14			0.07		132.96		10.88		0.21282	0.9096	81.7552219026	27.2955
2 0 16			0.04		133.0		10.8		0.21288	0.5935	67.2372591268	11.8907
0 6 0			0.03		133.03		10.73		0.21288	1.4277	54.7714555341	59.4019
1 1 15			0.05		133.08		10.64		0.21271	0.656	61.3839959686	20.6242
3 1 1			0.08		133.16		10.48		0.21271	0.5239	28.3131072915	41.7464
2 4 0			-0.05		133.11		10.53		0.21271	1.4359	40.0960076051	88.2765
4 4 10			0.02		133.13		10.49		0.21293	0.6886	66.23802526	47.6672
2 2 10			0.01		133.14		10.48		0.21316	0.6429	46.7739448495	44.8949
1 1 1			0.07		133.2		10.34		0.21316	0.5749	13.0194761966	56.7652
2 6 10			-0.0		133.2		10.34		0.21341	0.7069	72.0169435829	44.7171
1 3 5			-0.54		132.67		10.88		0.21332	3.1323	34.189462707	190.138
0 4 10			0.0		132.67		10.88		0.21356	0.9893	53.7871001638	44.1425
0 6 12			0.07		132.74		10.73		0.21356	0.3425	75.0250979777	1.887
0 4 20			0.07		132.81		10.59		0.21354	1.027	94.1654323607	18.6345
6 2 10			0.0		132.81		10.59		0.21376	0.7103	71.9901825081	43.9921
4 0 12			-1.09		131.72		11.68		0.21391	2.7435	60.4154589103	161.2613
0 2 12			0.01		131.72		11.67		0.21393	0.3827	50.6142203783	17.5707
3 5 9			0.05		131.78		11.56		0.21387	0.4755	65.0802252419	19.5165
4 0 10			0.02		131.8		11.52		0.21407	0.6243	53.7713327333	45.2096
0 0 20			0.05		131.85		11.43		0.21437	0.4542	83.3712939521	4.3689
7 3 3			-0.54		131.31		11.96		0.21437	1.9283	72.601334037	69.5466
0 0 10			0.02		131.34		11.91		0.21453	0.8316	38.8438017949	41.7013
2 4 12			0.06		131.39		11.8		0.21453	0.2205	63.4791913795	4.8908
1 1 9			-0.38		131.01		12.18		0.2142	0.2216	37.1193146943	1.1702
6 4 4			-0.03		130.98		12.21		0.21423	0.6669	69.2748711385	33.991
0 2 2			-0.02		130.96		12.23		0.21424	0.4614	19.2417464495	36.8131