Number of epochs: 125e+00
-1.280622228619400715e+01
6.233712153958258922e-02
-9.741103310732018850e-01
-1.279837734637663971e+01
-7.686980227333112259e-02
-1.970465223184038095e+01
-1.554200493636129465e+01
1.027442891944335690e-02
-4.035504297135072704e+01
1.620531056994337915e-01
5.731030664948034287e-02
-7.208403313672827828e+00
2.070809748585414611e-01
3.292269044413378282e-02
5.163852582224722626e-02
9.782336584827729109e-02
1.087371215326854851e-01
1.397119930029174228e-01
1.686253739769436422e+01
9.076790660582174930e-02
8.915259663550412217e-02
1.546513848778280076e-01
9.723840541597311704e-02
9.048301243400659610e-02
2.175179472093775879e-01
1.229418375220029114e-01
1.296980474761407764e-01
-4.888682977120089035e+00
-4.277644525849522705e-01
-1.079249226518631133e+01
2.110850594996322438e-01
7.650216663907742631e-03
-2.178521729806935703e+00
1.007461746708244177e-01
-1.705465831364631812e+00
-1.890050632572667366e+00
8.288420315619993151e-02
-6.517438105460193754e+00
1.647149389401863506e-01
2.188030468340656787e-01
-2.565374334169985282e+00
9.032461060979040113e-01
-9.452661232072893938e-02
-1.644371732320874191e+00
-1.208376819328167429e+00
-2.166313792962870188e+00
-1.522790233062027987e+00
-4.336626019403063137e-01
-6.831099029414897661e-01
-1.036102683821196413e+00
-4.143786777314580339e-01
-3.588749000374667375e+00
-2.168798404885895759e-01
-1.408389086758271569e+00
-1.572329992447499825e-01
1.085439223834948619e-01
-8.198509853375407275e+00
8.237989687209602840e-02
-2.967219095918896543e-01
-2.109937282781080281e+00
-6.113940466009750579e-02
-1.147875516286774200e+00
1.075823533715405678e-01
1.106629144932849418e-01
-2.711197528619507247e-01
9.848283553595028883e-02
-1.804647220775668776e-02
-4.013368402556332648e-01
1.056297645499126442e-01
-7.792809586626361362e-01
-1.503582136769778010e+01
-4.328031068779875312e+00
-4.025973298405894241e+00
-4.163894859016621930e-01
-8.048030243711430387e+00
-1.125757660512891078e+01
-1.709803571307982883e+00
-4.859598725007492348e-01
-6.073322973250975920e+00
-2.791465686265204305e+00
-3.786336202475710788e+00
-9.415127164653938507e+00
-3.229323124511085386e+00
-2.845719792846082186e+01
-2.789609465752929562e+00
-9.828039723687302498e+00
-1.076664983367777995e-01
-8.981204618507497628e+00
-1.652014197401391726e+01
-1.702487289660362391e-01
-7.558602731116964790e+00
-2.178579260413906482e+01
-3.348477032008730925e-01
-3.981748984605515851e+00
-8.550385241496928634e-02
-7.203978815946670000e-01
-7.793765976830474784e+00
-8.261189950490116507e-01
-4.565785490890112541e+00
-5.025571388782964277e+00
-8.150247514962286388e+00
-7.258815202472327144e+00
-6.280108179185086570e+00
-1.046083910953297647e+01
-6.295561285160387932e+00
-1.143920256226667931e+01
-6.580947930871450247e-01
-9.324758164985567532e+00
-6.696306842586948527e+00
-7.682557796569149389e+00
2.425246544104799756e-02
-7.085652154006661263e+00
9.933587076833451379e-02
6.178242163419949556e-02
-1.286234414749633714e+01
7.574589286530125642e-02
-5.826926795016170502e+00
-3.443558398944259302e+00
6.229632516021921251e-01
-4.527260150759791379e+00
9.562619896158569555e-02
-5.051497139484269816e+00
-1.228743564040098678e-02
8.602923185987890187e-02
4.421468627665985085e-02
9.958671391826134922e-02
5.979075303255036722e-02
8.622773649810233643e-03
2.357583975749232008e-02
-6.018820479721932563e-03
4.085233932291181674e-02
1.136815515980134222e-01
-4.248524463792096445e-02
7.347552319256528408e-02
1.183420164491782028e-01
4.610894051870918081e-02
2.255054833878070986e-01
4.238501601104707056e-02
4.298743380124710189e-02
8.878277362315618870e-02
4.433271999287878573e-02
8.118662815328145377e-02
3.688708890552334918e-02
-1.098216098603688096e+01
-5.139894060486994043e+00
-1.919100673569629878e+00
-4.856326021268996485e+00
-5.592674322398225151e+00
-2.216661983755832122e+00
-2.053536891523163987e+00
-4.120907302117807092e+00
-6.449382864588828923e+00
2.096634725712755165e-02
-1.603399150463065581e+00
-1.827251762440260663e+00
2.429445156467860065e-02
-8.873401278304395845e-01
-1.515506775616504431e-01
-6.194840100395426319e+00
-2.000523003856567381e-02
-8.353584211373648039e-01
3.704218125301438069e-02
6.870672845447432786e-02
3.814219971200047965e-01
3.366259894509606165e-01
6.801412280234278573e-02
4.280347144112284230e-01
4.746451344745746148e+00
-7.050783473866026885e-01
2.489656818315308939e-01
-2.057612044870172241e+00
1.291077627103657810e-01
-1.882161465683827029e+00
1.831213626850319021e-01
-1.116293499579390280e+00
1.046723214537293556e+00
5.986999403382628482e-02
4.079757068316315627e-02
9.640497256022970141e-02
9.222310946248646335e-02
-9.586934248775800249e-01
-1.060018203216131605e+00
5.922349278646518028e-02
5.770226388316937460e-02
-8.611689137211344658e-01
-1.061991185392199277e+00
1.869246364410960481e+00
-2.635474782127069204e+00
-1.410430719647854048e+00
-8.101727069161530626e-01
-2.061189999309132492e+00
-6.888829626094754577e-01
1.708797271764943976e-02
-8.889233598201236319e-02
3.329947249206890308e-02
-1.038923829999482962e+00
-9.402365951825270018e-01
