Number of epochs: 350e+00
-1.444672661443317629e+01
6.176283203775688457e-02
-1.098242236586308707e+00
-1.848536289860195225e+01
-3.939644961400752543e-02
-1.328385246559973965e+01
-1.280153645772077553e+01
1.225191100698770283e-02
-1.942175590852672684e+01
1.815522767996329279e-01
3.562520479061222906e-02
-1.510279383903311157e+01
2.318458753407582340e-01
2.508192090628250451e-02
4.049305607186984290e-02
9.243773959672173246e-02
9.703390852834366254e-02
1.368435969410565500e-01
1.276963326276833754e+01
8.232560423210272260e-02
9.494693919353264233e-02
1.403849321284531271e-01
8.718027734351191382e-02
8.100373495349946773e-02
1.980408616398174060e-01
9.454226542859787974e-02
1.262059176130179983e-01
-6.701699522826213062e+00
-4.248481170884677027e-01
-6.458631095906529396e+00
1.904005032257264363e-01
-2.368383192020443589e-02
-2.857333837140481947e+00
9.440626176645651457e-02
-4.443654912584615424e+00
-8.654385316556084007e+00
7.961445558536614509e-02
-6.107979841158018175e+00
1.539882378833063725e-01
2.373736849549130390e-01
-3.841317810479196293e+00
7.667763850370606926e-01
-1.189360641182075073e-01
-1.408143663310808646e+00
-1.501006705695287158e+00
-2.300208381933255275e+00
-8.689275240148411905e-01
-6.715358703162618292e-01
-1.147054127502606935e+00
-1.643157284997347478e+00
-1.050430437094928449e+00
-3.921760873705695705e+00
-2.675632330564383099e-01
-1.451251935445670771e+00
-6.433398720133195470e-01
1.009625621997913836e-01
-5.112051886581344462e+00
1.008246913314020943e-01
-3.517841910930984972e-01
-4.464402417710487292e+00
9.091471351088491887e-03
-9.813087667718372042e-01
1.008570644616852557e-01
1.206290483817945847e-01
-9.269393282663563882e-01
1.011398633493108962e-01
-3.462584109365029333e-02
-5.859185800887207751e-01
1.044736291068466272e-01
-6.608687516387183880e-01
-9.097209631093653215e+00
-3.828225290186387131e+00
-3.624312055363632545e+00
-1.787531500323744860e+00
-5.695322722216904943e+00
-6.340452969575216535e+00
-2.358435183988339290e+00
-1.475614430968319457e+00
-5.575566206908653122e+00
-1.925657038859736714e+00
-3.687468847442084918e+00
-5.956400025871980475e+00
-2.238725740332663694e+00
-2.102537322066321224e+01
-2.436518539655796900e+00
-9.252055298505913683e+00
-9.575297485870169767e-02
-3.993619974807431916e+00
-1.463327470200756508e+01
-2.961852256348453394e-01
-6.256347343571260211e+00
-2.462427882521776823e+01
-5.596656438370017916e-01
-1.365329177119146209e+01
-1.004520679979699072e-01
-6.928952767950982139e-01
-6.464384950168767574e+00
-3.312835978101261736e-01
-4.499746762849824222e+00
-5.866354072117043295e+00
-7.744758037398582928e+00
-8.692380933361064876e+00
-6.610510442788646301e+00
-1.204116008264385407e+01
-7.347595086726120606e+00
-9.393751254422328500e+00
-2.221599013717233451e+00
-8.825403332722899563e+00
-7.136697147042231570e+00
-5.946014837051608382e+00
5.973082925033197654e-02
-7.613281520506612665e+00
7.923592950184453476e-02
7.726002614378900402e-02
-8.821075572276347643e+00
6.814790796836303621e-02
-6.993118170613494833e+00
-4.394370394867063823e+00
4.948784076827462686e-01
-4.164322156831394395e+00
9.546479978875427319e-02
-4.552772967631923962e+00
-5.029092314051443469e-03
6.941539318202943898e-02
-4.676673538373984224e-02
9.205789361651503522e-02
5.551366805603782234e-02
-3.895132494627231295e-02
-5.924017819532642441e-03
1.824505805190507896e-02
2.328357608195046058e-02
9.040669327585669490e-02
2.477995856735594471e-02
4.196233431688919241e-02
1.008679783994062690e-01
2.560129193160041658e-02
2.106125006631005270e-01
2.683421710608343072e-02
2.660831304521241863e-02
7.354214210632621651e-02
2.062120014433770424e-02
4.589277382196643718e-02
3.875050679036780993e-02
-8.270971656450280207e+00
-4.508602904883538542e+00
-4.911426468842707393e+00
-5.309576889588121240e+00
-4.943469754626919510e+00
-3.208277715936302954e+00
-3.106292123973592112e+00
-3.478323155246588527e+00
-4.140070536697556314e+00
5.715138911414805421e-03
-1.901840890329780764e+00
-1.225560163765212263e+00
4.389266799490978803e-03
-4.512948231208128824e+00
-3.728601677111722384e-02
-3.265298455707429603e+00
1.226622531096642488e-02
-4.070981839884295073e-01
-5.590055265673407776e-03
7.944209925778823733e-02
3.163917101937416820e-01
2.759913832849063553e-01
1.264443411410980933e-01
3.511703117396065554e-01
5.043362923223119409e+00
-8.830972066543516519e-01
2.263400983015862178e-01
-1.890745336938858934e+00
1.071365815161449686e-01
-1.178252255242722590e+00
1.427082554280431625e-01
-1.558535169410484977e+00
1.017797563711830389e+00
5.333382769518910105e-02
3.472383561031048421e-02
9.381933980117936056e-02
8.084060169383698591e-02
-1.010984311148450526e-01
-1.545822393977918541e+00
4.054406358076020206e-02
5.830469078348889805e-02
-7.008370388737933387e-01
-1.707346308102076993e+00
1.744544876709759995e+00
-2.321870303440842331e+00
-1.941636935045800261e+00
-2.113313230896811223e+00
-2.285020859984725927e+00
-1.673670042551074655e+00
-1.978082076841236256e-02
-2.533530719859360472e-02
1.748523879603264275e-02
-1.255625894785934005e+00
-1.541549177260553183e+00
