HKL Value		Reward		TotalReward	Chi Squared	Z Appr. 	Error	Two-Thetas	Sfs2
1 0 0			0.0		0.0		0.0		0.5	0.0	14.0285801003	0.0
1 0 4			0.0		0.0		0.0		0.49991	0.08	29.3672081998	0.0
3 0 0			1.0		1.0		0.0		0.49991	0.45	42.9814560157	0.0
4 0 3			0.19		1.19		0.0		0.49991	0.29	62.1413926063	0.0
0 0 3			0.33		1.52		0.0		0.49991	0.03	19.1797885945	0.0
1 0 8			-0.29		1.23		0.0		0.49991	0.24	54.8685935926	0.0
2 0 1			0.2		1.43		0.0		0.49991	0.15	29.01034049	0.0
3 0 6			-0.09		1.34		0.0		0.49991	0.11	59.366558438	0.0
3 0 2			0.13		1.47		0.0		0.49991	0.46	45.0164041053	0.0
3 2 0			-1.0		0.47		0.02		0.49991	0.67	70.467230504	2.2538
2 2 3			0.11		0.58		0.02		0.44115	0.31	64.6616050849	6.6891
3 0 4			0.1		0.68		0.01		0.44115	0.64	50.7360354343	0.0
2 0 3			0.09		0.78		0.01		0.44115	0.09	34.3920319457	0.0
2 0 7			0.08		0.86		0.01		0.44115	4.16	54.6555056564	0.0
4 0 5			0.08		0.94		0.01		0.44115	0.26	68.3700248267	0.0
3 0 8			0.07		1.01		0.01		0.44115	0.3	70.3147352648	0.0
2 0 5			0.07		1.07		0.01		0.44115	5.26	43.4052500519	0.0
0 0 7			0.06		1.14		0.01		0.44115	0.2	45.7499157105	0.0
1 0 5			-0.28		0.86		0.01		0.45285	0.22	35.3149362404	7.049
4 1 4			-0.55		0.31		0.03		0.45251	0.37	71.0458443611	0.4076
1 0 6			0.05		0.36		0.03		0.45251	0.25	41.5701214249	0.0
4 0 1			0.05		0.41		0.03		0.45251	0.27	58.8934376912	0.0
3 1 0			0.05		0.46		0.03		0.45251	0.86	50.7823995615	0.002
3 2 3			-0.48		-0.02		0.05		0.4525	1.08	73.8091166097	1.7896
1 0 7			0.0		-0.02		0.05		0.45134	0.54	48.0896902272	2.8781
1 1 4			0.03		0.01		0.05		0.45129	0.3	39.4492672371	0.9567
4 1 1			0.02		0.03		0.05		0.45129	0.21	65.3342299592	0.4263
3 1 4			0.03		0.06		0.04		0.45122	0.33	57.7518627408	0.9567
2 1 1			0.02		0.08		0.04		0.45122	0.13	39.1745550983	0.4263
2 1 7			-0.01		0.07		0.04		0.45041	0.57	61.3678684761	8.4036
3 0 7			0.01		0.08		0.04		0.4499	0.18	64.5726747292	2.8781
0 1 5			-0.01		0.07		0.04		0.44939	0.34	41.7114803244	7.6693
2 2 5			-0.01		0.06		0.04		0.45054	0.26	70.7747179536	2.8196
0 1 7			-0.01		0.05		0.04		0.44999	0.26	53.2385720724	8.4036