HKL Value		Reward		TotalReward	Chi Squared	Z Appr. 	Error	Two-Thetas	Sfs2
1 0 8			0.0		0.0		0.0		0.5	0.24	54.8685935926	0.0
0 0 3			0.0		0.0		0.0		0.49996	0.03	19.1797885945	0.0
1 0 4			-0.01		-0.01		0.0		0.49996	0.08	29.3672081998	0.0
1 0 0			0.48		0.47		0.0		0.49996	0.0	14.0285801003	0.0
3 0 0			0.33		0.8		0.0		0.49996	0.45	42.9814560157	0.0
4 0 3			0.1		0.91		0.0		0.49996	0.29	62.1413926063	0.0
3 0 6			0.03		0.94		0.0		0.49995	0.11	59.366558438	0.0
2 0 1			0.17		1.1		0.0		0.49995	0.15	29.01034049	0.0
1 0 7			-1.0		0.1		0.0		0.44563	0.54	48.0896902272	2.8781
3 0 4			0.12		0.23		0.0		0.44563	0.64	50.7360354343	0.0
2 0 3			0.11		0.34		0.0		0.44563	0.09	34.3920319457	0.0
2 0 7			0.1		0.44		0.0		0.44563	4.16	54.6555056564	0.0
4 0 5			0.09		0.53		0.0		0.44563	0.26	68.3700248267	0.0
3 0 2			0.08		0.61		0.0		0.44563	0.46	45.0164041053	0.0
1 1 6			-0.35		0.26		0.0		0.44829	0.38	49.5460147793	8.8974
2 1 1			-0.46		-0.2		0.0		0.44829	0.13	39.1745550983	0.4263
2 2 3			-0.29		-0.49		0.0		0.44677	0.31	64.6616050849	6.6891