HKL Value		Reward		TotalReward	Chi Squared	Z Appr. 	Error	Two-Thetas	Sfs2
2 0 5			0.0		0.0		0.0		0.5	5.26	43.4052500519	0.0
1 0 6			0.0		0.0		0.0		0.49974	0.25	41.5701214249	0.0
1 0 0			1.0		1.0		0.0		0.49974	0.0	14.0285801003	0.0
3 1 2			-1.0		-0.0		0.0		0.45207	0.11	52.5840292854	11.6912
-2 0 4			-1.0		-1.0		0.02		0.43093	0.22	38.5541558059	1.7476
4 0 5			0.25		-0.75		0.02		0.43093	0.26	68.3700248267	0.0
3 2 2			-0.41		-1.16		0.03		0.42864	0.0	71.9603042663	6.6617
0 0 3			0.17		-0.99		0.03		0.42864	0.03	19.1797885945	0.0
1 0 7			-0.37		-1.36		0.05		0.43857	0.54	48.0896902272	2.8781
3 0 2			0.13		-1.23		0.04		0.43857	0.46	45.0164041053	0.0
3 0 8			0.11		-1.12		0.04		0.43857	0.3	70.3147352648	0.0
2 0 3			0.1		-1.02		0.03		0.43857	0.09	34.3920319457	0.0
3 2 3			-0.58		-1.6		0.08		0.43928	1.08	73.8091166097	1.7896
1 0 8			0.08		-1.52		0.07		0.43928	0.24	54.8685935926	0.0
2 2 5			-0.14		-1.66		0.08		0.44883	0.26	70.7747179536	2.8196
1 1 4			0.06		-1.59		0.08		0.44867	0.3	39.4492672371	0.9567
1 1 3			-0.44		-2.03		0.14		0.4452	0.54	35.3770121777	12.6586
1 2 6			0.06		-1.97		0.13		0.44483	0.11	69.4566609057	1.2895
3 1 5			-0.16		-2.14		0.16		0.43863	0.09	61.4399691436	8.5457
-1 -1 -2			0.04		-2.09		0.15		0.43896	0.31	32.1995090242	11.6912
3 2 0			-0.0		-2.1		0.15		0.43896	0.67	70.467230504	2.2538
2 0 7			0.05		-2.05		0.15		0.43896	4.16	54.6555056564	0.0
1 2 7			-0.01		-2.06		0.15		0.43982	0.71	74.291810142	3.5836
2 1 4			-0.07		-2.13		0.16		0.44147	2.11	46.9440445598	0.4076
1 1 5			-0.08		-2.21		0.17		0.43813	3.06	44.2189644299	8.5457