HKL Value		Reward		TotalReward	Chi Squared	Z Appr. 	Error	Two-Thetas	Sfs2
1 0 0			0.0		0.0		0.0		0.5	0.0	14.0285801003	0.0
1 0 4			0.0		0.0		0.0		0.49991	0.08	29.3672081998	0.0
3 0 0			1.0		1.0		0.0		0.49991	0.45	42.9814560157	0.0
4 0 3			0.19		1.19		0.0		0.49991	0.29	62.1413926063	0.0
0 0 3			0.33		1.52		0.0		0.49991	0.03	19.1797885945	0.0
2 0 1			0.25		1.77		0.0		0.49991	0.15	29.01034049	0.0
3 0 6			-0.19		1.57		0.0		0.49991	0.11	59.366558438	0.0
2 1 8			-1.0		0.57		0.0		0.51305	0.22	67.2524657177	7.5134
1 0 8			0.14		0.72		0.0		0.51305	0.24	54.8685935926	0.0
3 0 2			0.12		0.84		0.0		0.51305	0.46	45.0164041053	0.0
3 0 4			0.11		0.95		0.0		0.51305	0.64	50.7360354343	0.0
0 0 7			0.1		1.05		0.0		0.51305	0.2	45.7499157105	0.0
2 0 3			0.09		1.14		0.0		0.51305	0.09	34.3920319457	0.0
4 0 1			0.08		1.23		0.0		0.51305	0.27	58.8934376912	0.0
2 0 7			0.08		1.3		0.0		0.51305	4.16	54.6555056564	0.0
4 0 6			-1.0		0.3		0.0		0.51257	0.38	72.4962488704	6.3028
3 0 8			0.07		0.37		0.0		0.51257	0.3	70.3147352648	0.0
4 0 5			0.06		0.43		0.0		0.51257	0.26	68.3700248267	0.0
2 0 5			0.06		0.49		0.0		0.51257	5.26	43.4052500519	0.0
1 0 6			0.06		0.55		0.0		0.51257	0.25	41.5701214249	0.0
3 1 0			-0.28		0.26		0.0		0.51257	0.86	50.7823995615	0.002
1 0 7			-1.0		-0.73		0.06		0.44694	0.54	48.0896902272	2.8781
1 1 4			0.04		-0.69		0.06		0.44688	0.3	39.4492672371	0.9567
2 1 1			0.03		-0.66		0.05		0.44688	0.13	39.1745550983	0.4263
3 1 4			0.03		-0.63		0.05		0.44682	0.33	57.7518627408	0.9567
4 1 1			0.03		-0.6		0.05		0.44682	0.21	65.3342299592	0.4263
0 1 5			0.01		-0.59		0.05		0.4462	0.34	41.7114803244	7.6693
2 1 7			0.03		-0.56		0.05		0.4456	0.57	61.3678684761	8.4036
0 1 7			0.03		-0.53		0.05		0.44512	0.26	53.2385720724	8.4036
0 0 6			-0.25		-0.78		0.06		0.44088	0.27	38.9249808314	6.3028
3 0 7			0.02		-0.76		0.06		0.44124	0.18	64.5726747292	2.8781
1 1 6			-0.0		-0.77		0.06		0.44183	0.38	49.5460147793	8.8974
2 2 3			0.03		-0.73		0.06		0.44183	0.31	64.6616050849	6.6891
1 1 2			0.02		-0.71		0.06		0.44199	0.52	32.1995090242	11.6912
1 2 6			0.02		-0.69		0.06		0.44243	0.11	69.4566609057	1.2895
3 1 5			-0.21		-0.9		0.07		0.44045	0.09	61.4399691436	8.5457
1 1 7			-0.02		-0.92		0.08		0.43948	0.15	55.34320722	1.1017
3 1 2			0.02		-0.91		0.07		0.43959	0.11	52.5840292854	11.6912
0 2 7			-0.1		-1.01		0.08		0.44166	0.0	72.5085769296	0.0094
1 0 5			-0.12		-1.13		0.09		0.44324	0.22	35.3149362404	7.049
2 1 2			-0.01		-1.13		0.09		0.44339	0.36	40.8238903893	0.1747