Number of epochs: 504e-02
6.205098984598547002e-02
-2.222907590544425868e-02
-1.601118786694606944e-01
4.007830632608026106e-02
-7.239906826054619271e-02
-1.730711441311809928e-01
-7.503979973957339289e-02
-1.128533845492948468e-01
-2.807336643109540480e-02
-1.913478842602239771e-01
-2.498087519296988135e-01
5.503766714995045328e-01
-7.677202261458852817e-02
4.454868994721219444e-01
-2.006719612227029215e-01
1.278658763736946202e-01
1.049402885293959226e-01
2.033326227362577954e-01
-3.517393136093749373e-02
-1.617936819887052791e-01
4.828363519400754450e-02
-1.984867491014104812e-01
-4.933783948730890989e-02
-4.744020757006970485e-02
-6.857041384279044527e-02
-9.980410422403653004e-02
-2.741729019437860182e-01
6.813688213390015069e-02
-2.481791560017602705e-01
1.058925957257779299e-01
-1.479749751997153917e-01
6.605818930844047365e-01
-9.346282705781447375e-02
8.700971501293257304e-02
-1.471502359779136015e-01
3.480978263078485235e-02
-6.180387235555494935e-02
-1.332305032747490847e-01
-1.873477376946487694e-01
-1.884164348490544386e-02
-1.365675155410633612e-01
-6.091888917713578037e-03
-5.219511565758291199e-02
-3.712342684581025620e-02
-5.193115056375270655e-03
1.342981557333822185e-01
-2.405996739006303065e-01
4.554678014340284020e-02
-1.900703401411684146e-01
5.180673206068821257e-02
-1.028604268999458171e-01
8.123811679321132906e-02
-3.102941727091530419e-02
1.387825408053582066e-01
5.704138913562420421e-02
-1.551135669472743228e-01
-2.369819052580592750e-02
-2.253246906368431834e-01
2.626204711211845011e-02
-6.318003059693244605e-02
-3.034082424400853101e-02
-5.792616819133009770e-02
-1.558160898533255678e-01
-5.889190789855511948e-02
-2.126582626095916140e-01
-1.141266891429982694e-01
-2.794405924753088910e-01
4.425007512390583680e-02
-1.547405330246214017e-01
7.744204858800264601e-02
-1.244898505309309927e-01
7.391577352073509799e-02
-1.435114377900542360e-01
-7.472097378563158365e-02
8.726604231178065191e-03
-1.276025355075247614e-01
-1.310125264699781023e-01
-1.305658395015131534e-01
-1.992699796346802943e-01
-1.559458681986266859e-01
-1.012319699096387582e-01
-8.398141382179520609e-02
-1.272860247241239806e-01
-9.379562782894423911e-02
