HKL Value		Reward		TotalReward	Chi Squared	Z Appr. 	Error	Two-Thetas	Sfs2
6 4 2			0.0		0.0		0.0		0.3	0.2211	67.6401768609	4.8049
4 6 0			0.0		0.0		0.04		0.29977	0.7863	67.1083315067	59.4729
0 0 6			-169.04		-169.04		169.08		0.33301	7.4326	23.0169618987	709.6598
0 2 20			28.01		-141.03		113.07		0.33598	0.4494	86.0769303832	2.8517
2 0 14			13.94		-127.1		85.19		0.33548	0.2634	58.6945218607	7.3942
2 2 2			-2.18		-129.28		87.37		0.3357	1.1162	26.2109248846	125.5642
4 6 2			7.12		-122.16		73.13		0.33565	0.2349	67.657370766	5.5969
3 3 11			-8.36		-130.52		81.5		0.35442	2.1204	58.6030846927	249.5822
7 1 1			4.49		-126.03		72.52		0.35426	0.5207	65.7483230412	25.2044
0 6 2			3.88		-122.15		64.76		0.35436	0.2356	55.3895592761	6.1752
5 3 1			2.58		-119.58		59.61		0.35417	0.5252	53.2386121167	32.835
6 4 0			2.71		-116.87		54.19		0.35417	1.8287	67.0910631577	58.6803
6 0 2			2.16		-114.7		49.86		0.35426	0.2214	55.354768557	5.4487
3 3 1			1.43		-113.28		47.01		0.35407	0.5106	38.1558496662	33.1617
2 4 14			1.65		-111.62		43.71		0.35437	0.5221	70.6383718296	19.4111
0 2 14			1.43		-110.19		40.84		0.35404	0.2479	58.6982494177	6.3292
6 0 4			0.49		-109.7		39.85		0.35446	0.7069	57.1830782131	42.6751
2 0 10			0.86		-108.84		38.13		0.35413	0.6169	42.9543880851	20.236
7 3 1			0.9		-107.94		36.33		0.354	0.5095	71.5359286583	22.1332
4 4 0			-15.26		-123.19		51.59		0.354	4.9852	51.3853572345	648.027
2 2 16			0.63		-122.56		50.32		0.36218	1.1693	70.1293332912	108.6018
4 2 8			1.13		-121.43		48.06		0.36153	0.7605	51.4203212226	2.5419
1 5 1			0.82		-120.61		46.42		0.36145	0.4978	46.196563203	27.3004
0 6 8			0.98		-119.63		44.46		0.36094	0.7694	64.1950429677	5.6946
5 1 1			0.68		-118.94		43.09		0.36082	0.5346	46.1701152	26.7419
4 2 2			0.72		-118.23		41.65		0.36088	0.457	40.8620305525	12.2524
1 3 1			0.43		-117.8		40.8		0.36074	0.5324	28.3265170018	42.1271
1 5 9			0.69		-117.11		39.41		0.35964	0.4394	58.984264935	17.7365
4 2 14			0.69		-116.42		38.03		0.35939	1.2576	70.6282605877	19.9713
1 3 13			0.63		-115.79		36.78		0.36032	0.3907	59.4200243294	11.5335
3 5 1			0.39		-115.4		36.0		0.36021	0.5283	53.2544885252	31.9012
3 7 1			0.48		-114.92		35.04		0.36011	1.2822	71.5694631273	22.2453
3 1 15			0.49		-114.43		34.06		0.36045	0.2871	67.3554895111	7.7692
1 1 13			0.5		-113.93		33.06		0.361	0.3722	52.9310122384	10.9703
2 4 8			0.45		-113.47		32.15		0.36049	0.1687	51.4325245866	2.4593
2 0 16			0.43		-113.04		31.28		0.36119	0.5935	67.2372591268	11.8907
3 3 9			0.39		-112.65		30.5		0.3608	0.3816	52.4524123761	12.0632
2 4 2			0.31		-112.35		29.89		0.36082	0.3828	40.8766170199	13.2501
2 4 10			0.31		-112.04		29.28		0.36067	0.607	57.0555982332	12.0937
5 3 9			0.27		-111.76		28.73		0.3599	0.4833	65.0662013285	20.8409
6 2 0			-6.34		-118.1		35.07		0.3599	4.3933	57.9728440251	566.5186
3 5 11			-0.49		-118.59		35.56		0.36067	1.8915	70.5555824797	206.4699
6 4 6			0.42		-118.17		34.71		0.36073	0.9247	71.9614498967	41.9809
0 6 0			0.33		-117.84		34.06		0.36073	1.4277	54.7714555341	59.4019
4 2 10			0.32		-117.52		33.42		0.36059	1.1102	57.0442200735	11.3144
0 6 14			0.34		-117.18		32.73		0.36037	0.9096	81.7552219026	27.2955
6 0 10			0.31		-116.87		32.11		0.36025	1.0728	69.1331306246	8.9056
1 1 15			0.22		-116.65		31.67		0.36062	0.656	61.3839959686	20.6242
1 7 1			0.21		-116.43		31.24		0.36057	0.5219	65.7901743415	26.2984
3 3 13			0.32		-116.12		30.61		0.36077	0.5636	65.4922780779	9.1158
3 5 9			0.23		-115.88		30.14		0.36033	0.4755	65.0802252419	19.5165
1 3 15			0.26		-115.62		29.62		0.3605	0.2862	67.3623786269	8.1809
2 0 8			0.28		-115.34		29.05		0.36048	0.1665	35.7565424018	1.5727
1 3 9			0.27		-115.07		28.52		0.36028	0.2622	45.3040218183	7.1674
4 2 0			0.15		-114.93		28.23		0.36028	0.9287	40.0811891304	86.5118
4 0 10			0.05		-114.87		28.12		0.36077	0.6243	53.7713327333	45.2096
6 0 0			0.21		-114.66		27.7		0.36077	0.7256	54.7363985401	55.434
0 4 10			0.06		-114.6		27.58		0.36123	0.9893	53.7871001638	44.1425
9 1 1			0.19		-114.41		27.19		0.3612	0.8793	87.9915459652	19.6393
2 2 4			-0.39		-114.8		27.58		0.3611	0.7551	29.4672289371	73.6026
2 2 10			0.05		-114.75		27.48		0.36153	0.6429	46.7739448495	44.8949
1 1 1			0.02		-114.72		27.44		0.3615	0.5749	13.0194761966	56.7652
2 6 4			-0.36		-115.09		27.8		0.36139	0.8772	60.3635846112	78.02
0 4 4			-0.36		-115.45		28.16		0.36128	0.8482	39.0545896029	78.0016
4 6 4			0.12		-115.33		27.92		0.36136	1.0731	69.291881243	33.3045
0 2 16			0.2		-115.13		27.52		0.36178	1.8687	67.2407114996	13.8307
0 4 20			0.2		-114.93		27.12		0.36226	1.027	94.1654323607	18.6345
0 2 8			0.2		-114.73		26.72		0.36224	0.1155	35.7619852008	1.7384
6 2 4			-0.34		-115.07		27.07		0.3622	0.8727	60.3342977717	77.9073
5 1 9			0.15		-114.92		26.76		0.36201	0.4583	58.9619928854	19.0838
2 6 10			0.05		-114.87		26.66		0.36225	0.7069	72.0169435829	44.7171
6 4 4			0.09		-114.78		26.47		0.36229	0.6669	69.2748711385	33.991
3 5 3			-0.12		-114.9		26.59		0.36221	0.9259	54.5093201099	87.7589
6 2 10			0.05		-114.85		26.49		0.36244	0.7103	71.9901825081	43.9921
5 1 13			0.18		-114.67		26.13		0.3625	0.4567	71.2764535317	11.3258
0 2 12			0.13		-114.54		25.88		0.36233	0.3827	50.6142203783	17.5707
1 1 9			0.17		-114.37		25.54		0.36232	0.2216	37.1193146943	1.1702
2 4 0			0.08		-114.29		25.39		0.36232	1.4359	40.0960076051	88.2765
4 0 4			-0.34		-114.63		25.73		0.36227	1.2165	39.0343929222	79.1487
0 0 4			-0.2		-114.83		25.93		0.36224	0.8482	15.2869714585	59.1035
2 0 2			-0.0		-114.83		25.93		0.36223	0.6502	19.2320929378	35.9547