HKL Value		Reward		TotalReward	Chi Squared	Z Appr. 	Error	Two-Thetas	Sfs2
6 4 2			0.0		0.0		0.0		0.3	0.2211	67.6401768609	4.8049
4 6 0			0.0		0.0		0.04		0.29977	0.7863	67.1083315067	59.4729
0 2 20			-0.08		-0.08		0.13		0.28671	0.4494	86.0769303832	2.8517
2 0 14			-0.1		-0.19		0.23		0.28683	0.2634	58.6945218607	7.3942
4 6 2			0.02		-0.16		0.18		0.28685	0.2349	67.657370766	5.5969
0 2 6			-4.71		-4.87		4.89		0.31373	1.1672	29.1471999487	131.5155
6 4 0			0.41		-4.46		4.08		0.31373	1.8287	67.0910631577	58.6803
0 6 2			0.13		-4.34		3.83		0.31368	0.2356	55.3895592761	6.1752
6 0 2			0.12		-4.22		3.58		0.31364	0.2214	55.354768557	5.4487
0 2 14			0.11		-4.11		3.36		0.31271	0.2479	58.6982494177	6.3292
7 3 1			0.06		-4.04		3.23		0.31263	0.5095	71.5359286583	22.1332
3 7 1			0.05		-3.99		3.13		0.31255	1.2822	71.5694631273	22.2453
0 6 8			0.01		-3.98		3.12		0.31255	0.7694	64.1950429677	5.6946
6 0 8			-0.03		-4.01		3.14		0.31255	2.9234	64.163237895	5.3359
9 1 1			0.07		-3.94		3.01		0.31248	0.8793	87.9915459652	19.6393
4 2 2			-0.13		-4.07		3.14		0.31236	0.457	40.8620305525	12.2524
2 0 10			0.1		-3.98		2.94		0.31248	0.6169	42.9543880851	20.236
4 2 14			-0.22		-4.19		3.16		0.31334	1.2576	70.6282605877	19.9713
2 4 14			-0.13		-4.33		3.29		0.31393	0.5221	70.6383718296	19.4111
2 4 10			0.01		-4.31		3.27		0.31452	0.607	57.0555982332	12.0937
4 2 10			0.01		-4.3		3.25		0.31503	1.1102	57.0442200735	11.3144
0 2 16			-0.37		-4.67		3.61		0.31564	1.8687	67.2407114996	13.8307
2 4 2			-0.11		-4.77		3.72		0.3156	0.3828	40.8766170199	13.2501
7 1 1			-0.08		-4.85		3.8		0.31555	0.5207	65.7483230412	25.2044