HKL Value		Reward		TotalReward	Chi Squared	Z Appr. 	Error	Two-Thetas	Sfs2
6 4 2			0.0		0.0		0.0		0.3	0.2211	67.6401768609	4.8049
2 6 4			0.0		0.0		0.3		0.28442	0.8772	60.3635846112	78.02
4 6 0			0.06		0.06		0.17		0.28442	0.7863	67.1083315067	59.4729
0 2 20			0.01		0.08		0.14		0.28656	0.4494	86.0769303832	2.8517
2 0 14			-0.08		0.0		0.22		0.28664	0.2634	58.6945218607	7.3942
4 6 2			0.02		0.02		0.18		0.28666	0.2349	67.657370766	5.5969
6 4 0			0.01		0.03		0.15		0.28666	1.8287	67.0910631577	58.6803
0 6 2			-0.11		-0.08		0.27		0.2866	0.2356	55.3895592761	6.1752
1 3 1			-0.99		-1.08		1.26		0.28639	0.5324	28.3265170018	42.1271
6 0 2			0.03		-1.04		1.2		0.28635	0.2214	55.354768557	5.4487
0 2 14			0.01		-1.03		1.18		0.28645	0.2479	58.6982494177	6.3292
7 3 1			0.04		-1.0		1.11		0.28638	0.5095	71.5359286583	22.1332
2 4 14			0.02		-0.97		1.06		0.28633	0.5221	70.6383718296	19.4111
1 3 3			-2.37		-3.34		3.43		0.28721	0.7045	30.3940112777	66.1614
2 0 10			0.12		-3.22		3.19		0.28711	0.6169	42.9543880851	20.236
7 1 1			0.02		-3.2		3.15		0.28696	0.5207	65.7483230412	25.2044
3 7 1			0.08		-3.12		2.98		0.28689	1.2822	71.5694631273	22.2453
0 6 0			-0.21		-3.33		3.18		0.28689	1.4277	54.7714555341	59.4019
4 2 14			0.07		-3.26		3.05		0.28678	1.2576	70.6282605877	19.9713
0 6 8			0.02		-3.24		3.01		0.28713	0.7694	64.1950429677	5.6946
4 2 2			0.01		-3.23		2.99		0.28702	0.457	40.8620305525	12.2524
1 5 9			-0.39		-3.62		3.39		0.28682	0.4394	58.984264935	17.7365
3 3 1			-0.04		-3.66		3.42		0.28666	0.5106	38.1558496662	33.1617
5 3 1			-0.05		-3.71		3.47		0.28651	0.5252	53.2386121167	32.835