HKL Value		Reward		TotalReward	Chi Squared	Z Appr. 	Error	Two-Thetas	Sfs2
0 4 12			0.0		0.0		0.0		0.3	1.4889	60.4300914167	161.7651
3 1 13			0.0		0.0		0.59		0.25162	0.3869	59.4126405656	11.7895
9 1 1			5.2		5.2		0.88		0.2518	0.8793	87.9915459652	19.6393
1 5 13			6.69		11.89		0.59		0.25167	1.1973	71.2966048402	12.6128
2 0 12			0.45		12.34		10.32		0.26513	0.8079	50.6101057273	16.6151
0 0 4			1.88		14.22		8.94		0.26542	0.8482	15.2869714585	59.1035
5 1 13			1.78		16.0		8.52		0.26529	0.4567	71.2764535317	11.3258
4 4 4			1.97		17.97		7.59		0.26552	0.8476	53.9354251327	76.9211
3 7 1			2.11		20.08		6.64		0.26553	1.2822	71.5694631273	22.2453
2 2 4			2.13		22.21		6.09		0.26574	0.7551	29.4672289371	73.6026
6 0 12			1.59		23.8		7.51		0.27146	0.5892	74.995462768	0.9301
0 6 16			1.92		25.72		7.19		0.27158	0.4825	89.3859051251	7.6515
6 4 2			2.03		27.75		6.65		0.27161	0.2211	67.6401768609	4.8049
6 4 0			2.11		29.86		6.14		0.27161	1.8287	67.0910631577	58.6803
4 2 12			2.15		32.01		5.79		0.27223	0.2244	63.468523569	4.7972
2 4 2			2.16		34.17		5.57		0.27221	0.3828	40.8766170199	13.2501
0 2 14			2.19		36.36		5.37		0.27248	0.2479	58.6982494177	6.3292
1 1 17			0.69		37.05		11.78		0.28833	2.447	70.2810461715	248.4175
1 7 1			1.55		38.6		11.31		0.28829	0.5219	65.7901743415	26.2984
2 0 14			1.61		40.21		10.73		0.28834	0.2634	58.6945218607	7.3942
6 2 4			1.64		41.85		10.21		0.28827	0.8727	60.3342977717	77.9073
4 6 0			1.67		43.52		9.73		0.28827	0.7863	67.1083315067	59.4729
4 0 4			1.7		45.22		9.31		0.28818	1.2165	39.0343929222	79.1487
0 2 20			1.73		46.96		8.93		0.28799	0.4494	86.0769303832	2.8517
3 5 1			1.72		48.68		8.74		0.28793	0.5283	53.2544885252	31.9012
0 6 14			1.76		50.44		8.47		0.28783	0.9096	81.7552219026	27.2955
1 5 1			1.77		52.2		8.29		0.28779	0.4978	46.196563203	27.3004
1 1 13			1.82		54.02		8.0		0.28755	0.3722	52.9310122384	10.9703
5 3 1			1.8		55.82		7.88		0.28751	0.5252	53.2386121167	32.835
2 0 8			1.82		57.64		7.75		0.28702	0.1665	35.7565424018	1.5727
3 3 15			1.86		59.5		7.52		0.28688	0.3402	73.0835579415	3.8877
2 2 10			1.81		61.31		7.55		0.28624	0.6429	46.7739448495	44.8949
7 3 1			1.88		63.2		7.33		0.28622	0.5095	71.5359286583	22.1332
0 6 10			1.83		65.03		7.38		0.28554	0.8527	69.1637693973	8.5049
5 1 1			1.88		66.9		7.26		0.28551	0.5346	46.1701152	26.7419
2 6 4			1.92		68.82		7.06		0.2855	0.8772	60.3635846112	78.02
0 6 2			1.93		70.76		6.89		0.28549	0.2356	55.3895592761	6.1752
0 4 4			1.96		72.72		6.7		0.28546	0.8482	39.0545896029	78.0016
4 2 2			1.97		74.68		6.6		0.28545	0.457	40.8620305525	12.2524
2 4 12			1.98		76.67		6.49		0.28545	0.2205	63.4791913795	4.8908
4 6 2			2.02		78.68		6.33		0.28546	0.2349	67.657370766	5.5969
1 1 7			0.42		79.1		15.31		0.28533	0.2012	29.7561292971	6.5386
2 4 14			1.33		80.43		14.95		0.28533	0.5221	70.6383718296	19.4111
2 4 8			1.35		81.78		14.61		0.2854	0.1687	51.4325245866	2.4593
4 2 8			1.36		83.15		14.29		0.28546	0.7605	51.4203212226	2.5419
5 5 1			1.38		84.52		13.97		0.28545	0.5073	65.769247456	23.9531
0 2 16			1.37		85.89		13.8		0.28528	1.8687	67.2407114996	13.8307
2 0 2			1.35		87.24		13.79		0.28523	0.6502	19.2320929378	35.9547
4 2 14			1.39		88.63		13.52		0.28524	1.2576	70.6282605877	19.9713
3 1 1			1.38		90.01		13.4		0.28519	0.5239	28.3131072915	41.7464
3 1 9			1.4		91.42		13.18		0.28512	0.36	45.2950695798	8.7768
2 0 16			1.41		92.82		13.01		0.28497	0.5935	67.2372591268	11.8907
2 0 10			1.43		94.25		12.77		0.28506	0.6169	42.9543880851	20.236
1 1 1			1.41		95.66		12.73		0.28501	0.5749	13.0194761966	56.7652
6 0 8			1.44		97.1		12.54		0.28505	2.9234	64.163237895	5.3359
1 1 15			1.41		98.51		12.53		0.28474	0.656	61.3839959686	20.6242
6 0 0			1.44		99.95		12.39		0.28474	0.7256	54.7363985401	55.434
2 4 10			1.46		101.4		12.2		0.28445	0.607	57.0555982332	12.0937
4 4 12			1.28		102.69		13.01		0.28373	1.9475	72.2035773977	130.2426
0 6 4			1.37		104.06		13.09		0.28355	0.6675	57.2171401797	42.9768
1 3 1			1.4		105.46		13.0		0.2835	0.5324	28.3265170018	42.1271
4 0 10			1.42		106.87		12.84		0.28303	0.6243	53.7713327333	45.2096
1 3 13			1.43		108.3		12.66		0.28326	0.3907	59.4200243294	11.5335
4 4 10			1.44		109.74		12.48		0.28297	0.6886	66.23802526	47.6672
4 6 4			1.41		111.15		12.49		0.28285	1.0731	69.291881243	33.3045
4 2 10			1.45		112.6		12.31		0.2827	1.1102	57.0442200735	11.3144
6 0 2			1.46		114.06		12.13		0.28269	0.2214	55.354768557	5.4487
1 1 3			1.41		115.47		12.28		0.28275	0.4514	16.9416048235	36.8187
0 2 10			1.46		116.93		12.12		0.28293	0.4317	42.9590557724	21.0204
0 2 12			1.44		118.37		12.08		0.28282	0.3827	50.6142203783	17.5707
6 0 10			1.46		119.83		11.95		0.28251	1.0728	69.1331306246	8.9056
0 2 8			1.48		121.31		11.78		0.28246	0.1155	35.7619852008	1.7384
2 0 0			1.37		122.68		12.26		0.28246	2.02	17.6289686615	175.6782
7 1 1			1.45		124.13		12.12		0.28244	0.5207	65.7483230412	25.2044
5 3 9			1.44		125.57		12.11		0.2824	0.4833	65.0662013285	20.8409
6 0 4			1.43		127.0		12.17		0.28228	0.7069	57.1830782131	42.6751
3 3 1			1.45		128.45		12.06		0.28226	0.5106	38.1558496662	33.1617
0 2 2			1.44		129.89		12.07		0.28223	0.4614	19.2417464495	36.8131
0 0 10			1.46		131.35		11.95		0.28196	0.8316	38.8438017949	41.7013
0 6 0			1.46		132.81		11.88		0.28196	1.4277	54.7714555341	59.4019
0 6 6			1.42		134.23		12.03		0.28212	1.0147	60.183190367	40.9583
4 0 12			1.28		135.51		12.92		0.28141	2.7435	60.4154589103	161.2613
5 1 9			1.39		136.9		12.91		0.28139	0.4583	58.9619928854	19.0838
1 3 15			1.42		138.32		12.75		0.28139	0.2862	67.3623786269	8.1809
1 3 9			1.43		139.75		12.61		0.28136	0.2622	45.3040218183	7.1674
3 3 13			1.43		141.18		12.48		0.28149	0.5636	65.4922780779	9.1158
0 0 20			1.44		142.62		12.34		0.28159	0.4542	83.3712939521	4.3689
2 4 0			1.42		144.04		12.36		0.28159	1.4359	40.0960076051	88.2765
6 2 10			1.45		145.49		12.24		0.28138	0.7103	71.9901825081	43.9921
6 4 4			1.43		146.92		12.24		0.2813	0.6669	69.2748711385	33.991
0 4 2			1.23		148.15		13.36		0.28131	3.2657	36.5744795411	137.7475
3 7 5			1.27		149.42		13.91		0.28121	1.0548	74.7470539899	89.5814