HKL Value		Reward		TotalReward	Chi Squared	Z Appr. 	Error	Two-Thetas	Sfs2
4 4 0			0.0		0.0		0.0		0.3	4.9852	51.3853572345	648.027
3 1 13			0.0		0.0		326.18		0.28663	0.3869	59.4126405656	11.7895
5 5 7			0.78		0.78		165.17		0.33258	0.6639	72.2860687267	4.3062
0 0 4			0.91		1.69		119.59		0.33056	0.8482	15.2869714585	59.1035
1 5 13			1.05		2.74		89.82		0.32972	1.1973	71.2966048402	12.6128
9 1 1			1.13		3.87		72.35		0.32963	0.8793	87.9915459652	19.6393
5 1 13			1.16		5.03		60.3		0.32947	0.4567	71.2764535317	11.3258
6 0 4			0.91		5.94		56.2		0.32958	0.7069	57.1830782131	42.6751
4 4 4			0.87		6.8		53.24		0.32892	0.8476	53.9354251327	76.9211
3 7 1			1.06		7.86		47.72		0.32886	1.2822	71.5694631273	22.2453
2 2 4			0.84		8.7		46.12		0.32833	0.7551	29.4672289371	73.6026
6 0 12			0.08		8.79		60.91		0.32032	0.5892	74.995462768	0.9301
0 6 16			0.92		9.71		56.46		0.32087	0.4825	89.3859051251	7.6515
6 4 2			0.95		10.66		52.17		0.32086	0.2211	67.6401768609	4.8049
6 4 0			0.95		11.61		48.44		0.32086	1.8287	67.0910631577	58.6803
4 2 12			0.72		12.33		48.36		0.31935	0.2244	63.468523569	4.7972
2 4 2			0.91		13.25		45.74		0.31934	0.3828	40.8766170199	13.2501
0 2 14			0.9		14.15		43.6		0.31921	0.2479	58.6982494177	6.3292
1 7 1			0.92		15.07		41.54		0.31919	0.5219	65.7901743415	26.2984
4 0 4			0.86		15.93		40.52		0.31905	1.2165	39.0343929222	79.1487
5 3 7			0.82		16.75		40.06		0.31978	0.2523	60.5057581853	5.4388
4 6 0			0.95		17.7		38.15		0.31978	0.7863	67.1083315067	59.4729
6 2 4			0.87		18.58		37.38		0.31966	0.8727	60.3342977717	77.9073
2 0 14			0.93		19.51		36.06		0.31958	0.2634	58.6945218607	7.3942
4 0 2			0.59		20.1		39.0		0.31961	1.7854	36.5531212028	138.5255
0 2 20			0.85		20.95		38.38		0.31846	0.4494	86.0769303832	2.8517
3 5 1			0.91		21.86		37.22		0.31844	0.5283	53.2544885252	31.9012
0 6 14			0.91		22.77		36.19		0.3185	0.9096	81.7552219026	27.2955
5 3 1			0.92		23.68		35.21		0.31848	0.5252	53.2386121167	32.835
0 4 4			0.89		24.57		34.7		0.31838	0.8482	39.0545896029	78.0016
1 5 1			0.93		25.5		33.79		0.31836	0.4978	46.196563203	27.3004
1 7 5			0.74		26.24		35.13		0.3184	1.0841	69.0835930101	99.7513
1 1 13			0.83		27.07		35.3		0.31937	0.3722	52.9310122384	10.9703
2 2 10			0.94		28.01		34.24		0.31942	0.6429	46.7739448495	44.8949
5 1 1			0.93		28.94		33.44		0.31942	0.5346	46.1701152	26.7419
0 6 10			0.95		29.89		32.51		0.31948	0.8527	69.1637693973	8.5049
7 3 1			0.96		30.84		31.68		0.31948	0.5095	71.5359286583	22.1332
3 3 15			0.96		31.8		30.95		0.31918	0.3402	73.0835579415	3.8877
2 0 2			0.93		32.73		30.64		0.31916	0.6502	19.2320929378	35.9547
0 6 2			0.97		33.71		29.92		0.31916	0.2356	55.3895592761	6.1752
2 6 4			0.94		34.64		29.69		0.31907	0.8772	60.3635846112	78.02
4 2 2			0.98		35.62		29.1		0.31906	0.457	40.8620305525	12.2524
4 6 2			1.0		36.61		28.43		0.31906	0.2349	67.657370766	5.5969
4 2 8			0.96		37.57		28.23		0.31919	0.7605	51.4203212226	2.5419
3 1 1			0.98		38.55		27.89		0.31918	0.5239	28.3131072915	41.7464
0 2 16			1.0		39.55		27.35		0.31933	1.8687	67.2407114996	13.8307
0 6 4			0.95		40.5		27.45		0.31933	0.6675	57.2171401797	42.9768
2 4 8			0.97		41.47		27.3		0.31947	0.1687	51.4325245866	2.4593
1 1 1			0.98		42.45		27.09		0.31946	0.5749	13.0194761966	56.7652
2 0 10			1.01		43.46		26.59		0.31938	0.6169	42.9543880851	20.236
2 0 16			1.02		44.48		26.17		0.31957	0.5935	67.2372591268	11.8907
3 1 9			1.02		45.49		25.78		0.31944	0.36	45.2950695798	8.7768
2 4 12			0.96		46.46		25.99		0.31871	0.2205	63.4791913795	4.8908
6 0 0			1.02		47.48		25.59		0.3187	0.7256	54.7363985401	55.434
4 6 4			0.99		48.47		25.56		0.3187	1.0731	69.291881243	33.3045
4 0 10			1.04		49.51		25.11		0.31876	0.6243	53.7713327333	45.2096
4 2 14			1.04		50.55		24.72		0.31879	1.2576	70.6282605877	19.9713
1 3 1			1.03		51.58		24.52		0.31878	0.5324	28.3265170018	42.1271
2 4 14			1.05		52.63		24.14		0.3188	0.5221	70.6383718296	19.4111
6 0 8			1.06		53.7		23.76		0.31882	2.9234	64.163237895	5.3359
4 4 10			1.07		54.77		23.37		0.31885	0.6886	66.23802526	47.6672
5 5 1			1.07		55.84		23.03		0.31885	0.5073	65.769247456	23.9531
0 2 12			1.07		56.91		22.81		0.31861	0.3827	50.6142203783	17.5707
2 4 10			1.09		58.0		22.44		0.31861	0.607	57.0555982332	12.0937
1 3 13			1.03		59.03		22.69		0.31918	0.3907	59.4200243294	11.5335
4 2 10			1.09		60.12		22.34		0.31918	1.1102	57.0442200735	11.3144
5 3 9			1.1		61.22		22.0		0.31918	0.4833	65.0662013285	20.8409
6 0 10			1.1		62.32		21.69		0.31922	1.0728	69.1331306246	8.9056
0 2 2			1.08		63.4		21.66		0.3192	0.4614	19.2417464495	36.8131
2 4 6			1.11		64.51		21.36		0.31921	0.785	46.7364348384	64.2552
5 1 9			1.12		65.62		21.09		0.31916	0.4583	58.9619928854	19.0838
0 0 10			1.12		66.75		20.8		0.3192	0.8316	38.8438017949	41.7013
0 0 20			1.13		67.88		20.53		0.31918	0.4542	83.3712939521	4.3689
7 1 1			1.13		69.01		20.33		0.31917	0.5207	65.7483230412	25.2044
2 4 0			1.12		70.13		20.24		0.31917	1.4359	40.0960076051	88.2765
6 4 4			1.1		71.23		20.3		0.31917	0.6669	69.2748711385	33.991
1 1 9			1.12		72.35		20.25		0.31896	0.2216	37.1193146943	1.1702
1 3 9			1.13		73.48		20.1		0.31884	0.2622	45.3040218183	7.1674
0 2 8			1.0		74.48		20.99		0.31911	0.1155	35.7619852008	1.7384
3 3 13			1.05		75.53		21.34		0.31973	0.5636	65.4922780779	9.1158
4 2 0			1.1		76.63		21.23		0.31973	0.9287	40.0811891304	86.5118
2 0 12			1.1		77.72		21.15		0.31949	0.8079	50.6101057273	16.6151
6 2 10			1.12		78.84		20.9		0.31952	0.7103	71.9901825081	43.9921
3 3 1			1.11		79.95		20.75		0.31952	0.5106	38.1558496662	33.1617
0 2 10			1.12		81.08		20.54		0.31947	0.4317	42.9590557724	21.0204
6 0 6			1.13		82.21		20.31		0.31946	1.0815	60.1501886982	39.9969
6 4 6			1.13		83.34		20.16		0.31942	0.9247	71.9614498967	41.9809
3 5 9			1.14		84.48		19.93		0.3194	0.4755	65.0802252419	19.5165
0 4 10			1.15		85.63		19.71		0.31944	0.9893	53.7871001638	44.1425
4 4 8			0.89		86.52		21.59		0.31946	3.9407	61.1479986878	218.5721
4 4 12			1.1		87.63		21.37		0.3195	1.9475	72.2035773977	130.2426
0 4 14			0.97		88.6		22.25		0.3195	1.2337	67.7597167724	121.3788
5 5 3			1.06		89.67		22.22		0.3195	0.8107	66.8760743485	64.1048
4 4 2			0.96		90.63		23.06		0.31952	1.2125	52.0311030722	128.6454
1 5 9			1.07		91.69		22.85		0.31947	0.4394	58.984264935	17.7365
6 0 2			1.07		92.77		22.64		0.31947	0.2214	55.354768557	5.4487
3 3 9			1.07		93.84		22.44		0.3194	0.3816	52.4524123761	12.0632
0 4 20			1.07		94.91		22.29		0.31934	1.027	94.1654323607	18.6345
2 2 14			0.98		95.9		22.92		0.31934	1.0835	61.7979105177	101.9829
0 6 0			1.06		96.96		22.76		0.31934	1.4277	54.7714555341	59.4019
4 2 6			1.07		98.04		22.53		0.31934	1.6049	46.7233273538	62.1975
3 5 3			1.04		99.08		22.61		0.31936	0.9259	54.5093201099	87.7589