HKL Value		Reward		TotalReward	Chi Squared	Z Appr. 	Error	Two-Thetas	Sfs2
3 1 13			0.0		0.0		0.0		0.3	0.3869	59.4126405656	11.7895
9 1 1			0.0		0.0		0.08		0.28658	0.8793	87.9915459652	19.6393
1 5 13			22.82		22.82		0.05		0.28676	1.1973	71.2966048402	12.6128
2 0 2			1.45		24.27		4.49		0.28659	0.6502	19.2320929378	35.9547
0 0 4			2.98		27.26		3.39		0.28649	0.8482	15.2869714585	59.1035
5 1 13			3.22		30.48		2.72		0.28643	0.4567	71.2764535317	11.3258
4 4 4			3.37		33.85		2.35		0.28628	0.8476	53.9354251327	76.9211
3 7 1			3.56		37.41		2.07		0.28625	1.2822	71.5694631273	22.2453
2 2 4			3.7		41.1		1.89		0.28609	0.7551	29.4672289371	73.6026
6 4 2			3.89		45.0		1.71		0.28611	0.2211	67.6401768609	4.8049
6 0 12			4.09		49.08		1.54		0.28614	0.5892	74.995462768	0.9301
0 6 16			3.97		53.05		1.58		0.28582	0.4825	89.3859051251	7.6515
6 4 0			4.2		57.25		1.45		0.28582	1.8287	67.0910631577	58.6803
4 2 12			4.05		61.3		1.51		0.28584	0.2244	63.468523569	4.7972
2 4 2			3.87		65.17		1.63		0.28578	0.3828	40.8766170199	13.2501
0 2 14			3.97		69.14		1.6		0.28579	0.2479	58.6982494177	6.3292
4 0 4			4.1		73.24		1.51		0.28567	1.2165	39.0343929222	79.1487
1 7 1			3.93		77.17		1.59		0.28557	0.5219	65.7901743415	26.2984
6 2 4			4.1		81.27		1.51		0.28551	0.8727	60.3342977717	77.9073
2 0 14			4.17		85.44		1.46		0.2855	0.2634	58.6945218607	7.3942
4 6 0			4.28		89.71		1.38		0.2855	0.7863	67.1083315067	59.4729
0 2 20			4.35		94.06		1.33		0.28602	0.4494	86.0769303832	2.8517
3 5 1			4.1		98.16		1.46		0.28597	0.5283	53.2544885252	31.9012
0 6 14			4.12		102.28		1.47		0.28595	0.9096	81.7552219026	27.2955
1 5 1			3.97		106.25		1.56		0.2859	0.4978	46.196563203	27.3004