HKL Value		Reward		TotalReward	Chi Squared	Z Appr. 	Error	Two-Thetas	Sfs2
3 1 13			0.0		0.0		0.0		0.3	0.3869	59.4126405656	11.7895
5 5 5			0.0		0.0		75.6		0.2854	1.5862	69.0631626084	104.8873
9 1 1			1.62		1.62		37.83		0.28534	0.8793	87.9915459652	19.6393
1 5 13			1.8		3.43		25.29		0.28626	1.1973	71.2966048402	12.6128
0 0 4			1.74		5.17		18.99		0.28615	0.8482	15.2869714585	59.1035
5 1 13			1.71		6.88		15.19		0.28621	0.4567	71.2764535317	11.3258
4 4 4			1.71		8.59		12.74		0.28606	0.8476	53.9354251327	76.9211
3 7 1			1.75		10.34		10.98		0.28602	1.2822	71.5694631273	22.2453
2 2 4			1.8		12.14		9.68		0.28584	0.7551	29.4672289371	73.6026
6 0 12			1.87		14.01		8.61		0.28588	0.5892	74.995462768	0.9301
0 6 16			1.88		15.89		7.93		0.28553	0.4825	89.3859051251	7.6515
6 4 2			1.98		17.87		7.23		0.28556	0.2211	67.6401768609	4.8049
6 4 0			2.05		19.92		6.63		0.28556	1.8287	67.0910631577	58.6803
4 2 12			2.05		21.97		6.3		0.28558	0.2244	63.468523569	4.7972
2 4 2			2.07		24.04		6.08		0.28552	0.3828	40.8766170199	13.2501
0 2 14			2.15		26.19		5.74		0.2855	0.2479	58.6982494177	6.3292
1 7 1			2.15		28.34		5.57		0.28539	0.5219	65.7901743415	26.2984
2 0 14			2.24		30.58		5.27		0.28536	0.2634	58.6945218607	7.3942
4 6 0			2.3		32.88		4.98		0.28536	0.7863	67.1083315067	59.4729
6 2 4			2.36		35.24		4.72		0.28529	0.8727	60.3342977717	77.9073
4 0 4			2.41		37.65		4.49		0.28515	1.2165	39.0343929222	79.1487
1 3 9			2.43		40.08		4.35		0.28491	0.2622	45.3040218183	7.1674
0 2 20			2.48		42.56		4.18		0.2858	0.4494	86.0769303832	2.8517
3 5 1			2.45		45.01		4.17		0.28574	0.5283	53.2544885252	31.9012
0 2 18			1.57		46.58		6.45		0.29139	0.3755	76.3208597895	3.7538
1 1 17			1.32		47.9		8.83		0.29168	2.447	70.2810461715	248.4175
0 6 14			1.73		49.63		8.64		0.29159	0.9096	81.7552219026	27.2955
1 5 1			1.74		51.37		8.47		0.29158	0.4978	46.196563203	27.3004
1 1 13			1.72		53.1		8.46		0.29114	0.3722	52.9310122384	10.9703
5 3 1			1.75		54.84		8.34		0.29113	0.5252	53.2386121167	32.835
6 0 2			1.8		56.64		8.09		0.29113	0.2214	55.354768557	5.4487
2 0 8			1.72		58.36		8.24		0.29078	0.1665	35.7565424018	1.5727
2 2 10			1.66		60.02		8.56		0.29051	0.6429	46.7739448495	44.8949
7 3 1			1.77		61.79		8.32		0.29051	0.5095	71.5359286583	22.1332
0 6 10			1.63		63.42		8.74		0.29016	0.8527	69.1637693973	8.5049
5 1 1			1.73		65.14		8.6		0.29015	0.5346	46.1701152	26.7419
3 3 15			1.75		66.9		8.41		0.29014	0.3402	73.0835579415	3.8877
0 6 2			1.78		68.68		8.21		0.29014	0.2356	55.3895592761	6.1752
0 4 4			1.8		70.47		8.02		0.29011	0.8482	39.0545896029	78.0016
2 0 2			1.73		72.2		8.17		0.29009	0.6502	19.2320929378	35.9547
4 2 2			1.78		73.98		8.04		0.29008	0.457	40.8620305525	12.2524
4 2 8			1.82		75.8		7.84		0.29007	0.7605	51.4203212226	2.5419
2 6 4			1.83		77.63		7.67		0.29004	0.8772	60.3635846112	78.02
0 2 16			1.8		79.43		7.69		0.29001	1.8687	67.2407114996	13.8307
4 6 2			1.85		81.29		7.52		0.29001	0.2349	67.657370766	5.5969
1 3 5			1.08		82.37		10.79		0.28998	3.1323	34.189462707	190.138
2 4 12			1.56		83.93		10.6		0.28998	0.2205	63.4791913795	4.8908
2 4 8			1.58		85.51		10.38		0.28996	0.1687	51.4325245866	2.4593
3 1 1			1.56		87.07		10.34		0.28996	0.5239	28.3131072915	41.7464
2 0 10			1.6		88.67		10.15		0.28991	0.6169	42.9543880851	20.236
0 4 14			1.49		90.16		10.52		0.28975	1.2337	67.7597167724	121.3788
1 1 1			1.54		91.7		10.54		0.28973	0.5749	13.0194761966	56.7652
6 0 8			1.58		93.27		10.36		0.28977	2.9234	64.163237895	5.3359
3 1 9			1.58		94.86		10.23		0.28973	0.36	45.2950695798	8.7768
2 0 16			1.58		96.43		10.17		0.2897	0.5935	67.2372591268	11.8907
0 6 4			1.53		97.96		10.36		0.28965	0.6675	57.2171401797	42.9768
6 0 0			1.58		99.54		10.26		0.28965	0.7256	54.7363985401	55.434
4 0 10			1.54		101.07		10.37		0.28938	0.6243	53.7713327333	45.2096
1 3 1			1.56		102.63		10.35		0.28936	0.5324	28.3265170018	42.1271
4 2 14			1.59		104.22		10.19		0.28933	1.2576	70.6282605877	19.9713
4 6 4			1.55		105.76		10.29		0.28929	1.0731	69.291881243	33.3045
7 1 7			0.68		106.44		15.74		0.28982	0.3505	72.2660298289	5.0526
5 5 1			1.3		107.74		15.49		0.28982	0.5073	65.769247456	23.9531
2 4 14			1.31		109.05		15.26		0.28978	0.5221	70.6383718296	19.4111
2 4 10			1.3		110.35		15.16		0.28957	0.607	57.0555982332	12.0937
1 3 13			1.32		111.66		14.97		0.28937	0.3907	59.4200243294	11.5335
4 4 10			1.3		112.96		14.93		0.28915	0.6886	66.23802526	47.6672
4 2 10			1.31		114.27		14.85		0.28895	1.1102	57.0442200735	11.3144
1 1 15			1.3		115.57		14.83		0.28896	0.656	61.3839959686	20.6242
0 2 12			1.31		116.87		14.78		0.28896	0.3827	50.6142203783	17.5707
1 1 3			1.29		118.16		14.85		0.28899	0.4514	16.9416048235	36.8187
5 3 9			1.3		119.46		14.83		0.28896	0.4833	65.0662013285	20.8409
6 0 4			1.29		120.75		14.9		0.28891	0.7069	57.1830782131	42.6751
6 0 10			1.29		122.04		14.91		0.28859	1.0728	69.1331306246	8.9056
0 2 2			1.3		123.34		14.9		0.28858	0.4614	19.2417464495	36.8131
0 2 10			1.33		124.67		14.71		0.28856	0.4317	42.9590557724	21.0204
5 1 9			1.31		125.98		14.68		0.28855	0.4583	58.9619928854	19.0838
0 0 10			1.3		127.28		14.68		0.28828	0.8316	38.8438017949	41.7013
0 4 12			1.14		128.42		15.75		0.28817	1.4889	60.4300914167	161.7651
0 6 6			1.25		129.67		15.79		0.28827	1.0147	60.183190367	40.9583