HKL Value		Reward		TotalReward	Chi Squared	Z Appr. 	Error	Two-Thetas	Sfs2
0 0 20			0.0		0.0		0.0		0.3	0.4542	83.3712939521	4.3689
1 7 7			0.0		0.0		0.05		0.33326	0.4353	72.3061031614	6.1143
1 1 7			7.1		7.1		0.46		0.33375	0.2012	29.7561292971	6.5386
0 6 6			5.01		12.11		0.91		0.33376	1.0147	60.183190367	40.9583
9 1 1			4.06		16.17		1.39		0.33369	0.8793	87.9915459652	19.6393
1 3 13			3.88		20.05		1.6		0.33277	0.3907	59.4200243294	11.5335
0 4 8			0.01		20.05		31.97		0.33469	4.1351	47.9021960727	235.0989
4 6 0			1.33		21.38		27.41		0.33469	0.7863	67.1083315067	59.4729
5 5 1			1.28		22.66		24.44		0.33462	0.5073	65.769247456	23.9531
7 3 1			1.28		23.94		22.17		0.33456	0.5095	71.5359286583	22.1332
0 4 20			1.33		25.27		20.07		0.33525	1.027	94.1654323607	18.6345
6 0 10			1.3		26.57		18.7		0.33525	1.0728	69.1331306246	8.9056
7 1 1			1.28		27.85		17.79		0.33521	0.5207	65.7483230412	25.2044
0 2 16			1.29		29.14		17.05		0.33536	1.8687	67.2407114996	13.8307
6 0 0			1.34		30.49		16.17		0.33536	0.7256	54.7363985401	55.434
1 1 15			1.4		31.88		15.18		0.33548	0.656	61.3839959686	20.6242
4 0 10			1.27		33.15		15.28		0.33473	0.6243	53.7713327333	45.2096
0 0 10			1.33		34.48		14.97		0.32766	0.8316	38.8438017949	41.7013
1 7 1			1.36		35.84		14.56		0.32756	0.5219	65.7901743415	26.2984
0 2 14			1.41		37.25		13.97		0.32916	0.2479	58.6982494177	6.3292
3 3 11			0.36		37.61		22.62		0.33557	2.1204	58.6030846927	249.5822
2 4 2			1.14		38.75		21.91		0.33555	0.3828	40.8766170199	13.2501
2 4 6			1.19		39.94		20.91		0.33555	0.785	46.7364348384	64.2552
4 0 0			0.04		39.98		40.7		0.33555	8.3901	35.6934066618	787.9925
4 4 10			0.86		40.84		39.8		0.33465	0.6886	66.23802526	47.6672
1 3 7			0.92		41.76		38.21		0.33481	0.1893	39.2755843192	5.3372
6 0 8			0.93		42.69		36.79		0.3346	2.9234	64.163237895	5.3359
2 2 10			0.9		43.6		35.91		0.32915	0.6429	46.7739448495	44.8949
3 5 9			0.93		44.53		34.82		0.32855	0.4755	65.0802252419	19.5165
3 7 1			0.95		45.47		33.74		0.32847	1.2822	71.5694631273	22.2453
2 4 10			0.95		46.42		32.79		0.32791	0.607	57.0555982332	12.0937
7 1 7			0.96		47.38		31.84		0.32896	0.3505	72.2660298289	5.0526
4 2 2			0.96		48.35		31.05		0.32891	0.457	40.8620305525	12.2524
0 6 16			0.98		49.33		30.16		0.32819	0.4825	89.3859051251	7.6515
3 5 1			0.97		50.3		29.55		0.3281	0.5283	53.2544885252	31.9012
1 5 3			0.95		51.25		29.24		0.32813	0.9511	47.585042181	85.8034
2 0 16			1.0		52.25		28.52		0.32749	0.5935	67.2372591268	11.8907
6 0 6			1.01		53.26		27.79		0.32742	1.0815	60.1501886982	39.9969
0 4 10			1.01		54.27		27.17		0.32689	0.9893	53.7871001638	44.1425
0 6 8			1.03		55.31		26.47		0.32689	0.7694	64.1950429677	5.6946
2 0 10			1.02		56.32		26.07		0.32662	0.6169	42.9543880851	20.236
5 1 13			1.05		57.37		25.46		0.32701	0.4567	71.2764535317	11.3258
3 3 7			1.03		58.39		25.14		0.32789	0.1558	47.1418707618	3.5073
6 4 6			1.03		59.42		24.87		0.32775	0.9247	71.9614498967	41.9809
0 4 12			1.06		60.48		24.34		0.32792	1.4889	60.4300914167	161.7651
6 4 0			1.08		61.56		23.8		0.32792	1.8287	67.0910631577	58.6803
2 0 14			1.08		62.64		23.33		0.3283	0.2634	58.6945218607	7.3942
1 3 3			1.05		63.68		23.24		0.32832	0.7045	30.3940112777	66.1614
0 6 2			1.09		64.77		22.81		0.32832	0.2356	55.3895592761	6.1752
1 1 13			1.1		65.87		22.35		0.32843	0.3722	52.9310122384	10.9703
4 6 2			1.11		66.98		21.93		0.32841	0.2349	67.657370766	5.5969
2 6 8			0.73		67.71		24.95		0.32894	4.3291	67.1483383839	218.3417
4 2 8			1.05		68.76		24.54		0.32952	0.7605	51.4203212226	2.5419
0 6 0			1.05		69.81		24.2		0.32952	1.4277	54.7714555341	59.4019
1 1 17			0.74		70.55		26.82		0.33728	2.447	70.2810461715	248.4175
4 0 4			0.94		71.49		27.04		0.33705	1.2165	39.0343929222	79.1487
6 0 2			1.01		72.5		26.61		0.33705	0.2214	55.354768557	5.4487
6 4 2			1.02		73.52		26.17		0.33703	0.2211	67.6401768609	4.8049
5 1 7			1.03		74.54		25.72		0.33703	0.2609	54.1000446603	4.252
0 2 10			1.01		75.55		25.51		0.3371	0.4317	42.9590557724	21.0204
0 6 10			1.03		76.58		25.16		0.33714	0.8527	69.1637693973	8.5049
5 3 7			1.04		77.62		24.75		0.33714	0.2523	60.5057581853	5.4388
4 2 6			1.05		78.67		24.35		0.33714	1.6049	46.7233273538	62.1975
4 0 12			1.06		79.73		23.98		0.33706	2.7435	60.4154589103	161.2613
1 5 1			1.05		80.77		23.75		0.33702	0.4978	46.196563203	27.3004
5 3 9			1.06		81.83		23.46		0.33713	0.4833	65.0662013285	20.8409
3 1 15			1.01		82.84		23.66		0.33841	0.2871	67.3554895111	7.7692
5 1 9			1.05		83.89		23.5		0.33862	0.4583	58.9619928854	19.0838
3 1 7			1.07		84.96		23.16		0.33862	0.257	39.2655360855	5.205
2 4 14			1.06		86.02		23.01		0.33862	0.5221	70.6383718296	19.4111
1 1 1			1.05		87.06		22.97		0.33859	0.5749	13.0194761966	56.7652
3 5 7			1.08		88.15		22.65		0.33857	0.2309	60.5203777188	5.6046
4 6 4			1.06		89.2		22.61		0.33864	1.0731	69.291881243	33.3045
2 0 8			1.08		90.28		22.34		0.33887	0.1665	35.7565424018	1.5727
2 2 16			0.99		91.28		22.89		0.33844	1.1693	70.1293332912	108.6018
4 2 10			1.07		92.35		22.67		0.33848	1.1102	57.0442200735	11.3144
5 1 1			1.07		93.42		22.49		0.33846	0.5346	46.1701152	26.7419
0 0 22			0.95		94.37		23.41		0.3378	2.2765	94.0325860765	137.6091
2 0 4			0.95		95.31		24.18		0.33798	1.3874	23.4143586184	109.347
1 5 7			1.05		96.36		23.88		0.33798	0.6035	54.1236034243	4.2528
3 1 13			1.05		97.41		23.65		0.33781	0.3869	59.4126405656	11.7895
5 5 7			1.06		98.48		23.36		0.33781	0.6639	72.2860687267	4.3062
1 7 3			1.04		99.51		23.35		0.33781	0.9932	66.8968211493	90.2271
3 3 9			1.04		100.56		23.27		0.33821	0.3816	52.4524123761	12.0632
0 2 20			1.07		101.62		23.0		0.33807	0.4494	86.0769303832	2.8517
5 3 1			1.06		102.68		22.86		0.33802	0.5252	53.2386121167	32.835
0 6 12			0.83		103.51		24.79		0.34232	0.3425	75.0250979777	1.887
4 2 0			1.02		104.53		24.65		0.34232	0.9287	40.0811891304	86.5118
3 3 1			1.02		105.56		24.5		0.34232	0.5106	38.1558496662	33.1617
2 6 10			1.01		106.57		24.5		0.34218	0.7069	72.0169435829	44.7171
1 3 1			1.02		107.59		24.42		0.34214	0.5324	28.3265170018	42.1271
3 1 1			1.02		108.61		24.33		0.34212	0.5239	28.3131072915	41.7464
3 3 13			1.04		109.64		24.12		0.3421	0.5636	65.4922780779	9.1158
7 3 3			1.03		110.67		24.04		0.34207	1.9283	72.601334037	69.5466
1 1 3			1.03		111.71		23.91		0.34206	0.4514	16.9416048235	36.8187
4 4 12			1.05		112.76		23.67		0.34216	1.9475	72.2035773977	130.2426
3 1 9			1.04		113.79		23.59		0.34255	0.36	45.2950695798	8.7768
4 2 14			1.04		114.84		23.46		0.34278	1.2576	70.6282605877	19.9713
2 0 6			1.05		115.88		23.35		0.34269	1.6278	29.1406672869	128.8477
0 2 6			1.05		116.93		23.25		0.34258	1.1672	29.1471999487	131.5155
6 4 4			1.04		117.97		23.2		0.34263	0.6669	69.2748711385	33.991
2 2 8			0.89		118.86		24.52		0.34321	1.8488	40.1384116224	216.1995