HKL Value		Reward		TotalReward	Chi Squared	Z Appr. 	Error	Two-Thetas	Sfs2
1 1 7			0.0		0.0		0.0		0.3	0.2012	29.7561292971	6.5386
0 0 20			0.0		0.0		0.91		0.33371	0.4542	83.3712939521	4.3689
1 7 7			7.67		7.67		0.46		0.33375	0.4353	72.3061031614	6.1143
3 5 7			8.2		15.87		0.38		0.33392	0.2309	60.5203777188	5.6046
0 6 6			5.63		21.5		0.74		0.33393	1.0147	60.183190367	40.9583
9 1 1			4.47		25.97		1.16		0.33387	0.8793	87.9915459652	19.6393
1 3 13			4.12		30.09		1.41		0.33314	0.3907	59.4200243294	11.5335
4 6 4			1.79		31.89		4.29		0.33344	1.0731	69.291881243	33.3045
4 6 0			2.7		34.59		3.76		0.33344	0.7863	67.1083315067	59.4729
4 6 6			2.0		36.59		4.97		0.33345	1.1903	71.9781772466	41.9784
5 5 1			2.3		38.89		4.83		0.33336	0.5073	65.769247456	23.9531
5 1 5			0.56		39.45		12.51		0.33429	1.1901	50.2495039981	127.1383
7 3 1			1.55		41.0		11.8		0.33422	0.5095	71.5359286583	22.1332
0 4 20			1.61		42.62		11.01		0.33503	1.027	94.1654323607	18.6345
0 2 8			1.55		44.17		10.78		0.33582	0.1155	35.7619852008	1.7384
6 0 10			1.61		45.78		10.4		0.33583	1.0728	69.1331306246	8.9056
7 1 1			1.59		47.36		10.23		0.3358	0.5207	65.7483230412	25.2044
0 2 16			1.59		48.95		10.1		0.33593	1.8687	67.2407114996	13.8307
4 0 6			0.19		49.14		22.83		0.33581	5.3963	42.900258124	488.2208
6 0 0			1.16		50.3		21.87		0.33581	0.7256	54.7363985401	55.434
1 1 15			1.2		51.5		20.84		0.3359	0.656	61.3839959686	20.6242
4 0 10			1.11		52.62		20.68		0.33549	0.6243	53.7713327333	45.2096
0 0 10			1.13		53.74		20.47		0.33498	0.8316	38.8438017949	41.7013
1 7 1			1.17		54.92		19.95		0.33493	0.5219	65.7901743415	26.2984
0 2 14			1.23		56.14		19.14		0.33471	0.2479	58.6982494177	6.3292
2 6 2			0.77		56.91		22.23		0.33489	1.2892	58.5985395934	134.3564
2 4 2			1.13		58.04		21.67		0.33486	0.3828	40.8766170199	13.2501
2 4 6			1.17		59.22		20.87		0.33486	0.785	46.7364348384	64.2552
4 4 10			1.11		60.32		20.76		0.33408	0.6886	66.23802526	47.6672
1 3 7			1.19		61.51		20.06		0.33424	0.1893	39.2755843192	5.3372
6 0 8			1.2		62.71		19.43		0.33409	2.9234	64.163237895	5.3359
4 2 2			1.19		63.9		19.02		0.33405	0.457	40.8620305525	12.2524
3 5 9			1.2		65.1		18.63		0.3341	0.4755	65.0802252419	19.5165
2 2 10			1.17		66.27		18.52		0.33287	0.6429	46.7739448495	44.8949
0 6 2			1.22		67.5		18.07		0.33285	0.2356	55.3895592761	6.1752
0 6 8			1.25		68.74		17.57		0.33256	0.7694	64.1950429677	5.6946
0 6 16			1.25		69.99		17.2		0.33241	0.4825	89.3859051251	7.6515
0 4 10			1.23		71.23		17.0		0.33021	0.9893	53.7871001638	44.1425
7 1 7			1.27		72.5		16.59		0.33087	0.3505	72.2660298289	5.0526
2 4 8			1.28		73.78		16.22		0.33168	0.1687	51.4325245866	2.4593
2 4 10			1.28		75.06		15.98		0.33137	0.607	57.0555982332	12.0937
3 7 1			1.3		76.36		15.68		0.33127	1.2822	71.5694631273	22.2453
2 0 16			1.3		77.66		15.46		0.3305	0.5935	67.2372591268	11.8907
2 0 10			1.28		78.94		15.39		0.33005	0.6169	42.9543880851	20.236
5 1 13			1.33		80.27		15.05		0.32982	0.4567	71.2764535317	11.3258
3 3 7			1.32		81.59		14.84		0.331	0.1558	47.1418707618	3.5073
3 5 1			1.32		82.91		14.73		0.33093	0.5283	53.2544885252	31.9012
6 4 6			1.3		84.21		14.72		0.33073	0.9247	71.9614498967	41.9809
0 4 12			1.35		85.56		14.43		0.33082	1.4889	60.4300914167	161.7651
2 0 14			1.37		86.93		14.14		0.33107	0.2634	58.6945218607	7.3942
4 6 2			1.37		88.3		13.89		0.33106	0.2349	67.657370766	5.5969
6 4 0			1.39		89.69		13.61		0.33106	1.8287	67.0910631577	58.6803
0 6 0			1.38		91.07		13.48		0.33106	1.4277	54.7714555341	59.4019
1 1 13			1.41		92.47		13.23		0.3307	0.3722	52.9310122384	10.9703
5 1 7			1.41		93.88		13.03		0.33116	0.2609	54.1000446603	4.252
6 4 2			1.42		95.31		12.81		0.33114	0.2211	67.6401768609	4.8049
6 0 2			1.43		96.74		12.63		0.33113	0.2214	55.354768557	5.4487
0 2 10			1.4		98.14		12.65		0.33091	0.4317	42.9590557724	21.0204
0 6 10			1.43		99.58		12.5		0.3307	0.8527	69.1637693973	8.5049
5 3 7			1.45		101.02		12.31		0.33105	0.2523	60.5057581853	5.4388
4 2 6			1.46		102.49		12.11		0.33105	1.6049	46.7233273538	62.1975
4 0 12			1.47		103.96		11.92		0.33113	2.7435	60.4154589103	161.2613
0 6 14			1.44		105.4		11.97		0.33061	0.9096	81.7552219026	27.2955
1 5 1			1.46		106.86		11.91		0.33055	0.4978	46.196563203	27.3004
6 0 6			1.48		108.33		11.76		0.33051	1.0815	60.1501886982	39.9969
3 1 15			1.37		109.71		12.21		0.32888	0.2871	67.3554895111	7.7692
5 3 9			1.45		111.16		12.08		0.32876	0.4833	65.0662013285	20.8409
1 3 3			1.42		112.58		12.19		0.32876	0.7045	30.3940112777	66.1614
5 1 9			1.43		114.01		12.2		0.32852	0.4583	58.9619928854	19.0838
3 1 7			1.45		115.46		12.1		0.3289	0.257	39.2655360855	5.205
2 4 14			1.46		116.92		12.0		0.32869	0.5221	70.6383718296	19.4111
1 1 1			1.42		118.34		12.09		0.32864	0.5749	13.0194761966	56.7652
4 0 0			0.55		118.89		18.54		0.32864	8.3901	35.6934066618	787.9925
2 0 8			1.14		120.03		18.73		0.33057	0.1665	35.7565424018	1.5727