HKL Value		Reward		TotalReward	Chi Squared	Z Appr. 	Error	Two-Thetas	Sfs2
3 3 9			0.0		0.0		0.0		0.3	0.3816	52.4524123761	12.0632
1 1 7			0.0		0.0		1.71		0.35324	0.2012	29.7561292971	6.5386
1 7 7			3.35		3.35		2.07		0.35298	0.4353	72.3061031614	6.1143
0 6 6			4.45		7.8		1.42		0.35241	1.0147	60.183190367	40.9583
9 1 1			3.19		10.99		2.15		0.35202	0.8793	87.9915459652	19.6393
1 3 13			2.71		13.7		2.93		0.35395	0.3907	59.4200243294	11.5335
0 0 20			2.37		16.07		3.78		0.36504	0.4542	83.3712939521	4.3689
0 4 16			2.87		18.94		3.3		0.36531	1.5557	75.7704700384	94.8658
5 5 1			2.5		21.45		3.7		0.36528	0.5073	65.769247456	23.9531
0 6 4			1.67		23.12		5.84		0.36534	0.6675	57.2171401797	42.9768
7 3 1			2.04		25.16		5.93		0.3653	0.5095	71.5359286583	22.1332
0 2 2			1.48		26.63		7.84		0.36528	0.4614	19.2417464495	36.8131
6 0 10			1.85		28.49		7.6		0.3653	1.0728	69.1331306246	8.9056
7 1 1			1.75		30.23		7.84		0.36526	0.5207	65.7483230412	25.2044
0 2 16			1.95		32.18		7.29		0.36514	1.8687	67.2407114996	13.8307
6 0 0			1.9		34.08		7.11		0.36514	0.7256	54.7363985401	55.434
1 1 15			1.84		35.93		7.22		0.36521	0.656	61.3839959686	20.6242
4 6 0			1.99		37.92		6.79		0.36521	0.7863	67.1083315067	59.4729
4 0 10			1.76		39.68		7.3		0.36568	0.6243	53.7713327333	45.2096
1 7 1			1.79		41.47		7.52		0.36565	0.5219	65.7901743415	26.2984
0 0 10			1.73		43.2		7.87		0.36616	0.8316	38.8438017949	41.7013