HKL Value		Reward		TotalReward	Chi Squared	Z Appr. 	Error	Two-Thetas	Sfs2
1 1 7			0.0		0.0		0.0		0.3	0.2012	29.7561292971	6.5386
0 0 20			0.0		0.0		0.91		0.33371	0.4542	83.3712939521	4.3689
1 7 7			7.67		7.67		0.46		0.33375	0.4353	72.3061031614	6.1143
0 6 6			5.01		12.68		0.91		0.33376	1.0147	60.183190367	40.9583
9 1 1			4.06		16.74		1.39		0.33369	0.8793	87.9915459652	19.6393
1 1 15			4.15		20.88		1.44		0.33375	0.656	61.3839959686	20.6242
4 0 6			0.0		20.89		40.98		0.33368	5.3963	42.900258124	488.2208
1 3 13			1.23		22.11		35.47		0.33278	0.3907	59.4200243294	11.5335
1 5 9			1.03		23.14		33.37		0.33246	0.4394	58.984264935	17.7365
4 6 0			1.22		24.36		29.67		0.33246	0.7863	67.1083315067	59.4729
5 5 1			1.19		25.55		27.05		0.33223	0.5073	65.769247456	23.9531
1 3 15			0.92		26.47		27.41		0.32614	0.2862	67.3623786269	8.1809
7 3 1			1.17		27.64		25.4		0.32609	0.5095	71.5359286583	22.1332
6 0 10			1.2		28.84		23.57		0.32582	1.0728	69.1331306246	8.9056
0 4 20			1.14		29.98		22.65		0.32588	1.027	94.1654323607	18.6345
7 1 1			1.18		31.16		21.59		0.32583	0.5207	65.7483230412	25.2044
0 2 16			1.23		32.4		20.34		0.32537	1.8687	67.2407114996	13.8307
6 0 0			1.23		33.63		19.41		0.32537	0.7256	54.7363985401	55.434
4 6 6			1.19		34.82		19.0		0.32513	1.1903	71.9781772466	41.9784
4 0 10			1.27		36.09		18.1		0.32479	0.6243	53.7713327333	45.2096
0 0 10			1.29		37.38		17.26		0.32454	0.8316	38.8438017949	41.7013
1 7 1			1.27		38.66		16.79		0.3245	0.5219	65.7901743415	26.2984
0 2 14			1.28		39.93		16.4		0.32487	0.2479	58.6982494177	6.3292
2 4 2			1.3		41.23		15.98		0.32485	0.3828	40.8766170199	13.2501
4 4 10			1.34		42.57		15.42		0.3245	0.6886	66.23802526	47.6672
2 4 6			1.37		43.94		14.82		0.32452	0.785	46.7364348384	64.2552
0 4 10			1.39		45.33		14.29		0.32431	0.9893	53.7871001638	44.1425
0 6 16			1.41		46.74		13.77		0.32444	0.4825	89.3859051251	7.6515
6 0 8			1.43		48.17		13.29		0.32449	2.9234	64.163237895	5.3359
2 2 10			1.44		49.61		12.89		0.32429	0.6429	46.7739448495	44.8949
7 1 7			1.41		51.02		12.81		0.32482	0.3505	72.2660298289	5.0526
0 6 8			1.47		52.49		12.41		0.32485	0.7694	64.1950429677	5.6946
2 4 10			1.48		53.97		12.1		0.3247	0.607	57.0555982332	12.0937
3 7 1			1.49		55.46		11.83		0.32469	1.2822	71.5694631273	22.2453
3 5 9			1.51		56.96		11.57		0.32456	0.4755	65.0802252419	19.5165
4 2 2			1.5		58.47		11.41		0.32454	0.457	40.8620305525	12.2524
2 0 10			1.5		59.96		11.32		0.32434	0.6169	42.9543880851	20.236
2 0 16			1.55		61.51		11.02		0.32429	0.5935	67.2372591268	11.8907
5 1 13			1.53		63.05		10.89		0.32482	0.4567	71.2764535317	11.3258
3 3 7			1.47		64.51		11.11		0.32547	0.1558	47.1418707618	3.5073
3 5 1			1.51		66.02		11.06		0.32545	0.5283	53.2544885252	31.9012
4 4 2			1.11		67.14		13.2		0.3255	1.2125	52.0311030722	128.6454
6 4 6			1.38		68.52		13.17		0.3254	0.9247	71.9614498967	41.9809
2 0 14			1.41		69.93		12.98		0.32558	0.2634	58.6945218607	7.3942
6 4 0			1.44		71.37		12.69		0.32558	1.8287	67.0910631577	58.6803
5 3 7			1.42		72.79		12.59		0.32596	0.2523	60.5057581853	5.4388
4 6 2			1.45		74.25		12.35		0.32596	0.2349	67.657370766	5.5969
1 1 13			1.46		75.71		12.14		0.32626	0.3722	52.9310122384	10.9703
0 6 0			1.46		77.17		12.02		0.32626	1.4277	54.7714555341	59.4019
0 2 10			1.45		78.62		11.99		0.32611	0.4317	42.9590557724	21.0204
0 4 12			1.48		80.1		11.8		0.32624	1.4889	60.4300914167	161.7651
6 0 2			1.49		81.59		11.62		0.32624	0.2214	55.354768557	5.4487
0 6 10			1.51		83.09		11.42		0.32615	0.8527	69.1637693973	8.5049
1 3 7			1.49		84.58		11.37		0.32651	0.1893	39.2755843192	5.3372
5 1 7			1.5		86.08		11.31		0.32684	0.2609	54.1000446603	4.252
3 1 15			1.44		87.52		11.53		0.32603	0.2871	67.3554895111	7.7692
6 0 6			1.51		89.03		11.36		0.32601	1.0815	60.1501886982	39.9969
6 4 2			1.52		90.55		11.17		0.32601	0.2211	67.6401768609	4.8049
1 5 1			1.51		92.05		11.12		0.32599	0.4978	46.196563203	27.3004
4 0 12			1.53		93.58		10.98		0.32609	2.7435	60.4154589103	161.2613
5 1 9			1.51		95.09		10.97		0.32594	0.4583	58.9619928854	19.0838
5 3 9			1.54		96.63		10.83		0.32586	0.4833	65.0662013285	20.8409
4 2 6			1.56		98.19		10.66		0.32586	1.6049	46.7233273538	62.1975
2 4 14			1.56		99.75		10.54		0.32581	0.5221	70.6383718296	19.4111
3 1 7			1.54		101.29		10.53		0.3261	0.257	39.2655360855	5.205
1 1 1			1.51		102.8		10.66		0.32608	0.5749	13.0194761966	56.7652
2 0 8			1.41		104.21		11.25		0.32694	0.1665	35.7565424018	1.5727
5 3 1			1.49		105.71		11.23		0.32692	0.5252	53.2386121167	32.835
0 6 12			1.06		106.76		13.67		0.32466	0.3425	75.0250979777	1.887
2 2 16			1.37		108.13		13.58		0.32439	1.1693	70.1293332912	108.6018
4 2 10			1.39		109.52		13.42		0.32433	1.1102	57.0442200735	11.3144
5 1 1			1.38		110.9		13.34		0.32432	0.5346	46.1701152	26.7419
4 6 4			1.34		112.24		13.48		0.32434	1.0731	69.291881243	33.3045
0 0 22			1.37		113.61		13.45		0.32403	2.2765	94.0325860765	137.6091
3 1 13			1.38		114.99		13.36		0.32427	0.3869	59.4126405656	11.7895
3 3 9			1.37		116.36		13.32		0.32416	0.3816	52.4524123761	12.0632
1 7 3			1.35		117.71		13.45		0.32416	0.9932	66.8968211493	90.2271
4 2 0			1.37		119.07		13.44		0.32416	0.9287	40.0811891304	86.5118
3 3 1			1.37		120.45		13.38		0.32416	0.5106	38.1558496662	33.1617
5 5 7			1.35		121.8		13.46		0.32444	0.6639	72.2860687267	4.3062
3 5 7			1.37		123.17		13.43		0.32461	0.2309	60.5203777188	5.6046
2 6 10			1.39		124.56		13.28		0.32456	0.7069	72.0169435829	44.7171
3 1 9			1.37		125.93		13.31		0.32442	0.36	45.2950695798	8.7768
7 3 3			1.36		127.29		13.35		0.32442	1.9283	72.601334037	69.5466
2 0 6			1.37		128.66		13.34		0.32446	1.6278	29.1406672869	128.8477
0 2 6			1.37		130.03		13.34		0.32449	1.1672	29.1471999487	131.5155
4 2 14			1.39		131.42		13.22		0.32447	1.2576	70.6282605877	19.9713
1 1 3			1.38		132.8		13.21		0.32447	0.4514	16.9416048235	36.8187
3 7 3			1.37		134.16		13.26		0.32448	0.8954	72.6346668965	71.6226
0 2 20			1.27		135.43		13.86		0.32434	0.4494	86.0769303832	2.8517
0 2 2			1.33		136.76		13.94		0.32432	0.4614	19.2417464495	36.8131