HKL Value		Reward		TotalReward	Chi Squared	Z Appr. 	Error	Two-Thetas	Sfs2
1 1 7			0.0		0.0		0.0		0.3	0.2012	29.7561292971	6.5386
0 0 20			0.0		0.0		0.91		0.33371	0.4542	83.3712939521	4.3689
1 7 7			7.67		7.67		0.46		0.33375	0.4353	72.3061031614	6.1143
0 6 6			5.01		12.68		0.91		0.33376	1.0147	60.183190367	40.9583
9 1 1			4.06		16.74		1.39		0.33369	0.8793	87.9915459652	19.6393
1 3 13			3.88		20.62		1.6		0.33277	0.3907	59.4200243294	11.5335
4 6 0			4.42		25.04		1.34		0.33277	0.7863	67.1083315067	59.4729
5 5 1			3.78		28.82		1.65		0.33264	0.5073	65.769247456	23.9531
7 3 1			3.52		32.34		1.92		0.3325	0.5095	71.5359286583	22.1332
0 4 20			3.41		35.74		2.09		0.33419	1.027	94.1654323607	18.6345
0 0 8			0.14		35.89		17.25		0.33478	2.1948	30.8548203523	183.9052
6 0 10			1.37		37.26		16.14		0.33476	1.0728	69.1331306246	8.9056
7 1 1			1.35		38.61		15.43		0.33471	0.5207	65.7483230412	25.2044
6 0 0			1.41		40.02		14.6		0.33471	0.7256	54.7363985401	55.434
0 2 16			1.38		41.4		14.16		0.33485	1.8687	67.2407114996	13.8307
1 1 15			1.48		42.88		13.31		0.33498	0.656	61.3839959686	20.6242
4 0 6			0.14		43.01		27.41		0.33485	5.3963	42.900258124	488.2208
4 0 10			1.03		44.04		26.71		0.33353	0.6243	53.7713327333	45.2096
0 0 10			1.09		45.13		25.58		0.3277	0.8316	38.8438017949	41.7013
1 7 1			1.09		46.23		24.63		0.32761	0.5219	65.7901743415	26.2984
2 6 6			0.52		46.75		29.67		0.3282	5.383	63.2392339525	346.2148
2 4 6			1.06		47.81		28.26		0.32822	0.785	46.7364348384	64.2552
0 2 14			1.06		48.87		27.09		0.3296	0.2479	58.6982494177	6.3292
3 1 11			0.28		49.16		35.82		0.33485	2.3814	52.0481274199	292.2152
5 5 7			0.97		50.12		34.36		0.33506	0.6639	72.2860687267	4.3062
2 4 2			0.95		51.07		33.29		0.33503	0.3828	40.8766170199	13.2501
4 4 10			0.92		51.99		32.7		0.33403	0.6886	66.23802526	47.6672
2 2 10			0.94		52.94		31.99		0.33044	0.6429	46.7739448495	44.8949
6 0 8			0.99		53.93		30.85		0.3302	2.9234	64.163237895	5.3359
3 7 1			0.99		54.92		29.91		0.33006	1.2822	71.5694631273	22.2453
3 5 9			0.99		55.92		29.11		0.3295	0.4755	65.0802252419	19.5165
4 2 2			1.0		56.92		28.38		0.32941	0.457	40.8620305525	12.2524
2 0 16			1.02		57.93		27.63		0.32842	0.5935	67.2372591268	11.8907
2 4 10			1.02		58.96		26.95		0.32799	0.607	57.0555982332	12.0937
0 6 16			1.04		60.0		26.19		0.32756	0.4825	89.3859051251	7.6515
0 4 10			1.05		61.05		25.56		0.32701	0.9893	53.7871001638	44.1425
0 6 8			1.07		62.11		24.85		0.32701	0.7694	64.1950429677	5.6946
1 3 7			1.06		63.17		24.36		0.32772	0.1893	39.2755843192	5.3372
5 1 13			1.09		64.26		23.73		0.32795	0.4567	71.2764535317	11.3258
1 1 3			1.06		65.32		23.44		0.32795	0.4514	16.9416048235	36.8187
7 1 7			1.09		66.41		22.95		0.32842	0.3505	72.2660298289	5.0526
2 0 10			1.08		67.49		22.67		0.32817	0.6169	42.9543880851	20.236
0 4 12			1.11		68.6		22.16		0.32832	1.4889	60.4300914167	161.7651
3 3 7			1.1		69.7		21.85		0.32924	0.1558	47.1418707618	3.5073
6 4 6			1.09		70.79		21.67		0.32908	0.9247	71.9614498967	41.9809
3 5 1			1.11		71.9		21.4		0.32903	0.5283	53.2544885252	31.9012
6 4 0			1.14		73.04		20.93		0.32903	1.8287	67.0910631577	58.6803
6 0 2			1.14		74.18		20.54		0.32903	0.2214	55.354768557	5.4487
2 0 14			1.16		75.33		20.14		0.32938	0.2634	58.6945218607	7.3942
1 1 13			1.17		76.5		19.73		0.32933	0.3722	52.9310122384	10.9703
6 4 2			1.18		77.68		19.35		0.32931	0.2211	67.6401768609	4.8049
0 6 0			1.17		78.85		19.1		0.32931	1.4277	54.7714555341	59.4019
4 6 2			1.19		80.04		18.76		0.32929	0.2349	67.657370766	5.5969
4 2 6			1.2		81.24		18.41		0.32929	1.6049	46.7233273538	62.1975
0 6 10			1.2		82.44		18.13		0.3291	0.8527	69.1637693973	8.5049
6 0 6			1.22		83.66		17.83		0.32905	1.0815	60.1501886982	39.9969
0 2 10			1.2		84.86		17.74		0.32883	0.4317	42.9590557724	21.0204
5 3 7			1.22		86.08		17.49		0.32921	0.2523	60.5057581853	5.4388
0 6 2			1.23		87.31		17.24		0.32921	0.2356	55.3895592761	6.1752
3 3 13			1.25		88.56		16.95		0.32935	0.5636	65.4922780779	9.1158
1 5 1			1.23		89.79		16.81		0.32932	0.4978	46.196563203	27.3004
2 4 14			1.25		91.04		16.62		0.32904	0.5221	70.6383718296	19.4111
5 1 7			1.26		92.3		16.42		0.32939	0.2609	54.1000446603	4.252
5 3 9			1.26		93.56		16.23		0.32928	0.4833	65.0662013285	20.8409
0 0 22			1.19		94.75		16.54		0.32774	2.2765	94.0325860765	137.6091
4 0 12			1.26		96.02		16.31		0.32781	2.7435	60.4154589103	161.2613
3 1 15			1.21		97.23		16.5		0.32704	0.2871	67.3554895111	7.7692
5 1 9			1.24		98.47		16.43		0.32689	0.4583	58.9619928854	19.0838
0 2 8			1.18		99.65		16.8		0.32766	0.1155	35.7619852008	1.7384
3 1 7			1.24		100.89		16.65		0.32793	0.257	39.2655360855	5.205
1 1 1			1.22		102.11		16.68		0.3279	0.5749	13.0194761966	56.7652
3 5 7			1.25		103.36		16.5		0.3281	0.2309	60.5203777188	5.6046
4 6 4			1.22		104.58		16.59		0.32815	1.0731	69.291881243	33.3045
3 3 9			1.23		105.81		16.58		0.32796	0.3816	52.4524123761	12.0632
2 2 16			1.22		107.03		16.62		0.32737	1.1693	70.1293332912	108.6018
4 2 10			1.25		108.28		16.45		0.32728	1.1102	57.0442200735	11.3144
5 1 1			1.25		109.53		16.34		0.32727	0.5346	46.1701152	26.7419
2 0 8			1.19		110.72		16.69		0.32806	0.1665	35.7565424018	1.5727
3 1 13			1.26		111.97		16.47		0.3281	0.3869	59.4126405656	11.7895
2 2 12			1.25		113.22		16.37		0.32825	1.9766	54.0147953295	208.0279
5 3 1			1.25		114.47		16.29		0.32823	0.5252	53.2386121167	32.835
1 7 3			1.23		115.69		16.37		0.32824	0.9932	66.8968211493	90.2271
2 2 2			1.09		116.79		17.37		0.32828	1.1162	26.2109248846	125.5642
4 2 0			1.21		117.99		17.31		0.32828	0.9287	40.0811891304	86.5118
0 2 20			1.16		119.15		17.6		0.33051	0.4494	86.0769303832	2.8517
2 6 10			1.21		120.36		17.49		0.33003	0.7069	72.0169435829	44.7171
4 4 12			1.22		121.58		17.34		0.32984	1.9475	72.2035773977	130.2426
4 2 14			1.22		122.8		17.22		0.32956	1.2576	70.6282605877	19.9713
3 3 1			1.22		124.01		17.13		0.32953	0.5106	38.1558496662	33.1617
0 6 12			0.91		124.92		19.38		0.32648	0.3425	75.0250979777	1.887
7 3 3			1.14		126.06		19.34		0.32648	1.9283	72.601334037	69.5466
3 1 9			1.14		127.2		19.35		0.32626	0.36	45.2950695798	8.7768
1 3 3			1.14		128.33		19.35		0.32626	0.7045	30.3940112777	66.1614
6 2 10			1.16		129.5		19.17		0.32613	0.7103	71.9901825081	43.9921
0 2 6			1.15		130.65		19.1		0.32617	1.1672	29.1471999487	131.5155
3 1 1			1.15		131.8		19.05		0.32616	0.5239	28.3131072915	41.7464
0 4 16			1.16		132.96		18.92		0.32584	1.5557	75.7704700384	94.8658
3 7 3			1.15		134.11		18.91		0.32584	0.8954	72.6346668965	71.6226
4 6 6			1.16		135.27		18.84		0.32579	1.1903	71.9781772466	41.9784
6 4 4			1.14		136.42		18.89		0.32579	0.6669	69.2748711385	33.991
2 0 6			1.16		137.58		18.82		0.32585	1.6278	29.1406672869	128.8477
0 2 2			1.15		138.73		18.84		0.32583	0.4614	19.2417464495	36.8131