HKL Value		Reward		TotalReward	Chi Squared	Z Appr. 	Error	Two-Thetas	Sfs2
1 1 7			0.0		0.0		0.0		0.3	0.2012	29.7561292971	6.5386
0 0 20			0.0		0.0		0.91		0.33371	0.4542	83.3712939521	4.3689
2 0 16			1.8		1.8		4.02		0.33377	0.5935	67.2372591268	11.8907
1 7 7			3.42		5.22		2.69		0.33382	0.4353	72.3061031614	6.1143
0 6 6			3.24		8.47		2.47		0.33383	1.0147	60.183190367	40.9583
9 1 1			3.12		11.58		2.54		0.33374	0.8793	87.9915459652	19.6393
1 3 13			3.17		14.75		2.51		0.3323	0.3907	59.4200243294	11.5335
4 6 0			3.52		18.27		2.15		0.33229	0.7863	67.1083315067	59.4729
5 5 1			3.24		21.51		2.32		0.33198	0.5073	65.769247456	23.9531
7 3 1			3.13		24.64		2.48		0.33163	0.5095	71.5359286583	22.1332
0 4 20			3.07		27.71		2.59		0.3343	1.027	94.1654323607	18.6345
6 0 10			2.93		30.64		2.81		0.33425	1.0728	69.1331306246	8.9056
7 1 1			2.69		33.33		3.21		0.33417	0.5207	65.7483230412	25.2044
6 0 0			2.72		36.05		3.32		0.33417	0.7256	54.7363985401	55.434
0 2 16			2.51		38.56		3.69		0.33429	1.8687	67.2407114996	13.8307