HKL Value		Reward		TotalReward	Chi Squared	Z Appr. 	Error	Two-Thetas	Sfs2
1 1 7			0.0		0.0		0.0		0.3	0.2012	29.7561292971	6.5386
1 7 7			0.0		0.0		0.22		0.33637	0.4353	72.3061031614	6.1143
0 0 20			7.21		7.21		0.46		0.33376	0.4542	83.3712939521	4.3689
0 6 6			5.01		12.22		0.91		0.33376	1.0147	60.183190367	40.9583
9 1 1			4.06		16.28		1.39		0.33369	0.8793	87.9915459652	19.6393
1 3 13			3.88		20.16		1.6		0.33277	0.3907	59.4200243294	11.5335
4 6 0			4.42		24.58		1.34		0.33277	0.7863	67.1083315067	59.4729
5 5 1			3.78		28.36		1.65		0.33264	0.5073	65.769247456	23.9531
7 3 1			3.52		31.88		1.92		0.3325	0.5095	71.5359286583	22.1332
2 0 4			0.46		32.34		11.28		0.33313	1.3874	23.4143586184	109.347
6 0 10			1.62		33.96		10.63		0.33288	1.0728	69.1331306246	8.9056
0 0 18			0.49		34.45		17.99		0.32176	0.6609	73.530655613	37.988
0 4 20			1.28		35.73		17.31		0.32161	1.027	94.1654323607	18.6345
7 1 1			1.33		37.05		16.46		0.32159	0.5207	65.7483230412	25.2044
0 2 16			1.41		38.46		15.31		0.32174	1.8687	67.2407114996	13.8307
6 0 0			1.39		39.86		14.6		0.32174	0.7256	54.7363985401	55.434
1 1 15			1.43		41.29		13.88		0.322	0.656	61.3839959686	20.6242
4 0 10			1.49		42.77		13.07		0.32196	0.6243	53.7713327333	45.2096
0 0 10			1.52		44.29		12.34		0.32193	0.8316	38.8438017949	41.7013
1 7 1			1.48		45.77		12.06		0.32191	0.5219	65.7901743415	26.2984
0 2 14			1.46		47.22		11.97		0.32196	0.2479	58.6982494177	6.3292
2 4 2			1.5		48.72		11.71		0.32194	0.3828	40.8766170199	13.2501
4 4 10			1.56		50.28		11.2		0.32185	0.6886	66.23802526	47.6672
2 4 6			1.59		51.87		10.73		0.32188	0.785	46.7364348384	64.2552
6 0 8			1.61		53.49		10.33		0.32194	2.9234	64.163237895	5.3359
0 6 16			1.62		55.1		10.05		0.32233	0.4825	89.3859051251	7.6515
7 1 7			1.53		56.63		10.29		0.32287	0.3505	72.2660298289	5.0526
0 6 8			1.64		58.27		9.93		0.32291	0.7694	64.1950429677	5.6946
0 4 10			1.67		59.93		9.59		0.32286	0.9893	53.7871001638	44.1425
2 2 10			1.69		61.62		9.27		0.32278	0.6429	46.7739448495	44.8949
2 4 10			1.71		63.33		9.01		0.32269	0.607	57.0555982332	12.0937
3 7 1			1.71		65.04		8.81		0.32268	1.2822	71.5694631273	22.2453
3 5 9			1.74		66.78		8.59		0.3226	0.4755	65.0802252419	19.5165
2 0 10			1.73		68.51		8.51		0.32246	0.6169	42.9543880851	20.236
4 2 2			1.73		70.24		8.44		0.32244	0.457	40.8620305525	12.2524
5 1 13			1.68		71.93		8.58		0.32309	0.4567	71.2764535317	11.3258
2 0 16			1.77		73.69		8.35		0.32314	0.5935	67.2372591268	11.8907
3 3 7			1.6		75.3		8.86		0.32372	0.1558	47.1418707618	3.5073
3 5 1			1.68		76.98		8.86		0.32371	0.5283	53.2544885252	31.9012
6 4 6			1.67		78.64		8.91		0.32363	0.9247	71.9614498967	41.9809
2 0 14			1.69		80.33		8.86		0.32371	0.2634	58.6945218607	7.3942
5 5 7			1.61		81.94		9.15		0.3242	0.6639	72.2860687267	4.3062
6 4 0			1.71		83.65		8.94		0.3242	1.8287	67.0910631577	58.6803
0 6 0			1.69		85.33		8.88		0.3242	1.4277	54.7714555341	59.4019
1 1 13			1.69		87.02		8.83		0.32459	0.3722	52.9310122384	10.9703
0 2 10			1.68		88.71		8.83		0.32448	0.4317	42.9590557724	21.0204
0 4 12			1.71		90.41		8.73		0.3246	1.4889	60.4300914167	161.7651
5 3 7			1.68		92.09		8.77		0.32489	0.2523	60.5057581853	5.4388
6 0 2			1.72		93.82		8.64		0.32489	0.2214	55.354768557	5.4487
1 3 7			1.68		95.5		8.71		0.32519	0.1893	39.2755843192	5.3372
3 1 15			1.66		97.16		8.85		0.32468	0.2871	67.3554895111	7.7692
6 4 2			1.72		98.88		8.69		0.32468	0.2211	67.6401768609	4.8049
0 6 10			1.73		100.61		8.54		0.32463	0.8527	69.1637693973	8.5049
6 0 6			1.75		102.36		8.4		0.32461	1.0815	60.1501886982	39.9969
5 1 9			1.72		104.08		8.41		0.32449	0.4583	58.9619928854	19.0838
1 5 1			1.73		105.81		8.4		0.32449	0.4978	46.196563203	27.3004
5 3 9			1.76		107.56		8.29		0.32443	0.4833	65.0662013285	20.8409
0 6 12			1.23		108.8		10.52		0.32286	0.3425	75.0250979777	1.887
3 1 7			1.51		110.31		10.67		0.32313	0.257	39.2655360855	5.205
4 6 2			1.57		111.87		10.51		0.32312	0.2349	67.657370766	5.5969
2 4 14			1.57		113.44		10.37		0.32311	0.5221	70.6383718296	19.4111
4 2 6			1.59		115.03		10.2		0.32311	1.6049	46.7233273538	62.1975
1 1 1			1.54		116.57		10.32		0.32311	0.5749	13.0194761966	56.7652
4 0 12			1.57		118.14		10.26		0.3232	2.7435	60.4154589103	161.2613
0 0 22			1.57		119.71		10.22		0.32302	2.2765	94.0325860765	137.6091
5 1 1			1.57		121.29		10.18		0.32302	0.5346	46.1701152	26.7419
0 0 2			1.35		122.63		11.24		0.32302	1.161	7.62646333295	98.931
0 6 2			1.52		124.15		11.12		0.32301	0.2356	55.3895592761	6.1752
4 6 4			1.46		125.61		11.3		0.32302	1.0731	69.291881243	33.3045
2 0 8			1.32		126.93		12.17		0.32345	0.1665	35.7565424018	1.5727
2 2 16			1.45		128.39		12.06		0.32329	1.1693	70.1293332912	108.6018
3 1 13			1.45		129.83		12.02		0.32354	0.3869	59.4126405656	11.7895
5 3 1			1.45		131.28		11.98		0.32354	0.5252	53.2386121167	32.835
4 2 0			1.44		132.72		12.0		0.32354	0.9287	40.0811891304	86.5118
3 3 9			1.45		134.18		11.96		0.32344	0.3816	52.4524123761	12.0632
2 6 10			1.48		135.65		11.81		0.32341	0.7069	72.0169435829	44.7171
3 5 7			1.45		137.1		11.83		0.32359	0.2309	60.5203777188	5.6046
0 0 8			1.12		138.22		13.75		0.32359	2.1948	30.8548203523	183.9052
3 1 9			1.35		139.56		13.75		0.32348	0.36	45.2950695798	8.7768