HKL Value		Reward		TotalReward	Chi Squared	Z Appr. 	Error	Two-Thetas	Sfs2
1 1 5			0.0		0.0		0.0		0.3	1.9661	22.8949597146	247.5537
3 3 3			0.0		0.0		105.42		0.39232	0.8081	39.7679129272	70.9373
1 1 7			1.34		1.34		55.43		0.38232	0.2012	29.7561292971	6.5386
3 3 7			1.57		2.91		37.68		0.37979	0.1558	47.1418707618	3.5073
1 7 7			1.59		4.51		28.26		0.37981	0.4353	72.3061031614	6.1143
0 0 20			1.53		6.03		22.81		0.38076	0.4542	83.3712939521	4.3689
0 6 6			1.11		7.14		22.28		0.3775	1.0147	60.183190367	40.9583
9 1 1			1.35		8.49		20.0		0.37712	0.8793	87.9915459652	19.6393
1 3 13			1.32		9.82		18.47		0.36618	0.3907	59.4200243294	11.5335
4 6 0			1.46		11.28		16.42		0.36618	0.7863	67.1083315067	59.4729
5 5 1			1.39		12.66		15.44		0.36613	0.5073	65.769247456	23.9531
7 3 1			1.4		14.06		14.66		0.36608	0.5095	71.5359286583	22.1332
6 0 10			1.44		15.5		13.85		0.36614	1.0728	69.1331306246	8.9056
0 4 20			1.5		17.01		12.95		0.36539	1.027	94.1654323607	18.6345
7 1 1			1.42		18.43		12.79		0.36535	0.5207	65.7483230412	25.2044
0 2 16			1.56		19.98		11.95		0.36521	1.8687	67.2407114996	13.8307
6 0 0			1.54		21.52		11.49		0.36521	0.7256	54.7363985401	55.434
1 1 15			1.51		23.03		11.33		0.36528	0.656	61.3839959686	20.6242
4 0 10			1.44		24.46		11.58		0.36578	0.6243	53.7713327333	45.2096
0 0 10			1.44		25.91		11.72		0.36637	0.8316	38.8438017949	41.7013
1 7 1			1.46		27.37		11.71		0.36633	0.5219	65.7901743415	26.2984
0 2 14			1.57		28.94		11.17		0.36619	0.2479	58.6982494177	6.3292
2 4 2			1.53		30.47		11.01		0.36622	0.3828	40.8766170199	13.2501
4 4 10			1.46		31.93		11.24		0.36696	0.6886	66.23802526	47.6672
2 4 6			1.46		33.39		11.4		0.36638	0.785	46.7364348384	64.2552
0 4 10			1.47		34.85		11.47		0.36714	0.9893	53.7871001638	44.1425