HKL Value		Reward		TotalReward	Chi Squared	Z Appr. 	Error	Two-Thetas	Sfs2
1 1 7			0.0		0.0		0.0		0.3	0.2012	29.7561292971	6.5386
0 0 20			0.0		0.0		0.91		0.33371	0.4542	83.3712939521	4.3689
4 0 4			0.1		0.1		18.18		0.33254	1.2165	39.0343929222	79.1487
1 7 7			2.15		2.25		12.16		0.33279	0.4353	72.3061031614	6.1143
1 1 9			0.26		2.51		22.88		0.32395	0.2216	37.1193146943	1.1702
0 6 6			1.61		4.11		18.47		0.32373	1.0147	60.183190367	40.9583
9 1 1			1.57		5.68		15.73		0.32364	0.8793	87.9915459652	19.6393
1 3 13			1.53		7.21		14.08		0.32624	0.3907	59.4200243294	11.5335
4 6 0			1.65		8.86		12.32		0.32624	0.7863	67.1083315067	59.4729
1 1 17			0.07		8.94		29.82		0.33752	2.447	70.2810461715	248.4175
5 5 1			1.18		10.12		27.23		0.33748	0.5073	65.769247456	23.9531
7 3 1			1.18		11.3		25.14		0.33746	0.5095	71.5359286583	22.1332
0 4 20			1.23		12.54		23.08		0.33719	1.027	94.1654323607	18.6345
6 0 10			1.21		13.75		21.67		0.33722	1.0728	69.1331306246	8.9056
7 1 1			1.2		14.94		20.69		0.33719	0.5207	65.7483230412	25.2044
0 2 16			1.21		16.16		19.8		0.33732	1.8687	67.2407114996	13.8307
6 0 0			1.25		17.41		18.85		0.33732	0.7256	54.7363985401	55.434
1 1 15			1.3		18.71		17.78		0.33741	0.656	61.3839959686	20.6242
4 0 10			1.17		19.88		17.89		0.3371	0.6243	53.7713327333	45.2096
0 0 10			1.18		21.06		17.9		0.33674	0.8316	38.8438017949	41.7013
4 2 2			1.26		22.32		17.36		0.33672	0.457	40.8620305525	12.2524
1 7 1			1.26		23.58		16.94		0.33669	0.5219	65.7901743415	26.2984
0 2 14			1.32		24.9		16.24		0.33647	0.2479	58.6982494177	6.3292
2 4 2			1.3		26.2		15.87		0.33645	0.3828	40.8766170199	13.2501
2 4 6			1.36		27.56		15.21		0.33644	0.785	46.7364348384	64.2552
4 4 10			1.25		28.81		15.42		0.33577	0.6886	66.23802526	47.6672
1 3 7			1.37		30.18		14.83		0.33582	0.1893	39.2755843192	5.3372
6 0 8			1.38		31.56		14.33		0.33566	2.9234	64.163237895	5.3359
2 2 10			1.46		33.01		13.53		0.32538	0.6429	46.7739448495	44.8949
3 5 9			1.42		34.44		13.18		0.32511	0.4755	65.0802252419	19.5165
7 1 7			1.41		35.84		13.01		0.32596	0.3505	72.2660298289	5.0526
0 6 16			1.46		37.31		12.59		0.32584	0.4825	89.3859051251	7.6515
0 4 10			1.47		38.78		12.27		0.32551	0.9893	53.7871001638	44.1425
2 4 10			1.48		40.26		12.0		0.32531	0.607	57.0555982332	12.0937
0 6 8			1.51		41.77		11.65		0.32534	0.7694	64.1950429677	5.6946
5 1 1			1.49		43.25		11.54		0.32531	0.5346	46.1701152	26.7419
3 7 1			1.52		44.77		11.31		0.32528	1.2822	71.5694631273	22.2453
2 0 16			1.55		46.32		11.02		0.32512	0.5935	67.2372591268	11.8907
2 0 10			1.52		47.84		10.95		0.32489	0.6169	42.9543880851	20.236
5 1 13			1.55		49.38		10.79		0.32546	0.4567	71.2764535317	11.3258
0 6 2			1.56		50.95		10.59		0.32546	0.2356	55.3895592761	6.1752
3 3 7			1.5		52.45		10.75		0.32624	0.1558	47.1418707618	3.5073
3 5 1			1.53		53.98		10.71		0.32622	0.5283	53.2544885252	31.9012
6 4 6			1.52		55.5		10.75		0.32608	0.9247	71.9614498967	41.9809
0 4 12			1.56		57.07		10.57		0.32626	1.4889	60.4300914167	161.7651
2 0 14			1.57		58.64		10.42		0.32653	0.2634	58.6945218607	7.3942
6 4 0			1.6		60.23		10.19		0.32653	1.8287	67.0910631577	58.6803
4 6 2			1.61		61.84		10.01		0.32652	0.2349	67.657370766	5.5969
0 6 0			1.6		63.44		9.93		0.32652	1.4277	54.7714555341	59.4019
1 1 13			1.63		65.07		9.76		0.32683	0.3722	52.9310122384	10.9703
0 2 10			1.6		66.66		9.78		0.32665	0.4317	42.9590557724	21.0204
6 0 2			1.63		68.29		9.64		0.32664	0.2214	55.354768557	5.4487
3 3 5			1.21		69.5		11.59		0.32685	1.3995	42.8396693434	151.0913
0 6 10			1.51		71.01		11.41		0.32672	0.8527	69.1637693973	8.5049
5 3 7			1.5		72.51		11.31		0.32712	0.2523	60.5057581853	5.4388
5 1 7			1.5		74.01		11.23		0.32758	0.2609	54.1000446603	4.252
6 4 2			1.53		75.54		11.04		0.32758	0.2211	67.6401768609	4.8049
4 0 12			1.54		77.08		10.88		0.32771	2.7435	60.4154589103	161.2613
1 5 1			1.52		78.6		10.84		0.32769	0.4978	46.196563203	27.3004
6 0 6			1.55		80.15		10.68		0.32764	1.0815	60.1501886982	39.9969
4 2 6			1.57		81.72		10.51		0.32764	1.6049	46.7233273538	62.1975
3 1 15			1.49		83.21		10.77		0.32648	0.2871	67.3554895111	7.7692
3 3 9			1.51		84.72		10.82		0.32625	0.3816	52.4524123761	12.0632
5 3 9			1.55		86.27		10.69		0.32616	0.4833	65.0662013285	20.8409
5 1 9			1.53		87.8		10.69		0.32597	0.4583	58.9619928854	19.0838
3 1 7			1.53		89.33		10.68		0.32633	0.257	39.2655360855	5.205
2 4 14			1.55		90.88		10.57		0.32625	0.5221	70.6383718296	19.4111
1 1 1			1.51		92.4		10.68		0.32622	0.5749	13.0194761966	56.7652
2 0 8			1.42		93.81		11.24		0.3273	0.1665	35.7565424018	1.5727
4 6 4			1.46		95.27		11.41		0.32735	1.0731	69.291881243	33.3045