HKL Value		Reward		TotalReward	Chi Squared	Z Appr. 	Error	Two-Thetas	Sfs2
3 0 0			0.0		0.0		0.0		0.5	0.45	42.9814560157	0.0
4 0 3			0.0		0.0		0.0		0.50694	0.29	62.1413926063	0.0
0 0 3			-0.93		-0.93		0.0		0.50711	0.03	19.1797885945	0.0
1 0 0			0.53		-0.41		0.0		0.50711	0.0	14.0285801003	0.0
3 0 6			-0.64		-1.05		0.0		0.50711	0.11	59.366558438	0.0
2 0 1			0.22		-0.83		0.0		0.50711	0.15	29.01034049	0.0
3 0 2			0.21		-0.62		0.0		0.50718	0.46	45.0164041053	0.0
1 2 6			-1.0		-1.62		0.0		0.49228	0.11	69.4566609057	1.2895
3 1 0			-1.0		-2.62		0.0		0.49228	0.86	50.7823995615	0.002
3 2 4			-1.0		-3.61		0.12		0.49181	0.0	76.369138646	3.3351
1 0 8			0.11		-3.5		0.11		0.49181	0.24	54.8685935926	0.0
-1 -1 2			11.66		8.15		0.01		0.44258	0.13	32.1995090242	11.6912
3 0 4			0.09		8.24		0.01		0.44258	0.64	50.7360354343	0.0
3 0 8			0.08		8.33		0.01		0.44258	0.3	70.3147352648	0.0
3 1 5			-0.83		7.5		0.04		0.43627	0.09	61.4399691436	8.5457
2 0 3			0.07		7.57		0.04		0.43627	0.09	34.3920319457	0.0
4 1 1			0.03		7.61		0.04		0.43627	0.21	65.3342299592	0.4263
0 0 7			0.06		7.67		0.03		0.43627	0.2	45.7499157105	0.0
1 1 4			0.05		7.72		0.03		0.43624	0.3	39.4492672371	0.9567
3 1 1			-0.47		7.25		0.06		0.43664	0.22	51.2370468789	1.4731
2 0 5			0.05		7.31		0.06		0.43664	5.26	43.4052500519	0.0
4 1 3			0.05		7.35		0.06		0.43667	0.15	68.408649436	0.0043
4 0 1			0.05		7.4		0.05		0.43667	0.27	58.8934376912	0.0
2 0 7			0.05		7.45		0.05		0.43667	4.16	54.6555056564	0.0
1 0 6			0.04		7.49		0.05		0.43667	0.25	41.5701214249	0.0
-1 -1 -2			0.0		7.49		0.05		0.43717	0.31	32.1995090242	11.6912
1 0 4			0.04		7.53		0.05		0.43717	0.08	29.3672081998	0.0
2 1 7			0.02		7.55		0.05		0.43812	0.57	61.3678684761	8.4036
2 2 3			0.03		7.59		0.04		0.43829	0.31	64.6616050849	6.6891
3 1 4			0.03		7.62		0.04		0.43825	0.33	57.7518627408	0.9567
3 1 2			0.0		7.62		0.04		0.43861	0.11	52.5840292854	11.6912
1 -1 2			0.01		7.63		0.04		0.43895	0.39	32.1995090242	11.6912
4 0 5			0.03		7.66		0.04		0.43895	0.26	68.3700248267	0.0
1 1 6			-0.04		7.62		0.04		0.43997	0.38	49.5460147793	8.8974
1 0 1			-0.05		7.57		0.05		0.43994	0.06	15.4189733366	0.0644
2 0 -4			-0.05		7.52		0.05		0.43881	0.31	38.5541558059	1.7476