HKL Value		Reward		TotalReward	Chi Squared	Z Appr. 	Error	Two-Thetas	Sfs2
3 0 4			0.0		0.0		0.0		0.5	0.64	50.7360354343	0.0
0 2 7			0.0		0.0		0.0		0.45479	0.0	72.5085769296	0.0094
2 0 7			1.0		1.0		0.0		0.45479	4.16	54.6555056564	0.0
3 0 0			0.5		1.5		0.0		0.45479	0.45	42.9814560157	0.0
4 0 3			0.33		1.83		0.0		0.45479	0.29	62.1413926063	0.0
1 0 0			0.25		2.08		0.0		0.45479	0.0	14.0285801003	0.0
2 0 1			0.2		2.28		0.0		0.45479	0.15	29.01034049	0.0
3 0 2			0.17		2.45		0.0		0.45479	0.46	45.0164041053	0.0
1 0 8			0.14		2.59		0.0		0.45479	0.24	54.8685935926	0.0
2 0 3			0.13		2.72		0.0		0.45479	0.09	34.3920319457	0.0
3 0 6			0.11		2.83		0.0		0.45479	0.11	59.366558438	0.0
3 0 8			0.1		2.93		0.0		0.45479	0.3	70.3147352648	0.0
0 0 7			0.09		3.02		0.0		0.45479	0.2	45.7499157105	0.0
2 1 1			-0.92		2.1		0.0		0.45486	0.13	39.1745550983	0.4263
1 0 4			0.08		2.18		0.0		0.45486	0.08	29.3672081998	0.0
1 0 6			0.07		2.25		0.0		0.45486	0.25	41.5701214249	0.0
2 0 5			0.07		2.32		0.0		0.45486	5.26	43.4052500519	0.0
4 0 1			0.06		2.38		0.0		0.45486	0.27	58.8934376912	0.0
4 0 5			0.06		2.44		0.0		0.45486	0.26	68.3700248267	0.0
-1 -1 2			0.01		2.45		0.0		0.45359	0.13	32.1995090242	11.6912
4 1 4			-0.94		1.51		0.02		0.45215	0.37	71.0458443611	0.4076
0 0 3			0.05		1.56		0.02		0.45215	0.03	19.1797885945	0.0
1 1 2			0.05		1.61		0.02		0.45215	0.52	32.1995090242	11.6912
0 0 8			-0.62		0.99		0.04		0.44266	0.5	52.7511004195	15.5355
4 1 3			0.04		1.04		0.04		0.44266	0.15	68.408649436	0.0043
3 1 0			0.04		1.08		0.04		0.44266	0.86	50.7823995615	0.002
-1 -1 -2			0.02		1.1		0.04		0.44278	0.31	32.1995090242	11.6912
3 2 0			-0.11		0.98		0.04		0.44278	0.67	70.467230504	2.2538
1 -1 2			0.02		1.0		0.04		0.44289	0.39	32.1995090242	11.6912
3 1 2			0.02		1.02		0.04		0.443	0.11	52.5840292854	11.6912
1 1 4			0.03		1.05		0.04		0.44299	0.3	39.4492672371	0.9567
1 2 6			0.03		1.08		0.04		0.44317	0.11	69.4566609057	1.2895
3 1 4			0.02		1.1		0.04		0.44316	0.33	57.7518627408	0.9567
1 1 6			-0.01		1.1		0.04		0.44347	0.38	49.5460147793	8.8974
4 1 1			0.01		1.11		0.04		0.44347	0.21	65.3342299592	0.4263
3 0 7			0.02		1.13		0.04		0.44355	0.18	64.5726747292	2.8781
-2 0 4			-0.12		1.01		0.04		0.44307	0.22	38.5541558059	1.7476
1 0 7			0.02		1.03		0.04		0.44315	0.54	48.0896902272	2.8781
2 1 7			0.03		1.06		0.04		0.44311	0.57	61.3678684761	8.4036
2 2 3			0.03		1.08		0.04		0.44306	0.31	64.6616050849	6.6891
0 1 5			0.02		1.1		0.04		0.44297	0.34	41.7114803244	7.6693
0 1 7			0.02		1.12		0.04		0.44293	0.26	53.2385720724	8.4036
2 2 5			-0.13		1.0		0.04		0.44364	0.26	70.7747179536	2.8196
3 0 5			-0.15		0.84		0.05		0.44517	0.2	54.7330754518	7.0489
3 0 3			-0.05		0.79		0.05		0.44575	0.33	47.4629609511	3.2424