HKL Value		Reward		TotalReward	Chi Squared	Z Appr. 	Error	Two-Thetas	Sfs2
0 2 7			0.0		0.0		0.0		0.5	0.0	72.5085769296	0.0094
3 0 0			0.0		0.0		0.0		0.45479	0.45	42.9814560157	0.0
-1 -1 2			0.27		0.27		0.0		0.45357	0.13	32.1995090242	11.6912
4 0 3			0.5		0.77		0.0		0.45357	0.29	62.1413926063	0.0
3 2 1			-0.99		-0.23		0.15		0.45452	0.17	70.8417473216	1.0468
1 0 0			0.25		0.02		0.12		0.45452	0.0	14.0285801003	0.0
2 0 7			0.2		0.22		0.1		0.45452	4.16	54.6555056564	0.0
2 0 1			0.17		0.39		0.08		0.45452	0.15	29.01034049	0.0
3 0 2			0.14		0.53		0.07		0.45452	0.46	45.0164041053	0.0
1 0 8			0.13		0.65		0.07		0.45452	0.24	54.8685935926	0.0
3 1 2			0.11		0.76		0.06		0.45379	0.11	52.5840292854	11.6912
2 0 3			0.1		0.86		0.05		0.45379	0.09	34.3920319457	0.0
3 0 4			0.09		0.96		0.05		0.45379	0.64	50.7360354343	0.0
3 0 3			0.07		1.03		0.05		0.45601	0.33	47.4629609511	3.2424
3 0 8			0.08		1.1		0.04		0.45601	0.3	70.3147352648	0.0
3 0 6			0.07		1.18		0.04		0.45601	0.11	59.366558438	0.0
0 0 7			0.07		1.24		0.04		0.45601	0.2	45.7499157105	0.0
1 0 4			0.06		1.3		0.04		0.45601	0.08	29.3672081998	0.0
1 2 7			0.03		1.34		0.03		0.45717	0.71	74.291810142	3.5836
2 0 5			0.06		1.4		0.03		0.45717	5.26	43.4052500519	0.0
1 0 6			0.05		1.45		0.03		0.45717	0.25	41.5701214249	0.0
4 0 1			0.05		1.5		0.03		0.45717	0.27	58.8934376912	0.0
1 -1 2			0.04		1.54		0.03		0.45671	0.39	32.1995090242	11.6912
4 1 3			0.04		1.58		0.03		0.45668	0.15	68.408649436	0.0043
4 0 5			0.04		1.62		0.03		0.45668	0.26	68.3700248267	0.0
3 1 0			0.04		1.66		0.02		0.45668	0.86	50.7823995615	0.002
3 1 4			0.01		1.67		0.02		0.45648	0.33	57.7518627408	0.9567
0 1 7			-0.12		1.55		0.03		0.45411	0.26	53.2385720724	8.4036
1 1 2			0.04		1.59		0.03		0.45393	0.52	32.1995090242	11.6912
1 2 6			-0.08		1.51		0.03		0.45077	0.11	69.4566609057	1.2895
-1 -1 -2			0.03		1.55		0.03		0.45083	0.31	32.1995090242	11.6912
1 1 6			0.03		1.58		0.03		0.45067	0.38	49.5460147793	8.8974
4 0 6			-0.5		1.07		0.05		0.44573	0.38	72.4962488704	6.3028
1 1 4			0.03		1.1		0.05		0.44569	0.3	39.4492672371	0.9567
0 0 3			0.03		1.13		0.05		0.44569	0.03	19.1797885945	0.0
1 0 7			0.02		1.15		0.05		0.44569	0.54	48.0896902272	2.8781
2 1 7			0.02		1.17		0.05		0.44544	0.57	61.3678684761	8.4036
4 1 1			0.02		1.19		0.05		0.44544	0.21	65.3342299592	0.4263
2 2 3			0.02		1.21		0.05		0.44529	0.31	64.6616050849	6.6891
3 0 7			0.02		1.23		0.05		0.4453	0.18	64.5726747292	2.8781
2 0 2			-0.36		0.88		0.07		0.44494	0.1	31.1263267788	5.5981
3 0 5			-0.06		0.82		0.08		0.44693	0.2	54.7330754518	7.0489
1 0 5			-0.03		0.79		0.08		0.44835	0.22	35.3149362404	7.049