HKL Value		Reward		TotalReward	Chi Squared	Z Appr. 	Error	Two-Thetas	Sfs2
0 2 7			0.0		0.0		0.0		0.5	0.0	72.5085769296	0.0094
0 1 7			0.0		0.0		0.06		0.44887	0.26	53.2385720724	8.4036
3 0 0			1.0		1.0		0.03		0.44887	0.45	42.9814560157	0.0
4 0 3			0.5		1.5		0.02		0.44887	0.29	62.1413926063	0.0
4 0 5			0.33		1.83		0.02		0.44887	0.26	68.3700248267	0.0
1 0 0			0.25		2.08		0.01		0.44887	0.0	14.0285801003	0.0
2 0 7			0.2		2.28		0.01		0.44887	4.16	54.6555056564	0.0
2 0 1			0.17		2.45		0.01		0.44887	0.15	29.01034049	0.0
3 0 2			0.14		2.59		0.01		0.44887	0.46	45.0164041053	0.0
1 0 8			0.12		2.72		0.01		0.44887	0.24	54.8685935926	0.0
0 1 8			-0.39		2.33		0.01		0.45456	2.05	59.6041295708	7.5134
2 0 3			0.1		2.43		0.01		0.45456	0.09	34.3920319457	0.0
3 0 4			0.09		2.52		0.01		0.45456	0.64	50.7360354343	0.0
3 0 6			0.08		2.61		0.01		0.45456	0.11	59.366558438	0.0
3 0 8			0.08		2.68		0.01		0.45456	0.3	70.3147352648	0.0
0 0 7			0.07		2.75		0.01		0.45456	0.2	45.7499157105	0.0
1 0 4			0.07		2.82		0.01		0.45456	0.08	29.3672081998	0.0
-1 -1 2			0.05		2.87		0.01		0.45446	0.13	32.1995090242	11.6912
3 0 5			0.06		2.93		0.01		0.45451	0.2	54.7330754518	7.0489
2 0 5			0.06		2.98		0.01		0.45451	5.26	43.4052500519	0.0
1 0 6			0.05		3.04		0.01		0.45451	0.25	41.5701214249	0.0
4 0 1			0.05		3.09		0.01		0.45451	0.27	58.8934376912	0.0
0 0 3			0.05		3.14		0.01		0.45451	0.03	19.1797885945	0.0
3 1 0			0.03		3.17		0.0		0.45451	0.86	50.7823995615	0.002
1 1 2			0.03		3.2		0.0		0.45445	0.52	32.1995090242	11.6912
-1 -1 -2			0.03		3.23		0.0		0.45439	0.31	32.1995090242	11.6912
3 1 1			-0.8		2.43		0.02		0.45466	0.22	51.2370468789	1.4731
3 0 3			0.03		2.46		0.02		0.45496	0.33	47.4629609511	3.2424
1 -1 2			0.03		2.49		0.02		0.4549	0.39	32.1995090242	11.6912
4 1 3			0.03		2.53		0.02		0.4549	0.15	68.408649436	0.0043
3 1 2			0.03		2.56		0.02		0.45483	0.11	52.5840292854	11.6912
1 1 6			-0.01		2.55		0.02		0.45432	0.38	49.5460147793	8.8974
1 1 4			0.01		2.56		0.02		0.45428	0.3	39.4492672371	0.9567
3 1 4			0.01		2.56		0.02		0.45424	0.33	57.7518627408	0.9567
4 1 1			0.0		2.57		0.02		0.45424	0.21	65.3342299592	0.4263
1 0 7			-0.08		2.49		0.02		0.45334	0.54	48.0896902272	2.8781
3 0 7			-0.05		2.44		0.02		0.45273	0.18	64.5726747292	2.8781
2 1 1			0.01		2.45		0.02		0.45273	0.13	39.1745550983	0.4263
1 2 6			-0.08		2.37		0.03		0.45215	0.11	69.4566609057	1.2895
2 1 7			-0.05		2.32		0.03		0.45183	0.57	61.3678684761	8.4036
2 2 3			-0.02		2.3		0.03		0.45155	0.31	64.6616050849	6.6891