Number of epochs: 725e-01
4.860440973051800839e-02
-2.066543242026000204e-01
-3.615057457605321822e-01
7.632528872832784750e-02
-3.021524754796620083e-01
-2.573563703162860539e-01
-1.161109517335523304e-02
-3.773420007688912947e-01
-1.463915218805171038e-02
-6.140027254576269772e-02
5.565459895421440706e+00
3.441532639982815556e-01
-8.669552752114056959e-02
6.778476309843931014e-02
-3.366826837592463290e-02
6.275390126602795049e-02
1.937910646365737996e-03
1.247197323104381472e-01
3.015344192957562439e-02
-4.822787012615110114e-01
1.194345118384327123e-02
-3.881459701287177655e-01
1.181112623145355589e-02
-2.944867614290388458e-01
-2.297543264001911893e-03
-6.939357347976110590e-02
-5.169247050531837750e-01
1.794284048875136872e-01
-4.581444756941694951e-01
1.111722417131233293e-01
-1.957499733383950558e-01
6.248377886485793203e-02
-3.075336741769623128e-01
2.344626167251779858e-01
-1.543152688258259408e-01
2.348283583582240312e-03
-5.741924929418962958e-02
-2.794272195870748932e-01
-2.900833701242757634e-01
-2.880859853105912673e-03
-6.634647516486900931e-02
-9.658941040329384678e-03
-4.171791188155992702e-01
-3.279714101093628847e-02
-2.506501142054036180e-01
7.784991737645385879e-01
-8.082246389009563325e-02
1.458459772811426525e-01
-3.324639268262179204e-02
9.941249011452056583e-02
-3.404105588887861716e-02
8.568843927796164495e-02
2.031726953299252229e-03
8.207224174267985228e-02
3.016376482767381406e-02
-3.058340946770390367e-01
2.750939650561151986e-02
-4.529286675575885379e-01
1.191145772209104003e-02
-3.854313193357343237e-01
-3.055703499915134458e-01
-9.727838183101074343e-02
-3.804112757404022882e-01
-2.131539782428382990e-01
-2.977536804249239499e-01
-1.459971793496296633e-01
-5.129116101063172506e-01
5.579198717479398606e-02
-4.416952460128284463e-01
6.658404853889352548e-01
-2.263761383448118780e-01
5.195085569764092831e-02
-2.883180903682159291e-01
-1.946223455056348417e-01
5.812470161360463322e-03
3.050108629325957998e-02
-2.078913892637891947e-01
-1.137095961661900023e-01
-2.239421580854513150e-01
5.542360268393145550e-02
3.007875826325554294e-02
2.843250512166399166e-02
-1.675993959899821084e-01
-1.090649696410643382e-01
