Number of epochs: 625e-01
4.825178547409263857e-02
-1.989375259164053444e-01
-3.483202272482847084e-01
7.456626949881511868e-02
-2.846505937124316765e-01
-2.489050060163165157e-01
-1.235632430099443090e-02
-3.709141747370113262e-01
-1.653560101559159445e-02
-6.824809356839761643e-02
5.997646660721584588e+00
3.365704466457779542e-01
-8.227177509179411929e-02
6.730788008087533469e-02
-3.276271660449330686e-02
6.138696711371546128e-02
3.081407431435283749e-03
1.233426899279284339e-01
3.108463071059596947e-02
-4.570375510896316773e-01
1.309627379993182419e-02
-3.814433448222179779e-01
1.363910458737533152e-02
-2.822577447900725955e-01
-2.601568062197012364e-04
-6.526499141620033251e-02
-5.082755012977745457e-01
1.755106475433129976e-01
-4.618926706404866689e-01
1.102081842790453986e-01
-1.930968006159659855e-01
6.253641388282421554e-02
-2.969461362976158481e-01
2.296848244919892923e-01
-1.588883323253425239e-01
1.577998926876306987e-03
-5.088696585761218194e-02
-2.841352612250628296e-01
-2.782213145806596288e-01
-2.182420542588996756e-03
-6.019048840621922525e-02
-7.602335948172813697e-03
-4.109004566634872346e-01
-3.202504829342315423e-02
-2.410309387840889883e-01
7.696307224596529162e-01
-6.780907793080703794e-02
1.435120825805692724e-01
-3.295872847364667707e-02
9.707960028895547266e-02
-3.279591778662604290e-02
8.459067615874124590e-02
2.642423758052579990e-03
8.174869275623156128e-02
3.074072982326425327e-02
-2.951507472323663395e-01
2.733188779636296778e-02
-4.407912276816053354e-01
1.059829661228349484e-02
-3.740448391192764399e-01
-2.779680009520252293e-01
-9.240994192265926388e-02
-3.804583744255735089e-01
-2.164469309542880748e-01
-2.865060341505629715e-01
-1.475138850451009342e-01
-5.241503564858724928e-01
5.621738441283576082e-02
-4.314795084174707362e-01
6.529604656482181912e-01
-1.849990367604353869e-01
5.219297131970993681e-02
-2.762779502226857531e-01
-1.754319142884690208e-01
8.482694160921625676e-03
2.991886169883211516e-02
-2.086150818283494246e-01
-9.796955822515000800e-02
-2.276467148023106624e-01
6.553256805646168193e-02
3.055798858389273745e-02
2.968386075427093332e-02
-1.512051634478676632e-01
-1.065029965955657243e-01
