HKL Value		Reward		TotalReward	Chi Squared	Z Appr. 	Error	Two-Thetas	Sfs2
2 0 10			0.0		0.0		0.0		0.3	0.6169	42.9543880851	20.236
6 4 0			0.0		0.0		0.01		0.31314	1.8287	67.0910631577	58.6803
4 2 8			1.23		1.23		5.18		0.35225	0.7605	51.4203212226	2.5419
0 6 12			2.73		3.97		4.06		0.35717	0.3425	75.0250979777	1.887
1 1 9			3.11		7.08		3.07		0.35742	0.2216	37.1193146943	1.1702
7 1 3			1.04		8.12		7.92		0.35694	1.4031	66.8553232335	91.2915
1 3 15			1.94		10.06		7.35		0.35699	0.2862	67.3623786269	8.1809
2 4 2			1.81		11.87		7.45		0.35703	0.3828	40.8766170199	13.2501
0 0 18			2.0		13.87		6.9		0.35567	0.6609	73.530655613	37.988
2 4 8			2.16		16.03		6.14		0.35555	0.1687	51.4325245866	2.4593
4 6 0			2.24		18.27		5.53		0.35555	0.7863	67.1083315067	59.4729
4 2 2			2.06		20.33		5.7		0.35557	0.457	40.8620305525	12.2524
6 0 0			2.13		22.46		5.61		0.35557	0.7256	54.7363985401	55.434
3 1 9			2.28		24.74		5.18		0.35551	0.36	45.2950695798	8.7768
9 1 1			2.21		26.96		5.14		0.35546	0.8793	87.9915459652	19.6393
4 6 6			2.31		29.26		4.91		0.35585	1.1903	71.9781772466	41.9784
0 6 0			2.21		31.47		5.01		0.35585	1.4277	54.7714555341	59.4019
7 3 1			2.21		33.69		5.06		0.35578	0.5095	71.5359286583	22.1332
2 0 8			2.34		36.03		4.79		0.35586	0.1665	35.7565424018	1.5727
1 1 13			2.3		38.32		4.77		0.35642	0.3722	52.9310122384	10.9703
2 4 6			2.29		40.61		4.77		0.35578	0.785	46.7364348384	64.2552
2 0 16			2.25		42.86		4.86		0.35636	0.5935	67.2372591268	11.8907
0 2 14			2.35		45.21		4.68		0.35624	0.2479	58.6982494177	6.3292
2 4 12			2.4		47.61		4.49		0.35676	0.2205	63.4791913795	4.8908
0 6 2			2.4		50.01		4.41		0.35683	0.2356	55.3895592761	6.1752
6 2 6			0.78		50.79		10.38		0.3549	3.9921	63.2107357729	344.5633
3 1 15			1.61		52.4		10.13		0.35471	0.2871	67.3554895111	7.7692
4 6 2			1.63		54.03		9.86		0.3547	0.2349	67.657370766	5.5969
5 5 1			1.63		55.66		9.7		0.35465	0.5073	65.769247456	23.9531
2 4 14			1.68		57.33		9.39		0.35473	0.5221	70.6383718296	19.4111
6 0 10			1.68		59.02		9.19		0.35465	1.0728	69.1331306246	8.9056
1 5 5			1.3		60.31		10.81		0.3556	1.8923	50.2743192378	127.3636
7 3 5			1.45		61.76		11.14		0.35668	1.0496	74.7140851895	88.0788
1 3 1			1.45		63.22		11.38		0.35657	0.5324	28.3265170018	42.1271