HKL Value		Reward	TotalReward	Chi Squared Value	Z Coordinate Approximation
0 6 8			0	0		0		0.3
0 0 10			-1	-1		2.11234233704		0.277520579566
0 4 10			0.5	-0.5		1.08267143756		0.277990998396
6 0 10			0.5	0.0		0.728333294236		0.278130950701
6 2 10			0.5	0.5		0.546985367775		0.278176482313
2 6 10			0.5	1.0		0.440651777762		0.27825486742
6 4 0			0.5	1.5		0.369369398384		0.27825486742
2 0 14			0.5	2.0		0.343088469775		0.278403182636
0 0 20			-1	1.0		0.499016586731		0.278550428393
3 3 9			-1	0.0		0.902456024956		0.278531270465
6 0 8			-1	-1.0		1.01286202169		0.278359696178
0 2 14			0.5	-0.5		0.922529159025		0.278407394931
4 0 12			-1	-1.5		6.4292069023		0.275308362073
4 2 6			-1	-2.5		9.15300967197		0.275969607164
0 6 10			0.5	-2.0		8.52876618968		0.276276039819
1 3 9			0.5	-1.5		8.01941522037		0.276315874966
2 4 10			0.5	-1.0		7.62787758683		0.276791206117
4 0 10			0.5	-0.5		7.20678182512		0.277111921991
4 6 0			0.5	0.0		6.80872474165		0.277111921991
4 4 10			0.5	0.5		6.49561002144		0.277456709908
2 2 10			0.5	1.0		6.18718315291		0.277645881965
2 4 2			0.5	1.5		6.023199579		0.277622668621
4 2 2			0.5	2.0		5.84976662929		0.277605159391
4 2 10			0.5	2.5		5.62809573607		0.277794805761
3 1 9			0.5	3.0		5.46061135296		0.277794805761
4 6 2			0.5	3.5		5.25025245079		0.277810183477
6 4 2			0.5	4.0		5.06833739606		0.277823790933
1 1 9			-1	3.0		5.51071589647		0.277829417431
1 5 9			-1	2.0		5.68145461999		0.277829417431
0 6 18			-1	1.0		14.5669118915		0.287679197033
3 3 15			0.5	1.5		14.1196804439		0.287648836055
5 1 9			0.5	2.0		14.0632014141		0.287634642088
2 4 14			0.5	2.5		13.6427681263		0.287624733249
0 2 18			-1	1.5		15.5861966372		0.289429874752
0 6 16			0.5	2.0		15.2304842611		0.289408678512
2 0 16			0.5	2.5		14.9866133472		0.28938375627
4 2 14			0.5	3.0		14.6019379017		0.289367555954
3 5 9			0.5	3.5		14.535238533		0.289352486132
0 0 18			-1	2.5		15.0979807008		0.290051617708
6 0 0			0.5	3.0		14.8304704698		0.290051135543
3 1 15			0.5	3.5		14.5649054179		0.290051135543
1 3 15			0.5	4.0		14.3191994264		0.290050889167
0 2 16			0.5	4.5		14.1771811993		0.290029090394
1 5 11			-1	3.5		16.2672604715		0.289787833006
0 6 14			0.5	4.0		15.9591406097		0.289760711105
5 3 9			0.5	4.5		15.8994587694		0.289753945116
4 2 12			0.5	5.0		15.5987771505		0.289753469191
0 6 0			0.5	5.5		15.4051568015		0.289753469191
6 0 2			0.5	6.0		15.1000392332		0.289753469191
0 6 2			0.5	6.5		14.8140082977		0.289750973406
3 3 13			0.5	7.0		14.6362896079		0.289581667847
2 0 10			0.5	7.5		14.3595331161		0.289559747365
4 2 8			0.5	8.0		14.0844304522		0.289559732579
2 4 8			0.5	8.5		13.8200373304		0.289559732579
0 2 10			0.5	9.0		13.5699840466		0.289535406833
1 1 13			0.5	9.5		13.3734816079		0.289439819966
1 3 13			0.5	10.0		13.1754339983		0.289356753464
5 1 13			0.5	10.5		12.9874394219		0.289275430959
3 1 13			0.5	11.0		12.7949452594		0.28920721586
1 5 13			0.5	11.5		12.6003391919		0.289152670899
9 1 1			0.5	12.0		12.3926940616		0.289152363654
4 4 12			-1	11.0		13.2832561956		0.28911881025
0 4 20			0.5	11.5		13.1395181704		0.288955095017
0 4 18			-1	10.5		14.5928191968		0.289930023221
5 3 5			-1	9.5		16.0220593638		0.289930023221
7 3 1			0.5	10.0		15.7843476165		0.289930023221
3 7 1			0.5	10.5		15.5542414909		0.289914528457
1 3 1			0.5	11.0		15.4529311396		0.289914528457
5 5 1			0.5	11.5		15.2312722415		0.289913566016
0 4 12			-1	10.5		16.4494748514		0.289894126944
0 6 4			-1	9.5		16.5093369802		0.289876573964
3 7 5			-1	8.5		17.2068570658		0.289866355428
7 3 5			-1	7.5		17.8665228919		0.289856503681
5 5 5			-1	6.5		18.6751790586		0.289856503681
1 1 15			0.5	7.0		18.6049093771		0.289861819524
4 2 0			0.5	7.5		18.5276284234		0.289861819524
7 1 1			0.5	8.0		18.3213011842		0.289861819524
2 4 0			0.5	8.5		18.2627041198		0.289861819524
1 7 1			0.5	9.0		18.0717538583		0.289854211639
5 1 1			0.5	9.5		17.8905651807		0.289850396648
0 2 0			-1	8.5		18.2603992722		0.289850396648
2 2 12			-1	7.5		19.6305987764		0.289828709991
7 1 5			-1	6.5		20.329391018		0.289821792048
5 3 1			0.5	7.0		20.144643422		0.289821786535
1 5 1			0.5	7.5		19.9529378606		0.289821786535
1 7 5			-1	6.5		20.6340062008		0.289806719411
0 2 20			0.5	7.0		20.4065765578		0.289806719411
0 2 8			0.5	7.5		20.2675588515		0.289714269706
2 0 8			0.5	8.0		20.139604599		0.289629128446
3 5 1			0.5	8.5		19.9636628734		0.289623563342
3 3 1			0.5	9.0		19.7922165719		0.289623403373
0 0 22			-1	8.0		20.4759971309		0.289448173626
4 6 4			0.5	8.5		20.4276366095		0.289433394673
2 0 2			0.5	9.0		20.355891604		0.289426002091
6 4 6			0.5	9.5		20.2352431973		0.289460437665
6 4 4			0.5	10.0		20.1965941269		0.289445867973
4 6 6			0.5	10.5		20.0799089648		0.289480978123
0 2 2			0.5	11.0		20.0213087533		0.289480978123
0 2 12			0.5	11.5		19.9307804047		0.289473452013
0 6 6			0.5	12.0		19.9064757888		0.289505299379
3 1 1			0.5	12.5		19.7921174289		0.289505299379
2 0 12			0.5	13.0		19.6992801038		0.289500378941
6 0 6			0.5	13.5		19.6706028143		0.289533020084
3 5 5			-1	12.5		20.5057547137		0.289524698734
1 1 3			0.5	13.0		20.4995973802		0.289536308327
0 4 16			-1	12.0		20.7189569057		0.289654163917
0 0 4			0.5	12.5		20.5286194827		0.289654163917
0 0 16			-1	11.5		20.8837541563		0.28978090321
2 2 16			-1	10.5		21.1798541956		0.289908904062
2 6 4			0.5	11.0		20.9920238551		0.289908904062
6 2 4			0.5	11.5		20.8074113518		0.289896642244
0 4 4			0.5	12.0		20.6276041446		0.289886160057
2 2 4			0.5	12.5		20.4573050003		0.289874856545
0 0 14			0.5	13.0		20.4098599318		0.289831944321
4 4 4			0.5	13.5		20.2426767551		0.289822860404
4 0 4			0.5	14.0		20.075721836		0.289812223418
1 1 1			0.5	14.5		20.0024450022		0.289812223418
2 2 14			-1	13.5		20.0320396347		0.289755011977
6 0 4			-1	12.5		20.0345058353		0.289737854489
2 4 12			0.5	13.0		19.8840101425		0.289737854489
5 1 5			-1	12.0		20.5751639033		0.289730696664
0 4 14			-1	11.0		20.6414879652		0.289678399077
2 4 6			-1	10.0		20.7079318557		0.28972330111
0 6 12			0.5	10.5		20.5410331772		0.28972330111
6 2 8			-1	9.5		21.7262956404		0.28964650832
1 5 5			-1	8.5		22.3765477282		0.28964650832
0 2 22			-1	7.5		22.8247856755		0.289603158565
6 0 12			0.5	8.0		22.6450695518		0.289603158565
4 0 14			-1	7.0		22.7056957857		0.289552110588
3 3 5			-1	6.0		23.4635184128		0.289539410105
7 3 3			-1	5.0		23.4992694356		0.289559370138
5 5 3			-1	4.0		23.5461591974		0.289575367542
3 7 3			-1	3.0		23.5928477626		0.289593876254
1 3 3			-1	2.0		23.644435464		0.28961059084
3 3 3			-1	1.0		23.702006646		0.289627574302
3 1 3			-1	0.0		23.7602879654		0.289646210487
1 7 7			-1	-1.0		25.70818265		0.289806649929
1 5 3			-1	-2.0		25.7532293845		0.289831996212
2 0 6			-1	-3.0		26.0228945396		0.289905249731
3 5 7			-1	-4.0		28.2417767919		0.29011037202
5 5 7			-1	-5.0		31.2004090723		0.290401144778
0 0 2			-1	-6.0		31.5583253329		0.290401144778
2 6 2			-1	-7.0		32.0982057963		0.290401144778
2 2 2			-1	-8.0		32.6028729479		0.290401144778
0 4 2			-1	-9.0		33.153053932		0.290416864949
6 2 2			-1	-10.0		33.6755407253		0.290416864949
2 4 4			-1	-11.0		33.7263848496		0.290398661075
4 4 2			-1	-12.0		34.2142129557		0.290401977379
4 0 2			-1	-13.0		34.7434412638		0.290401977379
1 1 7			-1	-14.0		36.9210507441		0.290669668593
3 3 11			-1	-15.0		37.5749121823		0.290462894589
7 1 7			-1	-16.0		39.5578321159		0.290738648802
5 3 7			-1	-17.0		41.5212152668		0.291060122247
1 3 7			-1	-18.0		43.6013874611		0.291460727041
3 1 7			-1	-19.0		45.683497556		0.291952197325
5 1 3			0.5	-18.5		45.5980977092		0.291989724501
1 7 3			0.5	-18.0		45.529313077		0.292033435951
0 2 6			-1	-19.0		45.6260845428		0.292158362756
2 0 0			-1	-20.0		45.630710511		0.292159311518
4 2 4			0.5	-19.5		45.6062000719		0.292139042856
1 5 7			-1	-20.5		47.6387075255		0.292881245292
5 1 7			0.5	-20.0		29.7690825122		0.319487530625
3 3 7			-1	-21.0		29.9080358491		0.319664981429
0 0 12			-1	-22.0		30.0352454655		0.319766650905
7 1 3			0.5	-21.5		30.0010131501		0.319766650905
3 5 3			-1	-22.5		30.0019752959		0.319766842796
5 3 3			-1	-23.5		30.0127927254		0.319776803256
3 1 5			-1	-24.5		30.7122358361		0.319793089742
1 3 5			-1	-25.5		31.4246841647		0.319805261348
3 5 11			-1	-26.5		32.2491520676		0.319805261348
0 4 6			-1	-27.5		33.5143245754		0.3198540966
2 2 8			-1	-28.5		34.4122688576		0.319859838988
4 0 6			-1	-29.5		35.6817023023		0.319904402863
0 4 8			-1	-30.5		36.6315275335		0.319915855603
4 0 8			-1	-31.5		37.6202230124		0.319925118699
2 6 6			-1	-32.5		38.1775646518		0.319963279435
0 0 6			-1	-33.5		39.9715847941		0.320015969152
1 3 11			-1	-34.5		41.1811569427		0.320015969152
6 2 6			-1	-35.5		41.7006783505		0.320058379479
3 1 11			-1	-36.5		42.8543846694		0.320064607642
1 1 11			-1	-37.5		44.3910240147		0.320073663477
2 2 6			-1	-38.5		45.9524745901		0.320122080968
5 3 11			-1	-39.5		46.6255742627		0.320122080968
0 0 8			-1	-40.5		47.2423849773		0.320122080968
2 6 8			-1	-41.5		47.9835281488		0.320137117883
0 2 4			-1	-42.5		48.2162014979		0.320137117883
4 4 6			-1	-43.5		48.8222479325		0.320182323887
5 1 11			-1	-44.5		49.4773445739		0.320188332996
4 4 8			-1	-45.5		50.208647258		0.320194101907
2 0 4			-1	-46.5		50.4213005744		0.320194303915
1 1 5			-1	-47.5		51.1602044206		0.32022033129
1 1 17			-1	-48.5		51.9249507483		0.320182172077
2 2 0			-1	-49.5		55.0384072495		0.320182172077
4 0 0			-1	-50.5		57.219763376		0.320182172077
6 2 0			-1	-51.5		58.3793523411		0.320182172077
2 6 0			-1	-52.5		59.4931115933		0.320182172077
0 4 0			-1	-53.5		61.7636086721		0.320182172077
4 4 0			-1	-54.5		63.105773901		0.320182172077
