HKL Value		Reward	TotalReward	Chi Squared Value	Z Coordinate Approximation		dx
4 6 2			0	0		0		0.3		0		0.2349
1 1 17			-63.1311156864	-63.1311156864		63.1311156864		0.294111656733		63.1311156864		2.447
4 2 10			11.4094678641	-51.7216478223		40.3121799582		0.291557588689		80.6243599163		1.1102
2 0 14			6.71819785194	-45.0034499703		26.8757842543		0.291530020199		80.6273527629		0.2634
0 2 14			3.35261803338	-41.650831937		20.1705481875		0.291649835052		80.6821927501		0.2479
2 4 10			0.915928142827	-40.7349037941		18.3386919019		0.289775668942		91.6934595094		0.607
1 3 15			1.1549259173	-39.5799778768		16.0288400673		0.289696451995		96.1730404037		0.2862
6 4 2			1.13568867244	-38.4442892044		13.7574627224		0.289722208639		96.3022390568		0.2211
9 1 1			0.850048139539	-37.5942410649		12.0573664433		0.289699354457		96.4589315466		0.8793
5 5 1			0.649278847367	-36.9449622175		10.7588087486		0.289647387646		96.8292787373		0.5073
3 7 1			0.508801620501	-36.436160597		9.74120550759		0.289588240545		97.4120550759		1.2822
6 0 10			-0.362563144114	-36.7987237411		10.1037686517		0.286552812383		111.141455169		1.0728
2 4 14			0.399408148144	-36.399315593		9.30495235542		0.286506459627		111.659428265		0.5221
4 2 14			0.332501468143	-36.0668141248		8.63994941913		0.286469521492		112.319342449		1.2576
7 3 1			0.29399623399	-35.7728178908		8.05195695115		0.286423944572		112.727397316		0.5095
1 3 9			0.209790541758	-35.5630273491		7.63237586764		0.286254694608		114.485638015		0.2622
3 1 9			0.156162008214	-35.4068653409		7.32005185121		0.286068249928		117.120829619		0.36
6 0 8			0.149101073597	-35.2577642673		7.02184970402		0.28622920643		119.371444968		2.9234
0 6 16			0.14005392773	-35.1177103395		6.74174184856		0.285915766456		121.351353274		0.4825
0 6 8			0.111558735907	-35.0061516036		6.51862437674		0.28606179363		123.853863158		0.7694
4 2 8			0.157939280402	-34.8482123232		6.20274581594		0.28617936629		124.054916319		0.7605
3 3 11			-4.87009918003	-39.7183115033		11.072844996		0.283465273265		232.529744915		2.1204
5 3 5			-4.21321337521	-43.9315248785		15.2860583712		0.283204390052		336.293284166		2.2247
4 2 2			0.277729260816	-43.6537956176		14.7305998495		0.283161903406		338.803796539		0.457
2 4 2			0.243006309771	-43.4107893079		14.24458723		0.283127111145		341.87009352		0.3828
3 3 15			0.279901389403	-43.1308879185		13.6847844512		0.28339135706		342.11961128		0.3402
0 2 10			0.241256869034	-42.8896310494		13.2022707131		0.283644023656		343.259038541		0.4317
7 1 1			0.202636750102	-42.6869942993		12.7969972129		0.283602146157		345.518924749		0.5207
1 7 1			0.179690101177	-42.5073041982		12.4376170106		0.283562173999		348.253276296		0.5219
2 0 16			0.143264862607	-42.3640393356		12.1510872854		0.283460657323		352.381531275		0.5935
0 0 22			-0.64027145574	-43.0043107913		12.7913587411		0.281322424595		383.740762233		2.2765
5 1 1			0.160095608406	-42.8442151829		12.4711675243		0.281296518543		386.606193253		0.5346
3 3 9			0.126999547182	-42.7172156357		12.2171684299		0.28126361354		390.949389757		0.3816
1 5 1			0.137856013377	-42.5793596223		11.9414564032		0.281240803174		394.068061304		0.4978
6 0 2			0.168391498847	-42.4109681235		11.6046734055		0.281238383993		394.558895786		0.2214
2 6 10			0.150291534809	-42.2606765887		11.3040903358		0.281047110913		395.643161755		0.7069
6 0 0			0.0921949527414	-42.1684816359		11.1197004304		0.281047110913		400.309215493		0.7256
0 2 16			0.0814188398644	-42.0870627961		10.9568627506		0.281049808092		405.403921774		1.8687
1 5 3			-0.694284139295	-42.7813469354		11.6511468899		0.281187853082		442.743581817		0.9511
4 4 10			0.145548170755	-42.6357987646		11.3600505484		0.281106794564		443.041971388		0.6886
0 4 10			0.128085209007	-42.5077135556		11.1038801304		0.280940713966		444.155205216		0.9893
6 2 10			0.122417441198	-42.3852961144		10.859045248		0.280792569451		445.220855168		0.7103
0 0 10			0.119951006154	-42.2653451082		10.6191432357		0.280674350257		446.0040159		0.8316
4 0 10			0.116971134305	-42.1483739739		10.3852009671		0.280582223447		446.563641585		0.6243
2 2 10			0.114035078365	-42.0343388956		10.1571308104		0.280513586806		446.913755656		0.6429
3 3 1			0.0744294455072	-41.9599094501		10.0082719194		0.28049541254		450.372236371		0.5106
3 1 15			0.105317867645	-41.8545915824		9.79763618406		0.280582265867		450.691264467		0.2871
5 3 1			0.0630456297562	-41.7915459527		9.67154492455		0.280566799305		454.562611454		0.5252
3 5 1			0.0650612102345	-41.7264847424		9.54142250408		0.280551708774		457.988280196		0.5283
0 6 14			0.0635113716364	-41.6629733708		9.41439976081		0.280637526283		461.30558828		0.9096
3 5 5			-1.85410617793	-43.5170795487		11.2685059387		0.280565808176		563.425296937		1.2751
2 0 10			0.0812317492371	-43.4358477995		11.1060424403		0.280681861475		566.408164453		0.6169
0 6 10			0.09922030423	-43.3366274953		10.9076018318		0.28059652013		567.195295254		0.8527
0 6 0			0.0415876589804	-43.2950398363		10.8244265138		0.28059652013		573.694605233		1.4277
0 4 20			0.028721146212	-43.2663186901		10.7669842214		0.280753162999		581.417147956		1.027
2 4 8			0.0897883684585	-43.1765303216		10.5874074845		0.280753162999		582.307411647		0.1687
0 0 4			0.0933125360355	-43.0832177856		10.4007824124		0.280769819441		582.443815096		0.8482
1 3 1			0.0268516824621	-43.0563661031		10.3470790475		0.280751126212		589.783505708		0.5324
4 4 4			0.0891824164759	-42.9671836866		10.1687142146		0.280751126212		589.785424444		0.8476
1 1 15			0.0295823087728	-42.9376013779		10.109549597		0.280549145798		596.463426223		0.656
2 2 4			0.0841485286714	-42.8534528492		9.94125253966		0.280549145798		596.47515238		0.7551
6 2 4			0.0804722059527	-42.7729806432		9.78030812776		0.280555852623		596.598795793		0.8727
2 6 4			0.0779502794824	-42.6950303638		9.62440756879		0.280566280206		596.713269265		0.8772
3 5 9			-0.00741681824545	-42.702447182		9.63182438704		0.280550589771		606.804936383		0.4755
1 5 13			0.0422194406067	-42.6602277414		9.54738550582		0.280650949128		611.032672373		1.1973
1 3 13			0.0461355928469	-42.6140921485		9.45511432013		0.280746764139		614.582430808		0.3907
0 0 8			-1.94332919343	-44.557421342		11.3984435136		0.280471572554		752.297271895		2.1948
1 1 13			0.0594767582198	-44.4979445838		11.2794899971		0.280562715288		755.725829807		0.3722
3 3 13			0.0669448752363	-44.4309997085		11.1456002466		0.280644450435		757.900816772		0.5636
5 1 13			0.0564825354835	-44.374517173		11.0326351757		0.280741719148		761.251827122		0.4567
3 1 1			0.0279603569889	-44.346556816		10.9767144617		0.280723964934		768.370012319		0.5239
3 1 13			0.051580927683	-44.2949758884		10.8735526063		0.280825635158		772.02223505		0.3869
0 4 4			0.0751830442817	-44.2197928441		10.7231865178		0.280825635158		772.069429279		0.8482
1 5 9			0.00205235320315	-44.2177404909		10.7190818114		0.280825635158		782.49297223		0.4394
5 3 9			-0.00546922937563	-44.2232097203		10.7245510407		0.280804944157		793.616777015		0.4833
0 6 2			0.0664469289308	-44.1567627913		10.5916571829		0.280802579199		794.374288716		0.2356
0 2 8			0.0696768020772	-44.0870859892		10.4523035787		0.280802579199		794.375071983		0.1155
5 1 9			-0.0130479645675	-44.1001339538		10.4653515433		0.280790617715		805.832068833		0.4583
0 2 12			0.0137792582519	-44.0863546956		10.4377930268		0.28069563145		814.147856089		0.3827
0 0 20			0.0608666043347	-44.0254880912		10.3160598181		0.280753895037		814.968725631		0.4542
2 0 12			0.0169923551589	-44.0084957361		10.2820751078		0.280658576445		822.566008624		0.8079
4 2 4			-0.306270408984	-44.314766145		10.5883455168		0.280584589778		857.65598686		0.7624
1 1 1			0.00443486726049	-44.3103312778		10.5794757823		0.280559191944		867.517014146		0.5749
4 2 12			0.0529293741965	-44.2574019036		10.4736170339		0.280530003244		869.310213811		0.2244
6 0 12			0.0611761468138	-44.1962257568		10.3512647402		0.280519266871		869.50623818		0.5892
2 4 12			0.0500794538513	-44.1461463029		10.2511058325		0.280485956471		871.343995766		0.2205
4 0 4			0.0594860941974	-44.0866602087		10.1321336441		0.280485956471		871.363493397		1.2165
0 6 12			0.0548410001725	-44.0318192086		10.0224516438		0.280479436294		871.953293011		0.3425
2 0 8			0.0569433818343	-43.9748758267		9.90856488013		0.280479966107		871.953709452		0.1665
4 2 0			-0.0325995993386	-44.0074754261		9.94116447947		0.280479966107		884.763638673		0.9287
6 4 4			-0.029116377028	-44.0365918031		9.9702808565		0.280423932583		897.325277085		0.6669
2 4 0			-0.0421996625796	-44.0787914657		10.0124805191		0.280423932583		911.135727236		1.4359
4 6 4			-0.0220810281766	-44.1008724938		10.0345615473		0.280367179252		923.179662347		1.0731
2 0 2			-0.0271265438153	-44.1279990377		10.0616880911		0.280352341348		935.73699247		0.6502
0 4 0			-5.26017174007	-49.3881707777		15.3218598311		0.280352341348		1440.25482413		6.137
6 4 6			-0.0273430152932	-49.415513793		15.3492028464		0.280475549979		1458.17427041		0.9247
1 1 9			-0.00614072621164	-49.4216545192		15.3553435726		0.280581800517		1474.11298297		0.2216
4 6 6			-0.0241937410295	-49.4458482603		15.3795373137		0.280711238322		1491.81511943		1.1903
0 2 20			-0.0552857645693	-49.5011340248		15.4348230782		0.281830109864		1512.61266167		0.4494
0 2 2			0.0105263636445	-49.4906076612		15.413770351		0.2818246153		1525.96326474		0.4614
0 6 4			-0.00924034630343	-49.4998480075		15.4230106973		0.281768821621		1542.30106973		0.6675
6 0 6			-0.0797170517764	-49.5795650593		15.502727749		0.281849704106		1565.77550265		1.0815
0 6 6			-0.0852035212481	-49.6647685805		15.5879312703		0.281931647959		1589.96898957		1.0147
6 0 4			-0.00562984050544	-49.670398421		15.5935611108		0.281879186609		1606.13679441		0.7069
1 1 3			-0.0627143587105	-49.7331127797		15.6562754695		0.281907599775		1628.25264883		0.4514
0 0 14			0.00466725536063	-49.7284455244		15.6469409588		0.282026080399		1642.92880067		0.8389
4 6 0			0.0736089668415	-49.6548365575		15.4997230251		0.282026080399		1642.97064066		0.7863
4 2 6			-0.192980412533	-49.8478169701		15.6927034376		0.282141721832		1679.11926783		1.6049
2 4 6			-0.204257806112	-50.0520747762		15.8969612437		0.28225735225		1716.87181432		0.785
7 3 3			-0.148201999346	-50.2002767755		16.0451632431		0.282321482482		1748.9227935		1.9283
0 2 22			-0.31318808725	-50.5134648628		16.3583513303		0.281679553061		1799.41864634		1.8317
5 5 3			-0.154827555834	-50.6682924186		16.5131788862		0.281733208312		1832.96285636		0.8107
2 2 14			-0.0601710628486	-50.7284634814		16.573349949		0.281879313447		1856.21519429		1.0835
3 7 3			-0.153644620513	-50.882108102		16.7269945695		0.281934061676		1890.15038636		0.8954
2 4 4			-0.1705457205	-51.0526538225		16.89754029		0.281884478549		1926.31959306		0.8182
0 4 14			-0.0988274620387	-51.1514812845		16.9963677521		0.282033517944		1954.58229149		1.2337
3 3 3			-0.158880219227	-51.3103615037		17.1552479713		0.2820828184		1990.00876467		0.8081
1 7 5			-0.499303903571	-51.8096654073		17.6545518749		0.282051831928		2065.58256936		1.0841
1 3 3			-0.14080637749	-51.9504717848		17.7953582524		0.282104298061		2099.85227378		0.7045
3 1 3			-0.147983049298	-52.0984548341		17.9433413017		0.282160607054		2135.2576149		1.2003
5 1 3			-0.171557782117	-52.2700126162		18.1148990838		0.282227353301		2173.78789005		0.9592
6 4 0			0.0748012130374	-52.1952114032		17.9652966577		0.282227353301		2173.80089558		1.8287
7 1 3			-0.19563794596	-52.3908493491		18.1609346037		0.282298712999		2215.63402165		1.4031
0 4 16			-0.316744548278	-52.7075938974		18.4776791519		0.282335338546		2272.75453569		1.5557
4 0 14			-0.0900447395093	-52.7976386369		18.5677238914		0.282473861548		2302.39776254		1.986
1 7 3			-0.177999797425	-52.9756384343		18.7457236889		0.282546035908		2343.21546111		0.9932
0 4 18			-2.03803192456	-55.0136703589		20.7837556134		0.286205188169		2618.75320729		0.8369
2 0 0			-0.201384988719	-55.2150553476		20.9851406021		0.286205188169		2665.11285647		2.02
4 4 12			-0.329577814006	-55.5446331616		21.3147184161		0.286074655882		2728.28395727		1.9475
7 3 5			-0.327747087467	-55.8723802491		21.6424655036		0.28604375766		2791.87804997		1.0496
2 2 16			-0.321491152946	-56.193871402		21.9639566566		0.286217471363		2855.31436535		1.1693
0 2 0			-0.194776363445	-56.3886477655		22.15873302		0.286217471363		2902.79402562		1.4407
3 5 3			-0.169050537132	-56.5576983026		22.3277835571		0.28626958613		2947.26742954		0.9259
3 7 5			-0.320763053275	-56.8784613559		22.6485466104		0.286240947163		3012.25669918		1.0548
5 3 3			-0.176273099083	-57.054734455		22.8248197095		0.286289798991		3058.52584107		0.9351
0 0 16			-0.337914835662	-57.3926492906		23.1627345452		0.28647795128		3126.9691636		1.3342
5 5 5			-0.38670441292	-57.7793537035		23.5494389581		0.286450045295		3202.7236983		1.5862
0 0 18			-0.373305925429	-58.152659629		23.9227448835		0.287729660351		3277.41604904		0.6609
2 2 0			-4.53474551767	-62.6874051466		28.4574904012		0.287729660351		3927.13367536		11.1953
0 2 6			-0.293653261412	-62.9810584081		28.7511436626		0.287854710977		3996.4089691		1.1672
2 0 6			-0.271618203574	-63.2526766116		29.0227618662		0.28796893544		4063.18666126		1.6278
7 1 5			-0.336913277449	-63.5895898891		29.3596751436		0.287957811894		4139.71419525		1.5264
0 4 12			-0.480761225738	-64.0703511148		29.8404363693		0.287887473151		4237.34196445		1.4889
4 0 12			-0.470362443135	-64.540713558		30.3107988125		0.287814206105		4334.44423018		2.7435
2 0 4			-0.36723673518	-64.9079502931		30.6780355477		0.287787336845		4417.63711886		1.3874
0 2 4			-0.366258271781	-65.2742085649		31.0442938194		0.28774611615		4501.42260382		1.326
0 0 2			-0.346567600076	-65.620776165		31.3908614195		0.28774611615		4583.06576725		1.161
0 2 18			-0.336068258105	-65.9568444231		31.7269296776		0.289131073341		4663.85866261		0.3755
0 6 18			-0.177023419801	-66.1338678429		31.9039530974		0.290025227747		4721.78505842		0.7949
5 1 5			-0.476328816204	-66.6101966591		32.3802819136		0.290018241126		4824.66200513		1.1901
1 5 5			-0.471330798959	-67.0815274581		32.8516127126		0.290015129444		4927.74190689		1.8923
3 3 5			-0.581050327757	-67.6625777858		33.4326630403		0.290001265384		5048.33211909		1.3995
6 2 2			-0.496948951558	-68.1595267374		33.9296119919		0.290006319232		5157.30102277		3.3001
4 0 2			-0.514129824521	-68.6736565619		34.4437418164		0.290006319232		5269.89249791		1.7854
2 2 12			-0.616238319963	-69.2898948819		35.0599801364		0.289989852046		5399.236941		1.9766
1 1 5			-1.04844610467	-70.3383409865		36.1084262411		0.289975066569		5596.80606736		1.9661
4 4 2			-0.444695272214	-70.7830362587		36.5531215133		0.289979264858		5702.28695607		1.2125
2 2 2			-0.431483297503	-71.2145195562		36.9846048108		0.289979264858		5806.58295529		1.1162
2 6 2			-0.451227969405	-71.6657475256		37.4358327802		0.289979264858		5914.86157927		1.2892
0 4 2			-0.468230984537	-72.1339785102		37.9040637647		0.289993102515		6026.74613859		3.2657
1 3 5			-0.731858521838	-72.865837032		38.6359222866		0.289981499597		6181.74756585		3.1323
1 7 7			-1.54311345915	-74.4089504912		40.1790357457		0.290154286487		6468.82475506		0.4353
5 5 7			-2.4813768362	-76.8903273274		42.6604125819		0.290425812249		6910.98683827		0.6639
0 0 12			-0.790804824418	-77.6811321518		43.4512174063		0.290409466005		7082.54843723		3.2426
5 1 7			-2.0936881668	-79.7748203186		45.5449055731		0.290692629297		7469.36451399		0.2609
1 5 7			-2.05478539439	-81.829605713		47.5996909675		0.291014505565		7853.94900964		0.6035
1 1 7			-1.85156233912	-83.6811680521		49.4512533066		0.291341076517		8208.9080489		0.2012
7 1 7			-1.68366756096	-85.3648356131		51.1349208676		0.291720179101		8539.53178489		0.3505
5 3 7			-1.66250178714	-87.0273374002		52.7974226547		0.292177829641		8869.96700599		0.2523
3 3 7			-2.50877012571	-89.5361075259		55.3061927804		0.293086139263		9346.7465799		0.1558
1 3 7			-1.66446517039	-91.2005726963		56.9706579508		0.294741259187		9685.01185164		0.1893
3 5 7			9.12634431906	-82.0742283772		38.7179693127		0.319636464591		6620.77275247		0.2309
3 1 7			0.0106318002616	-82.063596577		38.6967057122		0.319766983205		6655.8333825		0.257
3 1 5			-0.625050879414	-82.6886474564		39.3217565916		0.31977952942		6802.66389035		2.8985
1 5 11			-0.764559726571	-83.453207183		40.0863163182		0.31977952942		6975.01903936		1.8219
5 1 11			-0.75043299222	-84.2036401752		40.8367493104		0.319784754656		7146.43112932		3.2753
3 5 11			-0.738227257476	-84.9418674327		41.5749765679		0.319784754656		7317.19587595		1.8915
5 3 11			-0.717299521651	-85.6591669543		42.2922760895		0.319799271648		7485.73286785		1.8677
2 2 8			-0.813415234969	-86.4725821893		43.1056913245		0.319799271648		7672.81305576		1.8488
6 2 8			-0.805405719052	-87.2779879083		43.9110970435		0.31981548434		7860.08637079		3.3751
2 6 8			-0.776996700028	-88.0549846084		44.6880937436		0.319822527991		8043.85687384		4.3291
4 4 8			-0.786815948175	-88.8418005565		45.4749096917		0.319832644169		8230.95865421		3.9407
0 4 8			-0.849244473737	-89.6910450303		46.3241541655		0.319842037348		8430.99605812		4.1351
4 0 8			-0.887283689649	-90.5783287199		47.2114378551		0.319855232279		8639.69312749		2.9483
4 4 6			-0.621027910245	-91.1993566302		47.8324657654		0.319895834359		8801.17370083		4.3817
6 2 6			-0.465105899735	-91.6644625299		48.2975716651		0.319932536839		8935.05075805		3.9921
2 6 6			-0.466923878163	-92.1313864081		48.7644955433		0.319971885832		9070.19617105		5.383
1 3 11			-1.09793767383	-93.2293240819		49.8624332171		0.319975473214		9324.2750116		2.4293
3 1 11			-1.05519114152	-94.2845152234		50.9176243586		0.319977146849		9572.51337942		2.3814
1 1 11			-1.4209823909	-95.7054976143		52.3386067495		0.319994072371		9891.99667566		2.144
2 6 0			-1.17489547989	-96.8803930942		53.5135022294		0.319994072371		10167.5654236		4.3567
6 2 0			-1.19724029228	-98.0776333865		54.7107425217		0.319994072371		10449.7518216		4.3933
0 4 6			-1.00133854171	-99.0789719282		55.7120810634		0.320037215473		10696.7195642		3.7688
4 0 6			-1.01913430397	-100.098106232		56.7312153674		0.320079072062		10949.1245659		5.3963
4 4 0			-1.38889814625	-101.487004378		58.1201135136		0.320079072062		11275.3020216		4.9852
2 2 6			-1.37887891662	-102.865883295		59.4989924302		0.320130451894		11602.3035239		8.3224
0 0 6			-1.50007998501	-104.36596328		60.9990724153		0.320184363402		11955.8181934		7.4326
4 0 0			-2.10684408108	-106.472807361		63.1059164963		0.320184363402		12431.8655498		8.3901