HKL Value		Reward	TotalReward	Chi Squared Value	Z Coordinate Approximation		dx
4 6 2			0	0		0		0.3		0		0.2349
0 2 14			-0.175347369153	-0.175347369153		0.175347369153		0.27906507681		0.175347369153		0.2479
2 4 10			0.00767107713125	-0.167676292021		0.16000521489		0.280337021408		0.32001042978		0.607
2 0 14			0.0263805030694	-0.141295788952		0.107244208751		0.280283822114		0.321732626254		0.2634
4 2 10			0.0130741777842	-0.128221611168		0.081095853183		0.280353963157		0.324383412732		1.1102
6 4 2			-0.0685241135525	-0.19674572472		0.149619966736		0.280413593359		0.748099833678		0.2211
1 3 15			0.00115581972267	-0.195589904998		0.14730832729		0.280881643882		0.883849963741		0.2862
9 1 1			0.0100440158192	-0.185545889179		0.127220295652		0.280876848595		0.890542069563		0.8793
5 5 1			0.00240434277983	-0.183141546399		0.122411610092		0.280858136232		0.979292880737		0.5073
3 7 1			-0.0102975195497	-0.193439065948		0.132709129642		0.280830705571		1.19438216678		1.2822
6 0 10			-0.0445463303199	-0.237985396268		0.177255459962		0.280414447454		1.77255459962		1.0728
7 3 1			-0.00066961375896	-0.238655010027		0.177925073721		0.280395561272		1.95717581093		0.5095
2 4 14			-0.110634266373	-0.349289276401		0.288559340094		0.280679244359		3.46271208113		0.5221
4 2 14			-0.100933756182	-0.450223032583		0.389493096276		0.280943043088		5.06341025159		1.2576
1 3 9			-0.0420897424514	-0.492312775034		0.431582838727		0.280901639392		6.04215974218		0.2622
3 1 9			-0.087840714444	-0.580153489478		0.519423553171		0.280850950498		7.79135329757		0.36
6 0 8			-0.121834838587	-0.701988328065		0.641258391758		0.280779969087		10.2601342681		2.9234
0 6 8			-0.120262872621	-0.822251200686		0.761521264379		0.280702659058		12.9458614944		0.7694
0 6 16			-0.0155547392723	-0.837805939958		0.777076003652		0.280725613092		13.9873680657		0.4825
4 2 8			-0.00823695294771	-0.846042892906		0.785312956599		0.280754317718		14.9209461754		0.7605
6 0 2			0.00768081712615	-0.83836207578		0.769951322347		0.280739800308		15.3990264469		0.2214
4 2 2			-0.0761748789371	-0.914536954717		0.846126201284		0.280708688239		17.768650227		0.457
7 3 3			-1.45479952671	-2.36933648143		2.300925728		0.281037478672		50.6203660159		1.9283
7 1 1			0.00595429198337	-2.36338218944		2.28901714403		0.280984789089		52.6473943127		0.5207
1 7 1			-0.007982170853	-2.3713643603		2.29699931488		0.280931381868		55.1279835572		0.5219
2 4 2			-0.0252565364737	-2.39662089677		2.32225585136		0.280898622028		58.0563962839		0.3828
1 5 1			-0.0290794463463	-2.42570034312		2.3513352977		0.280838613738		61.1347177402		0.4978
0 2 10			-0.022491408716	-2.44819175183		2.37382670642		0.28135037937		64.0933210733		0.4317
3 3 15			0.00888602074775	-2.43930573109		2.35605466492		0.282194720172		65.9695306178		0.3402
5 1 1			-0.0205816789997	-2.45988741009		2.37663634392		0.282156239985		68.9224539737		0.5346
3 1 15			0.0385841631127	-2.42130324697		2.2994680177		0.282070313254		68.9840405309		0.2871
3 3 9			-0.0693601766001	-2.49066342357		2.3688281943		0.282019248704		73.4336740232		0.3816
0 0 10			0.00906972824275	-2.48159369533		2.35068873781		0.281696620394		75.22203961		0.8316
0 4 10			0.0110691975799	-2.47052449775		2.32855034265		0.281427024427		76.8421613075		0.9893
2 6 10			0.0159860115685	-2.45453848618		2.29657831951		0.281219023353		78.0836628635		0.7069
6 2 10			0.0143898391756	-2.44014864701		2.26779864116		0.281024049686		79.3729524407		0.7103
4 0 10			0.0207535495292	-2.41939509748		2.2262915421		0.280888703497		80.1464955158		0.6243
2 2 10			0.0233272236808	-2.3960678738		2.17963709474		0.280788075533		80.6465725055		0.6429
4 4 10			0.0266167671097	-2.36945110669		2.12640356052		0.280735584521		80.8033352999		0.6886
2 0 16			-0.0441452997809	-2.41359640647		2.1705488603		0.280745758018		84.6514055519		0.5935
6 0 0			-0.0623876219541	-2.47598402842		2.23293648226		0.280745758018		89.3174592904		0.7256
0 0 22			-0.40804343836	-2.88402746678		2.64097992062		0.279946436411		108.280176745		2.2765
0 2 16			-0.060869997538	-2.94489746432		2.70184991816		0.27996836529		113.477696563		1.8687
3 3 1			-0.0161639643655	-2.96106142869		2.71801388252		0.279952292935		116.874596948		0.5106
5 3 1			-0.0245382026746	-2.98559963136		2.7425520852		0.279935577169		120.672291749		0.5252
3 5 1			-0.0136245437819	-2.99922417514		2.75617662898		0.279922542192		124.027948304		0.5283
2 0 10			-0.0177123713451	-3.01693654649		2.77388900032		0.280047488415		127.598894015		0.6169
0 6 10			0.0249882474707	-2.99194829902		2.72391250538		0.279985968963		128.023887753		0.8527
0 6 14			-0.0206244550433	-3.01257275406		2.74453696043		0.280076614812		131.7377741		0.9096
2 4 8			0.018680950615	-2.99389180344		2.7071750592		0.280076679509		132.651577901		0.1687
0 6 0			-0.0758414071211	-3.06973321057		2.78301646632		0.280080063934		139.150823316		1.4277
0 0 4			0.0253138801568	-3.04441933041		2.732388706		0.280091820903		139.351824006		0.8482
4 4 4			0.0262631834572	-3.01815614695		2.67986233909		0.280091820903		139.352841633		0.8476
0 6 2			0.0183394078085	-2.99981673914		2.64318352347		0.280091820903		140.088726744		0.2356
0 4 20			-0.105225085678	-3.10504182482		2.74840860915		0.280227902354		148.414064894		1.027
1 3 11			-2.29358925302	-5.39863107784		5.04199786217		0.279864885591		277.309882419		2.4293
6 2 4			0.0433588079306	-5.35527226991		4.95528024631		0.27987886759		277.495693793		0.8727
2 2 4			0.0434582532664	-5.31181401664		4.86836373977		0.27987886759		277.496733167		0.7551
2 6 4			0.0404646111335	-5.27134940551		4.78743451751		0.279888652954		277.671202015		0.8772
0 4 4			0.039670970769	-5.23167843474		4.70809257597		0.279898006804		277.777461982		0.8482
1 1 15			-0.0110212662655	-5.24269970101		4.71911384223		0.279717156332		283.146830534		0.656
1 3 1			-0.0403262910486	-5.28302599205		4.75944013328		0.279697649184		290.32584813		0.5324
1 3 5			-2.34325309014	-7.6262790822		7.10269322343		0.279619168536		440.366979852		3.1323
3 1 1			0.0012216705438	-7.62505741165		7.10024988234		0.279599225703		447.315742587		0.5239
1 5 13			0.0168877015762	-7.60816971008		7.06647447919		0.27968650107		452.254366668		1.1973
3 3 13			0.0334712609041	-7.57469844917		6.99953195738		0.279755244933		454.96957723		0.5636
1 1 13			0.0233195023329	-7.55137894684		6.95289295271		0.279835792467		458.890934879		0.3722
1 3 13			0.0209923360532	-7.53038661079		6.91090828061		0.279918047421		463.030854801		0.3907
3 1 13			0.01958811206	-7.51079849873		6.87173205648		0.280005768616		467.277779841		0.3869
5 1 13			0.0221543060536	-7.48864419267		6.82742344438		0.280093441888		471.092217662		0.4567
3 5 9			-0.0459108969514	-7.53455508962		6.87333434133		0.280080411991		481.133403893		0.4755
0 2 8			0.0482030693709	-7.48635202025		6.77692820259		0.280088210274		481.161902384		0.1155
1 5 9			-0.0498759871181	-7.53622800737		6.82680418971		0.280079699808		491.529901659		0.4394
0 0 20			0.039334006047	-7.49689400132		6.74813617761		0.280131509086		492.613940966		0.4542
5 3 9			-0.0580654804303	-7.55495948175		6.80620165804		0.280117999136		503.658922695		0.4833
4 0 4			0.0451538778012	-7.50980560395		6.71589390244		0.280118003718		503.692042683		1.2165
5 1 9			-0.0617035768708	-7.57150918082		6.77759747931		0.280118003718		515.097408428		0.4583
0 2 12			-0.013240026274	-7.5847492071		6.79083750558		0.280014585977		522.89448793		0.3827
1 1 1			-0.0380322096755	-7.62278141677		6.82886971526		0.279991248006		532.65183779		0.5749
2 0 12			-0.00239397974744	-7.62517539652		6.83126369501		0.279890559396		539.669831906		0.8079
2 4 12			0.0323027092139	-7.59287268731		6.76665827658		0.27985288792		541.332662126		0.2205
4 2 12			0.0319018398416	-7.56097084747		6.7028545969		0.279815577463		542.931222349		0.2244
6 0 12			0.03992602398	-7.52104482349		6.62300254894		0.279806211324		543.086209013		0.5892
0 6 12			0.0367052067796	-7.48433961671		6.54959213538		0.279791140542		543.616147236		0.3425
4 2 0			-0.074527822451	-7.55886743916		6.62411995783		0.279791140542		556.426076458		0.9287
2 0 8			0.0388271291347	-7.52004031002		6.54646569956		0.279794803377		556.449584462		0.1665
6 4 4			-0.0666891124516	-7.58672942247		6.61315481201		0.279746264467		568.731313833		0.6669
4 6 4			-0.0592656289104	-7.64599505138		6.67242044092		0.279697487944		580.50057836		1.0731
2 0 2			-0.0659885291898	-7.71198358057		6.73840897011		0.279678916505		592.97998937		0.6502
2 4 0			-0.0794611368667	-7.79144471744		6.81787010698		0.279678916505		606.790439521		1.4359
6 4 6			-0.130185441479	-7.92163015892		6.94805554846		0.279794313706		625.324999361		0.9247
4 6 6			-0.12615298822	-8.04778314714		7.07420853668		0.279913538844		643.752976838		1.1903
1 1 9			-0.100658929188	-8.14844207633		7.17486746586		0.279995835983		660.08780686		0.2216
0 2 20			-0.213088333152	-8.36153040948		7.38795579902		0.281214883222		687.079889309		0.4494
0 6 4			-0.0919985073461	-8.45352891683		7.47995430636		0.281157425205		703.115704798		0.6675
0 2 2			-0.0609163276243	-8.51444524445		7.54087063399		0.281144179582		716.382710229		0.4614
4 6 0			0.0390574512793	-8.47538779317		7.46275573143		0.281144179582		716.424550217		0.7863
6 0 4			-0.0856995812478	-8.56108737442		7.54845531268		0.281086610705		732.20016533		0.7069
1 7 5			-0.689823586224	-9.25091096064		8.2382788989		0.28103373705		807.351332092		1.0841
6 0 6			-0.159156083744	-9.41006704439		8.39743498264		0.28111363557		831.346063282		1.0815
0 6 6			-0.163234433028	-9.57330147741		8.56066941567		0.281198184012		856.066941567		1.0147
1 1 3			-0.136133717629	-9.70943519504		8.6968031333		0.281233397267		878.377116463		0.4514
0 0 14			-0.0658964769466	-9.77533167199		8.76269961025		0.281370953898		893.795360245		0.8389
6 4 0			0.0424746413137	-9.73285703068		8.67775032762		0.281372690768		893.808283745		1.8287
4 2 6			-0.270560789791	-10.0034178205		8.94831111741		0.28148782604		930.624356211		1.6049
2 2 14			-0.139345441845	-10.1427632623		9.08765655926		0.281645914474		954.203938722		1.0835
5 5 3			-0.230874498932	-10.3736377612		9.31853105819		0.281702802568		987.764292168		0.8107
2 4 6			-0.270039114655	-10.6436768759		9.58857017284		0.281812342182		1025.97700849		0.785
3 7 3			-0.2257900234	-10.8694668993		9.81436019624		0.281877104923		1059.95090119		0.8954
0 4 14			-0.169318456871	-11.0387853562		9.98367865311		0.282027512916		1088.22097319		1.2337
2 4 4			-0.238484148712	-11.2772695049		10.2221628018		0.281970288993		1124.4379082		0.8182
1 3 3			-0.217028565533	-11.4942980704		10.4391913674		0.282021565137		1158.75024178		0.7045
3 1 3			-0.223289437524	-11.7175875079		10.6624808049		0.282077937865		1194.19785015		1.2003
3 3 3			-0.218933297911	-11.9365208058		10.8814141028		0.282130715331		1229.59979362		0.8081
2 2 12			-0.89802705834	-12.8345478642		11.7794411611		0.28177578852		1342.85629237		1.9766
1 5 3			-0.21832668387	-13.0528745481		11.997767845		0.281845567079		1379.74330218		0.9511
5 1 3			-0.230509364682	-13.2833839127		12.2282772097		0.281915959307		1418.48015632		0.9592
4 0 14			-0.153637366641	-13.4370212794		12.3819145763		0.282067814921		1448.68400543		1.986
4 2 4			-0.199210559906	-13.6362318393		12.5811251362		0.282011749245		1484.57276608		0.7624
1 7 3			-0.239890041309	-13.8761218806		12.8210151775		0.282079388508		1525.70080613		0.9932
0 4 16			-0.369845981322	-14.2459678619		13.1908611589		0.28211366305		1582.90333906		1.5557
2 0 0			-0.274122215057	-14.520090077		13.4649833739		0.28211366305		1629.26298824		2.02
0 2 22			-0.294380855765	-14.8144709327		13.7593642297		0.281499183193		1678.64243602		1.8317
4 4 12			-0.312908390156	-15.1273793229		14.0722726198		0.281178975324		1730.88953224		1.9475
0 2 0			-0.269414416516	-15.3967937394		14.3416870364		0.281178975324		1778.36919251		1.4407
0 0 12			-1.07083341334	-16.4676271528		15.4125204497		0.280680614029		1926.56505621		3.2426
7 1 3			-0.21795235949	-16.6855795122		15.6304728092		0.280755340871		1969.43957396		1.4031
2 2 16			-0.414620969651	-17.1002004819		16.0450937788		0.280736710711		2037.72690991		1.1693
7 3 5			-0.353526234392	-17.4537267163		16.3986200132		0.280671700387		2099.02336169		1.0496
5 3 3			-0.258044846686	-17.711771563		16.6566648599		0.28074464897		2148.70976693		0.9351
3 5 3			-0.239575433301	-17.9513469963		16.8962402932		0.280824013093		2196.51123812		0.9259
3 7 5			-0.349371495703	-18.300718492		17.2456117889		0.280761372662		2259.17514435		1.0548
0 0 16			-0.430247815283	-18.7309663073		17.6758596042		0.280736009487		2333.21346776		1.3342
1 1 7			-2.53516634469	-21.266132652		20.2110259489		0.279705665862		2688.0664512		0.2012
5 5 5			-0.388468866075	-21.654601518		20.599494815		0.279600187156		2760.33230521		1.5862
0 2 6			-0.465231401754	-22.1198329198		21.0647262167		0.279850005197		2843.73803926		1.1672
1 7 7			-1.86215319029	-23.9819861101		22.926879407		0.278486255301		3118.05559935		0.4353
2 0 6			-0.436071714074	-24.4180578241		23.3629511211		0.278816210919		3200.72430359		1.6278
7 1 5			-0.36081543953	-24.7788732637		23.7237665606		0.278713787692		3273.87978537		1.5264
4 0 12			-0.346285158695	-25.1251584224		24.0700517193		0.277635579725		3345.73718898		2.7435
0 4 12			-0.27980400365	-25.404962426		24.349855723		0.271502183111		3408.97980122		1.4889
0 0 18			-0.220996527068	-25.6259589531		24.57085225		0.266242573356		3464.49016725		0.6609
0 0 2			-0.399494100719	-26.0254530538		24.9703463508		0.266242573356		3545.78918181		1.161
1 1 17			-1.21937151239	-27.2448245662		26.1897178631		0.266313350243		3745.12965443		2.447
2 0 4			-0.321493477214	-27.5663180434		26.5112113404		0.266283776771		3817.61443301		1.3874
0 2 4			-0.321067811029	-27.8873858544		26.8322791514		0.266237228093		3890.68047695		1.326
1 5 5			-0.429571114351	-28.3169569688		27.2618502657		0.266120210529		3980.2301388		1.8923
0 2 18			-0.101313336864	-28.4182703057		27.3631636026		0.264660135545		4022.38504958		0.3755
0 4 18			-0.215973577617	-28.6342438833		27.5791371802		0.263610650109		4081.71230267		0.8369
0 6 18			0.0365618022043	-28.5976820811		27.5060135758		0.263175760422		4098.3960228		0.7949
5 3 5			-0.392396083285	-28.9900781644		27.8984096591		0.263121870533		4184.76144886		2.2247
5 1 5			-0.384584911761	-29.3746630761		28.2829945709		0.26307278153		4270.7321802		1.1901
3 3 5			-0.468873597368	-29.8435366735		28.7518681682		0.263016826633		4370.28396157		1.3995
3 5 5			-0.373497199995	-30.2170338735		29.1253653682		0.262964273504		4456.18090134		1.2751
6 2 2			-0.532714983157	-30.7497488566		29.6580803514		0.262962168113		4567.34437411		3.3001
2 6 2			-0.521350895873	-31.2710997525		30.1794312473		0.262962168113		4677.81184332		1.2892
4 4 2			-0.492873049281	-31.7639728018		30.6723042965		0.262962168113		4784.87947026		1.2125
2 2 2			-0.475474417426	-32.2394472192		31.147778714		0.262962168113		4890.20125809		1.1162
0 4 2			-0.524163968671	-32.7636111879		31.6719426826		0.262962616908		5004.16694386		3.2657
1 5 7			-0.6925239565	-33.4561351444		32.3644666391		0.262399305173		5145.95019562		0.6035
5 3 7			-0.53749855637	-33.9936337008		32.9019651955		0.261903925987		5264.31443128		0.2523
3 3 7			-0.863374855349	-34.8570085561		33.7653400508		0.261197362934		5436.21974819		0.1558
5 5 7			-0.665255668193	-35.5222642243		34.430595719		0.260574777077		5577.75650648		0.6639
5 1 7			-0.470033554835	-35.9922977791		34.9006292739		0.260025034804		5688.80257164		0.2609
3 1 7			-0.419024719247	-36.4113224984		35.3196539931		0.259484504499		5792.42325487		0.257
3 5 7			-0.294351129112	-36.7056736275		35.6140051222		0.258998091647		5876.31084517		0.2309
7 1 7			-0.262355672789	-36.9680293003		35.876360795		0.258484984546		5955.47589197		0.3505
1 3 7			-0.290653983254	-37.2586832835		36.1670147783		0.257886001063		6039.89146797		0.1893
3 1 5			-0.501095810425	-37.759779094		36.6681105887		0.257778856199		6160.2425789		2.8985
4 0 2			-0.462391633998	-38.222170728		37.1305022227		0.257778799947		6275.05487564		1.7854
1 5 11			-0.33450630876	-38.5566770367		37.4650085315		0.258032980235		6369.05145035		1.8219
5 1 11			-0.319676022289	-38.876353059		37.7846845538		0.258265579397		6461.18105869		3.2753
3 5 11			-0.275338390301	-39.1516914493		38.0600229441		0.258490171175		6546.32394638		1.8915
5 3 11			-0.255839340862	-39.4075307902		38.3158622849		0.258690853032		6628.64417529		1.8677
0 0 8			-0.290888229353	-39.6984190195		38.6067505143		0.258631647856		6717.57458948		2.1948
2 2 8			-0.320619812292	-40.0190388318		38.9273703266		0.258555589495		6812.28980715		1.8488
1 1 5			-0.682726691718	-40.7017655235		39.6100970183		0.258451625108		6971.37707522		1.9661
4 4 8			-0.270879966451	-40.97264549		39.8809769847		0.258373893922		7058.9329263		3.9407
6 2 8			-0.228643005796	-41.2012884958		40.1096199905		0.258292758907		7139.51235831		3.3751
2 6 8			-0.208920226337	-41.4102087221		40.3185402169		0.258219130152		7217.01869882		4.3291
0 4 8			-0.290589725008	-41.7007984471		40.6091299419		0.258132136506		7309.64338954		4.1351
3 3 11			-0.433613321871	-42.134411769		41.0427432637		0.258359264849		7428.73653074		2.1204
4 0 8			-0.326253083522	-42.4606648525		41.3689963473		0.258293571815		7529.1573352		2.9483
2 6 6			-1.3119472428	-43.7726120953		42.6809435901		0.258313907065		7810.61267698		5.383
6 2 6			-1.28919316086	-45.0618052562		43.9701367509		0.258340876961		8090.50516217		3.9921
4 4 6			-1.50254656217	-46.5643518184		45.4726833131		0.258381305888		8412.44641292		4.3817
0 4 0			-2.46798466852	-49.0323364869		47.9406679816		0.258381305888		8916.96424458		6.137
3 1 11			-0.551293342335	-49.5836298292		48.4919613239		0.258613877689		9067.99676758		2.3814
1 1 11			-0.821732572048	-50.4053624013		49.313693896		0.258862789313		9270.97445245		2.144
6 2 0			-1.23212417091	-51.6374865722		50.5458180669		0.258862947194		9553.15961464		4.3933
2 6 0			-1.1843312098	-52.821817782		51.7301492767		0.258862947194		9828.72836257		4.3567
4 0 6			-1.89384829911	-54.7156660811		53.6239975758		0.258889489989		10242.183537		5.3963
0 4 6			-1.84295683829	-56.5586229194		55.4669544141		0.25892798111		10649.6552475		3.7688
4 4 0			-1.40264508459	-57.9612680039		56.8695994987		0.25892798111		10975.8327032		4.9852
2 2 6			-2.35702535893	-60.3182933629		59.2266248576		0.258971009033		11489.9652224		8.3224
4 0 0			-2.13754221297	-62.4558355758		61.3641670706		0.258971009033		11966.0125788		8.3901
0 0 6			-2.59166965026	-65.0475052261		63.9558367208		0.259014741257		12535.3439973		7.4326
2 2 0			-2.9734100995	-68.0209153256		66.9292468203		0.259014741257		13185.0616236		11.1953