HKL Value		Reward	TotalReward	Chi Squared Value	Z Coordinate Approximation		dx
2 0 14			0	0		0		0.3		0		0.2634
2 4 10			-0.0254582608929	-0.0254582608929		0.0254582608929		0.280748798187		0.0254582608929		0.607
6 0 4			-7.59462387381	-7.6200821347		7.6200821347		0.279175352486		15.2401642694		0.7069
4 6 2			1.24158263524	-6.37849949946		5.13691686421		0.279242533533		15.4107505926		0.2349
4 2 10			0.629980881829	-5.74851861763		3.87695510056		0.279747923695		15.5078204022		1.1102
0 2 14			0.38402918998	-5.36448942765		3.1088967206		0.279580575636		15.544483603		0.2479
1 3 15			0.218743934801	-5.14574549285		2.67140885099		0.280453268309		16.028453106		0.2862
6 4 2			0.160773309173	-4.98497218368		2.34986223265		0.280482667994		16.4490356285		0.2211
5 5 1			0.141837454265	-4.84313472941		2.06618732412		0.280466705408		16.5294985929		0.5073
3 7 1			0.10353568066	-4.73959904875		1.8591159628		0.28044148176		16.7320436652		1.2822
9 1 1			0.0927391869733	-4.64685986178		1.67363758885		0.28044134289		16.7363758885		0.8793
2 4 14			0.00916386378694	-4.63769599799		1.65530986128		0.280780851816		18.208408474		0.5221
4 2 14			0.00464373279755	-4.63305226519		1.64602239568		0.281097001268		19.7522687482		1.2576
6 0 10			0.0346454238745	-4.59840684132		1.57673154793		0.280691773154		20.4975101231		1.0728
6 0 8			-0.0621224094329	-4.66052925075		1.63885395737		0.2806103105		22.9439554031		2.9234
0 6 8			-0.0681544987725	-4.72868374952		1.70700845614		0.280524798814		25.6051268421		0.7694
3 1 9			-0.00063382303006	-4.72931757255		1.70764227917		0.280479111117		27.3222764667		0.36
1 3 9			0.0223704392763	-4.70694713328		1.66290140062		0.280441674471		28.2693238105		0.2622
4 2 8			0.0199055358657	-4.68704159741		1.62309032888		0.280465661529		29.2156259199		0.7605
0 6 16			0.0149913910718	-4.67205020634		1.59310754674		0.28050057385		30.2690433881		0.4825
7 1 1			-0.0193567319887	-4.69140693833		1.61246427873		0.280447293174		32.2492855746		0.5207
1 7 1			-0.0389280953182	-4.73033503365		1.65139237405		0.280398985926		34.679239855		0.5219
2 4 2			-0.0566221312138	-4.78695716486		1.70801450526		0.280367592847		37.5763191158		0.3828
0 2 10			-0.0730779125611	-4.86003507742		1.78109241782		0.280879261359		40.9651256099		0.4317
3 3 15			-0.0362339159337	-4.89626899335		1.81732633376		0.28186806145		43.6158320101		0.3402
5 1 1			-0.0441110959504	-4.94038008931		1.86143742971		0.281833202551		46.5359357427		0.5346
7 3 1			0.0313715260451	-4.90900856326		1.79869437762		0.281820805043		46.766053818		0.5095
3 3 9			-0.0968108386509	-5.00581940191		1.89550521627		0.281766998641		51.1786408392		0.3816
2 0 16			-0.0697360472175	-5.07555544913		1.96524126348		0.281745082061		55.0267553776		0.5935
1 5 1			-0.041471682333	-5.11702713146		2.00671294582		0.281710735123		58.1946754287		0.4978
6 0 0			-0.0886446930883	-5.20567182455		2.09535763891		0.281710735123		62.8607291672		0.7256
0 2 16			-0.0970948394316	-5.30276666398		2.19245247834		0.281690761046		67.9660268285		1.8687
0 0 10			0.0113985337544	-5.29136813023		2.16965541083		0.281389915039		69.4289731465		0.8316
2 6 10			0.0147515420875	-5.27661658814		2.14015232665		0.281150172659		70.6250267796		0.7069
4 4 10			0.0273679967003	-5.24924859144		2.08541633325		0.281051282438		70.9041553306		0.6886
0 4 10			0.0146664093734	-5.23458218207		2.05608351451		0.280868348161		71.9629230077		0.9893
6 2 10			0.0147325028961	-5.21984967917		2.02661850871		0.280697938658		72.9582663137		0.7103
2 2 10			0.0219718543795	-5.19787782479		1.98267479996		0.28060544272		73.3589675984		0.6429
4 2 2			-0.0100018166404	-5.20787964143		1.9926766166		0.280594473457		75.7217114307		0.457
4 0 10			0.0190189254259	-5.188860716		1.95463876574		0.28049003777		76.230911864		0.6243
5 3 1			-0.0476391483898	-5.23649986439		2.00227791413		0.280467622877		80.0911165654		0.5252
3 3 1			-0.035401687158	-5.27190155155		2.03767960129		0.28045157957		83.544863653		0.5106
3 5 1			-0.0327339964629	-5.30463554802		2.07041359775		0.280429525225		86.9573711057		0.5283
4 4 4			0.0240748236275	-5.28056072439		2.0222639505		0.280432147573		86.9573498715		0.8476
0 6 14			-0.0310332419257	-5.31159396631		2.05329719243		0.280545740735		90.3450764667		0.9096
0 0 4			0.0210887483735	-5.29050521794		2.01111969568		0.280561114641		90.5003863055		0.8482
4 0 4			0.0216743852205	-5.26883083272		1.96777092524		0.280561165036		90.5174625609		1.2165
1 1 15			-0.0931528715528	-5.36198370427		2.06092379679		0.280309320641		96.8634184492		0.656
0 4 4			0.0206672077963	-5.34131649648		2.0195893812		0.280319457818		96.9402902975		0.8482
2 6 4			0.0192419751575	-5.32207452132		1.98110543088		0.28033376216		97.0741661133		0.8772
2 2 4			0.0197409219723	-5.30233359935		1.94162358694		0.28033376216		97.0811793469		0.7551
6 2 4			0.0176441583874	-5.28468944096		1.90633527016		0.280344029366		97.2230987783		0.8727
6 0 2			0.0138318874965	-5.27085755346		1.87867149517		0.280338338389		97.6909177489		0.2214
0 6 0			-0.087181858202	-5.35803941166		1.96585335337		0.280338338389		104.190227729		1.4277
2 0 10			-0.0223552684656	-5.38039468013		1.98820862184		0.280486406365		107.363265579		0.6169
3 1 15			0.0151482971423	-5.36524638299		1.95791202755		0.28058263702		107.685161515		0.2871
3 1 1			-0.0917157298298	-5.45696211282		2.04962775738		0.280560304425		114.779154413		0.5239
1 3 1			-0.092239859313	-5.54920197213		2.1418676167		0.28053671201		122.086454152		0.5324
3 5 9			-0.137007644923	-5.68620961705		2.27887526162		0.28052107503		132.174765174		0.4755
0 4 20			-0.0935748040892	-5.77978442114		2.37245006571		0.280701743368		139.974553877		1.027
1 1 13			-0.0146986824856	-5.79448310363		2.38714874819		0.280814701977		143.228924892		0.3722
3 3 13			0.00309207364969	-5.79139102998		2.38096460089		0.280912912908		145.238840655		0.5636
3 1 13			-0.0180101676036	-5.80940119758		2.3989747685		0.281036971576		148.736435647		0.3869
1 3 13			-0.0134540245497	-5.82285522213		2.41242879305		0.281160392525		151.983013962		0.3907
1 5 9			-0.125623841532	-5.94847906366		2.53805263458		0.281145593478		162.435368613		0.4394
1 5 13			-0.0184298696906	-5.96690893335		2.55648250427		0.281279867298		166.171362778		1.1973
5 1 13			-0.00457929705887	-5.97148823041		2.56106180133		0.281407858772		169.030078888		0.4567
5 3 9			-0.12901894225	-6.10050717266		2.69008074358		0.281382868819		180.23540982		0.4833
5 1 9			-0.129710793574	-6.23021796624		2.81979153715		0.281366904719		191.745824526		0.4583
0 6 10			0.0110059635842	-6.21921200265		2.79777960998		0.281224058066		193.046793089		0.8527
0 2 12			-0.0831423978372	-6.30235440049		2.88092200782		0.281119866341		201.664540548		0.3827
1 1 1			-0.0996850782876	-6.40203947878		2.98060708611		0.281093312815		211.623103114		0.5749
2 0 12			-0.0673270967101	-6.46936657549		3.04793418282		0.280984898102		219.451261163		0.8079
4 6 4			-0.126379049896	-6.59574562538		3.17431323272		0.280919132706		231.724865988		1.0731
2 4 8			0.0154951527493	-6.58025047264		3.14332292722		0.280919132706		232.605896614		0.1687
2 4 0			-0.142228362987	-6.72247883562		3.2855512902		0.280919132706		246.416346765		1.4359
0 2 8			0.021615936392	-6.70086289923		3.24231941742		0.280926342998		246.416275724		0.1155
6 4 4			-0.123435762062	-6.82429866129		3.36575517948		0.280862873618		259.16314882		0.6669
0 2 2			-0.12648712344	-6.95078578473		3.49224230292		0.280843477381		272.394899628		0.4614
1 5 3			-0.430365935269	-7.38115172		3.92260823819		0.280946751112		309.886050817		0.9511
0 0 20			0.0201124025749	-7.36103931743		3.88238343304		0.281017796249		310.590674643		0.4542
4 2 0			-0.110216614669	-7.4712559321		3.99260004771		0.281017796249		323.400603865		0.9287
4 2 12			0.0127532144561	-7.45850271764		3.9670936188		0.280984033027		325.301676742		0.2244
1 1 9			-0.139019172321	-7.59752188996		4.10611279112		0.281123214357		340.807361663		0.2216
4 6 6			-0.155682937301	-7.75320482726		4.26179572842		0.281278908082		357.990841187		1.1903
0 2 20			-0.138656558376	-7.89186138564		4.4004522868		0.282404729788		374.038444378		0.4494
6 4 6			-0.134647984604	-8.02650937024		4.5351002714		0.282522505521		390.01862334		0.9247
2 4 12			0.0133770689587	-8.01313230128		4.50834613348		0.282513641916		392.226113613		0.2205
2 0 2			-0.0943944095166	-8.1075267108		4.602740543		0.28249608096		405.041167784		0.6502
2 0 8			0.024755321462	-8.08277138934		4.55322990008		0.282468356454		405.237461107		0.1665
0 0 6			-5.5866861402	-13.6694575295		10.1399160403		0.282954130732		912.592443624		7.4326
0 6 4			-0.0743840926588	-13.7438416222		10.2143001329		0.282894377354		929.501312097		0.6675
0 6 2			0.051032458364	-13.6928091638		10.1122352162		0.28288987024		930.325639891		0.2356
0 6 12			0.0511144778466	-13.641694686		10.0100062605		0.28288987024		930.930582227		0.3425
3 5 7			-3.51158700614	-17.1532816921		13.5215932666		0.282367357949		1271.02976706		0.2309
6 0 12			0.070017587504	-17.0832641046		13.3815580916		0.282367357949		1271.24801871		0.5892
0 6 6			-0.108494918724	-17.1917590233		13.4900530104		0.282480036254		1295.04508899		1.0147
0 0 18			-1.27357506176	-18.4653340851		14.7636280721		0.285101557422		1432.071923		0.6609
6 0 6			-0.061676049523	-18.5270101346		14.8253041216		0.2852177186		1452.87980392		1.0815
0 0 14			0.0101965118722	-18.5168136228		14.8049110979		0.285228284636		1465.68619869		0.8389
1 1 3			-0.0633257644663	-18.5801393872		14.8682368624		0.285251757329		1486.82368624		0.4514
0 0 22			-0.350579046938	-18.9307184342		15.2188159093		0.284321948738		1537.10040684		2.2765
7 3 3			-0.1537828632	-19.0845012974		15.3725987725		0.284377724165		1568.0050748		1.9283
5 5 3			-0.16313461031	-19.2476359077		15.5357333828		0.284448529992		1600.18053843		0.8107
4 2 6			-0.172619989258	-19.4202558969		15.7083533721		0.284591718922		1633.6687507		1.6049
1 3 3			-0.164223734066	-19.584479631		15.8725771061		0.284661279339		1666.62059614		0.7045
3 3 3			-0.170810693994	-19.755290325		16.0433878001		0.284730106577		1700.59910681		0.8081
5 3 5			-0.825340345657	-20.5806306706		16.8687281458		0.284682833751		1804.9539116		2.2247
2 4 4			-0.193199879325	-20.77383055		17.0619280251		0.284606616728		1842.68822671		0.8182
3 7 3			-0.1406812865	-20.9145118365		17.2026093116		0.284674925416		1875.08441497		0.8954
2 4 6			-0.161116635	-21.0756284715		17.3637259466		0.2848242744		1910.00985413		0.785
2 2 14			-0.0310874804027	-21.1067159519		17.394813427		0.284847318702		1930.8242904		1.0835
4 2 4			-0.179387578846	-21.2861035307		17.5742010059		0.28479151601		1968.31051266		0.7624
0 4 14			-0.0725846178916	-21.3586881486		17.6467856238		0.284829163058		1994.08677548		1.2337
5 1 3			-0.167907035007	-21.5265951836		17.8146926588		0.284895560456		2030.8749631		0.9592
7 1 3			-0.193513636036	-21.7201088196		18.0082062948		0.284975213246		2070.9437239		1.4031
3 1 3			-0.137098804454	-21.8572076241		18.1453050993		0.285032402622		2104.85539151		1.2003
0 4 16			-0.310137368617	-22.1673449927		18.4554424679		0.28520455575		2159.28676874		1.5557
0 2 22			-0.402534321906	-22.5698793146		18.8579767898		0.284651780923		2225.24126119		1.8317
5 3 3			-0.238399319323	-22.8082786339		19.0963761091		0.284728207248		2272.46875698		0.9351
3 5 3			-0.218883376829	-23.0271620108		19.3152594859		0.284805921724		2317.83113831		0.9259
4 6 0			0.0796422293288	-22.9475197814		19.1559750273		0.284805921724		2317.8729783		0.7863
4 4 12			-0.338765924081	-23.2862857055		19.4947409514		0.284537357535		2378.35839606		1.9475
1 7 7			-2.25457930474	-25.5408650103		21.7493202561		0.284311878728		2675.1663915		0.4353
2 0 0			-0.198470394553	-25.7393354048		21.9477906506		0.284311878728		2721.52604068		2.02
2 2 16			-0.354856517115	-26.0941919219		22.3026471678		0.28452936252		2787.83089597		1.1693
0 2 0			-0.199813353794	-26.2940052757		22.5024605216		0.284529962909		2835.31002572		1.4407
7 3 5			-0.31900397526	-26.613009251		22.8214644968		0.284468482161		2898.3259911		1.0496
1 7 3			-0.13031666112	-26.7433259121		22.9517811579		0.284571667331		2937.82798822		0.9932
4 0 14			-0.0374662843668	-26.7807921965		22.9892474423		0.28464205497		2965.61292006		1.986
2 0 6			-0.381530998514	-27.162323195		23.3707784408		0.28494135403		3038.20119731		1.6278
0 0 16			-0.363517278919	-27.5258404739		23.7342957197		0.285200728197		3109.19273929		1.3342
0 2 6			-0.379877247737	-27.9057177217		24.1141729675		0.285492070865		3183.07083171		1.1672
6 4 0			0.0906058926269	-27.815111829		23.9329611822		0.285492070865		3183.08383724		1.8287
1 7 5			-0.394295927088	-28.2094077561		24.3272571093		0.285458585471		3259.85245265		1.0841
3 7 5			-0.29901876173	-28.5084265178		24.626275871		0.285406100654		3324.54724259		1.0548
7 1 5			-0.376442860701	-28.8848693785		25.0027187317		0.285361597755		3400.36974752		1.5264
5 5 5			-0.366967872765	-29.2518372513		25.3696866045		0.285287169342		3475.64706482		1.5862
4 0 12			-0.488180574905	-29.7400178262		25.8578671794		0.284939069525		3568.38567076		2.7435
0 4 12			-0.478507116913	-30.2185249431		26.3363742963		0.284516763017		3660.75602719		1.4889
0 0 2			-0.394761780783	-30.6132867239		26.7311360771		0.284510936524		3742.35905079		1.161
2 0 4			-0.387603278856	-31.0008900028		27.118739356		0.284388819755		3823.74224919		1.3874
5 1 5			-0.523050727847	-31.5239407306		27.6417900838		0.28431591308		3925.1341919		1.1901
3 5 5			-0.533199205988	-32.0571399366		28.1749892898		0.284221949558		4029.02346844		1.2751
0 6 18			-0.793274806883	-32.8504147435		28.9682640967		0.288532552186		4171.43002992		0.7949
0 2 18			-0.244967537796	-33.0953822813		29.2132316345		0.289713520446		4235.918587		0.3755
0 4 18			-0.386041636463	-33.4814239177		29.5992732709		0.290698436757		4321.49389756		0.8369
0 2 4			-0.378910327243	-33.860334245		29.9781835982		0.290680580551		4406.79298893		1.326
6 2 2			-0.533095348308	-34.3934295933		30.5112789465		0.290681988133		4515.66928408		3.3001
6 2 8			-0.933293970498	-35.3267235638		31.444572917		0.290604743455		4685.24136463		3.3751
0 4 8			-1.00760121546	-36.3343247793		32.4521741324		0.290526072189		4867.82611987		4.1351
1 5 5			-0.468353413053	-36.8026781923		32.9205275455		0.290519497222		4970.99965937		1.8923
3 3 5			-0.577622983616	-37.3803011759		33.4981505291		0.290506501219		5091.71888043		1.3995
2 6 6			-1.21006550762	-38.5903666835		34.7082160367		0.290629892236		5310.35705362		5.383
2 2 2			-0.451563277244	-39.0419299608		35.159779314		0.290629892236		5414.60601435		1.1162
2 2 12			-0.609550051132	-39.6514800119		35.7693293651		0.290619206982		5544.24605159		1.9766
4 4 2			-0.446444576937	-40.0979245889		36.215773942		0.290619206982		5649.66073496		1.2125
4 0 2			-0.485961244776	-40.5838858336		36.7017351868		0.290619206982		5762.17242433		1.7854
2 6 2			-0.452461843764	-41.0363476774		37.1541970306		0.290631073994		5870.36313083		1.2892
0 4 2			-0.469473291169	-41.5058209686		37.6236703218		0.290635642326		5982.16358116		3.2657
0 0 12			-0.837746324261	-42.3435672928		38.461416646		0.290621577978		6153.82666336		3.2426
3 1 7			-2.06673779807	-44.4103050909		40.5281544441		0.290907906266		6525.0328655		0.257
6 2 0			-1.49171755315	-45.902022644		42.0198719972		0.290907906266		6807.21926355		4.3933
3 3 7			-2.76529427346	-48.6673169175		44.7851662707		0.291358611842		7299.98210212		0.1558
1 3 5			-0.67431966685	-49.3416365844		45.4594859376		0.291345974524		7455.35569376		3.1323
1 1 7			-1.86033500614	-51.2019715905		47.3198209437		0.291727695838		7807.77045571		0.2012
2 6 0			-1.37499353605	-52.5769651265		48.6948144797		0.291727695838		8083.33920364		4.3567
7 1 7			-1.66934081678	-54.2463059433		50.3641552965		0.292185220619		8410.81393452		0.3505
1 5 7			-1.90566737341	-56.1519733167		52.2698226699		0.292844604095		8781.33020855		0.6035
5 3 7			-1.57769348819	-57.7296668049		53.8475161581		0.293871700987		9100.23023072		0.2523
5 1 7			8.97786312745	-48.7518036775		35.8917899032		0.319622633416		6101.60428355		0.2609
5 5 7			-0.0499784314874	-48.801782109		35.9417683347		0.319773232554		6146.04238524		0.6639
1 3 7			0.00781393989635	-48.7939681691		35.9261404549		0.319897283798		6179.29615825		0.1893
3 1 5			-0.640601079605	-49.4345692487		36.5667415345		0.319897283798		6326.04628547		2.8985
3 5 11			-0.771074825564	-50.2056440742		37.3378163601		0.319910181606		6496.78004666		1.8915
5 1 11			-0.765997482084	-50.9716415563		38.1038138422		0.319910181606		6668.16742238		3.2753
1 5 11			-0.7626321193	-51.7342736756		38.8664459615		0.319918964273		6840.49448922		1.8219
4 4 8			-0.837295703867	-52.5715693795		39.7037416653		0.319922540403		7027.56227477		3.9407
4 0 0			-2.45136862203	-55.0229380015		42.1551102874		0.319922540403		7503.60963115		8.3901
5 3 11			-0.70587734427	-55.7288153458		42.8609876316		0.319931235682		7672.11678606		1.8677
0 0 8			-0.648023584968	-56.3768389308		43.5090112166		0.319931235682		7831.62201899		2.1948
4 0 8			-0.912402582865	-57.2892415136		44.4214137995		0.319944484016		8040.27589771		2.9483
1 1 17			-0.836958212648	-58.1261997263		45.2583720121		0.31990508825		8237.02370621		2.447
1 1 5			-0.796868055791	-58.9230677821		46.0552400679		0.31992576911		8428.10893243		1.9661
1 3 11			-1.13061889919	-60.0536866813		47.1858589671		0.319930600741		8682.19804995		2.4293
2 2 8			-0.755988249679	-60.8096749309		47.9418472168		0.319933464686		8869.24173511		1.8488
3 3 11			-0.87012943981	-61.6798043708		48.8119766566		0.319943009783		9079.02765813		2.1204
2 6 8			-0.721364405161	-62.4011687759		49.5333410618		0.319953501838		9262.73477855		4.3291
4 4 6			-0.594477028148	-62.9956458041		50.1278180899		0.319993823343		9424.0298009		4.3817
6 2 6			-0.442213178636	-63.4378589827		50.5700312685		0.320032915438		9557.73590975		3.9921
1 1 11			-1.41523668572	-64.8530956684		51.9852679543		0.320039393182		9877.20091131		2.144
3 1 11			-1.02740143534	-65.8804971038		53.0126693896		0.320047117239		10125.4198534		2.3814
0 4 6			-1.00961873777	-66.8901158415		54.0222881274		0.320093821152		10372.2793205		3.7688
2 2 0			-3.08650434298	-69.9766201845		57.1087924704		0.320093821152		11021.9969468		11.1953
4 0 6			-1.00609636776	-70.9827165523		58.1148888381		0.320136402189		11274.2884346		5.3963
4 4 0			-1.37467983026	-72.3573963825		59.4895686684		0.320136402189		11600.4658903		4.9852
0 4 0			-2.27055236219	-74.6279487447		61.7601210306		0.320136402189		12104.983722		6.137
2 2 6			-1.34579006682	-75.9737388115		63.1059110974		0.320182642661		12431.8644862		8.3224