HKL Value		Reward	TotalReward	Chi Squared Value	Z Coordinate Approximation		dx
0 0 12			0	0		0		0.3		0		3.2426
4 6 0			-20.0125245863	-20.0125245863		20.0125245863		0.416652632041		20.0125245863		0.7863
2 0 14			4.56806667505	-15.4444579113		10.8763912362		0.418468554188		21.7527824724		0.2634
0 2 14			1.71699272016	-13.7274651911		7.4424057959		0.419338409345		22.3272173877		0.2479
6 4 2			0.844021133605	-12.8834440575		5.75436352869		0.419137967947		23.0174541148		0.2211
6 0 2			0.108032314552	-12.775411743		5.53829889958		0.418445185901		27.6914944979		0.2214
0 6 2			0.189320372859	-12.5860913701		5.15965815387		0.417868177001		30.9579489232		0.2356
4 2 10			0.352926664005	-12.2331647061		4.45380482586		0.418406295342		31.176633781		1.1102
2 4 10			0.276449521723	-11.9567151844		3.90090578241		0.418539303453		31.2072462593		0.607
3 1 15			0.121961809815	-11.8347533745		3.65698216278		0.417751620021		32.912839465		0.2871
1 3 15			0.117920159213	-11.7168332153		3.42114184435		0.417031637435		34.2114184435		0.2862
4 6 2			0.147807259011	-11.5690259563		3.12552732633		0.416989923976		34.3808005896		0.2349
5 5 1			-0.602989089562	-12.1720150459		3.72851641589		0.416941915987		44.7421969907		0.5073
2 4 14			-0.229605686517	-12.4016207324		3.95812210241		0.417978590658		51.4555873313		0.5221
4 2 14			-0.13445173736	-12.5360724698		4.09257383977		0.419034508954		57.2960337568		1.2576
6 0 10			0.115337651864	-12.4207348179		3.86189853604		0.419528985803		57.9284780407		1.0728
3 7 1			-0.418135136836	-12.8388699547		4.28003367288		0.419501855844		68.4805387661		1.2822
0 6 8			0.118326013436	-12.7205439413		4.04338164601		0.419620144376		68.7374879821		0.7694
6 0 8			0.108061250186	-12.6124826911		3.82725914564		0.419723941282		68.8906646214		2.9234
9 1 1			-0.263308992352	-12.8757916835		4.09056813799		0.41969423317		77.7207946218		0.8793
0 6 16			0.0247977245111	-12.850993959		4.04097268896		0.420212344367		80.8194537793		0.4825
2 0 16			-0.0384956621224	-12.8894896211		4.07946835109		0.421145665376		85.6688353728		0.5935
3 1 9			0.0890762399848	-12.8004133811		3.90131587112		0.421338859609		85.8289491646		0.36
4 2 8			0.00354758018939	-12.7968658009		3.89422071074		0.420458779068		89.567076347		0.7605
4 4 0			-13.4284681262	-26.2253339271		17.3226888369		0.420458779068		415.744532086		4.9852
0 2 10			0.265303232492	-25.9600306946		16.7920823719		0.419711393552		419.802059299		0.4317
0 2 16			0.19210821805	-25.7679224766		16.4078659358		0.420501291731		426.604514332		1.8687
3 3 15			0.287817890571	-25.480104586		15.8322301547		0.420135312344		427.470214177		0.3402
6 0 0			0.199396007433	-25.2807085785		15.4334381398		0.420135312344		432.136267915		0.7256
2 4 2			0.254614593643	-25.0260939849		14.9242089526		0.420189036912		432.802059624		0.3828
1 3 9			0.247490480285	-24.7786035046		14.429227992		0.42032104187		432.87683976		0.2622
3 3 9			0.216168382888	-24.5624351217		13.9968912262		0.420701792139		433.903628012		0.3816
5 1 1			-0.0517712695134	-24.6142063912		14.0486624957		0.420688939638		449.557199863		0.5346
7 1 1			-0.00776215983506	-24.6219685511		14.0564246556		0.420658548187		463.862013633		0.5207
2 0 4			-2.16189084241	-26.7838593935		16.218315498		0.420359255797		551.422726931		1.3874
1 7 1			0.0152897799745	-26.7685696135		16.187735938		0.420328202403		566.57075783		0.5219
4 4 10			0.224826928216	-26.5437426853		15.7380820816		0.420314777656		566.570954937		0.6886
5 3 3			-1.43063161793	-27.9743743032		17.1687136995		0.420076238475		635.242406882		0.9351
4 4 4			-0.412207836291	-28.3865821395		17.5809215358		0.420629265542		668.075018361		0.8476
3 3 1			-0.0254090026947	-28.4119911422		17.6063305385		0.420605028657		686.646891001		0.5106
3 5 1			-0.0126578779475	-28.4246490202		17.6189884164		0.420571181116		704.759536658		0.5283
1 5 1			0.0186592783845	-28.4059897418		17.5816698597		0.420545212244		720.848464247		0.4978
2 2 10			0.209025545352	-28.1969641964		17.163618769		0.420602848159		720.871988297		0.6429
4 0 10			0.19889971903	-27.9980644774		16.7658193309		0.420691597131		720.930231229		0.6243
0 0 10			0.189523516916	-27.8085409605		16.3867722971		0.420790038587		721.017981072		0.8316
0 4 10			0.181017380261	-27.6275235802		16.0247375366		0.420878419443		721.113189145		0.9893
2 6 10			0.173650730929	-27.4538728493		15.6774360747		0.420939017564		721.162059436		0.7069
0 6 0			0.0976396393066	-27.35623321		15.4821567961		0.420939017564		727.661369416		1.4277
5 3 1			-0.0707611913123	-27.4269944013		15.5529179874		0.420924788358		746.540063395		0.5252
0 6 14			0.10407829856	-27.3229161027		15.3447613903		0.421237096324		751.893308124		0.9096
6 2 10			0.153130197	-27.1697859057		15.0385009963		0.421278791916		751.925049814		0.7103
1 1 15			0.0116545864394	-27.1581313193		15.0151918234		0.421272892121		765.774782993		0.656
0 4 20			0.0527108848571	-27.1054204344		14.9097700537		0.421054939625		775.308042792		1.027
5 3 9			0.0998248973176	-27.0055955371		14.7101202591		0.421323890419		779.63637373		0.4833
1 5 9			0.12936515885	-26.8762303783		14.4513899414		0.421478111632		780.375056833		0.4394
4 2 2			0.128639697033	-26.7475906812		14.1941105473		0.421489528553		780.676080101		0.457
3 5 9			0.0979123636078	-26.6496783176		13.9982858201		0.42172262954		783.904005924		0.4755
7 3 1			0.0300335547396	-26.6196447629		13.9382187106		0.421718824766		794.478466504		0.5095
5 1 9			0.11189947771	-26.5077452852		13.7144197552		0.421862244075		795.4363458		0.4583
3 1 1			-0.188539313077	-26.6962845983		13.9029590682		0.421849850362		820.274585027		0.5239
1 3 1			-0.187450378329	-26.8837349766		14.0904094466		0.421832691016		845.424566795		0.5324
0 0 4			-0.193566758542	-27.0773017351		14.2839762051		0.422033426125		871.322548512		0.8482
2 6 4			-0.240271833756	-27.3175735689		14.5242480389		0.422277894569		900.50337841		0.8772
0 4 4			-0.237513317635	-27.5550868865		14.7617613565		0.422526342003		929.99096546		0.8482
2 2 4			-0.249107525312	-27.8041944118		15.0108688818		0.422754822651		960.695608437		0.7551
4 0 4			-0.22934800955	-28.0335424214		15.2402168914		0.422992351922		990.614097939		1.2165
6 2 4			-0.196279892344	-28.2298223137		15.4364967837		0.423222510583		1018.80878773		0.8727
1 7 7			-3.88748867964	-32.1173109934		19.3239854634		0.421197881437		1294.70702604		0.4353
2 4 0			0.0405407008243	-32.0767702925		19.2429040617		0.421197881437		1308.5174762		1.4359
0 2 12			-0.518526805345	-32.5952970979		19.761430867		0.422995388919		1363.53872983		0.3827
2 0 12			-0.427622596561	-33.0229196944		20.1890534636		0.424997956869		1413.23374245		0.8079
0 0 18			0.141838997661	-32.8810806968		19.9053754683		0.425057402925		1413.28165825		0.6609
4 6 4			-0.0508819057602	-32.9319626025		19.956257374		0.425032664095		1436.85053093		1.0731
4 2 0			0.0489474531013	-32.8830151494		19.8583624678		0.425032664095		1449.66046015		0.9287
1 1 1			-0.165555976781	-33.0485711262		20.0239184446		0.425012078189		1481.7699649		0.5749
1 5 13			0.0834279647295	-32.9651431615		19.8570625152		0.425012078189		1489.27968864		1.1973
6 4 6			-0.123942209376	-33.0890853709		19.9810047245		0.425048329394		1518.55635907		0.9247
4 0 14			-0.126490295608	-33.2155756665		20.1074950202		0.425356783027		1548.27711655		1.986
6 2 0			-3.35998593633	-36.5755616028		23.4674809565		0.425356783027		1830.46351461		4.3933
3 1 13			0.104797903842	-36.470763699		23.2578851488		0.425370817094		1837.37292676		0.3869
1 1 13			0.105746644788	-36.3650170542		23.0463918592		0.425372725806		1843.71134874		0.3722
5 1 13			0.101835870724	-36.2631811835		22.8427201178		0.425372725806		1850.26032954		0.4567
1 1 9			0.117256794676	-36.1459243888		22.6082065284		0.425062028695		1853.87293533		0.2216
0 2 2			0.0141687807462	-36.131755608		22.5798689669		0.425101095706		1874.12912426		0.4614
3 3 13			0.104648552577	-36.0271070555		22.3705718618		0.425108499767		1879.12803639		0.5636
4 6 6			-0.0810579923165	-36.1081650478		22.4516298541		0.425144114779		1908.3885376		1.1903
1 3 13			0.0913937136327	-36.0167713341		22.2688424268		0.425149034911		1915.12044871		0.3907
0 2 20			-0.509654648736	-36.5264259829		22.7784970756		0.425583436761		1981.72924557		0.4494
6 0 6			-0.0800235598538	-36.6064495427		22.8585206354		0.425583436761		2011.54981592		1.0815
0 6 6			-0.0873883587647	-36.6938379015		22.9459089942		0.425583436761		2042.18590048		1.0147
1 1 3			-0.0359971743643	-36.7298350759		22.9819061685		0.425697147141		2068.37155517		0.4514
6 0 4			-0.0999480157745	-36.8297830916		23.0818541843		0.425697147141		2100.44873077		0.7069
6 4 4			-0.0125940674076	-36.842377159		23.0944482517		0.425668076143		2124.68923916		0.6669
0 2 8			-0.120896724073	-36.9632738831		23.2153449758		0.419041132689		2159.02708275		0.1155
2 0 2			0.0126829160734	-36.950590967		23.1899791437		0.419081321398		2179.8580395		0.6502
0 6 4			-0.0891098542475	-37.0397008213		23.2790889979		0.419056536553		2211.5134548		0.6675
2 0 10			0.108330916811	-36.9313699045		23.0624271643		0.418667210776		2213.99300777		0.6169
4 2 12			-1.01616731941	-37.9475372239		24.0785944837		0.427980580215		2335.62366492		0.2244
2 4 8			0.0459719685309	-37.9015652554		23.9866505466		0.427521740437		2350.69175357		0.1687
3 7 5			0.0918470246329	-37.8097182307		23.8029564974		0.42733158978		2356.49269324		1.0548
2 4 12			-0.369501269742	-38.1792195005		24.1724577671		0.42961931219		2417.24577671		0.2205
0 0 20			0.11342913462	-38.0657903658		23.9455994979		0.429675878743		2418.50554928		0.4542
2 0 8			-0.606354670636	-38.6721450365		24.5519541685		0.428708091989		2504.29932519		0.1665
4 2 6			-0.223359081295	-38.8955041178		24.7753132498		0.428708091989		2551.85726473		1.6049
0 6 10			0.105065609324	-38.7904385085		24.5651820312		0.42863708123		2554.77893124		0.8527
2 4 6			-0.23623632542	-39.0266748339		24.8014183566		0.42863708123		2604.14892744		0.785
0 6 12			-0.444104046829	-39.4707788807		25.2455224034		0.430950714633		2676.02537476		0.3425
3 7 3			-0.284514545609	-39.7552934263		25.530036949		0.430938986799		2731.71395354		0.8954
0 0 14			0.0557235411208	-39.6995698852		25.4185898668		0.430863660787		2745.20770561		0.8389
0 4 16			0.112750377939	-39.5868195073		25.1930891109		0.430770559582		2746.04671309		1.5557
7 3 3			-0.260221317453	-39.8470408247		25.4533104283		0.430749206452		2799.86414712		1.9283
3 1 3			-0.250908712893	-40.0979495376		25.7042191412		0.430736402289		2853.16832468		1.2003
3 3 3			-0.267411399671	-40.3653609373		25.9716305409		0.430714653475		2908.82262058		0.8081
0 0 16			0.112844325235	-40.252516612		25.7459418904		0.430773092388		2909.29143362		1.3342
0 0 22			-0.614866509451	-40.8673831215		26.3608083999		0.430685087692		3005.13215759		2.2765
6 4 0			0.11456289774	-40.7528202237		26.1316826044		0.430676581465		3005.14349951		1.8287
5 5 3			-0.208979933047	-40.9618001568		26.3406625375		0.430676581465		3055.51685434		0.8107
4 4 12			0.107615171628	-40.8541849852		26.1254321942		0.430564804011		3056.67556672		1.9475
4 2 4			-0.209194270372	-41.0633792555		26.3346264646		0.430564804011		3107.48592282		0.7624
2 2 16			0.110310817177	-40.9530684384		26.1140048302		0.430582810761		3107.5665748		1.1693
2 4 4			-0.208894885621	-41.161963324		26.3228997158		0.430583054211		3158.7479659		0.8182
5 1 3			-0.333982357286	-41.4959456813		26.6568820731		0.430555393479		3225.48273085		0.9592
1 3 3			-0.208030989483	-41.7039766708		26.8649130626		0.430542284423		3277.51939364		0.7045
3 5 3			-0.349696771034	-42.0536734418		27.2146098336		0.430515274771		3347.39700954		0.9259
6 0 12			-0.425559117378	-42.4792325592		27.640168951		0.432455207749		3427.38094993		0.5892
7 3 5			0.0749360437143	-42.4042965155		27.4902968636		0.432388583003		3436.28710795		1.0496
2 6 0			-1.96887655906	-44.3731730745		29.4591734226		0.432387894367		3711.85585125		4.3567
0 2 22			-0.398260763255	-44.7714338378		29.8574341859		0.432378093709		3791.89414161		1.8317
1 7 3			-0.310472929481	-45.0819067672		30.1679071154		0.432346925546		3861.49211077		0.9932
1 5 3			-0.272112252817	-45.3540190201		30.4400193682		0.432314575673		3926.7624985		0.9511
7 1 3			-0.308304024664	-45.6623230447		30.7483233929		0.432283923978		3997.28204107		1.4031
0 2 4			-0.46310877504	-46.1254318198		31.2114321679		0.432271811123		4088.697614		1.326
0 2 6			-0.512686914862	-46.6381187346		31.7241190828		0.432329317302		4187.58371893		1.1672
0 2 0			-0.118458877155	-46.7565776118		31.8425779599		0.43232948712		4235.06286867		1.4407
1 7 5			0.0440670151305	-46.7125105967		31.7544439297		0.432231822708		4255.09548657		1.0841
2 2 14			0.0329703121946	-46.6795402845		31.6885033053		0.432123918431		4277.94794621		1.0835
4 0 12			0.0496358846114	-46.6299043998		31.589231536		0.431850488228		4296.1354889		2.7435
4 0 0			-3.24421988943	-49.8741242893		34.8334514255		0.431850488228		4772.18284529		8.3901
0 4 12			0.0623946186971	-49.8117296706		34.7086621881		0.431593252347		4789.79538196		1.4889
2 0 6			-0.447583029936	-50.2593127005		35.156245218		0.431641211769		4886.7180853		1.6278
0 4 14			0.0279707724918	-50.231341928		35.100303673		0.431556188466		4914.04251422		1.2337
5 5 5			0.0784120299228	-50.1529298981		34.9434796132		0.431476381293		4927.03062546		1.5862
0 2 18			0.0251977128424	-50.1277321853		34.8930841875		0.430599285234		4954.81795463		0.3755
0 6 18			0.0548842489956	-50.0728479363		34.7833156895		0.430022507284		4974.0141436		0.7949
7 1 5			0.0619572732008	-50.0108906631		34.6594011431		0.429975153424		4990.95376461		1.5264
0 4 18			-0.0391800715303	-50.0500707346		34.6985812146		0.429285321566		5031.29427612		0.8369
2 0 0			-0.0798703285348	-50.1299410631		34.7784515432		0.429285321566		5077.6539253		2.02
6 2 6			-1.64467215208	-51.7746132152		36.4231236953		0.429321320352		5354.1991832		3.9921
2 2 12			0.0416769356105	-51.7329362796		36.339769824		0.429179257432		5378.28593396		1.9766
5 3 5			0.0110919611168	-51.7218443185		36.3175859018		0.429125389069		5411.32029937		2.2247
5 1 5			0.00361275955301	-51.7182315589		36.3103603827		0.429054495766		5446.5540574		1.1901
0 0 2			-0.0260037909607	-51.7442353499		36.3363641737		0.429074883034		5486.79099022		1.161
4 0 2			-0.0566452041161	-51.800880554		36.3930093778		0.429102194161		5531.73742542		1.7854
1 5 5			0.00332494030137	-51.7975556137		36.3863594972		0.429050477818		5567.11300307		1.8923
3 3 5			-0.0407734786854	-51.8383290924		36.4271329759		0.42897214803		5609.77847828		1.3995
5 3 7			-2.05739617701	-53.8957252694		38.4845291529		0.42899824686		5965.1020187		0.2523
1 3 7			-2.19307478271	-56.0888000521		40.6776039356		0.429032932405		6345.70621395		0.1893
1 1 7			-2.12538969371	-58.2141897458		42.8029936293		0.42906935481		6720.0699998		0.2012
7 1 7			-1.95953696257	-60.1737267084		44.7625305919		0.429099129424		7072.47983351		0.3505
3 1 7			-2.16387461855	-62.3376013269		46.9264052104		0.429138948055		7461.29842846		0.257
6 2 2			0.0183847194717	-62.3192166075		46.8896357715		0.429194251175		7502.34172344		3.3001
2 2 2			0.000730781063258	-62.3184858264		46.8881742094		0.429220784377		7548.99604771		1.1162
3 5 7			-1.84572882044	-64.1642146469		48.7339030298		0.429263879962		7894.89229083		0.2309
4 0 8			-0.978630187181	-65.142844834		49.712533217		0.429263879962		8103.14291437		2.9483
3 3 7			-2.86192731779	-68.0047721518		52.5744605348		0.42934715806		8622.2115277		0.1558
1 5 7			-2.12737305171	-70.1321452035		54.7018335865		0.429469416342		9025.80254177		0.6035
4 4 2			0.0359236007228	-70.0962216028		54.629986385		0.429499418324		9068.57773991		1.2125
5 5 7			-2.41772981598	-72.5139514188		57.047716201		0.429650916987		9526.96860557		0.6639
5 1 7			-2.05987510911	-74.5738265279		59.1075913101		0.429851319704		9930.0753401		0.2609
0 4 2			0.044885458482	-74.5289410694		59.0178203932		0.429898090608		9974.01164644		3.2657
3 5 5			0.074333846427	-74.454607223		58.8691527003		0.429801036977		10007.7559591		1.2751
3 1 5			-0.0477888781501	-74.5023961011		58.9169415784		0.429612792943		10074.7970099		2.8985
0 0 8			-0.58474226696	-75.0871383681		59.5016838454		0.42960411999		10234.2896214		2.1948
1 3 5			-0.0593299661656	-75.1464683343		59.5610138116		0.429416450293		10304.0553894		3.1323
2 6 2			0.0551850341775	-75.0912833001		59.4506437432		0.429416781505		10344.4120113		1.2892
5 1 11			-0.438849066881	-75.530132367		59.8894928101		0.429862297146		10480.6612418		3.2753
3 5 11			-0.398565490062	-75.928697857		60.2880583002		0.43027698344		10610.6982608		1.8915
2 6 8			-0.697895720744	-76.6265935778		60.9859540209		0.43027698344		10794.5138617		4.3291
6 2 8			-0.709554677192	-77.336148255		61.6955086981		0.430229456051		10981.8005483		3.3751
2 2 8			-0.70045164123	-78.0365998962		62.3959603393		0.430206834935		11168.8769007		1.8488
0 4 8			-0.764597704379	-78.8011976006		63.1605580437		0.430157242039		11368.9004479		4.1351
1 5 11			-0.394290446674	-79.1954880473		63.5548484904		0.430509221682		11503.4275768		1.8219
3 3 11			-0.55144204753	-79.7469300948		64.1062905379		0.430918004669		11667.3448779		2.1204
4 4 8			-0.673553295683	-80.4204833905		64.7798438336		0.430916115374		11854.7114215		3.9407
2 2 0			-3.17900968744	-83.5994930779		67.958853521		0.430916115374		12504.4290479		11.1953
5 3 11			-0.301133940263	-83.9006270182		68.2599874613		0.431263040168		12628.0976803		1.8677
1 1 17			-0.557839289633	-84.4584663078		68.8178267509		0.430769562758		12800.1157757		2.447
2 6 6			-1.11106315861	-85.5695294664		69.9288899095		0.43083074568		13076.7024131		5.383
1 1 5			-0.143308407954	-85.7128378744		70.0721983175		0.430684198384		13173.5732837		1.9661
4 4 6			-1.30367007271	-87.0165079471		71.3758683902		0.43075547334		13490.0391257		4.3817
1 1 11			-0.985434473377	-88.0019424204		72.3613028636		0.431261671312		13748.6475441		2.144
3 1 11			-0.647193680359	-88.6491361008		73.0084965439		0.431701770731		13944.6228399		2.3814
0 4 6			-1.71125471544	-90.3603908162		74.7197512594		0.431821953723		14346.1922418		3.7688
4 0 6			-1.72371329608	-92.0841041123		76.4434645555		0.431918886662		14753.5886592		5.3963
1 3 11			-0.629137390987	-92.7132415033		77.0726019464		0.432363322592		14952.0847776		2.4293
2 2 6			-2.19814251694	-94.9113840203		79.2707444634		0.432497786243		15457.7951704		8.3224
0 4 0			-2.16962799589	-97.0810120161		81.4403724593		0.432497786243		15962.313002		6.137
0 0 6			-2.42162444719	-99.5026364633		83.8619969065		0.432656099514		16520.8133906		7.4326