HKL Value		Reward		TotalReward	Chi Squared	Z Appr. 	Error	Two-Thetas	Sfs2
1 1 1			0.0		0.0		0.0		0.3	0.5749	13.0194761966	56.7652
1 1 15			0.0		0.0		0.92		0.34697	0.656	61.3839959686	20.6242
1 7 3			0.16		0.16		0.61		0.347	0.9932	66.8968211493	90.2271
3 1 3			0.04		0.2		0.52		0.34704	1.2003	30.3814370344	67.5761
2 0 0			-0.05		0.15		0.57		0.34704	2.02	17.6289686615	175.6782
1 7 7			0.03		0.19		0.5		0.34713	0.4353	72.3061031614	6.1143
1 1 3			-0.25		-0.06		0.75		0.34722	0.4514	16.9416048235	36.8187
5 5 3			0.01		-0.06		0.74		0.34726	0.8107	66.8760743485	64.1048
1 3 1			-0.14		-0.2		0.88		0.34736	0.5324	28.3265170018	42.1271
5 1 3			0.01		-0.19		0.86		0.34741	0.9592	47.5591860667	88.1873
3 7 3			-0.03		-0.22		0.89		0.34749	0.8954	72.6346668965	71.6226
0 2 0			0.02		-0.2		0.86		0.34749	1.4407	17.6394681947	177.2483
3 3 7			-0.17		-0.37		1.03		0.34794	0.1558	47.1418707618	3.5073
0 2 14			0.02		-0.35		0.98		0.34763	0.2479	58.6982494177	6.3292
2 6 2			0.0		-0.35		0.98		0.34774	1.2892	58.5985395934	134.3564
2 2 2			-0.15		-0.5		1.13		0.34797	1.1162	26.2109248846	125.5642
1 3 3			0.02		-0.47		1.09		0.34801	0.7045	30.3940112777	66.1614
3 3 3			0.02		-0.46		1.05		0.34806	0.8081	39.7679129272	70.9373
7 3 3			-0.03		-0.49		1.08		0.34816	1.9283	72.601334037	69.5466
4 4 2			-0.02		-0.51		1.11		0.34836	1.2125	52.0311030722	128.6454
1 5 3			0.0		-0.51		1.1		0.34845	0.9511	47.585042181	85.8034
1 1 5			0.27		-0.24		0.56		0.3595	1.9661	22.8949597146	247.5537
7 1 3			0.0		-0.24		0.55		0.35939	1.4031	66.8553232335	91.2915
0 0 2			0.01		-0.23		0.53		0.35931	1.161	7.62646333295	98.931
3 1 1			0.0		-0.22		0.53		0.35936	0.5239	28.3131072915	41.7464
6 2 2			-0.01		-0.23		0.53		0.35916	3.3001	58.5687226088	135.1206
0 4 2			0.01		-0.22		0.52		0.35905	3.2657	36.5744795411	137.7475
0 2 4			-0.05		-0.27		0.57		0.3588	1.326	23.4223631322	110.0283
3 5 7			0.01		-0.26		0.55		0.3588	0.2309	60.5203777188	5.6046
4 0 2			0.01		-0.26		0.54		0.35873	1.7854	36.5531212028	138.5255
2 2 0			-0.07		-0.33		0.61		0.35873	11.1953	25.0390113278	1035.9387
3 1 7			0.01		-0.32		0.59		0.35873	0.257	39.2655360855	5.205
5 5 7			0.01		-0.31		0.58		0.3587	0.6639	72.2860687267	4.3062
2 0 4			-0.04		-0.35		0.62		0.35844	1.3874	23.4143586184	109.347
3 5 3			-0.05		-0.4		0.66		0.35824	0.9259	54.5093201099	87.7589
5 3 3			-0.06		-0.46		0.72		0.35801	0.9351	54.4936931553	89.9375