HKL Value		Reward	TotalReward	Chi Squared Value	Z Coordinate Approximation		dx
4 6 2			0	0		0		0.3		0		0.2349
4 2 10			-0.143058801577	-0.143058801577		0.143058801577		0.280565360717		0.143058801577		1.1102
2 0 14			0.0340843147808	-0.108974486796		0.0748901720155		0.280435985302		0.149780344031		0.2634
0 2 14			-0.0100276642031	-0.119002150999		0.0849178362186		0.280013644151		0.254753508656		0.2479
2 4 10			0.00191100971152	-0.117091141288		0.0810958167956		0.280352743152		0.324383267182		0.607
1 3 15			-0.0144699834177	-0.131561124706		0.0955658002133		0.280850611002		0.477829001066		0.2862
6 4 2			-0.0517415281227	-0.183302652828		0.147307328336		0.280881164586		0.883843970016		0.2211
9 1 1			0.010043179123	-0.173259473705		0.12722097009		0.280876368743		0.89054679063		0.8793
5 5 1			0.00240508512121	-0.170854388584		0.122410799848		0.280858277519		0.979286398781		0.5073
3 7 1			-0.0102958986678	-0.181150287252		0.132706698515		0.280831076736		1.19436028664		1.2822
6 0 8			-0.233071810244	-0.414222097496		0.365778508759		0.280719401808		3.65778508759		2.9234
6 0 10			-0.0139263773385	-0.428148474834		0.379704886098		0.280313662708		4.17675374707		1.0728
2 4 14			-0.0966903062841	-0.524838781118		0.476395192382		0.280613341426		5.71674230858		0.5221
4 2 14			-0.0885693466774	-0.613408127796		0.564964539059		0.280891108568		7.34453900777		1.2576
1 3 9			-0.0292740996249	-0.642682227421		0.594238638684		0.280848546488		8.31934094158		0.2622
7 3 1			0.0132062412676	-0.629475986153		0.567826156149		0.280829538321		8.51739234223		0.5095
3 1 9			-0.0734359777076	-0.702911963861		0.641262133856		0.280780294993		10.2601941417		0.36
0 6 16			-0.0233687035685	-0.726280667429		0.664630837425		0.280799393377		11.2987242362		0.4825
0 6 8			-0.112445470743	-0.838726138172		0.777076308168		0.280725546455		13.987373547		0.7694
4 2 8			-0.0082362093985	-0.846962347571		0.785312517567		0.280755544066		14.9209378338		0.7605
5 1 5			-4.9576479533	-5.80461030087		5.74296047086		0.280498150256		114.859209417		1.1901
3 3 15			0.0579979625366	-5.74661233833		5.62696454579		0.281671660855		118.166255462		0.3402
4 2 2			0.072842313656	-5.67377002468		5.48127991848		0.281650265786		120.588158207		0.457
2 4 2			0.0545471737432	-5.61922285093		5.37218557099		0.281628197743		123.560268133		0.3828
0 2 10			0.0625855353771	-5.55663731556		5.24701450024		0.281941049168		125.928348006		0.4317
7 1 1			0.0627944935087	-5.49384282205		5.12142551322		0.281907141154		128.035637831		0.5207
1 7 1			0.0490762800734	-5.44476654197		5.02327295307		0.281867639647		130.60509678		0.5219
2 0 16			0.0216439878544	-5.42312255412		4.97998497737		0.281843403449		134.459594389		0.5935
5 1 1			0.0368304934906	-5.38629206063		4.90632399038		0.281801241498		137.377071731		0.5346
6 0 12			0.0807281047332	-5.3055639559		4.74486778092		0.281807465275		137.601165647		0.5892
3 3 9			0.00556763444388	-5.29999632145		4.73373251203		0.281754110186		142.011975361		0.3816
1 5 1			0.0252417526973	-5.27475456875		4.68324900664		0.281716585476		145.180719206		0.4978
6 0 2			0.0653090559433	-5.20944551281		4.55263089475		0.281716585476		145.684188632		0.2214
4 4 10			0.0609477112988	-5.14849780151		4.43073547215		0.281521533166		146.214270581		0.6886
6 2 10			0.0426421611477	-5.10585564036		4.34545114986		0.281225815142		147.745339095		0.7103
6 0 0			-0.00916007396031	-5.11501571432		4.35461122382		0.281225815142		152.411392834		0.7256
0 2 16			-0.0204916705639	-5.13550738489		4.37510289438		0.281225815142		157.503704198		1.8687
0 0 10			0.0444758002703	-5.09103158462		4.28615129384		0.281021118351		158.587597872		0.8316
2 2 10			0.0489683362812	-5.04206324834		4.18821462128		0.280879609797		159.152155609		0.6429
0 4 10			0.041765228998	-5.00029801934		4.10468416328		0.280719054803		160.082682368		0.9893
4 0 10			0.0440827689789	-4.95621525036		4.01651862532		0.280599318266		160.660745013		0.6243
2 6 10			0.0411870039076	-4.91502824645		3.93414461751		0.280483490758		161.299929318		0.7069
3 3 1			0.00570430256608	-4.90932394389		3.92273601238		0.280463413055		164.75491252		0.5106
3 1 15			0.0417410904012	-4.86758285349		3.83925383157		0.280569308252		165.087914758		0.2871
5 3 1			-0.000691275203605	-4.86827412869		3.83994510678		0.280551738431		168.957584698		0.5252
3 5 1			0.00462404746926	-4.86365008122		3.83069701184		0.280532392649		172.381365533		0.5283
0 6 14			0.00551222676147	-4.85813785446		3.81967255832		0.280636348071		175.704937683		0.9096
2 0 10			0.00966703021626	-4.84847082424		3.80033849788		0.280771385052		178.615909401		0.6169
0 6 10			0.0308018172702	-4.81766900697		3.73873486334		0.280668796039		179.45927344		0.8527
0 6 0			-0.0563382323796	-4.87400723935		3.79507309572		0.280666424406		185.95858169		1.4277
6 2 0			-5.5678249292	-10.4418321686		9.36289802492		0.280666461794		468.144901246		4.3933
6 4 0			0.0916656127078	-10.3501665558		9.17956679951		0.280666461794		468.157906775		1.8287
0 4 20			0.0150584715057	-10.3351080843		9.14944985649		0.280855306973		475.771392538		1.027
2 4 8			0.0779713740847	-10.2571367103		8.99350710832		0.280866165927		476.655876741		0.1687
0 0 4			0.0820955547711	-10.1750411555		8.82931599878		0.280879138825		476.783063934		0.8482
1 1 15			0.0180002591012	-10.1570408964		8.79331548058		0.280638490287		483.632351432		0.656
1 3 1			0.0131627219587	-10.1438781744		8.76699003666		0.280615922961		490.951442053		0.5324
4 4 4			0.0768964418275	-10.0669817326		8.61319715301		0.280615922961		490.952237721		0.8476
2 2 4			0.0741368689626	-9.99284486363		8.46492341508		0.28061019857		490.965558075		0.7551
6 2 4			0.0707328406606	-9.92211202297		8.32345773376		0.280622628647		491.084006292		0.8727
1 3 13			0.0396570596259	-9.88245496334		8.24414361451		0.280735720059		494.648616871		0.3907
1 1 13			0.0410929215915	-9.84136204175		8.16195777133		0.280846676239		497.879424051		0.3722
2 6 4			0.0650769305426	-9.77628511121		8.03180391024		0.280858167193		497.971842435		0.8772
5 1 13			0.038471054648	-9.73781405656		7.95486180095		0.280976111706		501.15629346		0.4567
3 1 13			0.0352003711595	-9.7026136854		7.88446105863		0.281098418285		504.605507752		0.3869
3 5 9			-0.0349845641881	-9.73759824959		7.91944562281		0.281078429745		514.763965483		0.4755
1 5 13			0.03125826457	-9.70633998502		7.85692909367		0.28120910867		518.557320183		1.1973
3 3 13			0.0455228736562	-9.66081711136		7.76588334636		0.281312574426		520.314184206		0.5636
3 1 1			0.00413156459636	-9.65668554677		7.75762021717		0.28128818082		527.518174768		0.5239
1 5 9			-0.0392284636417	-9.69591401041		7.79684868081		0.281272732598		537.982558976		0.4394
5 3 9			-0.0484051923678	-9.74431920278		7.84525387318		0.281250512321		549.167771123		0.4833
0 4 4			0.0550518055482	-9.68926739723		7.73515026208		0.281250512321		549.195668608		0.8482
0 6 2			0.0483587662635	-9.64090863097		7.63843272956		0.281250512321		549.967156528		0.2356
2 0 0			-0.530427622619	-10.1713362536		8.16886035217		0.281250512321		596.326805709		2.02
0 2 8			0.0551643295023	-10.1161719241		8.05853169317		0.281250512321		596.331345295		0.1155
5 1 9			-0.0458461207343	-10.1620180448		8.1043778139		0.281232462488		607.828336043		0.4583
0 2 12			-0.00681116392481	-10.1688292087		8.11118897783		0.28112510847		616.450362315		0.3827
0 0 20			0.0486258301671	-10.1202033786		8.01393731749		0.281196234504		617.073173447		0.4542
2 0 12			0.000725106799745	-10.1194782718		8.0124871039		0.281091009695		624.973994104		0.8079
4 2 12			0.0385819424376	-10.0808963293		7.93532321902		0.281057876328		626.890534303		0.2244
1 1 1			-0.0251437259623	-10.1060400553		7.96046694498		0.281028300897		636.837355599		0.5749
2 4 12			0.0370500530032	-10.0689900023		7.88636683898		0.280993577015		638.795713957		0.2205
0 6 12			0.0443275041329	-10.0246624982		7.79771183071		0.280985481486		639.412370118		0.3425
4 0 4			0.0469343415144	-9.97772815665		7.70384314768		0.280985481486		639.418981258		1.2165
2 6 6			-2.83179047821	-12.8095186349		10.5356336259		0.281413595943		884.993224575		5.383
2 0 8			0.0617884131578	-12.7477302217		10.4120567996		0.281399922505		885.024827964		0.1665
4 2 0			-0.0278822374615	-12.7756124592		10.439939037		0.281399922505		897.834757185		0.9287
6 4 4			-0.0287885946766	-12.8044010538		10.4687276317		0.281333094203		910.779303959		0.6669
2 4 0			-0.0379741195401	-12.8423751734		10.5067017513		0.281333094203		924.58975411		1.4359
4 6 0			0.0587913582184	-12.7835838152		10.3891190348		0.281333094203		924.631594099		0.7863
4 6 4			-0.0225296197361	-12.8061134349		10.4116486546		0.281264428091		937.04837891		1.0731
2 0 2			-0.0247334736759	-12.8308469086		10.4363821282		0.281245832642		949.710773669		0.6502
6 4 6			-0.0721887461511	-12.9030356547		10.5085708744		0.281389961796		966.788520443		0.9247
1 1 9			-0.049489597374	-12.9525252521		10.5580604718		0.281560893016		981.899623873		0.2216
4 6 6			-0.0660856685275	-13.0186109206		10.6241461403		0.281724350053		998.669737186		1.1903
0 2 2			-0.0285454407338	-13.0471563614		10.652691581		0.281706165837		1012.0057002		0.4614
0 2 20			-0.0273050311369	-13.0744613925		10.6799966122		0.282734687614		1025.27967477		0.4494
0 6 4			-0.0630540097634	-13.1375154023		10.7430506219		0.282671733378		1042.07591033		0.6675
6 0 6			-0.122977960246	-13.2604933625		10.8660285822		0.282766415214		1064.87080105		1.0815
0 6 6			-0.127591854406	-13.3880852169		10.9936204366		0.282859921741		1088.36842322		1.0147
6 0 4			-0.0564056779243	-13.4444908948		11.0500261145		0.282803451146		1105.00261145		0.7069
1 1 3			-0.106916841637	-13.5514077365		11.1569429561		0.282830399422		1126.85123857		0.4514
0 0 14			-0.026471815614	-13.5778795521		11.1834147717		0.282928022934		1140.70830672		0.8389
0 0 22			-0.210196618107	-13.7880761702		11.3936113898		0.282081899982		1173.54197315		2.2765
4 2 6			-0.237459964799	-14.025536135		11.6310713546		0.282201313597		1209.63142088		1.6049
2 4 6			-0.248150129856	-14.2736862648		11.8792214845		0.282321001842		1247.31825587		0.785
7 1 7			-3.129488075	-17.4031743399		15.0087095595		0.281717609959		1590.92321331		0.3505
7 3 3			-0.162122945927	-17.5652972858		15.1708325054		0.281788752826		1623.27907808		1.9283
5 5 3			-0.169563140237	-17.734860426		15.3403956457		0.28186157176		1656.76272973		0.8107
2 2 14			-0.0709634619566	-17.805823888		15.4113591076		0.282032123905		1679.83814273		1.0835
3 7 3			-0.167593050897	-17.9734169389		15.5789521585		0.282109526821		1713.68473744		0.8954
4 2 4			-0.183115017632	-18.1565319565		15.7620671762		0.282036567718		1749.58945655		0.7624
2 4 4			-0.182610875296	-18.3391428318		15.9446780515		0.281961086502		1785.80394176		0.8182
0 4 14			-0.107937221725	-18.4470800535		16.0526152732		0.282132402239		1813.94552587		1.2337
3 3 3			-0.169435151425	-18.6165152049		16.2220504246		0.282199664774		1849.3137484		0.8081
1 3 3			-0.156223662758	-18.7727388677		16.3782740874		0.28226666949		1883.50152005		0.7045
3 1 3			-0.163264117472	-18.9360029852		16.5415382048		0.282331057749		1918.81843176		1.2003
5 1 3			-0.186925555959	-19.1229285411		16.7284637608		0.282415694162		1957.23026001		0.9592
1 5 3			-0.16727412021	-19.2902026613		16.895737881		0.282490369752		1993.69706996		0.9511
7 1 3			-0.208029802896	-19.4982324642		17.1037676839		0.282576635235		2035.34835438		1.4031
0 4 16			-0.332345995874	-19.8305784601		17.4361136798		0.282642962079		2092.33364157		1.5557
1 7 3			-0.192283752976	-20.0228622131		17.6283974327		0.282724679219		2133.03608936		0.9932
2 2 8			-1.1458594082	-21.1687216213		18.7742568409		0.282397076009		2290.4593346		1.8488
4 0 14			-0.0877329480335	-21.2564545693		18.861989789		0.282546063929		2320.02474404		1.986
4 4 12			-0.292627947792	-21.5490825171		19.1546177368		0.282226242053		2375.17259936		1.9475
7 3 5			-0.342973891486	-21.8920564086		19.4975916283		0.282162923714		2437.19895353		1.0496
2 2 16			-0.386242988607	-22.2782993972		19.8838346169		0.282209066914		2505.36316172		1.1693
0 2 22			-0.232533169887	-22.5108325671		20.1163677868		0.281426690452		2554.77870892		1.8317
3 5 3			-0.213037638495	-22.7238702056		20.3294054252		0.281496210211		2602.16389443		0.9259
0 2 0			-0.210465588436	-22.934335794		20.5398710137		0.281497637227		2649.64336076		1.4407
3 7 5			-0.326648233096	-23.2609840271		20.8665192468		0.281440368209		2712.64750208		1.0548
5 3 3			-0.21633772587	-23.477321753		21.0828569726		0.281517760223		2761.85426342		0.9351
0 0 16			-0.401465073669	-23.8787868267		21.4843220463		0.281534323323		2835.93051011		1.3342
1 7 5			-0.404944284218	-24.2837311109		21.8892663305		0.281482951193		2911.27242196		1.0841
5 5 5			-0.383987971369	-24.6677190822		22.2732543019		0.281395700336		2984.61607645		1.5862
0 0 18			-0.992073139036	-25.6597922213		23.2653274409		0.284297846361		3140.81920453		0.6609
0 2 6			-0.38417046861	-26.0439626899		23.6494979095		0.284596951921		3216.3317157		1.1672
2 0 6			-0.358039278638	-26.4020019685		24.0075371882		0.284867583655		3289.03259478		1.6278
7 1 5			-0.374297704621	-26.7762996732		24.3818348928		0.284835727011		3364.69321521		1.5264
0 4 8			-1.0330817475	-27.8093814206		25.4149166403		0.284386780504		3532.673413		4.1351
0 4 12			-0.469791062237	-28.2791724829		25.8847077025		0.283985415805		3623.85907836		1.4889
4 0 12			-0.452516861867	-28.7316893448		26.3372245644		0.283491169111		3713.54866358		2.7435
2 0 4			-0.383780052866	-29.1154693976		26.7210046173		0.283372942222		3794.38265565		1.3874
0 2 4			-0.382212099456	-29.4976814971		27.1032167167		0.283249898621		3875.75999049		1.326
0 0 2			-0.378345937474	-29.8760274345		27.4815626542		0.283249898621		3957.34502221		1.161
0 2 18			-0.925777630633	-30.8018050652		28.4073402848		0.287697469471		4119.0643413		0.3755
0 6 18			-0.387948144769	-31.1897532099		28.7952884296		0.289295952538		4204.11211072		0.7949
1 5 5			-0.504355011427	-31.6941082214		29.299643441		0.289286868818		4307.04758583		1.8923
0 4 18			-0.448299799638	-32.142408021		29.7479432407		0.290297900001		4402.69559962		0.8369
5 3 5			-0.512793037771	-32.6552010588		30.2607362784		0.290292640592		4508.84970549		2.2247
6 2 2			-0.524466676589	-33.1796677354		30.785202955		0.290292640592		4617.78044325		3.3001
3 3 5			-0.595227600114	-33.7748953355		31.3804305551		0.290291947995		4738.44501383		1.3995
3 5 5			-0.49013893432	-34.2650342698		31.8705694895		0.290280687979		4844.3265624		1.2751
4 0 2			-0.527344358096	-34.7923786279		32.3979138476		0.290280725078		4956.88081868		1.7854
2 2 12			-0.63046967587	-35.4228483038		33.0283835234		0.290263575025		5086.37106261		1.9766
2 2 2			-0.459659575649	-35.8825078794		33.4880430991		0.290263575025		5190.64668036		1.1162
4 4 2			-0.461304291476	-36.3438121709		33.9493473906		0.290263575025		5296.09819293		1.2125
2 6 2			-0.473190359216	-36.8170025301		34.4225377498		0.290263575025		5404.33842671		1.2892
0 4 2			-0.490039968267	-37.3070424984		34.912577718		0.290263575025		5516.18727945		3.2657
1 3 5			-0.755792169302	-38.0628346677		35.6683698873		0.290263575025		5671.27081209		3.1323
1 7 7			-1.5618571471	-39.6246918148		37.2302270344		0.290473263695		5956.83632551		0.4353
3 5 7			-1.82497186888	-41.4496636837		39.0551989033		0.29072061725		6287.88702343		0.2309
1 5 7			-2.13151811495	-43.5811817986		41.1867170183		0.291045863631		6672.24815696		0.6035
3 3 7			-2.76120366827	-46.3423854669		43.9479206865		0.291530750338		7163.51107191		0.1558
1 1 7			-1.87159212627	-48.2139775932		45.8195128128		0.291946796664		7514.4001013		0.2012
0 0 12			-0.763946151958	-48.9779237451		46.5834589648		0.291946796664		7686.27072919		3.2426
1 3 7			-1.84000991793	-50.8179336631		48.4234688827		0.292522972984		8038.29583453		0.1893
3 3 11			-0.570880175573	-51.3888138386		48.9943490583		0.292181397909		8182.05629273		2.1204
5 3 7			-1.64982333902	-53.0386371776		50.6441723973		0.292815482669		8508.22096275		0.2523
5 1 7			-1.83967845437	-54.878315632		52.4838508517		0.294276364327		8869.77079393		0.2609
5 5 7			9.40521509426	-45.4731005378		33.6734206632		0.31971080658		5724.48151274		0.6639
3 1 7			-0.00555557106497	-45.4786561088		33.6789762342		0.319838616289		5759.10493605		0.257
3 1 5			-0.657600642331	-46.1362567512		34.3365768766		0.319853552757		5905.89122277		2.8985
1 5 11			-0.797705917419	-46.9339626686		35.134282794		0.319857817598		6078.23092336		1.8219
5 1 11			-0.783111485342	-47.7170741539		35.9173942793		0.319862215784		6249.6266046		3.2753
3 5 11			-0.770445746588	-48.4875199005		36.6878400259		0.319865070279		6420.37200453		1.8915
5 3 11			-0.749062688941	-49.2365825894		37.4369027148		0.319865070279		6588.89487781		1.8677
3 1 11			-1.19113313826	-50.4277157277		38.6280358531		0.319875358202		6837.162346		2.3814
0 0 8			-0.679090099404	-51.1068058271		39.3071259525		0.319875358202		6996.66841955		2.1948
6 2 8			-0.826437746198	-51.9332435733		40.1335636987		0.319880816171		7183.90790207		3.3751
1 1 17			-0.869520803473	-52.8027643768		41.0030845022		0.319849577056		7380.55521039		2.447
4 4 8			-0.807123930673	-53.6098883075		41.8102084329		0.319858403395		7567.64772635		3.9407
2 6 8			-0.779876696325	-54.3897650038		42.5900851292		0.319867655807		7751.39549351		4.3291
1 1 5			-0.811622451947	-55.2013874557		43.4017075811		0.319888684075		7942.51248735		1.9661
4 0 8			-0.898225598267	-56.099613054		44.2999331794		0.319897503065		8151.18770501		2.9483
4 4 6			-0.632966943947	-56.7325799979		44.9329001233		0.319940645471		8312.58652282		4.3817
6 2 6			-0.47778181763	-57.2103618156		45.410681941		0.31997879287		8446.38684102		3.9921
1 3 11			-1.11586410937	-58.3262259249		46.5265460503		0.31997879287		8700.46411141		2.4293
1 1 11			-1.4518942303	-59.7781201552		47.9784402806		0.319991906453		9019.94677276		2.144
2 6 0			-1.20418152195	-60.9823016772		49.1826218026		0.319991906453		9295.51552069		4.3567
0 4 6			-1.04098006906	-62.0232817463		50.2236018717		0.320034135899		9542.48435561		3.7688
4 0 6			-1.0585415401	-63.0818232864		51.2821434118		0.320081337687		9794.88939164		5.3963
0 4 0			-2.36058890783	-65.4424121942		53.6427323196		0.32008109247		10299.4046054		6.137
4 4 0			-1.41209701254	-66.8545092067		55.0548293321		0.32008109247		10625.5820611		4.9852
2 2 6			-1.40180221642	-68.2563114231		56.4566315485		0.320130871602		10952.5865204		8.3224
0 0 6			-1.52337376821	-69.7796851913		57.9800053167		0.320185242495		11306.1010368		7.4326
4 0 0			-2.13299668914	-71.9126818805		60.1130020059		0.320185242495		11782.1483932		8.3901
2 2 0			-2.9929168747	-74.9055987552		63.1059188806		0.320185242495		12431.8660195		11.1953