HKL Value		Reward	TotalReward	Chi Squared Value	Z Coordinate Approximation		dx
0 6 12			0	0		0		0.3		0		0.3425
2 0 14			-0.497945971809	-0.497945971809		0.497945971809		0.278848592785		0.497945971809		0.2634
2 4 10			0.0926756736629	-0.405270298146		0.312594624484		0.280528627756		0.625189248967		0.607
4 6 2			0.028415943244	-0.376854354902		0.255762737996		0.280612562182		0.767288213987		0.2349
0 2 14			0.0169744899443	-0.359879864958		0.221813758107		0.280052114433		0.887255032428		0.2479
0 4 18			-1.8739097938	-2.23378965876		2.09572355191		0.310744230335		10.4786177596		0.8369
4 2 10			-1.10820658951	-3.34199624827		3.20393014142		0.311683864555		19.2235808485		1.1102
4 6 6			0.0917608986015	-3.25023534967		3.02040834421		0.311457589368		21.1428584095		1.1903
1 3 15			-0.15294130527	-3.40317665494		3.17334964948		0.311596284726		25.3867971959		0.2862
5 5 1			0.0816797414431	-3.32149691349		3.0099901666		0.311557737697		27.0899114994		0.5073
6 4 2			0.14070694724	-3.18078996625		2.72857627212		0.311549615827		27.2857627212		0.2211
3 7 1			0.030575484601	-3.15021448165		2.66742530292		0.311512926521		29.3416783321		1.2822
9 1 1			0.061681835186	-3.08853264647		2.54406163254		0.311480493661		30.5287395905		0.8793
4 2 14			-0.412392868232	-3.5009255147		2.95645450078		0.311935514459		38.4339085101		1.2576
2 4 14			-0.293818878415	-3.79474439311		3.25027337919		0.31232423679		45.5038273087		0.5221
6 0 10			-0.558688861915	-4.35343325503		3.80896224111		0.31315822766		57.1344336166		1.0728
6 0 8			0.011316891072	-4.34211636396		3.78632845896		0.31317205368		60.5812553434		2.9234
1 3 9			0.0853031970124	-4.25681316695		3.61572206494		0.312997436771		61.467275104		0.2622
0 6 8			0.019036027781	-4.23777713916		3.57765000938		0.312997436771		64.3977001688		0.7694
3 1 9			0.0892434372799	-4.14853370188		3.39916313482		0.312930565121		64.5840995615		0.36
7 3 1			0.0319536012722	-4.11658010061		3.33525593227		0.312910978572		66.7051186454		0.5095
4 2 8			-1.06104700344	-5.17762710405		4.39630293571		0.312945221283		92.32236165		0.7605
1 7 1			-0.0693331618454	-5.2469602659		4.46563609756		0.312915907437		98.2439941463		0.5219
0 6 16			-1.21589589765	-6.46285616355		5.68153199521		0.31312404988		130.67523589		0.4825
7 1 1			0.00816017370197	-6.45469598985		5.66521164781		0.313093631512		135.965079547		0.5207
5 1 1			-0.0293598664931	-6.48405585634		5.6945715143		0.313042983153		142.364287857		0.5346
2 4 2			0.000507136115075	-6.48354872023		5.69355724207		0.313004148527		148.032488294		0.3828
1 5 1			-0.0385705370023	-6.52211925723		5.73212777907		0.312953188105		154.767450035		0.4978
0 2 10			0.10223598582	-6.41988327141		5.52765580743		0.312928660819		154.774362608		0.4317
3 3 15			0.0802440275132	-6.33963924389		5.3671677524		0.313101990846		155.64786482		0.3402
2 0 16			-0.432668198176	-6.77230744207		5.79983595058		0.313344667892		173.995078517		0.5935
3 3 9			0.0934662314751	-6.67884121059		5.61290348763		0.31334250681		174.000008116		0.3816
4 2 2			0.0093507325861	-6.66949047801		5.59420202246		0.313295020928		179.014464719		0.457
6 0 0			0.0140658466549	-6.65542463135		5.56607032915		0.313294973848		183.680320862		0.7256
0 2 16			-0.219919903297	-6.87534453465		5.78599023244		0.313584764573		196.723667903		1.8687
5 3 1			-0.0660810552968	-6.94142558995		5.85207128774		0.313530626867		204.822495071		0.5252
4 4 4			-0.310737537599	-7.25216312755		6.16280882534		0.31287391561		221.861117712		0.8476
3 3 1			-0.0365340392083	-7.28869716675		6.19934286455		0.312749248354		229.375685988		0.5106
0 0 10			-0.101974745082	-7.39067191184		6.30131760963		0.314074011272		239.450069166		0.8316
3 5 1			-0.0326686848714	-7.42334059671		6.3339862945		0.314033916293		247.025465486		0.5283
6 2 10			-0.0573331319203	-7.48067372863		6.39131942642		0.314727019968		255.652777057		0.7103
2 6 10			-0.00871087402911	-7.48938460266		6.40003030045		0.315198624543		262.401242318		0.7069
0 4 10			0.00178241457552	-7.48760218808		6.3964654713		0.315588444762		268.651549795		0.9893
4 0 10			0.017786462802	-7.46981572528		6.3608925457		0.315871849494		273.518379465		0.6243
4 4 10			0.0406254674191	-7.42919025786		6.27964161086		0.316061662916		276.304230878		0.6886
2 2 10			0.0297454463593	-7.3994448115		6.22015071814		0.316262926273		279.906782316		0.6429
0 6 14			-0.0979044472569	-7.49734925876		6.3180551654		0.316367939149		290.630537608		0.9096
0 0 4			-0.21079178972	-7.70814104848		6.52884695512		0.316260904272		306.85580689		0.8482
4 0 4			-0.263818812093	-7.97195986057		6.79266576721		0.316138352952		326.047956826		1.2165
2 6 4			-0.224586124315	-8.19654598489		7.01725189152		0.316010329695		343.845342685		0.8772
0 4 4			-0.223315491261	-8.41986147615		7.24056738279		0.315877541739		362.028369139		0.8482
2 2 4			-0.245900687615	-8.66576216376		7.4864680704		0.31574186628		381.80987159		0.7551
6 0 2			0.0527879088061	-8.61297425496		7.38089225279		0.31574186628		383.806397145		0.2214
6 2 4			-0.187749466728	-8.80072372168		7.56864171952		0.315594289004		401.138011134		0.8727
1 1 15			-0.0792627082027	-8.87998642989		7.64790442772		0.315753627564		412.986839097		0.656
3 1 15			0.058411650914	-8.82157477897		7.53108112589		0.315866166034		414.209461924		0.2871
2 0 10			0.062102618756	-8.75947216022		7.40687588838		0.315803734888		414.785049749		0.6169
0 6 0			0.00796110446054	-8.75151105576		7.39095367946		0.315803734888		421.284359729		1.4277
0 4 20			0.0457820496975	-8.70572900606		7.29938958006		0.315590223793		423.364595644		1.027
3 1 1			-0.089865282664	-8.79559428872		7.38925486273		0.315564137709		435.966036901		0.5239
1 3 1			-0.091204767179	-8.8867990559		7.48045962991		0.315538573274		448.827577794		0.5324
3 5 9			0.0590738810078	-8.82772517489		7.36231186789		0.315572122559		449.101023941		0.4755
0 6 10			0.0144814496329	-8.81324372526		7.33334896862		0.315840578585		454.667636055		0.8527
1 3 13			-0.849389749141	-9.6626334744		8.18273871777		0.316910824659		515.512539219		0.3907
5 1 13			-0.720743788667	-10.3833772631		8.90348250643		0.317786072026		569.822880412		0.4567
3 1 13			-0.529989901651	-10.9133671647		9.43347240808		0.318453647692		613.175706525		0.3869
1 1 13			-0.485157043995	-11.3985242087		9.91862945208		0.319058141553		654.629543837		0.3722
1 5 13			-0.311523726982	-11.7100479357		10.2301531791		0.319511161507		685.420262997		1.1973
5 3 9			0.0747008673859	-11.6353470683		10.0807514443		0.319511161507		685.491098212		0.4833
3 3 13			-0.508798544788	-12.1441456131		10.5895499891		0.320065337237		730.678949246		0.5636
1 5 9			0.0441819164655	-12.0999636966		10.5011861561		0.320003279625		735.08303093		0.4394
5 1 9			0.0518811785656	-12.0480825181		10.397423799		0.319948757056		738.21708973		0.4583
0 2 12			-0.0409823605204	-12.0890648786		10.4384061595		0.319737611302		751.565243486		0.3827
1 1 1			-0.0934843103251	-12.1825491889		10.5318904699		0.319728286593		768.8280043		0.5749
2 4 8			-0.121877697304	-12.3044268862		10.6537681672		0.319815687283		788.37884437		0.1687
2 0 12			-0.0553050737278	-12.3597319599		10.7090732409		0.319595675329		803.180493067		0.8079
0 0 20			0.0641738231294	-12.2955581368		10.5807255946		0.319571867724		804.135145192		0.4542
0 2 8			-0.974845456368	-13.2704035932		11.555571051		0.319829034945		889.778970927		0.1155
4 2 12			-0.393340920525	-13.6637445137		11.9489119715		0.319328835268		932.015133779		0.2244
2 4 0			-0.0235637744268	-13.6873082881		11.972475746		0.319328835268		945.82558393		1.4359
6 4 4			-0.159499096309	-13.8468073844		12.1319748423		0.319328835268		970.557987381		0.6669
0 2 2			-0.0961432429892	-13.9429506274		12.2281180852		0.319319831247		990.477564905		0.4614
1 3 3			-0.0958662411018	-14.0388168685		12.3239843264		0.319327690237		1010.56671476		0.7045
4 2 0			-0.00585475777002	-14.0446716263		12.3298390841		0.319327690237		1023.37664398		0.9287
2 0 8			-0.96381133835	-15.0084829647		13.2936504225		0.319596819956		1116.66663549		0.1665
2 4 12			-0.304792452868	-15.3132754175		13.5984428753		0.319123857685		1155.8676444		0.2205
0 6 2			0.063918848742	-15.2493565688		13.4706051779		0.319123794944		1158.4720453		0.2356
1 7 7			-0.119600319197	-15.368956888		13.5902054971		0.319331239155		1182.34787824		0.4353
4 6 4			-0.120106016235	-15.4890629042		13.7103115133		0.319331239155		1206.50741317		1.0731
6 0 12			-0.827022895076	-16.3160857993		14.5373344084		0.31837209253		1293.82276234		0.5892
4 0 12			-0.0262492531653	-16.3423350525		14.5635836615		0.318508222675		1310.72252954		2.7435
6 4 6			0.0425170411	-16.2998180114		14.4785495793		0.318473787773		1317.54801172		0.9247
2 0 2			-0.049797104203	-16.3496151156		14.5283466835		0.318464029467		1336.60789488		0.6502
1 1 9			0.00261425401422	-16.3470008615		14.5231181755		0.318315868784		1350.64999032		0.2216
0 2 20			-0.0178724539647	-16.3648733155		14.5409906295		0.317976214782		1366.85311917		0.4494
0 6 4			-0.184178618804	-16.5490519343		14.7251692483		0.31796998125		1398.89107859		0.6675
0 6 6			0.076386094043	-16.4726658403		14.5723970602		0.31796998125		1398.95011778		1.0147
6 0 6			0.0743949823108	-16.398270858		14.4236070956		0.317961757286		1399.08988827		1.0815
0 0 14			-0.456179444885	-16.8544503028		14.8797865404		0.317961757286		1458.21908096		0.8389
1 5 11			-1.59212346515	-18.446573768		16.4719100056		0.317964765278		1630.71909055		1.8219
6 0 4			-0.153094006555	-18.5996677745		16.6250040122		0.317964765278		1662.50040122		0.7069
1 1 3			0.0169230069585	-18.5827447676		16.5911579982		0.317964765278		1675.70695782		0.4514
0 0 22			0.0709804811939	-18.5117642864		16.4491970358		0.317964765278		1677.81809766		2.2765
4 2 6			0.0755955705903	-18.4361687158		16.2980058947		0.317981778675		1678.69460715		1.6049
5 5 3			-0.0327985881716	-18.468967304		16.3308044828		0.317989676206		1698.40366622		0.8107
6 2 8			-1.63520307646	-20.1041703804		17.9660075593		0.318007805985		1886.43079373		3.3751
7 3 3			0.00151587115963	-20.1026545093		17.962975817		0.318015108382		1904.0754366		1.9283
2 4 6			0.0778029182757	-20.024851591		17.8073699804		0.318026747521		1905.38858791		0.785
2 2 6			-2.90829350796	-22.933145099		20.7156634884		0.318132254031		2237.29165675		8.3224
3 7 3			0.00773782652453	-22.9254072724		20.7001878353		0.31814247434		2256.32047405		0.8954
2 4 4			-0.276851579369	-23.2022588518		20.9770394147		0.31814247434		2307.47433562		0.8182
2 2 14			-0.571667440028	-23.7739262918		21.5487068547		0.31814247434		2391.90646088		1.0835
4 2 4			-0.261014446781	-24.0349407386		21.8097213015		0.31814247434		2442.68878577		0.7624
0 4 14			-0.704844305114	-24.7397850437		22.5145656066		0.318133052998		2544.14591355		1.2337
4 6 0			0.098564586045	-24.6412204577		22.3174364345		0.318133052998		2544.18775354		0.7863
1 5 3			0.00912610499384	-24.6320943527		22.2991842246		0.31814000425		2564.40618582		0.9511
3 3 3			0.00665525496514	-24.6254390977		22.2858737146		0.318149188327		2585.1613509		0.8081
5 1 3			0.00205474690771	-24.6233843508		22.2817642208		0.318160724806		2606.96641383		0.9592
3 1 3			0.00407992383938	-24.619304427		22.2736043731		0.318166590374		2628.28531603		1.2003
0 4 16			0.0860859999526	-24.533218427		22.1014323732		0.318204594021		2630.07045241		1.5557
2 0 0			-0.202151806729	-24.7353702338		22.30358418		0.318204594021		2676.43010159		2.02
4 4 12			0.0819792019355	-24.6533910318		22.1396257761		0.318264989903		2678.89471891		1.9475
0 2 0			-0.207705200752	-24.8610962326		22.3473309768		0.318264989903		2726.37437917		1.4407
5 3 3			-0.0795323825098	-24.9406286151		22.4268633593		0.318273573061		2758.5041932		0.9351
4 0 14			-0.659150513053	-25.5997791281		23.0860138724		0.31827136625		2862.66572018		1.986
0 2 22			0.0183126640335	-25.5814664641		23.0493885443		0.318262912024		2881.17356804		1.8317
1 7 3			-0.0076901929595	-25.5891566571		23.0570787373		0.318269938844		2905.1919209		0.9932
2 2 16			0.0906456508003	-25.4985110063		22.8757874357		0.318269938844		2905.22500433		1.1693
7 1 3			-0.0145992159091	-25.5131102222		22.8903866516		0.318283937571		2929.9694914		1.4031
3 5 3			-0.0588502070659	-25.5719604292		22.9492368587		0.318296029359		2960.45155477		0.9259
7 3 5			-0.298812680388	-25.8707731096		23.248049539		0.31831476451		3022.24644008		1.0496
3 7 5			-0.304279943568	-26.1750530532		23.5523294826		0.318333792816		3085.35516222		1.0548
0 0 16			0.0888311838617	-26.0862218693		23.3746671149		0.318324546346		3085.45605917		1.3342
1 7 5			-0.391258670792	-26.4774805401		23.7659257857		0.318339272074		3160.8681295		1.0841
0 2 6			0.0234295197216	-26.4540510204		23.7190667462		0.318369709371		3178.354944		1.1672
7 1 5			-0.376001563896	-26.8300525843		24.0950683101		0.318387854649		3252.83422187		1.5264
2 0 6			0.0297566843257	-26.8002959		24.0355549415		0.318420870342		3268.83547204		1.6278
0 4 12			0.0255586589589	-26.774737241		23.9844376236		0.318536617074		3285.86795443		1.4889
5 5 5			-0.35779184945	-27.1325290905		24.342229473		0.318556914614		3359.22766728		1.5862
0 0 2			-0.406280854958	-27.5388099454		24.748510328		0.318556963195		3440.04293559		1.161
6 4 0			0.0883427460084	-27.4504671994		24.571824836		0.318559402133		3440.05547703		1.8287
5 1 5			-0.537029267476	-27.9874964669		25.1088541034		0.318571808427		3540.34842858		1.1901
3 5 5			-0.545410209979	-28.5329066769		25.6542643134		0.318590867805		3642.9055325		1.2751
2 0 4			-0.454707878679	-28.9876145555		26.1089721921		0.318590867805		3733.58302347		1.3874
0 2 4			-0.452668725801	-29.4402832813		26.5616409179		0.318607630734		3824.87629218		1.326
0 2 18			0.0463115398531	-29.3939717415		26.4690178382		0.318332527979		3838.00758654		0.3755
0 6 18			0.0540843088474	-29.3398874326		26.3608492205		0.31810518678		3848.68398619		0.7949
0 0 18			0.0636435333981	-29.2762438992		26.2335621537		0.317955741097		3856.33363659		0.6609
1 5 5			-0.503455879871	-29.7796997791		26.7370180336		0.317969016021		3957.07866897		1.8923
6 2 2			-0.51248014817	-30.2921799273		27.2494981817		0.3179769431		4060.17522908		3.3001
5 3 5			-0.505896377808	-30.7980763051		27.7553945595		0.317992234105		4163.30918393		2.2247
3 3 5			-0.59377542445	-31.3918517295		28.349169984		0.318007807586		4280.72466758		1.3995
2 2 2			-0.475625678662	-31.8674774082		28.8247956627		0.318013247392		4381.36894072		1.1162
2 2 12			-0.0344675800481	-31.9019449883		28.8592632427		0.318137770702		4415.46727613		1.9766
4 4 2			-0.46659202811	-32.3685370164		29.3258552708		0.318145139118		4516.18171171		1.2125
4 0 2			-0.500253446962	-32.8687904633		29.8261087178		0.318152876832		4623.04685126		1.7854
2 6 2			-0.464900811995	-33.3336912753		30.2910095298		0.318161220814		4725.39748664		1.2892
0 4 2			-0.483213160966	-33.8169044363		30.7742226907		0.318161220814		4831.55296245		3.2657
0 0 12			-0.171813598453	-33.9887180347		30.9460362892		0.318314121874		4889.47373369		3.2426
2 2 8			-0.984193829231	-34.972911864		31.9302301184		0.318320998589		5076.90658883		1.8488
1 3 5			-0.746249534765	-35.7191613987		32.6764796532		0.318339072808		5228.23674451		3.1323
1 3 7			-0.0559610345846	-35.7751224333		32.7324406878		0.318517100647		5269.92295073		0.1893
3 5 7			-0.0115919312873	-35.7867143646		32.7440326191		0.318669021749		5304.53328429		0.2309
7 1 7			-0.00428906951635	-35.7910034341		32.7483216886		0.31881475645		5337.97643524		0.3505
1 1 7			-0.0501356707069	-35.8411391048		32.7984573593		0.318972312735		5378.94700692		0.2012
3 1 7			-0.0375538938635	-35.8786929987		32.8360112531		0.319122888474		5417.94185677		0.257
1 5 7			-0.0278402433233	-35.906533242		32.8638514965		0.319268328199		5455.39934841		0.6035
5 3 7			0.00311126893126	-35.9034219731		32.8576289586		0.319393829763		5487.22403609		0.2523
5 5 7			-0.0784232817785	-35.9818452549		32.9360522404		0.319552913381		5533.25677639		0.6639
5 1 7			-0.0117005096766	-35.9935457645		32.9477527501		0.319679383152		5568.17021476		0.2609
3 3 7			-0.104852610628	-36.0983983752		33.0526053607		0.319850926205		5618.94291132		0.1558
4 0 6			-1.28496041063	-37.3833587858		34.3375657713		0.319895996288		5871.7237469		5.3963
3 1 5			-0.653543167323	-38.0369019531		34.9911089386		0.319907771437		6018.47073745		2.8985
3 5 11			-0.784649130607	-38.8215510837		35.7757580693		0.319911091903		6189.20614598		1.8915
5 1 11			-0.779371811133	-39.6009228949		36.5551298804		0.319913593405		6360.59259919		3.2753
3 3 11			-0.989915859261	-40.5908387541		37.5450457396		0.31991991853		6570.38300444		2.1204
5 3 11			-0.744116766653	-41.3349555208		38.2891625063		0.31991991853		6738.89260111		1.8677
0 0 8			-0.684836152913	-42.0197916737		38.9739986592		0.319926861354		6898.39776268		2.1948
4 4 8			-0.831963314545	-42.8517549882		39.8059619738		0.319936751663		7085.46123133		3.9407
0 4 8			-0.894867106593	-43.7466220948		40.7008290803		0.319948415803		7285.44840538		4.1351
6 2 0			-1.34157753164	-45.0881996265		42.042406612		0.319947560933		7567.63319016		4.3933
1 1 17			-0.854762653195	-45.9429622797		42.8971692652		0.319908689773		7764.387637		2.447
1 1 5			-0.814192587003	-46.7571548667		43.7113618522		0.319928758285		7955.4678571		1.9661
4 4 6			-0.642802032183	-47.3999568988		44.3541638844		0.319969703088		8116.81199084		4.3817
2 6 8			-0.757280599508	-48.1572374984		45.1114444839		0.319979915031		8300.50578503		4.3291
6 2 6			-0.47902607844	-48.6362635768		45.5904705623		0.32001858795		8434.23705403		3.9921
2 6 6			-0.480717259795	-49.1169808366		46.0711878221		0.320056208762		8569.24093491		5.383
4 0 8			-0.869107918112	-49.9860887547		46.9402957402		0.320064875059		8777.83530342		2.9483
3 1 11			-1.0706003878	-51.0566891425		48.010896128		0.32006819715		9026.04847207		2.3814
1 1 11			-1.43619098899	-52.4928801315		49.447087117		0.32006819715		9345.49946512		2.144
1 3 11			-1.07682019716	-53.5697003287		50.5239073142		0.320085616595		9599.54238969		2.4293
2 6 0			-1.17824523882	-54.7479455675		51.702152553		0.320085616595		9875.11113762		4.3567
0 4 6			-1.01603693239	-55.7639824999		52.7181894854		0.320131797412		10121.8923812		3.7688
4 4 0			-1.41688738992	-57.1808698898		54.1350768753		0.320131797412		10448.0698369		4.9852
0 0 6			-1.54319715624	-58.724067046		55.6782740315		0.320185652149		10801.5851621		7.4326
4 0 0			-2.15573888388	-60.8798059299		57.8340129154		0.320185652149		11277.6325185		8.3901
0 4 0			-2.27899907521	-63.1588050051		60.1130119906		0.320185652149		11782.1503502		6.137
2 2 0			-2.99291682402	-66.1517218291		63.1059288146		0.320185652149		12431.8679765		11.1953