HKL Value		Reward		TotalReward	Chi Squared	Z Appr. 	Error	Two-Thetas	Sfs2
1 1 15			0.0		0.0		0.0		0.3	0.656	61.3839959686	20.6242
0 4 2			0.0		0.0		27.22		0.47426	3.2657	36.5744795411	137.7475
1 5 1			2.43		2.43		22.35		0.47422	0.4978	46.196563203	27.3004
0 0 8			-22.18		-19.75		44.54		0.5	2.1948	30.8548203523	183.9052
5 5 3			0.23		-19.52		44.08		0.5	0.8107	66.8760743485	64.1048
2 2 2			1.67		-17.85		40.73		0.5	1.1162	26.2109248846	125.5642
0 6 0			2.85		-15.0		35.02		0.5	1.4277	54.7714555341	59.4019
3 5 5			-10.28		-25.28		45.31		0.5	1.2751	56.9624934876	133.7285
2 2 14			1.54		-23.74		42.23		0.5	1.0835	61.7979105177	101.9829
5 1 5			-6.84		-30.58		49.07		0.5	1.1901	50.2495039981	127.1383
2 4 8			1.83		-28.75		45.41		0.5	0.1687	51.4325245866	2.4593
2 6 6			-7.09		-35.84		52.5		0.5	5.383	63.2392339525	346.2148
2 2 6			-21.59		-57.43		74.09		0.5	8.3224	34.2684003079	615.2447
2 0 12			-0.1		-57.52		74.18		0.5	0.8079	50.6101057273	16.6151