HKL Value		Reward	TotalReward	Chi Squared Value	Z Coordinate Approximation		dx
2 0 14			0	0		0		0.3		0		0.2634
2 4 10			-0.0254582608929	-0.0254582608929		0.0254582608929		0.280748798187		0.0254582608929		0.607
4 2 10			0.00518107251859	-0.0202771883743		0.0150961158557		0.280629237807		0.0301922317114		1.1102
4 6 2			-0.0417879085483	-0.0620650969226		0.056884024404		0.280667671794		0.170652073212		0.2349
6 4 2			-0.0887778140371	-0.15084291096		0.145661838441		0.280735892978		0.582647353765		0.2211
0 2 14			-0.00395723518226	-0.154800146142		0.149619073623		0.28041500232		0.748095368117		0.2479
1 3 15			0.00115562033808	-0.153644525804		0.147307832947		0.280881350568		0.883846997684		0.2862
9 1 1			0.0100433777168	-0.143601148087		0.127221077514		0.280876313824		0.890547542595		0.8793
5 5 1			0.00240504697858	-0.141196101109		0.122410983556		0.280858736744		0.979287868451		0.5073
3 7 1			-0.01029793185	-0.151494032958		0.132708915406		0.280831228215		1.19438023866		1.2822
7 3 1			-0.00646324748915	-0.157957280448		0.139172162896		0.280804837758		1.39172162896		0.5095
6 0 10			-0.0387520164035	-0.196709296851		0.177924179299		0.280394669322		1.95716597229		1.0728
6 0 2			-0.024249090058	-0.220958386909		0.202173269357		0.280378084907		2.42607923228		0.2214
2 4 14			-0.100816240035	-0.321774626944		0.302989509392		0.280663640042		3.93886362209		0.5221
4 2 14			-0.0931796494725	-0.414954276416		0.396169158864		0.280928854391		5.5463682241		1.2576
4 2 0			-0.82758400416	-1.24253828058		1.22375316302		0.280928854391		18.3562974454		0.9287
1 3 9			0.00769034694969	-1.23484793363		1.20837246912		0.280886849626		19.333959506		0.2622
3 1 9			-0.0317376264044	-1.26658556003		1.24011009553		0.280836482252		21.081871624		0.36
3 1 15			0.0310523567806	-1.23553320325		1.17800538197		0.281016370262		21.2040968754		0.2871
6 0 8			-0.0690847112029	-1.30461791445		1.24709009317		0.280968225397		23.6947117702		2.9234
4 2 8			0.00818464590897	-1.29643326854		1.23072080135		0.280995516414		24.6144160271		0.7605
0 6 8			-0.0706797786122	-1.36711304716		1.30140057997		0.280941219517		27.3294121793		0.7694
7 1 1			-0.0326213388655	-1.39973438602		1.33402191883		0.280902027615		29.3484822143		0.5207
4 2 2			-0.0454218832139	-1.44515626924		1.37944380204		0.280877695574		31.727207447		0.457
1 7 1			-0.0454756992199	-1.49063196846		1.42491950126		0.280836705264		34.1980680303		0.5219
0 6 16			0.00776337704967	-1.48286859141		1.40939274717		0.280849954777		35.2348186791		0.4825
2 4 2			-0.0582494771739	-1.54111806858		1.46764222434		0.280824208369		38.1586978328		0.3828
1 5 1			-0.059410004676	-1.60052807326		1.52705222902		0.280778037729		41.2304101834		0.4978
5 1 1			-0.0458378942546	-1.64636596751		1.57289012327		0.280739996363		44.0409234516		0.5346
2 6 10			0.0153512888879	-1.63101467862		1.54218754549		0.280484729415		44.7234388193		0.7069
0 2 10			-0.0607367918318	-1.69175147045		1.60292433733		0.280816183067		48.0877301198		0.4317
1 5 7			-11.9573360701	-13.6490875406		13.5602604075		0.277057272683		420.368072632		0.6035
3 3 15			-0.0549569476183	-13.7040444882		13.6152173551		0.279465903058		435.686955363		0.3402
0 6 10			0.203461348498	-13.5005831397		13.2082946581		0.279380950238		435.873723717		0.8527
2 2 10			0.194009100349	-13.3065740394		12.8202764574		0.279356197368		435.889399551		0.6429
3 3 1			0.135621628921	-13.1709524104		12.5490331996		0.279323678263		439.216161984		0.5106
4 4 10			0.173950910849	-12.9970014996		12.2011313779		0.279356271405		439.240729603		0.6886
4 0 10			0.164162879256	-12.8328386203		11.8728056193		0.279314118748		439.293807916		0.6243
3 5 1			0.112986181556	-12.7198524388		11.6468332562		0.279290466259		442.579663737		0.5283
0 4 10			0.147801932748	-12.572050506		11.3512293907		0.27923072011		442.697946239		0.9893
6 2 10			0.140272745661	-12.4317777604		11.0706838994		0.279173884548		442.827355976		0.7103
0 0 10			0.134221136276	-12.2975566241		10.8022416269		0.279141447185		442.891906701		0.8316
5 3 1			0.0845271639246	-12.2130294602		10.633187299		0.279120124822		446.593866558		0.5252
2 0 10			0.0732441025342	-12.1397853576		10.4866990939		0.279291715849		450.928061039		0.6169
6 0 0			0.0661436972213	-12.0736416604		10.3544116995		0.279291715849		455.594114778		0.7256
0 2 16			0.0558588834296	-12.017782777		10.2426939326		0.2793365826		460.921226969		1.8687
2 0 16			0.0674103185462	-11.9503724584		10.1078732955		0.279375656466		464.962171595		0.5935
0 6 2			0.0999301133491	-11.8504423451		9.90801306885		0.279369392926		465.676614236		0.2356
3 5 9			-0.00153349592359	-11.851975841		9.90954656477		0.279358099199		475.658235109		0.4755
2 4 8			0.091795433618	-11.7601804074		9.72595569754		0.279358099199		476.571829179		0.1687
0 6 14			0.0552511327884	-11.7049292746		9.61545343196		0.27949682401		480.772671598		0.9096
0 0 4			0.091666421658	-11.613262853		9.43212058864		0.27951736386		481.038150021		0.8482
4 4 4			0.0906028501182	-11.5226600028		9.25091488841		0.27951736386		481.047574197		0.8476
6 2 4			0.0851816150835	-11.4374783878		9.08055165824		0.279539204805		481.269237887		0.8727
2 6 4			0.0821462195327	-11.3553321682		8.91625921917		0.279557831519		481.477997835		0.8772
0 4 4			0.0798514617878	-11.2754807064		8.7565562956		0.279571742801		481.610596258		0.8482
2 2 4			0.0781842420074	-11.1972964644		8.60018781158		0.279571723097		481.610517449		0.7551
0 6 0			0.0184287529097	-11.1788677115		8.56333030576		0.279571723097		488.109827429		1.4277
4 0 4			0.0733045121133	-11.1055631994		8.41672128154		0.279571723097		488.169834329		1.2165
5 1 13			0.0366081071589	-11.0689550922		8.34350506722		0.279687567163		492.266798966		0.4567
1 3 1			0.00975045892525	-11.0592046333		8.32400414937		0.27966422947		499.440248962		0.5324
1 3 13			0.0334142677907	-11.0257903655		8.25717561379		0.279774394448		503.687712441		0.3907
3 3 13			0.0451840077973	-10.9806063577		8.16680759819		0.279875018079		506.342071088		0.5636
2 0 8			0.0646630740714	-10.9159432837		8.03748145005		0.279875018079		506.361331353		0.1665
1 1 13			0.032901116241	-10.8830421674		7.97167921757		0.279997048372		510.187469924		0.3722
1 5 13			0.0256219061933	-10.8574202612		7.92043540518		0.280122432798		514.828301337		1.1973
6 4 4			-0.0680491360615	-10.9254693973		7.98848454124		0.280055664167		527.239979722		0.6669
3 1 13			0.0287245739394	-10.8967448233		7.93103539336		0.280174813013		531.379371355		0.3869
3 1 1			0.00660868474274	-10.8901361386		7.91781802388		0.280154846335		538.411625624		0.5239
1 1 15			0.0161808476987	-10.8739552909		7.88545632848		0.279885887075		544.096486665		0.656
0 4 20			-0.00918023457774	-10.8831355255		7.89463656306		0.280064667831		552.624559414		1.027
0 2 8			0.0553894371614	-10.8277460883		7.78385768874		0.280076471663		552.6538959		0.1155
0 0 20			0.0465501190763	-10.7811959692		7.69075745058		0.280150708515		553.734536442		0.4542
3 3 9			0.023759347235	-10.757436622		7.64323875611		0.280140542743		557.956429196		0.3816
2 4 12			0.0399361607732	-10.7175004612		7.56336643457		0.280088642963		559.689116158		0.2205
2 0 12			0.00327532925953	-10.714225132		7.55681577605		0.279940771368		566.761183204		0.8079
5 3 9			-0.0456425552616	-10.7598676872		7.60245833131		0.279922642619		577.78683318		0.4833
2 4 6			-0.420084043141	-11.1799517304		8.02254237445		0.280097706453		617.735762833		0.785
4 2 12			0.0407383564391	-11.1392133739		7.94106566157		0.280047982987		619.403121603		0.2244
0 2 12			0.00142916732285	-11.1377842066		7.93820732693		0.279891102187		627.118378827		0.3827
1 5 9			-0.0302079340199	-11.1679921406		7.96841526095		0.279878803924		637.473220876		0.4394
1 1 1			-0.0217545239368	-11.1897466646		7.99016978488		0.279843428034		647.203752576		0.5749
5 1 9			-0.0414261634072	-11.231172828		8.03159594829		0.279832892493		658.59086776		0.4583
4 6 0			0.0481319535909	-11.1830408744		7.93533204111		0.279832871161		658.632559412		0.7863
6 0 12			0.0463060872297	-11.1367347872		7.84271986665		0.279821705692		658.788468799		0.5892
4 6 4			-0.046447842393	-11.1831826296		7.88916770904		0.279741836523		670.579255269		1.0731
2 0 2			-0.0534281123304	-11.2366107419		7.94259582137		0.27971971531		683.063240638		0.6502
0 6 12			0.0426632341091	-11.1939475078		7.85726935316		0.279699517746		683.582433725		0.3425
0 2 2			-0.0595040242856	-11.2534515321		7.91677337744		0.279675642477		696.676057215		0.4614
2 4 0			-0.0662210873461	-11.3196726194		7.98299446479		0.279675642477		710.486507366		1.4359
6 4 6			-0.117046093341	-11.4367187128		8.10004055813		0.279846221529		729.003650232		0.9247
5 5 3			-0.289773026813	-11.7264917396		8.38981358494		0.279949612206		763.47303623		0.8107
1 1 9			-0.085980086494	-11.8124718261		8.47579367144		0.280080870649		779.773017772		0.2216
4 6 6			-0.103928353709	-11.9164001798		8.57972202514		0.280262074658		797.914148338		1.1903
4 4 2			-1.03954406168	-12.9559442414		9.61926608682		0.280286241982		904.211012161		1.2125
0 2 20			-0.129378647011	-13.0853228885		9.74864473383		0.281955051633		926.121249714		0.4494
0 6 4			-0.0692571026492	-13.1545799911		9.81790183648		0.281881482559		942.518576302		0.6675
6 4 0			0.0505407026173	-13.1040392885		9.71682043125		0.281881482559		942.531581831		1.8287
6 0 4			-0.0654534248613	-13.1694927133		9.78227385611		0.281798389092		958.662837899		0.7069
0 6 6			-0.14586329749	-13.3153560108		9.9281371536		0.28190779946		982.885578206		1.0147
6 0 6			-0.134287319373	-13.4496433302		10.062424473		0.282019640641		1006.2424473		1.0815
0 0 14			-0.0443301025808	-13.4939734328		10.1067545756		0.282181656696		1020.78221213		0.8389
1 1 3			-0.116868715989	-13.6108421488		10.2236232915		0.282212291985		1042.80957574		0.4514
2 2 14			-0.120526383765	-13.7313685325		10.3441496753		0.282393104052		1065.44741656		1.0835
0 0 22			-0.176616002946	-13.9079845355		10.5207656783		0.281451349794		1094.15963054		2.2765
7 3 3			-0.209377119561	-14.1173616551		10.7301427978		0.281521432495		1126.66499377		1.9283
4 2 6			-0.244568240078	-14.3619298951		10.9747110379		0.28165985025		1163.31937002		1.6049
0 4 14			-0.164286936496	-14.5262168316		11.1389979744		0.281853027194		1191.87278326		1.2337
1 3 3			-0.215094907805	-14.7413117394		11.3540928822		0.281918046002		1226.24203128		0.7045
3 7 3			-0.206942636246	-14.9482543757		11.5610355184		0.281990195589		1260.15287151		0.8954
3 3 3			-0.217140773768	-15.1653951494		11.7781762922		0.2820650717		1295.59939214		0.8081
2 4 4			-0.220311611686	-15.3857067611		11.9984879039		0.281994119552		1331.83215733		0.8182
3 1 3			-0.209491315606	-15.5951980767		12.2079792195		0.282058788063		1367.29367258		1.2003
0 0 6			-4.39606456417	-19.9912626409		16.6040437837		0.282552241171		1876.25694755		7.4326
1 5 3			-0.1734360409	-20.1646986818		16.7774798246		0.282633083001		1912.6327		0.9511
4 0 14			-0.108772515047	-20.2734711969		16.8862523396		0.28277578473		1941.91901906		1.986
4 2 4			-0.167252798826	-20.4407239957		17.0535051384		0.282710198439		1978.20659606		0.7624
5 1 3			-0.180447528319	-20.621171524		17.2339526668		0.282785081937		2016.37246201		0.9592
0 0 18			-1.00215778158	-21.6233293056		18.2361104483		0.285024184631		2151.8610329		0.6609
1 7 3			-0.175730207579	-21.7990595132		18.4118406559		0.285088836699		2191.00903805		0.9932
7 1 3			-0.17942452577	-21.9784840389		18.5912651817		0.285167053303		2230.9518218		1.4031
2 0 0			-0.229490776852	-22.2079748158		18.8207559585		0.285167053303		2277.31147098		2.02
0 2 0			-0.234909051716	-22.4428838675		19.0556650103		0.285167053303		2324.79113125		1.4407
0 4 16			-0.285935303052	-22.7288191705		19.3416003133		0.285337751339		2379.01683854		1.5557
6 2 0			-2.11971419415	-24.8485333647		21.4613145075		0.285337723875		2661.20299892		4.3933
0 2 22			-0.361337746079	-25.2098711108		21.8226522535		0.284819636017		2727.83153169		1.8317
5 3 3			-0.200809197316	-25.4106803081		22.0234614508		0.284884712498		2774.95614281		0.9351
4 4 12			-0.304338863944	-25.715019172		22.3278003148		0.284638453029		2835.63063998		1.9475
3 5 3			-0.180401595719	-25.8954207677		22.5082019105		0.284711403654		2881.04984455		0.9259
7 3 5			-0.314595309962	-26.2100160777		22.8227972205		0.28466514004		2944.14084144		1.0496
2 2 16			-0.330811267046	-26.5408273448		23.1536084875		0.284849284327		3009.96910338		1.1693
3 7 5			-0.315421008759	-26.8562483535		23.4690294963		0.284812757437		3074.44286401		1.0548
0 0 16			-0.361906571205	-27.2181549247		23.8309360675		0.285026683669		3145.68356091		1.3342
5 5 5			-0.385807071099	-27.6039619958		24.2167431386		0.284979971648		3220.82683743		1.5862
7 1 5			-0.384122357567	-27.9880843534		24.6008654961		0.284928432213		3296.51597648		1.5264
1 7 5			-0.385089500521	-28.3731738539		24.9859549967		0.284880542747		3373.10392455		1.0841
0 2 6			-0.364152518513	-28.7373263724		25.3501075152		0.285133513584		3447.61462206		1.1672
4 0 12			-0.490224574008	-29.2275509464		25.8403320892		0.284842494525		3540.12549622		2.7435
0 4 12			-0.481153768944	-29.7087047154		26.3214858581		0.284477507458		3632.36504842		1.4889
2 0 6			-0.335097203944	-30.0438019193		26.6565830621		0.28477170907		3705.26504563		1.6278
0 0 2			-0.392501876077	-30.4363037954		27.0490849382		0.28477170907		3786.87189134		1.161
2 0 4			-0.386534482742	-30.8228382781		27.4356194209		0.284695078196		3868.42233835		1.3874
1 5 5			-0.523002897813	-31.3458411759		27.9586223187		0.284644647809		3970.12436926		1.8923
5 1 5			-0.514135872835	-31.8599770488		28.4727581915		0.284580997769		4071.60442139		1.1901
0 2 4			-0.372014920938	-32.2319919697		28.8447731125		0.284480000968		4153.6473282		1.326
5 3 5			-0.519965462463	-32.7519574322		29.3647385749		0.284409188021		4257.88709337		2.2247
0 6 18			-0.801932731725	-33.5538901639		30.1666713067		0.288357167703		4404.33401077		0.7949
0 2 18			-0.260841079676	-33.8147312436		30.4275123863		0.289540927342		4472.84432079		0.3755
3 5 5			-0.508555107466	-34.3232863511		30.9360674938		0.289530057575		4578.53798908		1.2751
0 4 18			-0.39677483823	-34.7200611893		31.332842332		0.290508899693		4668.59350747		0.8369
3 3 5			-0.595902763911	-35.3159639532		31.928745096		0.290499371127		4789.31176439		1.3995
6 2 2			-0.50976027595	-35.8257242291		32.4385053719		0.290499371127		4898.21431116		3.3001
2 2 12			-0.639173139255	-36.4648973684		33.0776785112		0.290495689693		5027.8071337		1.9766
2 2 2			-0.465235941464	-36.9301333099		33.5429144526		0.290495689693		5132.06591125		1.1162
2 6 2			-0.484842258245	-37.4149755681		34.0277567109		0.290495689693		5240.27453347		1.2892
4 0 2			-0.506450568021	-37.9214261361		34.5342072789		0.290501613334		5352.80212823		1.7854
0 4 2			-0.495407711118	-38.4168338472		35.02961499		0.290501613334		5464.61993844		3.2657
0 0 12			-0.869894209215	-39.2867280565		35.8995091992		0.290489488513		5636.22294428		3.2426
3 1 5			-0.731927482116	-40.0186555386		36.6314366813		0.290479345416		5787.76699565		2.8985
7 1 7			-1.88879592682	-41.9074514654		38.5202326082		0.290726722259		6124.7169847		0.3505
1 3 7			-2.02487725788	-43.9323287233		40.545109866		0.29102280495		6487.21757857		0.1893
5 3 7			-1.83569336434	-45.7680220876		42.3808032304		0.291333581008		6823.30932009		0.2523
3 3 7			-2.75093370746	-48.5189557951		45.1317369378		0.291873525837		7311.34138393		0.1558
5 1 7			-2.01713592854	-50.5360917236		47.1488728664		0.292418294622		7685.26627722		0.2609
1 7 7			-1.36444632857	-51.9005380522		48.5133191949		0.292974280015		7956.18434797		0.4353
3 1 11			-0.801420172589	-52.7019582248		49.3147393675		0.292591085644		8136.93199564		2.3814
3 1 7			-1.82925322034	-54.5312114451		51.1439925879		0.293447131429		8489.90276959		0.257
5 5 7			8.92143698794	-45.6097744572		33.301118612		0.319608988044		5561.2868082		0.6639
3 5 7			0.0130928353755	-45.5966816218		33.2749329412		0.319724171234		5590.18873413		0.2309
1 5 11			-0.823019845021	-46.4197014668		34.0979527863		0.319724171234		5762.55402088		1.8219
5 1 11			-0.807793592075	-47.2274950589		34.9057463783		0.319724171234		5933.97688432		3.2753
1 3 5			-0.675686808346	-47.9031818672		35.5814331867		0.319740883487		6084.42507492		3.1323
3 5 11			-0.786006535725	-48.689188403		36.3674397224		0.319740883487		6255.19963225		1.8915
1 1 7			0.0025047967599	-48.6866836062		36.3624301289		0.319870050028		6290.7004123		0.2012
5 3 11			-0.759535567153	-49.4462191734		37.121965696		0.319870081029		6459.22203111		1.8677
0 0 8			-0.699337178206	-50.1455563516		37.8213028743		0.319873408362		6618.72800299		2.1948
2 2 8			-0.8479455316	-50.9935018832		38.6692484059		0.319873408362		6805.78771943		1.8488
6 2 8			-0.839367302888	-51.832869186		39.5086157087		0.319890569438		6993.02498045		3.3751
1 1 5			-0.85161757469	-52.6844867607		40.3602332834		0.319910612688		7184.12152445		1.9661
2 6 8			-0.800897494114	-53.4853842549		41.1611307775		0.319920880681		7367.84240918		4.3291
1 1 17			-0.864130494188	-54.349514749		42.0252612717		0.319880322602		7564.54702891		2.447
3 3 11			-0.926948328268	-55.2764630773		42.9522096		0.319880322602		7774.3499376		2.1204
4 4 8			-0.791906187347	-56.0683692647		43.7441157873		0.319896276502		7961.4290733		3.9407
0 4 8			-0.853894627632	-56.9222638923		44.598010415		0.31990607618		8161.43590594		4.1351
4 0 8			-0.891687862781	-57.8139517551		45.4896982778		0.3199155941		8370.10448311		2.9483
6 2 6			-0.477576376032	-58.2915281311		45.9672746538		0.319954703216		8503.94581095		3.9921
2 6 6			-0.47927370628	-58.7708018374		46.4465483601		0.319989509905		8639.05799497		5.383
4 4 6			-0.613787120957	-59.3845889583		47.060335481		0.320032244386		8800.28273495		4.3817
1 3 11			-1.10106279718	-60.4856517555		48.1613982782		0.320032937835		9054.3428763		2.4293
1 1 11			-1.43544232291	-61.9210940784		49.5968406011		0.320047444177		9373.80287361		2.144
2 6 0			-1.18932582804	-63.1104199065		50.7861664292		0.320047444177		9649.37162154		4.3567
4 0 6			-1.05547865544	-64.1658985619		51.8416450846		0.320091844713		9901.75421116		5.3963
0 4 6			-1.01524830719	-65.1811468691		52.8568933918		0.320133742864		10148.5235312		3.7688
4 4 0			-1.41616871683	-66.5973155859		54.2730621086		0.320133742864		10474.700987		4.9852
2 2 6			-1.40520581673	-68.0025214026		55.6782679253		0.320183808582		10801.5839775		8.3224
0 4 0			-2.30174135247	-70.3042627551		57.9800092778		0.320183808582		11306.1018092		6.137
4 0 0			-2.13299666893	-72.437259424		60.1130059467		0.320183808582		11782.1491656		8.3901
2 2 0			-2.9929168547	-75.4301762787		63.1059228014		0.320183808582		12431.8667919		11.1953