HKL Value		Reward	TotalReward	Chi Squared Value	Z Coordinate Approximation		dx
2 4 10			0	0		0		0.3		0		0.607
4 6 2			-0.132469815175	-0.132469815175		0.132469815175		0.281090882013		0.132469815175		0.2349
0 2 14			-0.0275379707077	-0.160007785883		0.160007785883		0.280337172208		0.320015571766		0.2479
4 2 10			0.0264627025812	-0.133545083302		0.107082380721		0.280394158922		0.321247142162		1.1102
2 0 14			0.0129933755287	-0.120551707773		0.0810956296632		0.280353426748		0.324382518653		0.2634
1 3 15			-0.0144713907613	-0.135023098534		0.0955670204245		0.280850477761		0.477835102122		0.2862
6 4 2			-0.0517400893053	-0.18676318784		0.14730710973		0.280881064819		0.883842658379		0.2211
5 5 1			0.00417523145335	-0.182587956386		0.138956646823		0.280863253874		0.972696527762		0.5073
3 7 1			-0.00953599203504	-0.192123948421		0.148492638858		0.280835676991		1.18794111087		1.2822
9 1 1			0.00789297017139	-0.18423097825		0.132706698515		0.280831059912		1.19436028664		0.8793
4 2 14			-0.138328700108	-0.322559678358		0.271035398624		0.281177698405		2.71035398624		1.2576
2 4 14			-0.0830950668324	-0.405654745191		0.354130465456		0.281457552985		3.89543512002		0.5221
6 0 10			-0.051018568349	-0.45667331354		0.405149033805		0.280962860372		4.86178840566		1.0728
6 0 8			-0.159814711832	-0.616488025371		0.564963745637		0.280890955265		7.34452869328		2.9234
1 3 9			-0.0292741386168	-0.645762163988		0.594237884253		0.280848608201		8.31933037955		0.2622
3 1 9			-0.0766741042107	-0.722436268199		0.670911988464		0.280797625364		10.063679827		0.36
0 6 8			-0.126075626974	-0.848511895172		0.796987615438		0.28071799393		12.751801847		0.7694
7 3 1			0.0177329010924	-0.83077899408		0.761521813253		0.280702398389		12.9458708253		0.5095
4 2 8			-0.00962338698758	-0.840402381068		0.771145200241		0.280732850765		13.8806136043		0.7605
0 6 16			-0.0141674411404	-0.854569822208		0.785312641381		0.28075528551		14.9209401862		0.4825
7 1 1			-0.0608539387203	-0.915423760928		0.846166580101		0.28070463107		16.923331602		0.5207
1 7 1			-0.076561212023	-0.991984972951		0.922727792124		0.280647808699		19.3772836346		0.5219
4 4 0			-14.7843058158	-15.7762907887		15.7070336079		0.280647808699		345.554739374		4.9852
2 4 2			0.278155863283	-15.4981349255		15.1507218813		0.280615097523		348.466603271		0.3828
5 1 1			0.257440956025	-15.2406939694		14.6358399693		0.280562921868		351.260159263		0.5346
0 2 10			0.228584699486	-15.0121092699		14.1786705703		0.281081264435		354.466764258		0.4317
3 3 15			0.228382915722	-14.7837263542		13.7219047389		0.282010775602		356.769523211		0.3402
1 5 1			0.194940239774	-14.5887861144		13.3320242593		0.28196872197		359.964655002		0.4978
4 2 2			0.194520175006	-14.3942659394		12.9429839093		0.281947831429		362.403549461		0.457
3 3 9			0.146759794627	-14.2475061448		12.6494643201		0.281892816928		366.834465282		0.3816
2 0 16			0.146556582391	-14.1009495624		12.3563511553		0.281864752171		370.690534658		0.5935
6 0 0			0.12403705511	-13.9769125073		12.1082770451		0.281864752171		375.356588397		0.7256
4 4 10			0.179535897674	-13.7973766096		11.7492052497		0.281660692056		375.974567991		0.6886
0 4 10			0.154220589938	-13.6431560197		11.4407640698		0.281370233834		377.545214305		0.9893
0 0 10			0.150674224939	-13.4924817948		11.13941562		0.281137062252		378.740131079		0.8316
2 2 10			0.150060591723	-13.342421203		10.8392944365		0.280990651573		379.375305278		0.6429
4 0 10			0.140190279438	-13.2022309236		10.5589138776		0.280842557228		380.120899595		0.6243
2 6 10			0.131941032	-13.0702898916		10.2950318136		0.280698991105		380.916177105		0.7069
6 2 10			0.123932958325	-12.9463569333		10.047165897		0.280560215925		381.792304086		0.7103
3 3 1			0.0844047012327	-12.861952232		9.87835649452		0.280537809332		385.255903286		0.5106
5 3 1			0.0751550916313	-12.7867971404		9.72804631126		0.280519014397		389.12185245		0.5252
0 2 16			0.0561309125984	-12.7306662278		9.61578448606		0.280535233926		394.247163929		1.8687
0 4 16			-1.13379480145	-13.8644610293		10.7495792875		0.280481836485		451.482330075		1.5557
3 5 1			0.0852734206672	-13.7791876086		10.5790324462		0.280464418851		454.898395186		0.5283
4 4 4			0.120214960681	-13.6589726479		10.3386025248		0.280464418851		454.898511092		0.8476
0 6 14			0.0774890616107	-13.5814835863		10.1836244016		0.280584361043		458.263098072		0.9096
0 0 4			0.109042662888	-13.4724409234		9.96553907582		0.280600602018		458.414797488		0.8482
2 0 10			0.074818574869	-13.3976223485		9.81590192608		0.280758969678		461.347390526		0.6169
6 0 2			0.09726603125	-13.3003563173		9.62136986358		0.280758969678		461.825753452		0.2214
2 6 4			0.0971646473012	-13.20319167		9.42704056898		0.280768401641		461.92498788		0.8772
4 0 4			0.094158986421	-13.1090326836		9.23872259613		0.280772242696		461.936129807		1.2165
0 4 4			0.0900883422401	-13.0189443413		9.05854591165		0.280782717399		461.985841494		0.8482
2 2 4			0.0869272236495	-12.9320171177		8.88469146435		0.280775196984		462.003956146		0.7551
6 2 4			0.0828260361516	-12.8491910815		8.71903939205		0.280790476119		462.109087779		0.8727
3 1 15			0.0791986883982	-12.7699923931		8.56064201526		0.280862462465		462.274668824		0.2871
1 1 15			0.0158119783933	-12.7541804147		8.52901805847		0.280618970039		469.095993216		0.656
0 6 0			0.0181223935589	-12.7360580212		8.49277327135		0.280618970039		475.595303196		1.4277
0 4 20			0.00721847421287	-12.728839547		8.47833632293		0.280818682349		483.265170407		1.027
3 1 1			0.0116300111745	-12.7172095358		8.45507630058		0.280793876212		490.394425433		0.5239
0 6 10			0.0644153183566	-12.6527942174		8.32624566386		0.280683162274		491.248494168		0.8527
1 3 1			0.00833869936694	-12.6444555181		8.30956826513		0.280657359398		498.574095908		0.5324
5 1 13			0.0407697801264	-12.6036857379		8.22802870488		0.280771316844		501.909750997		0.4567
3 1 13			0.0372644808575	-12.5664212571		8.15349974316		0.280893912662		505.516984076		0.3869
1 5 13			0.0334140071171	-12.53300725		8.08667172893		0.281025919603		509.460318922		1.1973
1 1 13			0.0396234731964	-12.4933837768		8.00742478253		0.281145794118		512.475186082		0.3722
3 5 9			-0.0331887532921	-12.5265725301		8.04061353583		0.281125299889		522.639879829		0.4755
1 3 13			0.0368456076575	-12.4897269224		7.96692232051		0.2812522128		525.816873154		0.3907
0 2 6			-1.08637586783	-13.5761027902		9.05329818835		0.281530492659		606.570978619		1.1672
5 3 9			-0.0319203691791	-13.6080231594		9.08521855753		0.281504752905		617.794861912		0.4833
3 3 13			0.0544827752949	-13.5535403841		8.97625300694		0.281613416405		619.361457479		0.5636
5 1 9			-0.03653214715	-13.5900725313		9.01278515409		0.281595272912		630.894960786		0.4583
1 5 9			-0.0208672326891	-13.610939764		9.03365238677		0.281578100629		641.389319461		0.4394
2 4 8			0.0569617824714	-13.5539779815		8.91972882183		0.28159049696		642.220475172		0.1687
0 2 12			0.000411645812054	-13.5535663357		8.91890553021		0.28148521288		651.080103705		0.3827
1 1 1			-0.0149469271719	-13.5685132629		8.93385245738		0.281453613793		661.105081846		0.5749
2 0 12			0.00578743404892	-13.5627258288		8.92227758928		0.281341569013		669.170819196		0.8079
0 2 8			0.0586499410745	-13.5040758877		8.80497770713		0.28133498208		669.178305742		0.1155
4 2 12			0.0444080713087	-13.4596678164		8.71616156452		0.281302000211		671.144440468		0.2244
0 0 20			0.0524025919839	-13.4072652244		8.61135638055		0.281377819426		671.685797683		0.4542
2 4 0			-0.0658113135531	-13.473076538		8.6771676941		0.281377819426		685.496247834		1.4359
6 4 4			-0.0532249644565	-13.5263015024		8.73039265856		0.28130724499		698.431412685		0.6669
0 6 2			0.049118756274	-13.4771827462		8.63215514601		0.281301545037		699.204566827		0.2356
5 1 11			-0.75689815071	-14.2340808969		9.38905329672		0.280860647608		769.902370331		3.2753
4 2 0			-0.0412153725849	-14.2752962695		9.4302686693		0.280860647608		782.712299552		0.9287
0 2 2			-0.0452419573889	-14.3205382269		9.47551062669		0.280837095248		795.942892642		0.4614
2 4 12			0.0444714071685	-14.2760668197		9.38656781236		0.28080560692		797.85826405		0.2205
2 0 8			0.0545624617335	-14.221504358		9.27744288889		0.280796737346		797.860088444		0.1665
4 6 4			-0.0335386182787	-14.2550429762		9.31098150717		0.280732172499		810.055391124		1.0731
2 0 2			-0.0373675607926	-14.292410537		9.34834906796		0.280711690291		822.65471798		0.6502
6 0 12			0.0513730582158	-14.2410374788		9.24560295153		0.280704685574		822.858662686		0.5892
0 0 8			-1.42547963066	-15.6665171095		10.6710825822		0.280355002234		960.397432397		2.1948
0 6 12			0.0554472127428	-15.6110698967		10.5601881567		0.280344525944		960.97712226		0.3425
5 5 7			-4.54025391605	-20.1513238128		15.1004420728		0.278605903636		1389.24067069		0.6639
4 2 4			-0.202705503672	-20.3540293164		15.3031475764		0.27849884251		1423.19272461		0.7624
6 4 6			-0.0452561582591	-20.3992854747		15.3484037347		0.278663809332		1442.74995106		0.9247
1 1 9			-0.0162475802365	-20.4155330549		15.3646513149		0.278716652668		1459.64187492		0.2216
0 2 20			-0.208141922281	-20.6236749772		15.5727932372		0.280787673016		1494.98815077		0.4494
4 6 6			-0.0198514469267	-20.6435264242		15.5926446841		0.280958859735		1512.48653436		1.1903
0 6 4			-0.00313270338586	-20.6466591275		15.5957773875		0.280874284593		1528.38618398		0.6675
0 6 6			-0.093787572201	-20.7404466997		15.6895649597		0.280991048865		1553.26693101		1.0147
6 0 6			-0.0831907816531	-20.8236374814		15.7727557414		0.281118379654		1577.27557414		1.0815
0 0 14			0.00129324935094	-20.822344232		15.7701692427		0.281335695167		1592.78709351		0.8389
6 0 4			-0.000921058397742	-20.8232652904		15.7710903011		0.281258724394		1608.65121071		0.7069
1 1 3			-0.0633204723957	-20.8865857628		15.8344107735		0.281298303067		1630.94430967		0.4514
0 0 22			-0.0556813289008	-20.9422670917		15.8900921024		0.280330123626		1652.56957865		2.2765
4 2 6			-0.208982908499	-21.1512500002		16.0990750109		0.280473664039		1690.40287614		1.6049
7 3 3			-0.15994892265	-21.3111989229		16.2590239335		0.28056623969		1723.45653695		1.9283
5 5 3			-0.166793905782	-21.4779928287		16.4258178393		0.28064347846		1757.5625088		0.8107
1 3 3			-0.171946168841	-21.6499389975		16.5977640081		0.280727515913		1792.55851288		0.7045
2 4 6			-0.207149583065	-21.8570885806		16.8049135912		0.280880236213		1831.73558144		0.785
2 2 14			-0.0692923376961	-21.9263809183		16.8742059289		0.281119576883		1856.16265218		1.0835
3 7 3			-0.157581470956	-22.0839623892		17.0317873998		0.281199038272		1890.52840138		0.8954
2 4 4			-0.167088306538	-22.2510506958		17.1988757064		0.281131120883		1926.27407912		0.8182
4 6 0			0.0759160872479	-22.1751346085		17.0470435319		0.281131120883		1926.3159191		0.7863
0 4 14			-0.108083413016	-22.2832180215		17.1551269449		0.281356070077		1955.68447172		1.2337
1 5 3			-0.173915065839	-22.4571330874		17.3290420107		0.281449804246		1992.83983124		0.9511
3 3 3			-0.158779005819	-22.6159120932		17.4878210166		0.2815211483		2028.58723792		0.8081
5 1 3			-0.183405080807	-22.799317174		17.6712260974		0.281607910879		2067.53345339		0.9592
3 1 3			-0.152438143147	-22.9517553171		17.8236642405		0.281681219636		2103.19238038		1.2003
0 2 0			-0.24921005065	-23.2009653678		18.0728742912		0.281681219636		2150.67204065		1.4407
5 3 3			-0.258153259142	-23.4591186269		18.3310275503		0.281766929676		2199.72330604		0.9351
0 4 2			-0.780708635059	-24.239827262		19.1117361854		0.281777013836		2312.52007843		3.2657
4 0 14			-0.0923356412929	-24.3321629033		19.2040718267		0.28197407279		2342.89676285		1.986
4 4 12			-0.279150934308	-24.6113138376		19.483222761		0.281615524641		2396.4363996		1.9475
1 7 3			-0.176656685888	-24.7879705235		19.6598794469		0.281695771889		2437.82505141		0.9932
7 1 3			-0.180174590375	-24.9681451139		19.8400540372		0.281789458446		2480.00675465		1.4031
2 0 0			-0.210472977329	-25.1786180912		20.0505270146		0.281789458446		2526.36640383		2.02
0 2 22			-0.213286469016	-25.3919045602		20.2638134836		0.281050007455		2573.50431241		1.8317
3 5 3			-0.213709340106	-25.6056139003		20.4775228237		0.281122464463		2621.12292143		0.9259
2 2 16			-0.370996843182	-25.9766107435		20.8485196669		0.281122464463		2689.45903703		1.1693
7 3 5			-0.312616961914	-26.2892277054		21.1611366288		0.281050287623		2750.94776174		1.0496
7 1 7			-2.39710265836	-28.6863303638		23.5582392871		0.280033375451		3086.12934662		0.3505
2 2 0			-4.74363171996	-33.4299620837		28.3018710071		0.280033375451		3735.84697294		11.1953
0 0 16			-0.341671606259	-33.77163369		28.6435426134		0.27993035307		3809.59116758		1.3342
3 7 5			-0.250210599552	-34.0218442895		28.8937532129		0.279827140108		3871.76293053		1.0548
1 7 5			-0.33829271749	-34.360137007		29.2320459304		0.279734875454		3946.3262006		1.0841
7 1 5			-0.326295560516	-34.6864325675		29.5583414909		0.279640309548		4019.93444276		1.5264
2 0 6			-0.375234718546	-35.0616672861		29.9335762095		0.279928381943		4100.8999407		1.6278
0 4 12			-0.344580064416	-35.4062473505		30.2781562739		0.27919205718		4178.3855658		1.4889
4 0 12			-0.313959964652	-35.7202073152		30.5921162385		0.278235436497		4252.30415716		2.7435
5 5 5			-0.290333127672	-36.0105404428		30.8824493662		0.278028564923		4323.54291127		1.5862
6 4 0			0.109466763797	-35.901073679		30.6635158386		0.278026366648		4323.55573324		1.8287
0 0 2			-0.357998501708	-36.2590721807		31.0215143403		0.278026366648		4405.05503633		1.161
2 0 4			-0.327587761696	-36.5866599424		31.349102102		0.277854149546		4482.92160059		1.3874
0 4 8			-0.788857725847	-37.3755176683		32.1379598279		0.276467756693		4627.86621521		4.1351
0 2 4			-0.31340377469	-37.688921443		32.4513636026		0.276109860999		4705.44772237		1.326
0 6 18			-0.30511661155	-37.9940380545		32.7564802141		0.265332826277		4782.44611126		0.7949
0 2 18			-0.0131185849137	-38.0071566394		32.769598799		0.264400766754		4817.13102346		0.3755
0 0 18			0.0472696243915	-37.959887015		32.6750595502		0.26397853023		4835.90881343		0.6609
5 1 5			-0.364277533578	-38.3241645486		33.0393370838		0.263923924591		4922.86122549		1.1901
3 5 5			-0.360135150565	-38.6842996992		33.3994722344		0.263865948609		5009.92083516		1.2751
6 2 2			-0.514766341484	-39.1990660407		33.9142385759		0.263868356926		5121.05002495		3.3001
0 4 18			-0.0971688177141	-39.2962348584		34.0114073936		0.263147013058		5169.73392382		0.8369
1 5 5			-0.341093878421	-39.6373287368		34.352501272		0.263099822739		5255.93269462		1.8923
5 3 5			-0.337126156807	-39.9744548936		34.6896274288		0.263044980113		5342.20262404		2.2247
3 3 5			-0.418238159537	-40.3926930531		35.1078655883		0.262989282087		5441.71916619		1.3995
2 2 2			-0.450081124059	-40.8427741772		35.5579467124		0.262991249836		5547.03968713		1.1162
2 2 12			0.0329378665053	-40.8098363107		35.4920709794		0.26285196406		5572.25514376		1.9766
4 0 2			-0.50118425317	-41.3110205639		35.9932552326		0.262852946933		5686.93432674		1.7854
4 4 2			-0.447023687582	-41.7580442515		36.4402789201		0.262851048914		5794.0043483		1.2125
0 0 12			-0.0643915533209	-41.8224358048		36.5046704735		0.262672305796		5840.74727575		3.2426
1 3 5			-0.590504217692	-42.4129400225		37.0951746912		0.262612501363		5972.32312528		3.1323
2 6 2			-0.45299102073	-42.8659310432		37.5481657119		0.262612501363		6082.80284532		1.2892
1 3 7			-0.579443064578	-43.4453741078		38.1276087765		0.262097554629		6214.80023056		0.1893
1 5 7			-0.561980362204	-44.00735447		38.6895891387		0.261554791982		6345.09261874		0.6035
5 1 7			-0.51300059661	-44.5203550666		39.2025897353		0.261018956104		6468.42730632		0.2609
1 7 7			-0.259463938685	-44.7798190053		39.462053674		0.260624199065		6550.70090988		0.4353
1 1 7			-0.423686453706	-45.203505459		39.8857401277		0.260129989633		6660.91860132		0.2012
3 5 7			-0.301069409743	-45.5045748687		40.1868095374		0.259673210543		6751.38400228		0.2309
3 3 7			-0.572690180941	-46.0772650497		40.7594997183		0.258969922397		6888.3554524		0.1558
5 3 7			-0.239523426763	-46.3167884764		40.9990231451		0.258471439947		6969.83393467		0.2523
3 1 7			-0.266917381817	-46.5837058582		41.2659405269		0.257894518913		7056.4758301		0.257
3 1 5			-0.459906266373	-47.0436121246		41.7258467933		0.257792829699		7176.84564845		2.8985
1 5 11			-0.301980611907	-47.3455927365		42.0278274052		0.258032300794		7270.8141411		1.8219
3 5 11			-0.253360329475	-47.598953066		42.2811877347		0.258257199237		7356.92666583		1.8915
5 3 11			-0.234125173439	-47.8330782394		42.5153129081		0.258459079991		7440.17975892		1.8677
4 4 8			-0.25610917337	-48.0891874128		42.7714220815		0.25839867434		7527.77028634		3.9407
6 2 8			-0.213831817852	-48.3030192307		42.9852538993		0.258325709501		7608.38994018		3.3751
1 1 17			-0.821414956977	-49.1244341876		43.8066688563		0.258139797988		7797.58705642		2.447
2 2 8			-0.280254576287	-49.4046887639		44.0869234326		0.258058051658		7891.55929444		1.8488
2 6 8			-0.183718522387	-49.5884072863		44.270641955		0.257978111417		7968.7155519		4.3291
1 1 5			-0.627688834358	-50.2160961207		44.8983307894		0.257853960112		8126.59787287		1.9661
3 3 11			-0.414344573329	-50.630440694		45.3126753627		0.258103831948		8246.90691601		2.1204
4 4 6			-1.51253217941	-52.1429728734		46.8252075421		0.258144444612		8569.0129802		4.3817
2 6 6			-1.27562038174	-53.4185932552		48.1008279238		0.25816597858		8850.55233799		5.383
6 2 6			-1.2533690243	-54.6719622794		49.3541969481		0.258212095614		9130.5264354		3.9921
4 0 8			-0.273221403075	-54.9451836825		49.6274183512		0.258135184692		9230.69981332		2.9483
3 1 11			-0.548618795464	-55.493802478		50.1760371467		0.258383378075		9382.91894643		2.3814
1 1 11			-0.819407382054	-56.31320986		50.9954445287		0.258645335455		9587.1435714		2.144
2 2 6			-2.4517570979	-58.7649669579		53.4472016266		0.258684179672		10101.5211074		8.3224
1 3 11			-0.534572987077	-59.299539945		53.9817746137		0.258902756241		10256.5371766		2.4293
2 6 0			-1.16014122154	-60.4596811666		55.1419158352		0.258902756241		10532.1059245		4.3567
0 4 6			-1.83502553999	-62.2947067066		56.9769413752		0.258939845579		10939.572744		3.7688
0 4 0			-2.31886471649	-64.613571423		59.2958060917		0.258939845579		11444.0905757		6.137
6 2 0			-1.14892057713	-65.7624920002		60.4447266688		0.258939845579		11726.2769738		4.3933
4 0 6			-1.81005092908	-67.5725429292		62.2547775979		0.258965851023		12139.6816316		5.3963
0 0 6			-2.58714197874	-70.159684908		64.8419195767		0.25901677258		12709.016237		7.4326
4 0 0			-2.08733574576	-72.2470206538		66.9292553224		0.25901959817		13185.0632985		8.3901