HKL Value		Reward	TotalReward	Chi Squared Value	Z Coordinate Approximation		dx
0 2 14			0	0		0		0.3		0		0.2479
2 0 14			-0.0433281397379	-0.0433281397379		0.0433281397379		0.279464337447		0.0433281397379		0.2634
4 6 2			-0.0604003635709	-0.103728503309		0.103728503309		0.279553375758		0.207457006618		0.2349
2 4 10			-0.00351765096365	-0.107246154273		0.107246154273		0.280283287325		0.321738462818		0.607
4 2 10			0.0130756484009	-0.0941705058717		0.0810948574708		0.280350401006		0.324379429883		1.1102
6 4 2			-0.0685251364822	-0.162695642354		0.149619993953		0.280414460107		0.748099969765		0.2211
1 3 15			0.00115627696862	-0.161539365385		0.147307440016		0.280881501574		0.883844640094		0.2862
9 1 1			0.0100431812511	-0.151496184134		0.127221077514		0.280876305691		0.890547542595		0.8793
5 5 1			0.00240506956036	-0.149091114574		0.122410938393		0.280858244344		0.979287507143		0.5073
3 7 1			-0.010298191249	-0.159389305823		0.132709129642		0.280830701992		1.19438216678		1.2822
7 3 1			-0.00646328955999	-0.165852595383		0.139172419202		0.280804826601		1.39172419202		0.5095
6 0 10			-0.0387516079985	-0.204604203381		0.1779240272		0.280394777601		1.9571642992		1.0728
2 4 14			-0.110634171204	-0.315238374585		0.288558198404		0.280678871931		3.46269838085		0.5221
4 2 14			-0.100936088378	-0.416174462963		0.389494286782		0.280943458549		5.06342572816		1.2576
1 3 9			-0.0420886873618	-0.458263150324		0.431582974143		0.280901476137		6.04216163801		0.2622
6 0 2			-0.00335254610514	-0.461615696429		0.434935520249		0.280885823018		6.52403280373		0.2214
3 1 9			-0.0820599286464	-0.543675625076		0.516995448895		0.280837575164		8.27192718232		0.36
6 0 8			-0.114703067165	-0.658378692241		0.63169851606		0.280765114244		10.738874773		2.9234
0 6 8			-0.114000632181	-0.772379324421		0.74569914824		0.280687847618		13.4225846683		0.7694
0 6 16			-0.0156014950856	-0.787980819507		0.761300643326		0.280712370339		14.4647122232		0.4825
4 2 8			-0.00865067902102	-0.796631498528		0.769951322347		0.280739821838		15.3990264469		0.7605
1 7 1			-0.0803477414257	-0.876979239954		0.850299063773		0.280686191293		17.8562803392		0.5219
4 2 2			-0.0689251300104	-0.945904369964		0.919224193783		0.280656409203		20.2229322632		0.457
7 1 1			-0.0467193578443	-0.992623727808		0.965943551628		0.280605833628		22.2167016874		0.5207
5 1 7			-1.96043031935	-2.95305404716		2.92637387098		0.239719878629		70.2329729035		0.2609
3 1 15			-0.0209704664804	-2.97402451364		2.94734433746		0.239562847668		73.6836084365		0.2871
1 5 1			0.0539894203713	-2.92003509327		2.83936549672		0.239549401875		73.8235029146		0.4978
2 4 2			0.0132245518723	-2.9068105414		2.81291639297		0.239549419129		75.9487426102		0.3828
5 1 1			0.0487581135882	-2.85805242781		2.71540016579		0.239549419129		76.0312046423		0.5346
3 3 15			0.0257838327871	-2.83226859502		2.66383250022		0.23944416947		77.2511425064		0.3402
0 2 10			-0.347341442513	-3.17961003753		3.01117394273		0.239600498469		90.335218282		0.4317
0 0 2			-2.52300494177	-5.7026149793		5.5341788845		0.239600534546		171.55954542		1.161
0 4 10			-0.491756803455	-6.19437178276		6.02593568796		0.23910117053		192.829942015		0.9893
4 4 4			0.0493955581671	-6.14497622459		5.92714457162		0.23901351202		195.595770864		0.8476
1 1 3			-0.585345635507	-6.7303218601		6.51249020713		0.23891379236		221.424667042		0.4514
0 0 10			-0.388019673786	-7.11834153388		6.90050988091		0.238318695851		241.517845832		0.8316
3 3 1			0.0934281623427	-7.02491337154		6.71365355623		0.238297225791		241.691528024		0.5106
4 0 10			-0.371865690078	-7.39677906162		7.08551924631		0.237449936573		262.164212113		0.6243
4 4 10			0.725702277807	-6.67107678381		5.63411469069		0.218467648725		214.096358246		0.6886
2 0 16			0.0230327343512	-6.64804404946		5.58804922199		0.218469882925		217.933919658		0.5935
2 2 10			0.0593852267308	-6.58865882273		5.46927876853		0.218798648424		218.771150741		0.6429
2 6 10			0.0545475676406	-6.53411125509		5.36018363325		0.219130019911		219.767528963		0.7069
6 2 10			0.052537407497	-6.48157384759		5.25510881825		0.219426490035		220.714570367		0.7103
3 5 1			0.0599490537462	-6.42162479384		5.13521071076		0.219436780335		220.814060563		0.5283
5 3 1			0.0580166306789	-6.36360816317		5.0191774494		0.219436780335		220.843807774		0.5252
0 2 16			-0.00226256782669	-6.36587073099		5.02144001723		0.219411343854		225.964800775		1.8687
0 6 10			0.0471195428363	-6.31875118816		4.92720093156		0.2196114486		226.651242852		0.8527
2 0 12			-0.0498061081367	-6.36855729629		4.97700703969		0.219864829269		233.919330866		0.8079
6 0 0			0.00323909688779	-6.3653181994		4.97052884592		0.219864829269		238.585384604		0.7256
2 0 10			0.0171485172195	-6.34816968218		4.93623181148		0.21956771209		241.875358763		0.6169
0 6 14			0.0158124703715	-6.33235721181		4.90460687074		0.21936507798		245.230343537		0.9096
2 4 8			0.0393035317625	-6.29305368005		4.82599980721		0.219353435883		246.125990168		0.1687
0 0 4			0.0450095691823	-6.24804411087		4.73598066885		0.219326278882		246.27099478		0.8482
0 6 2			0.0375701003615	-6.21047401051		4.66084046812		0.219326278882		247.024544811		0.2356
6 2 4			0.0421083520859	-6.16836565842		4.57662376395		0.219310169833		247.137683253		0.8727
2 6 4			0.0406655754222	-6.127700083		4.49529261311		0.21928923935		247.241093721		0.8772
2 2 4			0.0399930656191	-6.08770701738		4.41530648187		0.21928923935		247.257162985		0.7551
0 4 4			0.0382659902873	-6.04944102709		4.3387745013		0.219281913387		247.310146574		0.8482
0 6 0			-0.0372506116997	-6.08669163879		4.376025113		0.219281913387		253.809456554		1.4277
0 4 20			-0.0516766782204	-6.13836831701		4.42770179122		0.218909717059		261.234405682		1.027
1 1 15			-0.140848079755	-6.27921639677		4.56854987097		0.218683207668		274.112992258		0.656
1 3 1			0.0338853744122	-6.24533102236		4.50077912215		0.218667718188		274.547526451		0.5324
3 1 1			0.0332967282058	-6.21203429415		4.43418566573		0.218653758079		274.919511276		0.5239
1 5 13			-0.273405811432	-6.48544010558		4.70759147717		0.21714723141		296.578263061		1.1973
1 3 13			-0.19982629294	-6.68526639852		4.90741777011		0.2161933616		314.074737287		0.3907
3 1 13			-0.120571193881	-6.8058375924		5.02798896399		0.21557025427		326.819282659		0.3869
3 3 13			-0.184889138824	-6.99072673123		5.21287810281		0.214916393723		344.049954786		0.5636
4 0 4			0.0376154451378	-6.95311128609		5.13764721254		0.214923369685		344.22236324		1.2165
1 1 13			-0.0589788619245	-7.01209014801		5.19662607446		0.214557422122		353.370573063		0.3722
5 1 13			-0.0391231736907	-7.0512133217		5.23574924815		0.214245691936		361.266698122		0.4567
0 0 20			0.0137497926221	-7.03746352908		5.20824966291		0.2144992283		364.577476403		0.4542
0 2 8			0.0257173604013	-7.01174616868		5.1568149421		0.214551536627		366.133860889		0.1155
3 5 9			0.0112972781545	-7.00044889053		5.13422038579		0.214505923933		369.663867777		0.4755
5 3 9			0.0179701014405	-6.98247878909		5.09828018291		0.214470049766		372.174453353		0.4833
1 5 9			-0.0959638363268	-7.07844262541		5.19424401924		0.21437308449		384.374057424		0.4394
3 3 9			-0.0946769038721	-7.17311952928		5.28892092311		0.214273430058		396.669069233		0.3816
2 4 12			0.0196475497368	-7.15347197955		5.24962582364		0.214273430058		398.971562597		0.2205
1 1 1			0.0286099639805	-7.12486201557		5.19240589568		0.214273430058		399.815253967		0.5749
0 2 12			-0.0698727283713	-7.19473474394		5.26227862405		0.214273430058		410.457732676		0.3827
5 1 9			-0.0553851511741	-7.25011989511		5.31766377522		0.214200656811		420.095438243		0.4583
4 2 12			0.01922420681	-7.2308956883		5.2792153616		0.214197406019		422.337228928		0.2244
2 0 8			0.0194618039609	-7.21143388434		5.24029175368		0.214265598436		424.463632048		0.1665
6 0 12			0.031476176504	-7.17995770784		5.17733940067		0.214265598436		424.541830855		0.5892
4 2 0			-0.0919589135011	-7.27191662134		5.26929831417		0.214265598436		437.351760077		0.9287
4 6 4			-0.108017505634	-7.37993412697		5.37731581981		0.214292664908		451.694528864		1.0731
6 4 4			-0.111399189165	-7.49133331614		5.48871500897		0.214323489366		466.540775763		0.6669
2 0 2			-0.0899743275243	-7.58130764366		5.5786893365		0.214323489366		479.767282939		0.6502
4 6 0			0.0318209732651	-7.5494866704		5.51504738997		0.214323489366		479.809122927		0.7863
4 6 6			-0.082354328223	-7.63184099862		5.59740171819		0.214264362487		492.571351201		1.1903
6 4 6			-0.0797644216982	-7.71160542032		5.67716613989		0.214198959715		505.26778645		0.9247
2 4 0			-0.0903698223484	-7.80197524267		5.76753596224		0.214198959715		519.078236601		1.4359
1 1 9			-0.407574519673	-8.20954976234		6.17511048191		0.213907712525		561.935053854		0.2216
0 2 20			0.0329117060152	-8.17663805632		6.10928706988		0.213877646434		562.054410429		0.4494
0 6 12			0.0308415180408	-8.14579653828		6.0476040338		0.213877646434		562.427175143		0.3425
0 2 2			-0.0836712213095	-8.22946775959		6.13127525511		0.213877646434		576.33987398		0.4614
0 6 4			-0.131009371795	-8.36047713139		6.2622846269		0.213914892472		594.917039556		0.6675
6 0 4			-0.12566206713	-8.48613919852		6.38794669403		0.213946239773		613.242882627		0.7069
0 6 6			-0.148121278146	-8.63426047666		6.53606797218		0.213892535487		633.998593301		1.0147
6 0 6			-0.136893046717	-8.77115352338		6.6729610189		0.213838378653		653.950179852		1.0815
0 0 14			-0.0618995272032	-8.83305305058		6.7348605461		0.213843795431		666.751194064		0.8389
6 4 0			0.0336092750869	-8.7994437755		6.66764199593		0.213843795431		666.764199593		1.8287
0 0 22			-0.517601793782	-9.31704556928		7.18524378971		0.2143040926		725.70962276		2.2765
2 2 14			-0.132354672417	-9.4494002417		7.31759846212		0.214303936078		746.395043137		1.0835
4 2 6			-0.240330155668	-9.68973039736		7.55792861779		0.214232854899		778.466647633		1.6049
7 3 3			-0.458982453717	-10.1487128511		8.01691107151		0.214232854899		833.758751437		1.9283
2 4 6			-0.244262556967	-10.392975408		8.26117362848		0.214153930788		867.42323099		0.785
5 5 3			-0.38760125746	-10.7805766655		8.64877488594		0.214144645357		916.770137909		0.8107
3 7 3			-0.453009510927	-11.2335861764		9.10178439686		0.214144645357		973.890930464		0.8954
0 4 14			-0.152999440034	-11.3865856165		9.2547838369		0.214144645357		999.516654385		1.2337
1 3 3			-0.386489411852	-11.7730750283		9.64127324875		0.214135425636		1050.89878411		0.7045
3 3 3			-0.423434928643	-12.196509957		10.0647081774		0.214130339869		1107.11789951		0.8081
0 2 0			-0.337071640454	-12.5335815974		10.4017798178		0.214130339869		1154.59755978		1.4407
3 1 3			-0.37697958971	-12.9105611871		10.7787594076		0.214120874765		1207.22105365		1.2003
1 5 3			-0.520027221471	-13.4305884086		11.298786629		0.21412741991		1276.76288908		0.9511
4 0 14			-0.142595126054	-13.5731835347		11.4413817551		0.214127670883		1304.31752008		1.986
2 4 4			-0.234801958106	-13.8079854928		11.6761837132		0.214165349925		1342.76112702		0.8182
4 2 4			-0.22750323514	-14.0354887279		11.9036869483		0.214198083431		1380.82768601		0.7624
5 1 3			-0.510795589598	-14.5462843175		12.4144825379		0.214198083431		1452.49445694		0.9592
1 7 3			-0.518501186545	-15.064785504		12.9329837245		0.214206468599		1526.09207949		0.9932
7 1 3			-0.517792320075	-15.5825778241		13.4507760445		0.214207814365		1600.6423493		1.4031
0 4 16			-0.331358567974	-15.9139363921		13.7821346125		0.214106361389		1653.8561535		1.5557
2 0 0			-0.269235657588	-16.1831720497		14.0513702701		0.214106361389		1700.21580268		2.02
4 4 12			-0.398667646535	-16.5818396962		14.4500379166		0.214207063064		1762.90462583		1.9475
0 2 22			-0.444429475784	-17.026269172		14.8944673924		0.214458442514		1832.01948927		1.8317
5 3 3			-0.472301259747	-17.4985704317		15.3667686522		0.214458442514		1905.47931287		0.9351
3 5 3			-0.449134448496	-17.9477048802		15.8159031007		0.214458442514		1976.98788758		0.9259
7 3 5			0.0602077383461	-17.8874971419		15.695487624		0.214444609526		1977.63144062		1.0496
2 2 16			-0.383669641969	-18.2711667839		16.0791572659		0.214325823078		2042.05297278		1.1693
3 7 5			0.0594413942725	-18.2117253896		15.9602744774		0.214316740428		2042.91513311		1.0548
0 0 16			-0.417078403382	-18.628803793		16.3773528808		0.214186370265		2112.67852162		1.3342
5 5 5			0.0531777051026	-18.5756260879		16.2709974706		0.214168518516		2115.22967118		1.5862
7 1 5			0.0393468100222	-18.5362792779		16.1923038505		0.214141858345		2121.19180442		1.5264
0 2 6			-0.428955210755	-18.9652344886		16.6212590613		0.214016337385		2194.00619609		1.1672
1 7 5			0.0387827685162	-18.9264517201		16.5436935243		0.21399018815		2200.31123873		1.0841
2 0 6			-0.400759275763	-19.3272109959		16.9444528		0.213866126476		2270.5566752		1.6278
0 4 12			-0.578231611269	-19.9054426071		17.5226844113		0.213982118549		2365.56239552		1.4889
4 0 12			-0.564985287215	-20.4704278943		18.0876696985		0.214099181993		2459.923079		2.7435
0 0 18			-0.492699385452	-20.9631272798		18.580369084		0.212898746543		2545.5105645		0.6609
2 0 4			-0.46550129706	-21.4286285768		19.045870381		0.212931170434		2628.33011258		1.3874
0 2 4			-0.46307636913	-21.891704946		19.5089467501		0.212963148682		2711.74359827		1.326
5 1 5			-0.00364313672713	-21.8953480827		19.5125898869		0.212928821377		2731.76258416		1.1901
0 2 18			-0.554487330714	-22.4498354134		20.0670772176		0.211411365499		2829.45788768		0.3755
0 6 18			-0.346836940233	-22.7966723537		20.4139141578		0.210370697412		2898.77581041		0.7949
1 5 5			0.00552821851523	-22.7911441351		20.4028577208		0.210351798902		2917.60865407		1.8923
0 4 18			-0.477073005488	-23.2682171406		20.8799307263		0.209517263593		3006.71002458		0.8369
3 5 5			0.0166292386022	-23.251587902		20.8466722491		0.209504388207		3022.76747612		1.2751
5 3 5			0.0158779226528	-23.2357099794		20.8149164038		0.209489841582		3038.97779495		2.2247
3 3 5			-0.0210922812254	-23.2568022606		20.836008685		0.209474601236		3062.89327669		1.3995
2 2 12			-0.734888347168	-23.9916906078		21.5708970322		0.209489357659		3192.49276076		1.9766
6 2 2			-0.586108015787	-24.5777986236		22.157005048		0.209489357659		3301.39375214		3.3001
4 4 2			-0.555120955208	-25.1329195788		22.7121260032		0.209484853157		3406.81890047		1.2125
2 2 2			-0.540033002105	-25.6729525809		23.2521590053		0.209478150164		3511.07600979		1.1162
0 4 2			-0.582648927625	-26.2556015085		23.8348079329		0.209474720823		3622.8908058		3.2657
2 6 2			-0.551434879942	-26.8070363884		24.3862428128		0.20946995207		3731.09515036		1.2892
4 0 2			-0.572319200367	-27.3793555888		24.9585620132		0.20946995207		3843.61855003		1.7854
0 0 12			-0.946186789216	-28.325542378		25.9047488024		0.209480220773		4015.23606437		3.2426
1 5 7			0.0787224323339	-28.2468199457		25.7473039377		0.209480217323		4016.57941429		0.6035
3 3 7			0.07969621644	-28.1671237292		25.5879115049		0.209480217323		4017.30210626		0.1558
3 5 7			0.0749956995489	-28.0921280297		25.4379201058		0.209480217323		4019.19137671		0.2309
1 3 7			0.075046820417	-28.0170812093		25.2878264649		0.20947743363		4020.76440792		0.1893
3 1 7			0.0743341791559	-27.9427470301		25.1391581066		0.20947743363		4022.26529706		0.257
5 3 7			0.0725017340769	-27.870245296		24.9941546385		0.20947743363		4024.05889679		0.2523
1 1 7			0.0720802731613	-27.7981650229		24.8499940921		0.20947743363		4025.69904293		0.2012
1 7 7			0.0688469400671	-27.7293180828		24.712300212		0.209472426418		4028.10493456		0.4353
5 5 7			0.072276757299	-27.6570413255		24.5677466974		0.209465752606		4029.11045838		0.6639
7 1 7			0.0690732319657	-27.5879680935		24.4296002335		0.209465752606		4030.88403852		0.3505
3 1 5			-0.114997262111	-27.7029653557		24.5445974956		0.209445646328		4074.40318427		2.8985
1 3 5			-0.12961760423	-27.8325829599		24.6742150998		0.209425350991		4120.59392167		3.1323
4 0 6			-1.9144722531	-29.747055213		26.5886873529		0.209307927582		4466.89947529		5.3963
1 5 11			-0.708631766485	-30.4556869795		27.2973191194		0.209187195146		4613.24693118		1.8219
5 1 11			-0.69248538143	-31.1481723609		27.9898045008		0.209070532429		4758.26676514		3.2753
3 5 11			-0.659282181488	-31.8074545424		28.6490866823		0.208932889068		4898.99382268		1.8915
5 3 11			-0.636042542799	-32.4434970852		29.2851292251		0.20879205959		5037.04222672		1.8677
0 0 8			-0.723041042043	-33.1665381272		30.0081702672		0.2088282595		5191.41345622		2.1948
2 2 8			-0.835684698074	-34.0022228253		30.8438549652		0.208890724378		5366.83076395		1.8488
1 1 5			-0.203054057148	-34.2052768825		31.0469090224		0.208865516774		5433.20907892		1.9661
1 1 17			-0.947033746516	-35.152310629		31.9939427689		0.208922639706		5630.93392733		2.447
6 2 8			-0.781920315871	-35.9342309448		32.7758630848		0.208999991929		5801.32776601		3.3751
2 6 8			-0.752755727292	-36.6869866721		33.5286188121		0.209080073309		5968.09414855		4.3291
0 4 8			-0.836415725302	-37.5234023974		34.3650345374		0.209156795326		6151.34118219		4.1351
3 3 11			-0.800137299697	-38.3235396971		35.1651718371		0.209014197773		6329.73093067		2.1204
4 4 8			-0.759751829847	-39.083291527		35.9249236669		0.209076094287		6502.41118371		3.9407
4 0 8			-0.856717747054	-39.940009274		36.781641414		0.209154763982		6694.25873734		2.9483
2 6 6			-0.987894204253	-40.9279034783		37.7695356182		0.20903428964		6911.82501813		5.383
6 2 6			-0.966939808113	-41.8948432864		38.7364754263		0.208910321431		7127.51147845		3.9921
4 4 6			-1.14092229327	-43.0357655797		39.8773977196		0.208772618971		7377.31857813		4.3817
3 1 11			-0.932752334766	-43.9685179144		40.8101500544		0.20859623857		7590.68791011		2.3814
1 3 11			-0.949502870607	-44.918020785		41.759652925		0.208408377611		7809.05509697		2.4293
1 1 11			-1.23721615994	-46.155236945		42.9968690849		0.208182186651		8083.41138796		2.144
2 6 0			-1.2305390415	-47.3857759865		44.2274081264		0.208182186651		8358.98013589		4.3567
0 4 0			-2.42258117648	-49.808357163		46.6499893029		0.208182186651		8863.49796755		6.137
6 2 0			-1.23317491493	-51.0415320779		47.8831642178		0.208182186651		9145.6843656		4.3933
0 4 6			-1.50097850427	-52.5425105822		49.3841427221		0.208009051403		9481.75540264		3.7688
4 4 0			-1.43416224361	-53.9766728258		50.8183049657		0.208009051403		9807.93285838		4.9852
2 2 6			-1.94439809372	-55.9210709195		52.7627030594		0.207805673231		10235.9643935		8.3224
0 0 6			-2.11706520802	-58.0381361275		54.8797682674		0.207545720706		10701.5548122		7.4326
4 0 0			-2.1488142251	-60.1869503526		57.0285824925		0.207545720706		11177.6021685		8.3901
2 2 0			-3.00857382654	-63.1955241792		60.0371563191		0.207545720706		11827.3197949		11.1953