HKL Value		Reward	TotalReward	Chi Squared Value	Z Coordinate Approximation		dx
2 0 14			0	0		0		0.3		0		0.2634
2 4 10			-0.0254582608929	-0.0254582608929		0.0254582608929		0.280748798187		0.0254582608929		0.607
7 1 3			-21.0112794748	-21.0367377357		21.0367377357		0.283205906038		42.0734754713		1.4031
7 3 1			3.46017227099	-17.5765654647		14.1163931937		0.283057484768		42.3491795811		0.5095
4 6 2			1.75278481596	-15.8237806487		10.6108235618		0.283125992233		42.4432942471		0.2349
4 2 10			1.01726487771	-14.806515771		8.57629380635		0.281868748231		42.8814690317		1.1102
0 2 14			0.681568463336	-14.1249473077		7.21315687968		0.281442122991		43.2789412781		0.2479
1 3 15			0.515202270482	-13.6097450372		6.18275233871		0.281418472955		43.279266371		0.2862
5 5 1			0.380123873278	-13.2296211639		5.42250459216		0.281397491942		43.3800367373		0.5073
6 4 2			0.279797478878	-12.949823685		4.8629096344		0.281429723601		43.7661867096		0.2211
3 7 1			0.231445178938	-12.7183785061		4.40001927653		0.281400479526		44.0001927653		1.2822
9 1 1			0.199539533414	-12.5188389727		4.0009402097		0.281396997489		44.0103423067		0.8793
2 4 14			0.120557098583	-12.3982818741		3.75982601253		0.281685326031		45.1179121504		0.5221
4 2 14			0.098174942203	-12.3001069319		3.56347612812		0.281966667035		46.3251896656		1.2576
6 0 10			0.079929574839	-12.2201773571		3.40361697845		0.281338475367		47.6506376982		1.0728
6 0 8			0.0292944952723	-12.1908828618		3.3450279879		0.281278863043		50.1754198185		2.9234
0 6 8			0.0187053040315	-12.1721775577		3.30761737984		0.281214615574		52.9218780774		0.7694
1 3 9			0.0678913753272	-12.1042861824		3.17183462918		0.281161897063		53.9211886961		0.2622
3 1 9			0.0388427499709	-12.0654434325		3.09414912924		0.281098893288		55.6946843264		0.36
4 2 8			0.057473371997	-12.0079700605		2.97920238525		0.281145663318		56.6048453197		0.7605
0 6 16			0.048714125435	-11.959255935		2.88177413438		0.281151069701		57.6354826876		0.4825
7 1 1			0.0201169185272	-11.9391390165		2.84154029732		0.281097018547		59.6723462438		0.5207
1 7 1			0.00796326498347	-11.9311757515		2.82561376736		0.281041383433		62.1635028819		0.5219
2 4 2			-0.00475581971308	-11.9359315712		2.83036958707		0.281004018908		65.0985005026		0.3828
5 1 1			-7.77100035672e-05	-11.9360092812		2.83044729707		0.280949263994		67.9307351298		0.5346
3 3 15			0.0071496505958	-11.9288596306		2.81614799588		0.281956983472		70.4036998971		0.3402
0 2 10			0.013740254163	-11.9151193765		2.78866748756		0.282273106931		72.5053546765		0.4317
3 3 9			-0.0626494140717	-11.9777687905		2.85131690163		0.28221046507		76.985556344		0.3816
2 0 16			-0.0369009668455	-12.0146697574		2.88821786847		0.282168915673		80.8701003173		0.5935
1 5 1			-0.0111621323461	-12.0258318897		2.89938000082		0.282124644391		84.0820200238		0.4978
6 0 0			-0.0588891245882	-12.0847210143		2.95826912541		0.282124644391		88.7480737622		0.7256
0 2 16			-0.0703499411156	-12.1550709554		3.02861906652		0.2820898208		93.8871910622		1.8687
2 2 10			0.0268274754264	-12.12824348		2.97496411567		0.281790034399		95.1988517015		0.6429
4 2 2			0.00827509941196	-12.1199683806		2.95841391685		0.281771308447		97.6276592559		0.457
4 0 8			-4.81698426705	-16.9369526476		7.7753981839		0.280873413655		264.363538253		2.9483
4 4 10			0.108523169783	-16.8284294779		7.55835184433		0.280786629416		264.542314552		0.6886
0 0 10			0.0944132461483	-16.7340162317		7.36952535203		0.280618459376		265.302912673		0.8316
6 2 10			0.0886757449601	-16.6453404868		7.19217386211		0.280457050979		266.110432898		0.7103
0 4 10			0.0862146902048	-16.5591257966		7.01974448171		0.280326930263		266.750290305		0.9893
2 6 10			0.0838627441816	-16.4752630524		6.85201899334		0.280220164454		267.22874074		0.7069
4 0 10			0.0815993130445	-16.3936637393		6.68882036725		0.280141383705		267.55281469		0.6243
5 3 1			0.0349938758173	-16.3586698635		6.61883261562		0.280121048979		271.37213724		0.5252
3 3 1			0.0381547607216	-16.3205151028		6.54252309418		0.280101413135		274.785969955		0.5106
3 5 1			0.0368488588122	-16.283666244		6.46882537655		0.280079012357		278.159491192		0.5283
4 4 4			0.0734967323841	-16.2101695116		6.32183191178		0.280079012357		278.160604118		0.8476
0 6 14			0.0299125000717	-16.1802570115		6.26200691164		0.280206325286		281.790311024		0.9096
0 0 4			0.0660235328204	-16.1142334787		6.129959846		0.280223498932		281.978152916		0.8482
4 0 4			0.0649058856186	-16.0493275931		6.00014807476		0.280230075923		282.006959514		1.2165
1 1 3			-0.345466648993	-16.3947942421		6.34561472375		0.28027593826		304.58950674		0.4514
5 1 9			-0.103480351231	-16.4982745933		6.44909507499		0.280264431197		316.005658674		0.4583
2 6 4			0.0631051269609	-16.4351694663		6.32288482106		0.28027845333		316.144241053		0.8772
0 4 4			0.0612179607024	-16.3739515056		6.20044889966		0.280290834468		316.222893883		0.8482
2 2 4			0.0595598973074	-16.3143916083		6.08132910504		0.280290834468		316.229113462		0.7551
1 1 15			0.00156750305528	-16.3128241053		6.07819409893		0.28003747416		322.144287243		0.656
6 2 4			0.0547145167592	-16.2581095885		5.96876506542		0.280051775699		322.313313532		0.8727
6 0 2			0.0500759847217	-16.2080336038		5.86861309597		0.280051263855		322.773720278		0.2214
0 6 0			-0.0112624443554	-16.2192960482		5.87987554033		0.280051263855		329.273030258		1.4277
2 0 10			0.0213812654627	-16.1979147827		5.8371130094		0.280195857244		332.715441536		0.6169
3 1 15			0.045819326876	-16.1520954558		5.74547435565		0.280321129822		333.237512628		0.2871
3 1 1			-0.022180682327	-16.1742761381		5.76765503798		0.280299415683		340.291647241		0.5239
1 3 1			-0.0249962888834	-16.199272427		5.79265132686		0.280276333863		347.559079612		0.5324
0 4 20			-0.0377911293289	-16.2370635564		5.83044245619		0.28044847713		355.656989828		1.027
3 5 9			-0.0685078069093	-16.3055713633		5.8989502631		0.280428946406		365.734916312		0.4755
1 1 13			0.0194243922575	-16.286146971		5.86010147858		0.280537257524		369.186393151		0.3722
3 3 13			0.0287016398229	-16.2574453312		5.80269819894		0.280633506995		371.372684732		0.5636
3 1 13			0.0160708382039	-16.241374493		5.77055652253		0.280750413845		375.086173964		0.3869
1 3 13			0.0174692954724	-16.2239051975		5.73561793159		0.280874358601		378.550783485		0.3907
1 5 13			0.0132483846149	-16.2106568129		5.70912116236		0.281003863121		382.511117878		1.1973
4 2 0			-0.104423647925	-16.3150804608		5.81354481028		0.281003863121		395.321047099		0.9287
5 1 13			0.0198708127515	-16.2952096481		5.77380318478		0.281130114481		398.39241975		0.4567
5 3 9			-0.0770145101567	-16.3722241582		5.85081769493		0.281107468176		409.557238645		0.4833
0 6 10			0.033562319109	-16.3386618391		5.78369305672		0.280976846108		410.642207027		0.8527
1 5 9			-0.0646132757117	-16.4032751148		5.84830633243		0.280962579737		421.078055935		0.4394
0 2 12			-0.0354359227812	-16.4387110376		5.88374225521		0.280854074559		429.51318463		0.3827
1 1 1			-0.0544064421003	-16.4931174797		5.93814869731		0.280829022244		439.423003601		0.5749
2 0 12			-0.0227190131393	-16.5158364928		5.96086771045		0.280715585303		447.065078284		0.8079
2 4 8			0.0333469789218	-16.4824895139		5.89417375261		0.280720763286		447.957205198		0.1687
4 6 4			-0.0814407930782	-16.563930307		5.97561454568		0.280654976846		460.122320018		1.0731
0 2 8			0.0382838164352	-16.5256464906		5.89904691281		0.280658836516		460.125659199		0.1155
2 4 0			-0.10014434479	-16.6257908354		5.9991912576		0.280658836516		473.936109351		1.4359
0 0 20			0.0322794096106	-16.5935114257		5.93463243838		0.280729417688		474.770595071		0.4542
6 4 4			-0.083076976795	-16.6765884025		6.01770941518		0.280664474453		487.434462629		0.6669
4 2 12			0.0256022040443	-16.6509861985		5.96650500709		0.280626924351		489.253410581		0.2244
0 2 2			-0.0871907613722	-16.7381769599		6.05369576846		0.28060782539		502.456748782		0.4614
1 1 9			-0.116370997888	-16.8545479578		6.17006676635		0.280733136998		518.285608373		0.2216
5 3 7			-3.87100740773	-20.7255553655		10.0410741741		0.279469675193		853.491304797		0.2523
6 4 6			-0.100683641359	-20.8262390068		10.1417578154		0.27964318659		872.191172128		0.9247
0 2 20			-0.201039696429	-21.0272787033		10.3427975119		0.281391552452		899.823383533		0.4494
2 4 12			0.0472094649165	-20.9800692384		10.248378582		0.281365999775		901.857315219		0.2205
2 0 8			0.0574215362032	-20.9226477022		10.1335355096		0.281354377704		901.884660357		0.1665
2 0 2			-0.0282143437933	-20.9508620459		10.1617498534		0.281334175065		914.557486808		0.6502
4 6 6			-0.0750995294941	-21.0259615754		10.2368493829		0.281480334821		931.553293845		1.1903
0 6 2			0.0514032976595	-20.9745582778		10.1340427876		0.281479477087		932.331936459		0.2356
0 6 4			-0.0647800367387	-21.0393383145		10.1988228243		0.281401638456		948.490522663		0.6675
0 6 12			0.0509056884723	-20.9884326261		10.0970114474		0.281397834136		949.119076055		0.3425
6 0 12			0.0519766899912	-20.9364559361		9.99305806741		0.281394975775		949.340516404		0.5892
0 6 6			-0.151278187467	-21.0877341235		10.1443362549		0.28150524499		973.856280468		1.0147
5 1 5			-0.929515458743	-22.0172495823		11.0738517136		0.281442105848		1074.16361622		1.1901
6 0 6			-0.128833319839	-22.1460829021		11.2026850335		0.281541605424		1097.86313328		1.0815
6 0 4			-0.0481755389867	-22.1942584411		11.2508605724		0.281479959503		1113.83519667		0.7069
0 0 14			-0.038633722962	-22.2328921641		11.2894942954		0.281650464132		1128.94942954		0.8389
7 3 3			-0.208882411427	-22.4417745755		11.4983767068		0.281737905866		1161.33604739		1.9283
0 0 22			-0.126849311814	-22.5686238873		11.6252260186		0.28080645656		1185.7730539		2.2765
4 2 6			-0.24999964273	-22.81862353		11.8752256614		0.28094376123		1223.14824312		1.6049
5 5 3			-0.211924215119	-23.0305477451		12.0871498765		0.281015199407		1257.06358716		0.8107
1 3 3			-0.216360352526	-23.2469080977		12.303510229		0.281090388099		1291.86857405		0.7045
3 3 3			-0.223048234623	-23.4699563323		12.5265584636		0.281170651116		1327.81519715		0.8081
4 4 6			-2.50894630116	-25.9789026335		15.0355047648		0.281571698133		1608.79900983		4.3817
5 3 3			-0.315602565298	-26.2945051987		15.3511073301		0.281661672345		1657.91959165		0.9351
2 4 4			-0.189455595051	-26.4839607938		15.5405629252		0.281583686448		1693.92135884		0.8182
3 7 3			-0.168758063861	-26.6527188577		15.709320989		0.281660967318		1728.02530879		0.8954
2 4 6			-0.202989246414	-26.8557081041		15.9123102354		0.281803871064		1766.26643613		0.785
2 2 14			-0.0645771851683	-26.9202852892		15.9768874206		0.281974574393		1789.41139111		1.0835
4 2 4			-0.175714885812	-27.0960001751		16.1526023064		0.281908996894		1825.24406062		0.7624
0 4 14			-0.105785981117	-27.2017861562		16.2583882875		0.282083923755		1853.45626478		1.2337
1 5 3			-0.177588143998	-27.3793743002		16.4359764315		0.282164132169		1890.13728962		0.9511
5 1 3			-0.190390619671	-27.5697649198		16.6263670512		0.28224902163		1928.65857794		0.9592
3 1 3			-0.1598241467	-27.7295890665		16.7861911979		0.282315843019		1963.98437015		1.2003
0 4 16			-0.34173807398	-28.0713271405		17.1279292719		0.282370473709		2021.09565408		1.5557
0 2 22			-0.279962746486	-28.351289887		17.4078920184		0.281617508738		2071.53915018		1.8317
3 5 3			-0.248802999459	-28.6000928865		17.6566950178		0.281696350122		2118.80340214		0.9259
4 6 0			0.0727886571465	-28.5273042293		17.5111177035		0.281696350122		2118.84524213		0.7863
4 4 12			-0.288594418733	-28.8158986481		17.7997121223		0.28131215022		2171.56487892		1.9475
2 0 0			-0.232194610231	-29.0480932583		18.0319067325		0.28131215022		2217.9245281		2.02
0 2 0			-0.23748188335	-29.2855751416		18.2693886158		0.28131215022		2265.40418836		1.4407
2 2 16			-0.400553925298	-29.6861290669		18.6699425411		0.28131215022		2333.74281764		1.1693
1 7 3			-0.181885285447	-29.8680143524		18.8518278266		0.281411453291		2375.33030615		0.9932
7 3 5			-0.336882504387	-30.2048968568		19.188710331		0.281345024957		2436.96621203		1.0496
4 0 14			-0.0925304058298	-30.2974272626		19.2812407368		0.281569019177		2467.99881431		1.986
0 0 16			-0.424716920484	-30.7221441831		19.7059576573		0.281591228649		2542.06853779		1.3342
2 0 6			-0.447607739328	-31.1697519224		20.1535653966		0.281834417378		2619.96350156		1.6278
3 7 5			-0.328330333705	-31.4980822561		20.4818957303		0.281769298609		2683.12834067		1.0548
6 2 0			-1.98260986609	-33.4806921222		22.4645055964		0.281769298609		2965.31473873		4.3933
0 2 6			-0.432150103381	-33.9128422256		22.8966556998		0.282011139527		3045.25520807		1.1672
1 7 5			-0.392845795443	-34.305688021		23.2895014952		0.281960881605		3120.79320036		1.0841
3 5 11			-0.318844432717	-34.6245324537		23.6083459279		0.28153696025		3187.12670027		1.8915
7 1 5			-0.37366897861	-34.9982014324		23.9820149066		0.28147460433		3261.55402729		1.5264
0 4 12			-0.431922804644	-35.430124237		24.4139377112		0.281004376672		3344.70946643		1.4889
4 0 12			-0.410947444278	-35.8410716813		24.8248851555		0.280486845392		3425.83415146		2.7435
5 5 5			-0.344791789212	-36.1858634705		25.1696769447		0.280385776189		3498.58509531		1.5862
0 0 2			-0.402638831475	-36.588502302		25.5723157762		0.280381960735		3580.12420866		1.161
3 5 5			-0.541771357748	-37.1302736597		26.1140871339		0.280290857154		3682.08628588		1.2751
2 0 4			-0.373204012463	-37.5034776722		26.4872911464		0.280195656853		3761.19534279		1.3874
0 0 18			-1.05011378653	-38.5535914587		27.5374049329		0.283149503174		3937.84890541		0.6609
0 6 18			-1.03469759902	-39.5882890577		28.5721025319		0.287904324493		4114.3827646		0.7949
0 2 18			-0.341246195529	-39.9295352533		28.9133487275		0.289200120271		4192.43556548		0.3755
0 2 4			-0.380967799893	-40.3105030532		29.2943165274		0.289182089191		4276.97021299		1.326
6 2 2			-0.54275182985	-40.853254883		29.8370683572		0.289182089191		4386.04904851		3.3001
0 4 18			-0.461130087036	-41.31438497		30.2981984442		0.290203017022		4484.13336975		0.8369
1 5 5			-0.48870648535	-41.8030914554		30.7869049296		0.290203017022		4587.24883451		1.8923
3 3 5			-0.599015608314	-42.4021070637		31.3859205379		0.290191785385		4707.88808069		1.3995
6 4 0			0.103883824534	-42.2982232392		31.1781528888		0.290191785385		4707.90108621		1.8287
2 2 2			-0.480938383457	-42.7791616226		31.6590912723		0.290191785385		4812.18187339		1.1162
5 3 5			-0.486730411716	-43.2658920343		32.145821684		0.290191785385		4918.31071765		2.2247
2 2 12			-0.631791484963	-43.8976835193		32.777613169		0.290167829601		5047.75242802		1.9766
4 4 2			-0.468927322724	-44.366610842		33.2465404917		0.290167829601		5153.21377621		1.2125
4 0 2			-0.508480536041	-44.8750913781		33.7550210277		0.290174387101		5265.78328033		1.7854
2 6 2			-0.47450511677	-45.3495964948		34.2295261445		0.290174387101		5374.03560469		1.2892
0 4 2			-0.491327224282	-45.8409237191		34.7208533688		0.290184897698		5485.89483227		3.2657
0 0 12			-0.859773552091	-46.7006972712		35.5806269209		0.290163085194		5657.31968042		3.2426
1 3 5			-0.746696568065	-47.4473938393		36.3273234889		0.290150889872		5812.37175823		3.1323
3 3 7			-2.88055536429	-50.3279492036		39.2078788532		0.290478269635		6312.46849537		0.1558
3 1 7			-2.05536049809	-52.3833097017		41.2632393513		0.290765186179		6684.64477492		0.257
5 1 7			-2.10251941112	-54.4858291128		43.3657587625		0.291111629285		7068.61867828		0.2609
3 5 7			-1.72696365823	-56.212792771		45.0927224207		0.291460100747		7395.20647699		0.2309
1 5 7			-2.01671494298	-58.229507714		47.1094373637		0.291941915914		7773.057165		0.6035
1 1 7			-1.80756978147	-60.0370774955		48.9170071451		0.292497287116		8120.22318609		0.2012
1 7 7			-1.32513273376	-61.3622102292		50.2421398789		0.293131004596		8390.43735977		0.4353
5 5 7			8.73500590673	-52.6272043225		32.7721280654		0.319607816186		5505.71751499		0.6639
4 4 8			-0.913676734099	-53.5408810566		33.6858047995		0.319614543529		5692.90101112		3.9407
1 3 7			-0.00262264014924	-53.5435036967		33.6884274397		0.31973819775		5727.03266475		0.1893
7 1 7			0.0168846642369	-53.5266190325		33.6546581112		0.31984744658		5754.94653702		0.3505
3 3 11			-1.02416641253	-54.550785445		34.6788245237		0.31984744658		5964.75781808		2.1204
3 1 5			-0.64796563151	-55.1987510765		35.3267901552		0.319861951931		6111.53469686		2.8985
5 1 11			-0.782008843893	-55.9807599204		36.1087989991		0.319862021662		6282.93102585		3.2753
1 5 11			-0.778446884565	-56.759206805		36.8872458837		0.319872684383		6455.26802965		1.8219
5 3 11			-0.747913482835	-57.5071202878		37.6351593665		0.31987271414		6623.78804851		1.8677
0 0 8			-0.688536456078	-58.1956567439		38.3236958226		0.31987271414		6783.2941606		2.1948
6 2 8			-0.836601157222	-59.0322579011		39.1602969798		0.319889408982		6970.53286241		3.3751
0 4 8			-0.898614288005	-59.9308721891		40.0589112678		0.319891075396		7170.54511694		4.1351
1 1 17			-0.870022543714	-60.8008947329		40.9289338116		0.319859624998		7367.20808608		2.447
2 2 8			-0.807364727703	-61.6082594606		41.7362985393		0.319866034539		7554.27003561		1.8488
1 1 5			-0.820792816845	-62.4290522774		42.5570913561		0.31988582058		7745.39062681		1.9661
2 6 8			-0.771458594195	-63.2005108716		43.3285499503		0.319895836843		7929.12464091		4.3291
2 6 6			-0.499372245737	-63.6998831173		43.827922196		0.319933209051		8064.33768407		5.383
6 2 6			-0.486386876134	-64.1862699935		44.3143090722		0.319973091276		8198.14717835		3.9921
1 1 11			-1.47943601232	-65.6657060058		45.7937450845		0.319973106636		8517.63658571		2.144
3 1 11			-1.08258833106	-66.7482943368		46.8763334155		0.319985914612		8765.87434871		2.3814
1 3 11			-1.10211069338	-67.8504050302		47.9784441089		0.319993590558		9019.94749248		2.4293
0 4 6			-1.05286149743	-68.9032665277		49.0313056064		0.320035490074		9266.9167596		3.7688
2 6 0			-1.19230232801	-70.0955688557		50.2236079344		0.320035490074		9542.48550753		4.3567
4 0 6			-1.05852518058	-71.1540940362		51.282133115		0.320082510099		9794.88742496		5.3963
4 4 0			-1.43174626266	-72.5858402989		52.7138793776		0.32008202547		10121.0648405		4.9852
4 0 0			-2.19343770471	-74.7792780036		54.9073170823		0.32008202547		10597.1121969		8.3901
0 0 6			-1.53985206439	-76.319130068		56.4471691467		0.320135406771		10950.7508145		7.4326
2 2 6			-1.3868338169	-77.7059638849		57.8340029636		0.320184290604		11277.6305779		8.3224
0 4 0			-2.27899912599	-79.9849630109		60.1130020896		0.320184290604		11782.1484096		6.137
2 2 0			-2.99291687427	-82.9778798852		63.1059189639		0.320184290604		12431.8660359		11.1953