HKL Value		Reward		TotalReward	Chi Squared	Z Appr. 	Error	Two-Thetas	Sfs2
1 1 1			0.0		0.0		0.0		0.3	0.5749	13.0194761966	56.7652
1 7 3			0.0		0.0		0.16		0.35597	0.9932	66.8968211493	90.2271
3 1 3			0.04		0.04		0.09		0.35532	1.2003	30.3814370344	67.5761
2 0 0			-0.21		-0.17		0.3		0.35532	2.02	17.6289686615	175.6782
1 1 3			-0.02		-0.18		0.31		0.35732	0.4514	16.9416048235	36.8187
5 5 3			0.03		-0.15		0.25		0.35714	0.8107	66.8760743485	64.1048
5 1 3			0.02		-0.13		0.21		0.35712	0.9592	47.5591860667	88.1873
3 7 3			0.01		-0.12		0.18		0.35742	0.8954	72.6346668965	71.6226
3 5 9			0.01		-0.12		0.17		0.35635	0.4755	65.0802252419	19.5165
1 5 5			-1.63		-1.74		1.8		0.35364	1.8923	50.2743192378	127.3636
0 2 0			0.06		-1.68		1.67		0.35364	1.4407	17.6394681947	177.2483
1 3 3			0.07		-1.6		1.53		0.35366	0.7045	30.3940112777	66.1614
3 3 3			0.06		-1.54		1.4		0.35369	0.8081	39.7679129272	70.9373
7 3 3			0.03		-1.51		1.34		0.35377	1.9283	72.601334037	69.5466
1 5 3			0.04		-1.48		1.27		0.35382	0.9511	47.585042181	85.8034
7 1 3			0.04		-1.43		1.19		0.35381	1.4031	66.8553232335	91.2915
1 3 1			0.01		-1.42		1.16		0.35388	0.5324	28.3265170018	42.1271
0 4 2			0.03		-1.39		1.1		0.35394	3.2657	36.5744795411	137.7475
3 1 1			0.01		-1.39		1.09		0.35401	0.5239	28.3131072915	41.7464
4 0 2			0.02		-1.36		1.04		0.35408	1.7854	36.5531212028	138.5255
2 6 2			0.03		-1.34		0.99		0.35408	1.2892	58.5985395934	134.3564
2 0 4			0.01		-1.32		0.96		0.35396	1.3874	23.4143586184	109.347
6 2 2			0.02		-1.3		0.92		0.35396	3.3001	58.5687226088	135.1206
4 4 2			0.02		-1.28		0.89		0.35402	1.2125	52.0311030722	128.6454
0 0 2			0.01		-1.27		0.86		0.35409	1.161	7.62646333295	98.931
0 2 4			0.01		-1.26		0.84		0.35401	1.326	23.4223631322	110.0283
3 5 3			-0.01		-1.27		0.85		0.35393	0.9259	54.5093201099	87.7589
2 2 0			-0.07		-1.34		0.92		0.35393	11.1953	25.0390113278	1035.9387
5 3 3			-0.02		-1.36		0.94		0.35384	0.9351	54.4936931553	89.9375