HKL Value		Reward	TotalReward	Chi Squared Value	Z Coordinate Approximation		dx
0 2 22			0	0		0		0.3		0		1.8317
2 0 14			-23.6743070506	-23.6743070506		23.6743070506		0.316759117951		23.6743070506		0.2634
5 5 7			-6.00688418273	-29.6811912333		29.6811912333		0.324361639767		59.3623824666		0.6639
2 4 10			4.58985923156	-25.0913320018		20.5014727702		0.323658707334		61.5044183106		0.607
4 2 10			2.39291768651	-22.6984143152		15.7156373972		0.323125635666		62.8625495887		1.1102
4 4 10			1.47567484696	-21.2227394683		12.7642877033		0.322607370094		63.8214385163		0.6886
4 6 2			0.97555779804	-20.2471816702		10.8131721072		0.322568205673		64.8790326431		0.2349
6 4 2			0.722569724968	-19.5246119453		9.36803265725		0.322521942333		65.5762286007		0.2211
0 2 14			-0.0777756398682	-19.6023875851		9.44580829711		0.322951160418		75.5664663769		0.2479
1 3 15			0.308214417285	-19.2941731679		8.82937946254		0.321369035608		79.4644151629		0.2862
9 1 1			0.348239670089	-18.9459334978		8.13290012237		0.321334688974		81.3290012237		0.8793
5 5 1			0.256305962521	-18.6896275353		7.62028819732		0.321298456541		83.8231701706		0.5073
3 7 1			0.197600762053	-18.4920267732		7.22508667322		0.321254006959		86.7010400786		1.2822
7 3 1			0.169416644083	-18.3226101291		6.88625338505		0.321212630126		89.5212940057		0.5095
6 0 10			0.245602163023	-18.0770079661		6.39504905901		0.321241032967		89.5306868261		1.0728
6 0 2			0.138064895508	-17.9389430706		6.11891926799		0.321224803435		91.7837890199		0.2214
2 4 14			0.126018445554	-17.812924625		5.86688237688		0.321227150873		93.8701180301		0.5221
4 2 14			0.103690719749	-17.7092339053		5.65950093739		0.321240062984		96.2115159356		1.2576
1 3 9			-0.419857878573	-18.1290917839		6.07935881596		0.320346666076		109.428458687		0.2622
3 1 9			-0.0744483427625	-18.2035401266		6.15380715872		0.319765427689		116.922336016		0.36
3 1 15			0.142502099131	-18.0610380275		5.86880296046		0.319545394667		117.376059209		0.2871
6 0 8			0.0928639248102	-17.9681741027		5.68307511084		0.319637798892		119.344577328		2.9234
4 2 8			-0.59343098685	-18.5616050895		6.27650609769		0.320076750333		138.083134149		0.7605
0 6 8			0.105069457952	-18.4565356316		6.06636718179		0.32016095851		139.526445181		0.7694
2 2 2			-3.92176746205	-22.3783030936		9.98813464384		0.320219265312		239.715231452		1.1162
0 6 4			-0.890759427076	-23.2690625207		10.8788940709		0.320201456012		271.972351773		0.6675
7 1 1			0.0924913969879	-23.1765711237		10.6939112769		0.320169981972		278.0416932		0.5207
4 2 2			0.0930190225906	-23.0835521011		10.5078732318		0.320145947531		283.712577257		0.457
1 7 1			0.067198238858	-23.0163538623		10.373476754		0.320109446855		290.457349113		0.5219
0 6 16			0.0454360369578	-22.9709178253		10.2826046801		0.320964604149		298.195535724		0.4825
4 4 4			-0.472897424453	-23.4438152498		10.7555021046		0.320738417803		322.665063137		0.8476
2 4 2			0.0697999831658	-23.3740152666		10.6159021382		0.320713835701		329.092966286		0.3828
1 5 1			0.0463363572596	-23.3276789093		10.5232294237		0.320687369305		336.743341559		0.4978
5 1 1			0.0490554568832	-23.2786234525		10.42511851		0.32065659646		344.028910829		0.5346
2 6 10			0.151919467619	-23.1267039848		10.1212795747		0.320713843934		344.123505541		0.7069
6 4 4			-0.415188996964	-23.5418929818		10.5364685717		0.32072715903		368.776400009		0.6669
0 2 10			0.0822596049905	-23.4596333768		10.3719493617		0.320510989965		373.390177021		0.4317
3 3 15			0.0399993894554	-23.4196339874		10.2919505828		0.319710320499		380.802171564		0.3402
0 6 10			0.128282429	-23.2913515584		10.0353857248		0.319803206086		381.344657542		0.8527
2 2 10			0.126148551445	-23.1652030069		9.78308862191		0.319857193179		381.540456254		0.6429
3 3 1			0.0166255906273	-23.1485774163		9.74983744065		0.319836476456		389.993497626		0.5106
4 0 10			0.115225819504	-23.0333515968		9.51938580164		0.319900320112		390.294817867		0.6243
3 5 1			0.0141105532056	-23.0192410436		9.49116469523		0.31988224495		398.6289172		0.5283
0 4 10			0.105092043204	-22.9141490004		9.28098060882		0.319959009131		399.082166179		0.9893
6 2 10			0.100179815664	-22.8139691847		9.0806209775		0.320034128978		399.54732301		0.7103
0 0 10			0.0973487563527	-22.7166204284		8.88592346479		0.32009265687		399.866555916		0.8316
5 3 1			-0.00178499484223	-22.7184054232		8.88770845963		0.320074205759		408.834589143		0.5252
2 0 10			0.0565349776455	-22.6618704456		8.77463850434		0.319953752941		412.408009704		0.6169
6 0 0			0.0427977579779	-22.6190726876		8.68904298839		0.319953752941		417.074063443		0.7256
0 2 16			0.0662417163795	-22.5528309712		8.55655955563		0.320134258167		419.271418226		1.8687
2 0 16			0.0494073487348	-22.5034236225		8.45774485816		0.320364784663		422.887242908		0.5935
0 6 2			0.056806024991	-22.4466175975		8.34413280818		0.320357591822		425.550773217		0.2356
2 4 8			-0.192706823872	-22.6393244213		8.53683963205		0.320551040058		443.915660867		0.1687
0 6 14			-0.00364371854724	-22.6429681399		8.5404833506		0.320570788		452.645617582		0.9096
0 0 4			-0.207898204387	-22.8508663443		8.74838155498		0.320479438492		472.412603969		0.8482
6 2 4			-0.239787587212	-23.0906539315		8.98816914219		0.320372367809		494.349302821		0.8727
2 6 4			-0.23077725343	-23.3214311849		9.21894639562		0.320264428978		516.260998155		0.8772
2 4 6			0.0740162095555	-23.2474149754		9.07091397651		0.320283252724		517.042096661		0.785
0 4 4			-0.229053635584	-23.4764686109		9.2999676121		0.320176942548		539.398121502		0.8482
2 2 4			-0.247796963487	-23.7242655744		9.54776457558		0.320069788794		563.318109959		0.7551
0 6 0			0.0254037882976	-23.6988617861		9.49695699899		0.320069788794		569.817419939		1.4277
4 0 4			-0.220578171661	-23.9194399578		9.71753517065		0.319959197264		592.76964541		1.2165
5 1 13			-0.302973472062	-24.2224134299		10.0205086427		0.320739558434		621.271535848		0.4567
1 3 1			-0.0580653566827	-24.2804787865		10.0785739994		0.320724241244		634.950161962		0.5324
3 3 13			-0.352009144059	-24.6324879306		10.4305831435		0.321519432742		667.557321181		0.5636
1 3 13			-0.113736657508	-24.7462245881		10.544319801		0.322004042497		685.380787062		0.3907
1 1 13			-0.0874218315061	-24.8336464196		10.6317416325		0.322437350794		701.694947743		0.3722
1 5 13			-0.00882707903285	-24.8424734986		10.6405687115		0.32275678866		712.918103671		1.1973
3 1 13			-0.00926558264663	-24.8517390813		10.6498342941		0.323068438066		724.188732002		0.3869
3 1 1			-0.045238250349	-24.8969773316		10.6950725445		0.32305661262		737.96000557		0.5239
1 1 15			0.0648126942088	-24.8321646374		10.5654471561		0.323121797321		739.581300925		0.656
0 4 20			0.000165364280038	-24.8319992732		10.5651164275		0.323100459384		750.123266354		1.027
0 2 8			-0.760188230365	-25.5921875035		11.3253046579		0.323519070272		815.421935368		0.1155
0 0 20			0.0648898146391	-25.5272976889		11.1955250286		0.323519070272		817.273327088		0.4542
3 3 9			0.012823010178	-25.5144746787		11.1698790082		0.323405178648		826.57104661		0.3816
3 5 9			0.0606963759281	-25.4537783028		11.0484862564		0.323364388751		828.636469229		0.4755
2 4 12			-0.898361675134	-26.3521399779		11.9468479315		0.322530190176		907.960442796		0.2205
2 0 12			-0.210339171605	-26.5624791495		12.1571871031		0.322179527838		936.103406941		0.8079
5 3 9			0.0727764621383	-26.4897026874		12.0116341789		0.322153119715		936.907465951		0.4833
4 2 12			-0.691183155667	-27.180885843		12.7028173345		0.321440660183		1003.52256943		0.2244
0 2 12			-0.0885813516248	-27.2694671947		12.7913986861		0.321170535641		1023.31189489		0.3827
1 5 9			0.0430251457539	-27.2264420489		12.7053483946		0.32109532664		1029.13321997		0.4394
2 0 8			-0.858700673492	-28.0851427224		13.5640490681		0.321428031852		1112.25202359		0.1665
1 1 1			-0.0484026186518	-28.1335453411		13.6124516868		0.321428031852		1129.83349		0.5749
5 1 9			0.0532305682869	-28.0803147728		13.5059905502		0.321355885285		1134.50320622		0.4583
4 6 0			0.0792008856579	-28.0011138871		13.3475887789		0.321355885285		1134.54504621		0.7863
6 0 12			-1.34637859873	-29.3474924858		14.6939673776		0.32000824045		1263.68119448		0.5892
4 2 0			0.0108278054963	-29.3366646803		14.6723117666		0.32000824045		1276.4911237		0.9287
2 0 4			-0.860933425892	-30.1975981062		15.5332451925		0.320016573382		1366.92557694		1.3874
4 6 4			-0.0965501930189	-30.2941482993		15.6297953855		0.320016573382		1391.05178931		1.0731
2 0 2			-0.0416173241315	-30.3357656234		15.6714127097		0.320016573382		1410.42714387		0.6502
0 6 12			-0.541262991929	-30.8770286153		16.2126757016		0.319275107954		1475.35348885		0.3425
0 2 2			-0.0401600381764	-30.9171886535		16.2528357398		0.319264957315		1495.26088806		0.4614
2 4 0			0.0131311053147	-30.9040575482		16.2265735291		0.319264957315		1509.07133821		1.4359
6 4 6			0.0467669562254	-30.8572905919		16.1330396167		0.319229967339		1516.50572397		0.9247
1 1 9			-0.00555169385455	-30.8628422858		16.1385913106		0.319049672998		1533.1661745		0.2216
4 6 6			0.0462393290501	-30.8166029568		16.0461126525		0.319012974028		1540.42681464		1.1903
0 2 20			-0.0579128192569	-30.874515776		16.1040254717		0.318592862506		1562.09047076		0.4494
6 4 0			0.0820978681434	-30.7924179079		15.9398297354		0.318590851979		1562.10331407		1.8287
6 0 4			-0.160754472167	-30.95317238		16.1005842076		0.31858706714		1593.95783655		0.7069
0 6 6			0.0799786463334	-30.8731937337		15.9406269149		0.318586563564		1594.06269149		1.0147
2 2 16			0.0788954398299	-30.7942982939		15.7828360353		0.318586563564		1594.06643956		1.1693
6 0 6			0.0763408531238	-30.7179574407		15.630154329		0.318586563564		1594.27574156		1.0815
0 0 14			-0.420856876171	-31.1388143169		16.0510112052		0.318586563564		1653.25415413		0.8389
1 1 3			0.0140736284494	-31.1247406885		16.0228639483		0.318586563564		1666.37785062		0.4514
2 2 14			-0.651461595304	-31.7762022838		16.6743255436		0.318586563564		1750.80418208		1.0835
0 0 22			0.0685977347835	-31.707604549		16.537130074		0.318586563564		1752.93578785		2.2765
7 3 3			-0.00931362746313	-31.7169181765		16.5464437015		0.318586563564		1770.46947606		1.9283
4 2 6			0.0731888972631	-31.6437292792		16.400065907		0.318605617836		1771.20711795		1.6049
5 5 3			-0.0292899147088	-31.6730191939		16.4293558217		0.318605617836		1790.79978456		0.8107
1 1 17			-1.61212456938	-33.2851437633		18.0414803911		0.31850275831		1984.56284302		2.447
0 4 14			-0.752017309953	-34.0371610732		18.793497701		0.318494321504		2086.07824481		1.2337
1 3 3			-0.0129165875044	-34.0500776607		18.8064142885		0.318501212004		2106.31840031		0.7045
3 7 3			-0.00134300287138	-34.0514206636		18.8077572914		0.318501212004		2125.27657393		0.8954
3 3 3			-0.0164343554685	-34.0678550191		18.8241916468		0.318518839819		2145.95784774		0.8081
2 4 4			-0.281238260831	-34.3490932799		19.1054299077		0.318518839819		2197.12443938		0.8182
3 1 3			-0.018492732795	-34.3675860127		19.1239226405		0.318518839819		2218.3750263		1.2003
1 5 3			-0.0086428685135	-34.3762288812		19.132565509		0.318532525253		2238.51016455		0.9511
4 0 14			-0.720941837263	-35.0971707185		19.8535073463		0.318532525253		2342.71386686		1.986
4 2 4			-0.260013987245	-35.3571847057		20.1135213335		0.318532178333		2393.50903869		0.7624
5 1 3			-0.0134061686736	-35.3705908744		20.1269275022		0.318532178333		2415.23130026		0.9592
1 7 3			-0.0316560987048	-35.4022469731		20.1585836009		0.318545559673		2439.18861571		0.9932
2 2 8			-1.37070619595	-36.772953169		21.5292897968		0.318555680107		2626.57335521		1.8488
7 1 3			-0.0256191522219	-36.7985723213		21.554908949		0.318561122705		2651.25380073		1.4031
2 0 0			-0.200038227675	-36.9986105489		21.7549471767		0.318561122705		2697.61344991		2.02
6 2 2			-0.649298823251	-37.6479093722		22.404246		0.318577954318		2800.53075		3.3001
0 2 0			-0.199010578043	-37.8469199502		22.603256578		0.318581765921		2848.01032883		1.4407
0 4 16			0.0836096626971	-37.7633102875		22.4360372526		0.318627691946		2849.37673108		1.5557
5 3 3			-0.0750938928571	-37.8384041804		22.5111311455		0.318627691946		2881.42478662		0.9351
4 4 12			0.0797877094723	-37.7586164709		22.3515557265		0.318690629286		2883.35068872		1.9475
3 5 3			-0.0618473518256	-37.8204638228		22.4134030784		0.318690629286		2913.74240019		0.9259
7 3 5			-0.299106737494	-38.1195705602		22.7125098158		0.318721344554		2975.33878588		1.0496
3 7 5			-0.304503769675	-38.4240743299		23.0170135855		0.318741720268		3038.24579329		1.0548
0 0 16			0.0856970534316	-38.3383772765		22.8456194787		0.318730200304		3038.46739066		1.3342
3 1 5			-0.930185697362	-39.2685629739		23.775805176		0.318754252452		3185.95789359		2.8985
5 5 5			-0.366348367106	-39.634911341		24.1421535431		0.318782807343		3259.19072832		1.5862
4 0 0			-3.32282741394	-42.9577387549		27.4649809571		0.318782376954		3735.23741016		8.3901
0 6 18			0.0504398988181	-42.9072988561		27.3641011594		0.318432673413		3748.88185884		0.7949
7 1 5			-0.341238230035	-43.2485370861		27.7053393895		0.318449856472		3823.33683575		1.5264
1 7 5			-0.342830333188	-43.5913674193		28.0481697227		0.318463850042		3898.69559145		1.0841
0 2 6			0.0381121572452	-43.5532552621		27.9719454082		0.318500568176		3916.07235714		1.1672
4 0 12			0.0405336578993	-43.5127216042		27.8908780924		0.31861541645		3932.61381102		2.7435
0 4 12			0.0402993301334	-43.472422274		27.8102794321		0.318728369174		3949.05967936		1.4889
2 0 6			0.0422852137484	-43.4301370603		27.7257090046		0.318758549761		3964.77638766		1.6278
0 0 2			-0.368558876922	-43.7986959372		28.0942678815		0.318758721348		4045.57457494		1.161
1 5 5			-0.498724165504	-44.2974201027		28.592992047		0.318773226793		4145.98384682		1.8923
5 1 5			-0.490452454119	-44.7878725568		29.0834445011		0.318791589811		4246.18289717		1.1901
0 2 4			-0.422987535028	-45.2108600918		29.5064320362		0.318796867849		4337.44550932		1.326
0 0 18			0.0617274122496	-45.1491326796		29.3829772117		0.31858380754		4348.68062733		0.6609
5 3 5			-0.492897833445	-45.642030513		29.8758750451		0.318598255181		4451.50538172		2.2247
1 1 5			-1.08224465103	-46.7242751641		30.9581196961		0.318627094711		4643.71795442		1.9661
0 2 18			0.0582996257376	-46.6659755383		30.8415204447		0.318367318479		4657.06958715		0.3755
3 5 5			-0.472534934228	-47.1385104726		31.3140553789		0.318382705016		4759.73641759		1.2751
0 4 18			-0.0291208723417	-47.1676313449		31.3431762512		0.317971111922		4795.50596644		0.8369
3 3 5			-0.558989308397	-47.7266206533		31.9021655596		0.317986220732		4912.93349618		1.3995
2 2 12			-0.0149132269274	-47.7415338802		31.9170787866		0.318110037241		4947.14721192		1.9766
4 4 2			-0.441055029525	-48.1825889098		32.3581338161		0.318118813879		5047.86887531		1.2125
2 6 2			-0.445881793238	-48.628470703		32.8040156093		0.318127203712		5150.23045066		1.2892
4 0 2			-0.468771237628	-49.0972419406		33.272786847		0.318136938407		5257.10032182		1.7854
0 4 2			-0.458419504373	-49.555661445		33.7312063513		0.31814273623		5363.26180986		3.2657
0 0 12			-0.151997453472	-49.7076588985		33.8832038048		0.318288776135		5421.31260877		3.2426
7 1 7			-0.0101978212489	-49.7178567197		33.8934016261		0.318457304263		5456.83766179		0.3505
5 3 7			-0.0147010391359	-49.7325577588		33.9081026652		0.318616573846		5493.11263176		0.2523
1 3 7			-0.0372122704319	-49.7697700293		33.9453149356		0.318780553355		5533.08633451		0.1893
1 7 7			0.0254476046974	-49.7443224246		33.8944197262		0.318897422134		5558.6848351		0.4353
1 5 7			-0.0299218746905	-49.7742442993		33.9243416009		0.319055126679		5597.51636415		0.6035
5 1 7			-0.0238229048832	-49.7980672042		33.9481645058		0.319203496665		5635.39530796		0.2609
1 1 7			-0.0280627406592	-49.8261299448		33.9762272465		0.319345518568		5674.02995016		0.2012
3 3 7			-0.115685561951	-49.9418155068		34.0919128084		0.319527718675		5727.44135181		0.1558
2 6 6			-0.602149257491	-50.5439647643		34.6940620659		0.319568008004		5863.29648914		5.383
3 1 7			-0.00457446451401	-50.5485392288		34.6986365304		0.31969614286		5898.76821017		0.257
3 5 7			0.0182027635883	-50.5303364652		34.6622310032		0.319804053356		5927.24150155		0.2309
1 5 11			-0.800510963952	-51.3308474291		35.4627419672		0.319806170503		6099.59161836		1.8219
5 1 11			-0.785808000876	-52.11665543		36.2485499681		0.319806177993		6270.99914447		3.2753
1 3 5			-0.655991679319	-52.7726471093		36.9045416474		0.319825863582		6421.39024664		3.1323
3 5 11			-0.764861493769	-53.5375086031		37.6694031412		0.319825863582		6592.1455497		1.8915
5 3 11			-0.743522937232	-54.2810315403		38.4129260784		0.319835365712		6760.6749898		1.8677
0 0 8			-0.684142033921	-54.9651735743		39.0970681123		0.319836250799		6920.18105588		2.1948
6 2 8			-0.832366108025	-55.7975396823		39.9294342203		0.319846739456		7107.43929122		3.3751
2 6 8			-0.803501006746	-56.601040689		40.7329352271		0.319846739456		7291.19540565		4.3291
3 3 11			-0.939292006875	-57.5403326959		41.6722272339		0.319860771634		7501.00090211		2.1204
4 4 8			-0.803401379957	-58.3437340759		42.4756286139		0.319869635083		7688.08877912		3.9407
0 4 8			-0.865630352323	-59.2093644282		43.3412589662		0.319879505145		7888.10913185		4.1351
4 0 8			-0.903480328101	-60.1128447563		44.2447392943		0.319892982542		8096.78729086		2.9483
6 2 6			-0.48715389128	-60.5999986476		44.7318931856		0.319932795844		8230.66834615		3.9921
3 1 11			-1.10011116435	-61.7001098119		45.83200435		0.319932795844		8478.92080474		2.3814
4 4 6			-0.620942828054	-62.32105264		46.452947178		0.319975694753		8640.24817511		4.3817
1 3 11			-1.11028860363	-63.4313412436		47.5632357816		0.319982169806		8894.32509117		2.4293
1 1 11			-1.44638910281	-64.8777303464		49.0096248845		0.319991345245		9213.80947828		2.144
2 2 0			-3.17834921395	-68.0560795604		52.1879740984		0.319991345245		9863.5271046		11.1953
6 2 0			-1.21051802082	-69.2665975812		53.3984921192		0.319991345245		10145.7135027		4.3933
2 6 0			-1.16319505659	-70.4297926378		54.5616871758		0.319991345245		10421.2822506		4.3567
4 0 6			-1.03088432388	-71.4606769617		55.5925714997		0.32003860379		10673.7737279		5.3963
0 4 6			-0.991122909831	-72.4517998715		56.5836944095		0.320080868752		10920.653021		3.7688
4 4 0			-1.38965856356	-73.841458435		57.9733529731		0.320080868752		11246.8304768		4.9852
0 0 6			-1.51622101726	-75.3576794523		59.4895739904		0.320135641166		11600.4669281		7.4326
2 2 6			-1.36424246504	-76.7219219173		60.8538164554		0.32018529885		11927.3480253		8.3224
0 4 0			-2.25209489206	-78.9740168094		63.1059113475		0.320185027262		12431.8645354		6.137