HKL Value		Reward	TotalReward	Chi Squared Value	Z Coordinate Approximation		dx
2 0 14			0	0		0		0.3		0		0.2634
4 0 4			-0.00141904490133	-0.00141904490133		704.699336195		0.302111986491		704.699336195		1.2165
1 1 15			0.000709363666209	-0.000709681235124		352.428538293		0.302124459384		704.857076586		0.656
2 0 8			-0.000513987209625	-0.00122366844475		648.524568493		0.276198343082		1945.57370548		0.1665
2 2 6			0.000247877100797	-0.000975791343952		504.282160788		0.276613210675		2017.12864315		8.3224
0 4 4			-0.00027190809311	-0.00124769943706		735.542652344		0.279197195287		3677.71326172		0.8482
0 0 4			-0.000185364109596	-0.00143306354666		899.131266726		0.281777784025		5394.78760035		0.8482
4 2 12			9.26760696459e-05	-0.00134038747701		770.733714771		0.281803320119		5395.1360034		0.2244
0 6 4			9.21873834336e-05	-0.00124820009358		677.96695895		0.281770803363		5423.7356716		0.6675
1 1 9			8.6661603953e-05	-0.00116153848963		641.063089321		0.28299423376		5769.56780388		0.2216
0 2 8			7.96470608721e-05	-0.00108189142875		627.769555493		0.27790838405		6277.69555493		0.1155
0 2 18			-0.000126426424394	-0.00120831785315		719.06716768		0.284852944688		7909.73884448		0.3755
3 5 7			-6.72083911849e-05	-0.00127552624433		1239.92453716		0.28429335333		14879.0944459		0.2309
1 5 7			6.54528690462e-05	-0.00121007337529		587.621887657		0.232517048236		7639.08453955		0.6035
4 0 0			6.50023697543e-05	-0.00114507100553		549.430518445		0.232516223856		7692.02725824		8.3901
6 4 4			6.48699918977e-05	-0.00108020101364		513.848273419		0.232516223856		7707.72410128		0.6669
5 1 7			6.4686584528e-05	-0.00101551442911		483.09862436		0.232429312915		7729.57798975		0.2609
3 1 7			6.45019194225e-05	-0.000951012509685		455.982782671		0.232339138016		7751.70730541		0.257
1 1 1			6.30422282318e-05	-0.000887970281453		440.621763489		0.232398658099		7931.1917428		0.5749
7 1 7			6.29070818774e-05	-0.000825063199576		418.32793206		0.232321409891		7948.23070914		0.3505
2 6 4			-9.97537163088e-05	-0.000924816915884		501.234458727		0.231820902944		10024.6891745		0.8772
1 7 7			4.98246578346e-05	-0.00087499225805		477.866278351		0.231760654299		10035.1918454		0.4353
1 3 1			4.87945315312e-05	-0.000826197726519		465.774995969		0.231830616769		10247.0499113		0.5324
0 2 2			4.76470433894e-05	-0.000778550683129		456.253502596		0.2317984255		10493.8305597		0.4614
3 7 5			4.62678534467e-05	-0.000732282829682		450.276634453		0.232111696697		10806.6392269		1.0548
0 0 2			4.60422978978e-05	-0.000686240531785		434.383184879		0.232111700542		10859.579622		1.161
0 4 2			4.57905495844e-05	-0.0006404499822		419.97244858		0.232111700542		10919.2836631		3.2657
2 2 2			4.55346474379e-05	-0.000594915334762		406.690719276		0.232111700542		10980.6494205		1.1162
2 6 2			4.53051928588e-05	-0.000549610141903		394.152231352		0.232111700542		11036.2624779		1.2892
2 2 4			-7.67107178655e-05	-0.000626320859769		449.51682868		0.231599562415		13035.9880317		0.7551
3 5 1			3.75205210298e-05	-0.000588800338739		444.201365259		0.231680891732		13326.0409578		0.5283
2 0 4			3.72866180439e-05	-0.000551513720695		432.568924301		0.231683028863		13409.6366533		1.3874
4 2 8			3.72847325396e-05	-0.000514228988156		419.072337006		0.231698476382		13410.3147842		0.7605
2 4 8			3.72827119038e-05	-0.000476946276252		406.395199754		0.231712496764		13411.0415919		0.1687
1 1 17			3.67373654317e-05	-0.00044020891082		400.29768548		0.231353188616		13610.1213063		2.447
0 6 8			3.67354319447e-05	-0.000403473478875		388.881075557		0.231353188616		13610.8376445		0.7694
2 0 6			3.64561073499e-05	-0.000367017371526		380.975641628		0.231330650314		13715.1230986		1.6278
3 1 1			3.58883924975e-05	-0.000331128979028		376.542736331		0.231400503187		13932.0812442		0.5239
6 2 2			3.57447236094e-05	-0.000295384255419		368.107329088		0.231400503187		13988.0785054		3.3001
5 3 1			3.50446483959e-05	-0.000260339607023		365.83368381		0.231480372845		14267.5136686		0.5252
6 2 4			-6.12863284691e-05	-0.000321625935492		407.921319885		0.230881708917		16316.8527954		0.8727
3 5 5			3.03884085429e-05	-0.000291237526949		401.308345385		0.231085447468		16453.6421608		1.2751
3 3 1			2.98608384203e-05	-0.000261376688529		398.674737031		0.23118710397		16744.3389553		0.5106
6 2 10			2.92877805295e-05	-0.000232088907999		397.022470345		0.232029694318		17071.9662248		0.7103
0 6 16			2.92869766659e-05	-0.000202801931333		388.009882114		0.232010037795		17072.434813		0.4825
6 0 8			2.92854530897e-05	-0.000173516478243		379.407177928		0.23200622764		17073.3230068		2.9234
5 1 13			-5.10739059565e-05	-0.0002245903842		425.640648148		0.233090281898		19579.4698148		0.4567
4 4 4			-4.62962723582e-05	-0.000270886656558		459.574705714		0.232265315138		21600.0111686		0.8476
2 4 12			2.30960766222e-05	-0.000247790579936		451.014552691		0.231651243535		21648.6985292		0.2205
3 1 13			-4.15676406991e-05	-0.000289358220635		490.962751845		0.233452096024		24057.1748404		0.3869
1 5 13			-3.85046088812e-05	-0.000327862829516		519.418339288		0.238392083705		25970.9169644		1.1973
6 4 0			1.9163195526e-05	-0.00030869963399		511.601603986		0.238392460528		26091.6818033		1.8287
1 1 5			1.91608427518e-05	-0.000289538791238		501.82472347		0.238423310386		26094.8856204		1.9661
2 4 6			1.91247322221e-05	-0.000270414059016		493.28597936		0.238442053502		26144.1569061		0.785
4 4 0			1.89638796521e-05	-0.000251450179364		488.257647123		0.238442053502		26365.9129446		4.9852
9 1 1			1.86357810303e-05	-0.000232814398334		487.820128178		0.238626145085		26830.1070498		0.8793
2 4 10			1.86087729106e-05	-0.000214205625423		479.804416522		0.238405005539		26869.0473252		0.607
6 2 6			1.85939303662e-05	-0.000195611695057		471.763078155		0.238366003874		26890.4954548		3.9921
2 4 0			1.85766637642e-05	-0.000177035031293		464.060165195		0.238366003874		26915.4895813		1.4359
6 0 6			1.85592736401e-05	-0.000158475757653		456.622195219		0.238366003874		26940.7095179		1.0815
0 4 16			2.0666403752e-05	-0.000137809353901		403.230936226		0.215530047698		24193.8561736		1.5557
0 4 18			-2.80255926193e-05	-0.00016583494652		584.945440606		0.208550180748		35681.671877		0.8369
2 4 2			1.38555096151e-05	-0.000151979436905		582.043992108		0.208523661206		36086.7275107		0.3828
3 3 5			1.37281683422e-05	-0.000138251268563		578.11848884		0.208543770785		36421.4647969		1.3995
4 0 12			1.37069652289e-05	-0.000124544303334		569.965697698		0.208543770785		36477.8046527		2.7435
4 4 12			1.3655925215e-05	-0.000110888378119		563.294509249		0.208543639159		36614.1431012		1.9475
0 0 20			-2.50309825938e-05	-0.000135919360713		605.310442559		0.211081143258		39950.4892089		0.4542
0 4 6			1.25154911177e-05	-0.000123403869595		596.275966877		0.211081143258		39950.4897808		3.7688
1 5 11			1.25014018314e-05	-0.000110902467764		588.169332978		0.211053860366		39995.5146425		1.8219
3 3 15			1.24379924626e-05	-9.84644753011e-05		582.600193191		0.211241999867		40199.4133302		0.3402
0 4 14			1.2342898217e-05	-8.6121577084e-05		578.701777918		0.211199692542		40509.1244543		1.2337
6 0 10			1.23387136223e-05	-7.37828634618e-05		570.744547341		0.211199692542		40522.8628612		1.0728
4 2 10			1.2336530803e-05	-6.14463326588e-05		562.917124382		0.21122185815		40530.0329555		1.1102
2 2 14			1.22299408925e-05	-4.92163917663e-05		560.04482186		0.211165598256		40883.2719957		1.0835
0 0 22			1.22101454968e-05	-3.70062462695e-05		553.372337662		0.211099041139		40949.552987		2.2765
1 1 13			1.21767745297e-05	-2.48294717398e-05		547.490359651		0.211001658501		41061.7769738		0.3722
0 4 12			1.21587238442e-05	-1.26707478955e-05		541.088641597		0.210992126484		41122.7367613		1.4889
5 3 5			1.2045200039e-05	-6.25547856567e-07		539.094948402		0.211012366909		41510.311027		2.2247
0 2 20			1.19584633903e-05	1.13329155337e-05		536.043486612		0.210686724848		41811.3919557		0.4494
1 3 11			1.19317188293e-05	2.32646343631e-05		530.444440955		0.210657506215		41905.1108354		2.4293
0 2 6			1.19176246167e-05	3.51822589798e-05		524.433366632		0.210657506215		41954.6693306		1.1672
5 1 11			1.19060051593e-05	4.7088264139e-05		518.464373532		0.210635121228		41995.6142561		3.2753
4 6 4			1.18991501942e-05	5.89874143332e-05		512.436676241		0.210635121228		42019.8074518		1.0731
2 0 10			1.18990513412e-05	7.08864656744e-05		506.266946232		0.210635121228		42020.1565372		0.6169
1 7 5			-2.34726486846e-05	4.74138169898e-05		507.175907786		0.210660147732		42602.776254		1.0841
2 2 12			1.1728182751e-05	5.91419997407e-05		501.557066945		0.210660147732		42632.3506903		1.9766
0 4 10			-2.17113876143e-05	3.74306121264e-05		535.56719558		0.21102827029		46058.7788199		0.9893
2 4 14			1.08528851536e-05	4.82834972801e-05		529.548258867		0.21102943501		46070.6985214		0.5221
0 0 18			-1.94790274678e-05	2.88044698123e-05		583.378014248		0.209608111743		51337.2652538		0.6609
4 6 0			9.71729993832e-06	3.85217697506e-05		578.14182579		0.209608111743		51454.6224953		0.7863
4 2 0			9.71216397584e-06	4.82339337264e-05		572.020362236		0.209608111743		51481.8326012		0.9287
5 3 11			9.70725676441e-06	5.79411904909e-05		566.020414197		0.209593460519		51507.8576919		1.8677
0 0 14			9.63094517854e-06	6.75721356694e-05		564.30417866		0.209526435681		51915.9844367		0.8389
2 2 16			9.60973166165e-06	7.7181867331e-05		559.468700617		0.209589785855		52030.5891574		1.1693
3 7 1			-1.89745481993e-05	5.82073191317e-05		560.661458739		0.209609195686		52702.1771215		1.2822
6 4 2			-1.85601634248e-05	3.9647155707e-05		567.14564137		0.209574636131		53878.8359301		0.2211
3 3 13			9.26681288906e-06	4.8913968596e-05		562.041491037		0.209508809971		53955.9831396		0.5636
4 4 2			9.25877484148e-06	5.81727434375e-05		556.730157446		0.209508696086		54002.8252723		1.2125
0 0 16			9.24158504083e-06	6.74143284783e-05		552.074216034		0.209561676993		54103.2731713		1.3342
1 7 3			9.23054103312e-06	7.66448695115e-05		547.151573498		0.209561676993		54168.0057763		0.9932
0 6 6			9.22923822453e-06	8.5874107736e-05		541.756521866		0.209561676993		54175.6521866		1.0147
7 1 5			-1.8254302441e-05	6.7619805295e-05		542.392136374		0.209585330065		54781.6057738		1.5264
3 3 7			9.12703402072e-06	7.67468393157e-05		537.081462958		0.209585330065		54782.3092217		0.1558
4 0 2			9.11890090193e-06	8.58657402176e-05		532.341450384		0.209580699255		54831.1693895		1.7854
2 6 10			-1.71148073953e-05	6.87509328223e-05		561.816700198		0.209900292169		58428.9368206		0.7069
4 2 6			8.55518034477e-06	7.7306113167e-05		556.610681482		0.209900292169		58444.1215556		1.6049
4 0 14			8.51633302407e-06	8.58224461911e-05		553.87466868		0.209854411961		58710.7148801		1.986
5 5 5			-1.6834207175e-05	6.89882390161e-05		555.166887003		0.209878416623		59402.8569093		1.5862
0 2 22			8.40744829353e-06	7.73956873096e-05		550.658115042		0.209868334974		59471.0764245		1.8317
4 0 10			-1.58816793582e-05	6.15140079514e-05		577.666361327		0.210195339086		62965.6333847		0.6243
0 4 8			7.93346438537e-06	6.94474723368e-05		572.946990704		0.210202743166		63024.1689774		4.1351
2 6 6			7.92696223629e-06	7.73744345731e-05		568.251036176		0.210218714928		63075.8650156		5.383
6 0 4			7.92296834636e-06	8.52974029195e-05		563.461258347		0.210218714928		63107.6609349		0.7069
0 0 10			-1.49963892067e-05	7.03010137127e-05		590.112553103		0.210576700083		66682.7185007		0.8316
5 1 5			7.45679451563e-06	7.77578082283e-05		588.1836898		0.210576700083		67052.9406372		1.1901
6 0 0			7.45064020311e-06	8.52084484314e-05		583.550670605		0.210576700083		67108.3271195		0.7256
1 3 15			7.43814721669e-06	9.26465956481e-05		579.491733898		0.21066261207		67221.0411321		0.2862
1 1 7			7.43814089454e-06	0.000100084736543		574.539301432		0.21066253524		67221.0982676		0.2012
0 4 0			7.43402998178e-06	0.000107518766524		569.985343882		0.21066253524		67258.270578		6.137
5 5 1			-1.47208635892e-05	9.27979029353e-05		570.847035815		0.210679655309		67930.797262		0.5073
4 4 10			-1.40726333954e-05	7.87252695398e-05		592.165879631		0.21099337363		71059.9055558		0.6886
1 5 5			7.0003518149e-06	8.57256213547e-05		590.289104637		0.21100691944		71424.9816611		1.8923
2 6 0			6.97051747872e-06	9.26961388334e-05		587.956442008		0.21100691944		71730.6859249		4.3567
3 1 5			6.95083745119e-06	9.96469762846e-05		584.827465604		0.21100691944		71933.7782693		2.8985
0 6 2			-1.37691812318e-05	8.58777950528e-05		585.693222659		0.210993227794		72625.9596097		0.2356
4 6 2			-1.35695552353e-05	7.23082398175e-05		589.555063615		0.210961672953		73694.3829519		0.2349
0 0 8			6.77978077866e-06	7.90880205961e-05		585.307120953		0.210975936645		73748.6972401		2.1948
0 0 12			6.77894185485e-06	8.5866962451e-05		580.770267442		0.210975936645		73757.8239652		3.2426
1 5 1			6.7381260823e-06	9.26050885333e-05		579.723494676		0.210984029554		74204.6073186		0.4978
7 3 1			-1.3357315642e-05	7.92477728913e-05		580.351486203		0.211000769038		74865.3417202		0.5095
3 1 11			6.67041663154e-06	8.59181895229e-05		576.598743169		0.210987237891		74957.8366119		2.3814
2 0 2			6.65373682697e-06	9.25719263498e-05		573.63162872		0.210977318104		75145.7433623		0.6502
6 2 0			6.62804489812e-06	9.9199971248e-05		571.492626574		0.210977318104		75437.0267078		4.3933
0 2 16			6.62686733119e-06	0.000105826838579		567.296477862		0.210960929992		75450.4315556		1.8687
6 0 2			-1.31203202876e-05	9.27065182916e-05		568.788444457		0.210939336122		76217.6515573		0.2214
1 7 1			6.51954978553e-06	9.92260680771e-05		568.091942778		0.210951694169		76692.4122751		0.5219
2 2 10			-1.25089069629e-05	8.67171611142e-05		587.816441381		0.211283368663		79943.0360278		0.6429
3 3 3			6.25119166842e-06	9.29683527826e-05		583.8302887		0.211283368663		79984.749552		0.8081
3 5 11			6.2480620701e-06	9.92164148527e-05		579.8899507		0.211266325714		80024.8131966		1.8915
2 4 4			6.24407920282e-06	0.000105460494056		576.08530983		0.211266325714		80075.8580664		0.8182
2 0 16			6.24235916807e-06	0.000111702853224		572.128016871		0.211246065151		80097.922362		0.5935
5 1 3			6.2373260074e-06	0.000117940179231		568.528771235		0.211245813088		80162.5567441		0.9592
1 3 5			6.22254471859e-06	0.00012416272395		565.866043524		0.211255463685		80352.9781804		3.1323
4 2 14			6.22159365224e-06	0.000130384317602		561.994834755		0.211256806272		80365.26137		1.2576
4 0 6			6.22158470187e-06	0.000136605902304		558.092895718		0.211256806272		80365.3769834		5.3963
4 2 2			6.18589671859e-06	0.000142791799022		557.441551151		0.211242798722		80829.0249169		0.457
4 2 4			6.18202258168e-06	0.000148973821604		553.97040192		0.211242844037		80879.6786803		0.7624
3 5 3			6.17757898762e-06	0.000155151400592		550.597661484		0.211242844037		80937.8562382		0.9259
1 3 13			6.16886138062e-06	0.000161320261972		547.650233962		0.211165121626		81052.2346264		0.3907
1 3 9			6.15109750134e-06	0.000167471359474		545.545684694		0.211109446018		81286.3070194		0.2622
0 6 0			6.14763593188e-06	0.000173618995405		542.213847773		0.211109446018		81332.077166		1.4277
7 1 1			6.11018548625e-06	0.000179729180892		541.924346748		0.211124813912		81830.5763589		0.5207
0 6 18			6.09382687768e-06	0.000185823007769		539.804256051		0.210929766267		82050.2469197		0.7949
2 2 8			6.08961232894e-06	0.000191912620098		536.647274028		0.210939541326		82107.0329262		1.8488
5 3 9			6.08411389801e-06	0.000197996733996		533.6443895		0.210922025106		82181.235983		0.4833
6 2 8			6.08090697654e-06	0.000204077640973		530.481137774		0.210922045968		82224.576355		3.3751
4 4 6			6.07892063362e-06	0.000210156561607		527.252846073		0.210937299471		82251.4439874		4.3817
0 4 20			-1.20330385281e-05	0.000198123523078		529.328210553		0.2113416188		83104.5290568		1.027
3 3 11			6.01162446621e-06	0.000204135147545		526.406294973		0.211319715182		83172.1946057		2.1204
0 2 10			6.01162379162e-06	0.000210146771336		523.095622257		0.211319944016		83172.2039389		0.4317
3 1 3			6.00900421728e-06	0.000216155775554		520.052888466		0.211320056998		83208.4621546		1.2003
0 0 6			6.00808176763e-06	0.000222163857321		516.90209658		0.211320056998		83221.2375493		7.4326
5 1 9			5.99876271114e-06	0.000228162620032		514.509391638		0.2112899496		83350.5214453		0.4583
1 5 9			5.98851086144e-06	0.000234151130894		512.228287391		0.211261522227		83493.2108447		0.4394
2 0 12			5.98822077026e-06	0.000240139351664		509.129607069		0.211258549195		83497.2555593		0.8079
3 3 9			5.97730914371e-06	0.000246116660808		506.967760483		0.211230136306		83649.6804797		0.3816
1 1 11			5.96737973835e-06	0.000252084040546		504.75222373		0.211210010243		83788.8691392		2.144
0 6 14			5.96617751173e-06	0.000258050218058		501.83085739		0.211213274456		83805.753184		0.9096
3 1 9			5.95256478892e-06	0.000264002782847		499.984558208		0.211171798103		83997.4057789		0.36
6 0 12			5.94849081466e-06	0.000269951273661		497.366470562		0.211179299552		84054.933525		0.5892
4 6 6			5.94827297253e-06	0.000275899546634		494.458893224		0.211179299552		84058.011848		1.1903
6 4 6			5.94805569929e-06	0.000281847602333		491.58527694		0.211179274849		84061.0823567		0.9247
5 1 1			5.91590638834e-06	0.000287763508721		491.383154729		0.211191110551		84517.9026134		0.5346
7 3 5			-1.17212168702e-05	0.000276042291851		493.152450365		0.211213441587		85315.3739131		1.0496
0 2 4			5.85432690238e-06	0.000281896618754		490.844338949		0.211213441587		85406.9149772		1.326
0 6 12			5.85197693612e-06	0.00028774859569		488.235495172		0.211213487018		85441.2116552		0.3425
3 5 9			5.84605475838e-06	0.000293594650448		485.953212607		0.211202214114		85527.7654188		0.4755
1 3 7			5.84605362111e-06	0.000299440704069		483.207808232		0.211202214114		85527.7820571		0.1893
0 2 12			5.84573907796e-06	0.000305286443147		480.51901164		0.211200288676		85532.3840719		0.3827
7 1 3			5.84117266696e-06	0.000311127615814		478.208101121		0.211199532681		85599.2501006		1.4031
5 5 7			5.84115556122e-06	0.000316968771375		475.552782093		0.211199532681		85599.5007767		0.6639
2 6 8			5.83847488106e-06	0.000322807246256		473.14255786		0.211199532681		85638.8029727		4.3291
5 3 3			5.83438671001e-06	0.000328641632966		470.872584181		0.211200989957		85698.810321		0.9351
5 5 3			5.83217345372e-06	0.00033447380642		468.477225316		0.211200989957		85731.3322328		0.8107
0 6 10			5.83115374003e-06	0.00034030496016		466.012632405		0.211200989957		85746.3243625		0.8527
1 3 3			5.82877472823e-06	0.000346133734888		463.682819927		0.211200989957		85781.3216864		0.7045
2 2 0			5.82859009244e-06	0.000351962324981		461.204510933		0.211200989957		85784.0390335		11.1953
1 5 3			5.82434562489e-06	0.000357786670606		459.07248018		0.211200989957		85846.5537936		0.9511
3 1 15			5.81809595228e-06	0.000363604766558		457.121107987		0.211266913591		85938.7683016		0.2871
3 7 3			5.81510810645e-06	0.000369419874664		454.936107304		0.211266913591		85982.9242805		0.8954
7 3 3			5.81224268321e-06	0.000375232117348		452.764808836		0.211266913591		86025.3136788		1.9283
4 4 8			5.80901629515e-06	0.000381041133643		450.644466139		0.211275551725		86073.0930325		3.9407
5 3 7			5.80901611756e-06	0.00038685014976		448.297373249		0.211275551725		86073.0956639		0.2523
1 1 3			5.80887809753e-06	0.000392659027858		445.985185372		0.211275551725		86075.1407768		0.4514
2 0 0			5.80883014195e-06	0.000398467858		443.689955576		0.211275551725		86075.8513817		2.02
0 2 0			5.80879422603e-06	0.000404276652226		441.417351748		0.211275551725		86076.3835908		1.4407
4 0 8			5.80489707393e-06	0.0004100815493		439.460058581		0.211275551725		86134.1714818		2.9483
0 2 14			5.80467919935e-06	0.000415886228499		437.245707959		0.211275551725		86137.4044678		0.2479