HKL Value		Reward	TotalReward	Chi Squared Value	Z Coordinate Approximation		dx
2 0 14			0	0		0		0.3		0		0.2634
2 4 10			-0.0254582608929	-0.0254582608929		0.0254582608929		0.280748798187		0.0254582608929		0.607
4 2 10			0.00518107251859	-0.0202771883743		0.0150961158557		0.280629237807		0.0301922317114		1.1102
4 6 2			-0.0417879085483	-0.0620650969226		0.056884024404		0.280667671794		0.170652073212		0.2349
6 4 2			-0.0887778140371	-0.15084291096		0.145661838441		0.280735892978		0.582647353765		0.2211
0 2 14			-0.00395723518226	-0.154800146142		0.149619073623		0.28041500232		0.748095368117		0.2479
1 3 15			0.00115562033808	-0.153644525804		0.147307832947		0.280881350568		0.883846997684		0.2862
9 1 1			0.0100433777168	-0.143601148087		0.127221077514		0.280876313824		0.890547542595		0.8793
5 5 1			0.00240504697858	-0.141196101109		0.122410983556		0.280858736744		0.979287868451		0.5073
3 7 1			-0.01029793185	-0.151494032958		0.132708915406		0.280831228215		1.19438023866		1.2822
7 3 1			-0.00646324748915	-0.157957280448		0.139172162896		0.280804837758		1.39172162896		0.5095
6 0 10			-0.0387520164035	-0.196709296851		0.177924179299		0.280394669322		1.95716597229		1.0728
2 4 14			-0.110635219863	-0.307344516714		0.288559399162		0.28067883337		3.46271278994		0.5221
6 0 2			-0.0144289827006	-0.321773499415		0.302988381863		0.280663723516		3.93884896421		0.2214
4 2 14			-0.0931811769761	-0.414954676391		0.396169558839		0.280928646739		5.54637382374		1.2576
0 4 12			-5.23273955267	-5.64769422907		5.62890911151		0.278946844574		84.4336366727		1.4889
1 3 9			0.148441116356	-5.49925311271		5.3320268788		0.278933248763		85.3124300608		0.2622
3 1 9			0.108951322829	-5.39030178988		5.11412423314		0.278914916592		86.9401119634		0.36
6 0 8			0.083606480491	-5.30669530939		4.94691127216		0.278781738407		89.0444028989		2.9234
0 6 8			0.0699456861739	-5.23674962321		4.80701989981		0.278636640467		91.3333780964		0.7694
4 2 8			0.0969508290014	-5.13979879421		4.61311824181		0.278605049166		92.2623648362		0.7605
0 6 16			0.0789280068119	-5.0608707874		4.45526222818		0.278726536773		93.5605067919		0.4825
3 1 15			0.0586282239034	-5.0022425635		4.33800578038		0.279527888996		95.4361271683		0.2871
7 1 1			0.0530614773888	-4.94918108611		4.2318828256		0.279495276596		97.3333049888		0.5207
4 2 2			0.0401901941646	-4.90899089194		4.15150243727		0.27947351712		99.6360584945		0.457
1 7 1			0.0362540567945	-4.87273683515		4.07899432368		0.279436120564		101.974858092		0.5219
2 4 2			0.0237929517312	-4.84894388342		4.03140842022		0.279412920399		104.816618926		0.3828
1 5 1			0.0204557267668	-4.82848815665		3.99049696669		0.279374207874		107.743418101		0.4978
5 1 1			0.0235603442385	-4.80492781241		3.94337627821		0.279331547678		110.41453579		0.5346
3 3 15			-0.0993484109408	-4.90427622335		4.04272468915		0.28066648184		117.239015985		0.3402
0 2 10			0.0136176682078	-4.89065855515		4.01548935273		0.280934413855		120.464680582		0.4317
3 3 1			0.0082281901551	-4.88243036499		3.99903297242		0.280900028884		123.970022145		0.5106
0 6 10			0.0484366274065	-4.83399373758		3.90215971761		0.280701375626		124.869110964		0.8527
3 5 1			0.00700512471074	-4.82698861287		3.88814946819		0.280670192781		128.30893245		0.5283
0 0 10			0.0471425598112	-4.77984605306		3.79386434857		0.280507977074		128.991387851		0.8316
1 3 13			0.00239247727677	-4.77745357579		3.78907939401		0.280684499965		132.61777879		0.3907
2 6 10			0.0431622839911	-4.73429129179		3.70275482603		0.280531972183		133.299173737		0.7069
2 2 10			0.0457105322259	-4.68858075957		3.61133376158		0.280435168001		133.619349178		0.6429
4 4 10			0.046624265378	-4.64195649419		3.51808523082		0.28039472673		133.687238771		0.6886
0 4 10			0.0373626277875	-4.6045938664		3.44335997525		0.280278312408		134.291039035		0.9893
4 0 10			0.0386712009591	-4.56592266544		3.36601757333		0.28019678307		134.640702933		0.6243
6 2 10			0.0343658254993	-4.53155683994		3.29728592233		0.280097172075		135.188722816		0.7103
5 3 1			-0.0123090165593	-4.5438658565		3.30959493889		0.280079850227		139.002987433		0.5252
6 0 0			-0.0315455534785	-4.57541140998		3.34114049237		0.280079850227		143.669041172		0.7256
2 0 10			-0.00164589024838	-4.57705730023		3.34278638262		0.280228354097		147.082600835		0.6169
0 2 16			-0.0403181348722	-4.6173754351		3.38310451749		0.280248166676		152.239703287		1.8687
2 0 16			-0.0110284238278	-4.62840385893		3.39413294132		0.280264538772		156.130115301		0.5935
0 6 14			-0.00238649864145	-4.63079035757		3.39651943996		0.280374068875		159.636413678		0.9096
2 4 8			0.0259399454522	-4.60485041212		3.34463954905		0.280374068875		160.542698355		0.1687
0 6 2			0.026533607272	-4.57831680485		3.29157233451		0.280372742041		161.287044391		0.2356
0 0 4			0.03119583468	-4.54712097017		3.22918066515		0.28038552465		161.459033258		0.8482
4 4 4			0.0316590169821	-4.51546195319		3.16586263119		0.280385245615		161.458994191		0.8476
1 5 5			-1.86247000533	-6.37793195851		5.02833263651		0.280316936566		261.473297099		1.8923
2 6 4			0.0461703114551	-6.33176164706		4.9359920136		0.28032933815		261.607576721		0.8772
6 2 4			0.0443887188888	-6.28737292817		4.84721457583		0.280342301295		261.749587095		0.8727
1 3 11			-2.25982586122	-8.54719878938		7.10704043704		0.279918411691		390.887224037		2.4293
2 2 4			0.0634436937271	-8.48375509566		6.98015304959		0.279918411691		390.888570777		0.7551
0 4 4			0.0603169444127	-8.42343815124		6.85951916076		0.279927852823		390.992592163		0.8482
0 6 0			0.00310525155935	-8.42033289968		6.85330865764		0.279927852823		397.491902143		1.4277
1 3 1			-0.00606031563638	-8.42639321532		6.85936897328		0.279907242974		404.702769423		0.5324
4 0 4			0.0568068498526	-8.36958636547		6.74575527357		0.279913118183		404.745316414		1.2165
1 1 15			0.0112574293079	-8.35832893616		6.72324041496		0.279706608399		410.117665312		0.656
0 4 20			-0.0323407609374	-8.3906696971		6.7555811759		0.279842555528		418.846032906		1.027
3 1 13			0.019527369214	-8.37114232788		6.71652643747		0.279942111125		423.14116556		0.3869
1 5 13			0.0158449749912	-8.35529735289		6.68483648748		0.280047460898		427.829535199		1.1973
5 1 13			0.0223437481235	-8.33295360477		6.64014899124		0.280151455448		431.60968443		0.4567
3 1 1			-0.00588141920534	-8.33883502397		6.64603041044		0.280129286039		438.638007089		0.5239
3 3 13			0.0313671426556	-8.30746788132		6.58329612513		0.280220147105		441.080840384		0.5636
1 1 13			0.0219308952876	-8.28553698603		6.53943433456		0.280323838127		444.68153475		0.3722
0 2 8			0.047278477781	-8.23825850825		6.44487737899		0.28033228089		444.696539151		0.1155
0 0 20			0.0390469871807	-8.19921152107		6.36678340463		0.280396500779		445.674838324		0.4542
3 3 9			0.0149483313822	-8.18426318969		6.33688674187		0.280383128169		449.918958673		0.3816
3 5 9			-0.0518559227704	-8.23611911246		6.38874266464		0.28036616396		459.989471854		0.4755
1 5 9			-0.0547703215353	-8.29088943399		6.44351298617		0.280354583366		470.376447991		0.4394
5 3 9			-0.0624935847164	-8.35338301871		6.50600657089		0.280336978149		481.444486246		0.4833
2 4 12			0.0314427305712	-8.32194028814		6.44312110975		0.280296924489		483.234083231		0.2205
0 2 12			-0.0196178451246	-8.34155813326		6.46273895487		0.280179351737		491.16816057		0.3827
5 3 11			-0.696517239517	-9.03807537278		7.15925619439		0.279836846113		551.262726968		1.8677
2 0 12			0.00174806508453	-9.0363273077		7.15576006422		0.279720807311		558.149285009		0.8079
1 1 1			-0.0322440180367	-9.06857132573		7.18800408226		0.279694660943		567.852322498		0.5749
4 2 12			0.0352464724638	-9.03332485327		7.11751113733		0.279645958877		569.400890986		0.2244
5 1 9			-0.0525791702798	-9.08590402355		7.17009030761		0.279638537333		580.777314916		0.4583
7 1 3			-0.443957708075	-9.52986173162		7.61404801569		0.279739974055		624.351937286		1.4031
2 0 8			0.0457083908295	-9.48415334079		7.52263123403		0.279746243902		624.378392424		0.1665
4 6 0			0.0445285193194	-9.43962482147		7.43357419539		0.279746243902		624.420232413		0.7863
4 2 0			-0.0632512355985	-9.50287605707		7.49682543099		0.279746243902		637.230161634		0.9287
1 3 3			-0.325251001325	-9.8281270584		7.82207643231		0.279824175865		672.698573179		0.7045
6 0 12			0.0440610690581	-9.78406598934		7.73395429419		0.279816236195		672.854023595		0.5892
4 6 4			-0.0461561111793	-9.83022210052		7.78011040537		0.27975638157		684.649715673		1.0731
6 4 4			-0.0503620932019	-9.88058419372		7.83047249858		0.279695698021		696.912052373		0.6669
2 0 2			-0.0516588287428	-9.93224302246		7.88213132732		0.279680844405		709.391819459		0.6502
0 6 12			0.0404727462863	-9.89177027618		7.80118583475		0.279665125389		709.907910962		0.3425
6 4 6			-0.116746789551	-10.0085170657		7.9179326243		0.279792884898		728.449801435		0.9247
2 4 0			-0.0633599395677	-10.0718770053		7.98129256387		0.279792909582		742.260208439		1.4359
0 2 2			-0.0545180645513	-10.1263950698		8.03581062842		0.27977903026		755.366199071		0.4614
1 1 9			-0.088184769102	-10.2145798389		8.12399539752		0.279864902677		771.779562764		0.2216
4 6 6			-0.106572796491	-10.3211526354		8.23056819401		0.280006540769		790.134546625		1.1903
0 2 20			-0.184826924713	-10.5059795602		8.41539511872		0.281362179975		816.293326516		0.4494
0 6 4			-0.0784869294307	-10.5844664896		8.49388204815		0.281299714628		832.400440719		0.6675
6 0 4			-0.0743145406542	-10.6587810302		8.56819658881		0.281235495106		848.251462292		0.7069
0 6 6			-0.160658996865	-10.8194400271		8.72885558567		0.281326405158		872.885558567		1.0147
6 4 0			0.0431477725591	-10.7762922545		8.64256004055		0.281326405158		872.898564096		1.8287
6 0 6			-0.148465433512	-10.9247576881		8.79102547407		0.281419354136		896.684598355		1.0815
1 1 3			-0.130643827945	-11.055401516		8.92166930201		0.281455978998		918.931938107		0.4514
0 0 14			-0.0599262216801	-11.1153277377		8.98159552369		0.281595843664		934.085934464		0.8389
2 2 14			-0.137533184737	-11.2528609224		9.11912870843		0.281762837559		957.508514385		1.0835
0 0 22			-0.152362145806	-11.4052230682		9.27149085423		0.281030422872		982.778030549		2.2765
7 3 3			-0.219388824892	-11.6246118931		9.49087967913		0.281092736853		1015.52412567		1.9283
6 2 2			-0.93058690405	-12.5551987972		10.4214665832		0.281101965423		1125.51839098		3.3001
5 5 3			-0.214821021598	-12.7700198188		10.6362876048		0.281158047346		1159.35534892		0.8107
4 2 6			-0.23997788286	-13.0099977016		10.8762654876		0.281271264788		1196.38920364		1.6049
2 4 6			-0.250258572064	-13.2602562737		11.1265240597		0.281380668808		1235.04417063		0.785
3 7 3			-0.206204396187	-13.4664606699		11.3327284559		0.281445422239		1269.26558706		0.8954
0 4 14			-0.155464432737	-13.6219251026		11.4881928886		0.281615482745		1298.16579641		1.2337
3 3 3			-0.212028197153	-13.8339532998		11.7002210858		0.281674100993		1333.82520378		0.8081
1 5 3			-0.219604875802	-14.0535581756		11.9198259616		0.281742345584		1370.77998558		0.9511
4 0 12			-0.61970700555	-14.6732651811		12.5395329671		0.281415516196		1454.58582419		2.7435
2 4 4			-0.199399174258	-14.8726643554		12.7389321414		0.281354527877		1490.45506054		0.8182
3 1 3			-0.195420599159	-15.0680849545		12.9343527405		0.281409872512		1526.25362338		1.2003
5 1 3			-0.219264005734	-15.2873489603		13.1536167463		0.281483714278		1565.28039281		0.9592
4 0 14			-0.147440911493	-15.4347898718		13.3010576578		0.281649429444		1596.12691893		1.986
4 2 4			-0.18472356034	-15.6195134321		13.4857812181		0.281595284498		1631.77952739		0.7624
1 7 3			-0.228856943718	-15.8483703758		13.7146381618		0.281663713547		1673.18585574		0.9932
2 0 0			-0.26540659365	-16.1137769695		13.9800447555		0.281663713547		1719.54550492		2.02
0 2 0			-0.270158189616	-16.3839351591		14.2502029451		0.281663713547		1767.02516519		1.4407
0 4 16			-0.344453038119	-16.7283881972		14.5946559832		0.281681607395		1824.3319979		1.5557
3 5 3			-0.258983468062	-16.9873716653		14.8536394513		0.281747388082		1871.55857086		0.9259
0 2 22			-0.255361428502	-17.2427330938		15.1090008798		0.281132352426		1918.84311173		1.8317
0 4 18			-2.41266126497	-19.6553943587		17.5216621447		0.285163794146		2242.77275453		0.8369
5 3 3			-0.22785926716	-19.8832536259		17.7495214119		0.285225497887		2289.68826214		0.9351
4 4 12			-0.335709629249	-20.2189632551		18.0852310412		0.285032435751		2351.08003535		1.9475
7 3 5			-0.344490373676	-20.5634536288		18.4297214148		0.284989863539		2414.29350534		1.0496
2 2 16			-0.355450571825	-20.9189042006		18.7851719867		0.285159948466		2479.64270224		1.1693
3 7 5			-0.344414698949	-21.2633188996		19.1295866856		0.285129478328		2544.23502919		1.0548
0 0 16			-0.385179150293	-21.6484980499		19.5147658359		0.285317451767		2614.97862201		1.3342
5 5 5			-0.413018811422	-22.0615168613		19.9277846473		0.285274996579		2690.25092739		1.5862
7 1 5			-0.410716782495	-22.4722336438		20.3385014298		0.285236131969		2766.03619445		1.5264
0 2 6			-0.390980221086	-22.8632138649		20.7294816509		0.285444503644		2839.93898617		1.1672
2 0 6			-0.365891101443	-23.2291049663		21.0953727523		0.285652901793		2911.16143982		1.6278
1 7 5			-0.400874440633	-23.629979407		21.496247193		0.28562534335		2987.97835982		1.0841
0 0 2			-0.42943738213	-24.0594167891		21.9256845751		0.285619781524		3069.59584051		1.161
2 0 4			-0.426151874399	-24.4855686635		22.3518364495		0.285561716298		3151.60893938		1.3874
0 2 4			-0.42421236064	-24.9097810241		22.7760488101		0.28549796097		3234.19893104		1.326
0 0 18			-0.454494229496	-25.3642752536		23.2305430396		0.28718029447		3321.96765467		0.6609
4 4 6			-1.66369274266	-27.0279679963		24.8942357823		0.287419215918		3584.76995265		4.3817
5 1 5			-0.533827390792	-27.5617953871		25.4280631731		0.287406361674		3687.0691601		1.1901
0 6 18			-0.457861282041	-28.0196566691		25.8859244551		0.289092451139		3779.34497045		0.7949
0 2 18			-0.209764182473	-28.2294208516		26.0956886376		0.289899157668		3836.06622973		0.3755
3 5 5			-0.538444186801	-28.7678650384		26.6341328244		0.28989042955		3941.85165801		1.2751
5 3 5			-0.533021662861	-29.3008867013		27.1671544873		0.2898834181		4047.9060186		2.2247
2 2 12			-0.680664174082	-29.9815508753		27.8478186614		0.289862420599		4177.1727992		1.9766
3 3 5			-0.613917744924	-30.5954686203		28.4617364063		0.289853837004		4297.72219735		1.3995
4 4 2			-0.506786814921	-31.1022554352		28.9685232212		0.289853837004		4403.21552962		1.2125
2 2 2			-0.492394693622	-31.5946501288		29.4609179148		0.289853837004		4507.52044097		1.1162
2 6 2			-0.511906433293	-32.1065565621		29.9728243481		0.289863421021		4615.81494961		1.2892
0 4 2			-0.528563887644	-32.6351204497		30.5013882358		0.289863457085		4727.71517654		3.2657
4 0 2			-0.526332249231	-33.161452699		31.027720485		0.289873871997		4840.32439566		1.7854
5 1 7			-2.28995003465	-35.4514027336		33.3176705196		0.290100964714		5230.87427158		0.2609
1 7 7			-1.60210045644	-37.0535031901		34.9197709761		0.290287408082		5517.32381422		0.4353
7 1 7			-1.90696559239	-38.9604687825		36.8267365685		0.290534761197		5855.45111439		0.3505
3 5 7			-1.83625957518	-40.7967283576		38.6629961436		0.290796392027		6186.07938298		0.2309
5 5 7			-2.47222491733	-43.268953275		41.135221061		0.291179324522		6622.77059082		0.6639
1 5 7			-2.09426331301	-45.363216588		43.229484374		0.291605997827		7003.17646858		0.6035
4 4 8			-0.800648415812	-46.1638650038		44.0301327898		0.291514902244		7176.91164474		3.9407
3 3 7			-2.69337877681	-48.8572437806		46.7235115666		0.292145535965		7662.65589692		0.1558
1 1 5			-0.919121224262	-49.7763650049		47.6426327909		0.292145535965		7861.03441049		1.9661
3 1 5			-0.628414310044	-50.4047793149		48.2710471009		0.292129076169		8012.99381875		2.8985
3 1 7			-1.85449963876	-52.2592789537		50.1255467397		0.292787935214		8370.96630552		0.257
1 3 7			-1.73949711197	-53.9987760656		51.8650438516		0.293947030869		8713.32736707		0.1893
1 1 7			9.2951346399	-44.7036414257		33.2747745718		0.31964715836		5623.43690264		0.2012
0 4 0			-2.77201798286	-47.4756594086		36.0467925547		0.31964715836		6127.9547343		6.137
0 0 12			-0.0858555808745	-47.5615149894		36.1326481356		0.319750420105		6178.68283118		3.2426
5 3 7			0.0197480402421	-47.5417669492		36.0931520551		0.319859137407		6208.02215347		0.2523
1 3 5			-0.660503865452	-48.2022708147		36.7536559205		0.319870594027		6358.38247425		3.1323
1 5 11			-0.779218514481	-48.9814893291		37.532874435		0.319870594027		6530.72015169		1.8219
5 1 11			-0.764904530526	-49.7463938597		38.2977789655		0.319880321885		6702.11131897		3.2753
3 5 11			-0.752526328246	-50.4989201879		39.0503052938		0.319880321885		6872.8537317		1.8915
0 0 8			-0.680540653077	-51.179460841		39.7308459469		0.319880321885		7032.35973259		2.1948
2 2 8			-0.827662970113	-52.0071238111		40.558508917		0.319893929301		7219.41458722		1.8488
1 1 17			-0.872047497721	-52.8791713088		41.4305564147		0.31985436147		7416.06959823		2.447
6 2 8			-0.810110550104	-53.6892818589		42.2406669648		0.319862956754		7603.32005366		3.3751
2 6 8			-0.781796887237	-54.4710787462		43.022463852		0.319874041253		7787.06595722		4.3291
3 3 11			-0.916373223305	-55.3874519695		43.9388370753		0.319881414591		7996.86834771		2.1204
4 0 8			-0.900215091846	-56.2876670613		44.8390521672		0.31989155713		8205.54654659		2.9483
0 4 8			-0.843320367606	-57.1309874289		45.6823725348		0.31989845958		8405.5565464		4.1351
2 6 6			-0.483881818776	-57.6148692477		46.1662543536		0.319938212253		8540.75705541		5.383
6 2 6			-0.471160950154	-58.0860301979		46.6374153037		0.319977748538		8674.55924649		3.9921
3 1 11			-1.07807413859	-59.1641043364		47.7154894423		0.319984972793		8922.79652571		2.3814
1 1 11			-1.44557404791	-60.6096783844		49.1610634902		0.319993972779		9242.27993616		2.144
2 6 0			-1.19792425629	-61.8076026406		50.3589877465		0.319993972779		9517.84868409		4.3567
6 2 0			-1.22014426478	-63.0277469054		51.5791320113		0.319993972779		9800.03508215		4.3933
4 0 6			-1.05189753082	-64.0796444362		52.6310295421		0.320036057866		10052.5266425		5.3963
0 4 6			-1.01171558299	-65.0913600192		53.6427451251		0.320081666215		10299.407064		3.7688
4 4 0			-1.41209694619	-66.5034569654		55.0548420713		0.320081666215		10625.5845198		4.9852
2 2 6			-1.40178699828	-67.9052439637		56.4566290696		0.320133055998		10952.5860395		8.3224
0 0 6			-1.52337383848	-69.4286178022		57.980002908		0.320184357211		11306.1005671		7.4326
4 0 0			-2.13299670142	-71.5616145036		60.1129996095		0.320184357211		11782.1479235		8.3901
2 2 0			-2.99291688686	-74.5545313905		63.1059164963		0.320184357211		12431.8655498		11.1953