HKL Value		Reward	TotalReward	Chi Squared Value	Z Coordinate Approximation		dx
0 2 14			0	0		0		0.3		0		0.2479
2 0 14			-0.0433281397379	-0.0433281397379		0.0433281397379		0.279464337447		0.0433281397379		0.2634
4 6 2			-0.0604003635709	-0.103728503309		0.103728503309		0.279553375758		0.207457006618		0.2349
4 0 2			-37.8620779004	-37.9658064037		37.9658064037		0.279949275111		113.897419211		1.7854
1 5 9			3.45181714234	-34.5139892614		31.062172119		0.279691586819		124.248688476		0.4394
2 4 10			3.09651942281	-31.4174698386		24.8691332734		0.280326549334		124.345666367		0.607
4 2 10			2.07229450563	-29.3451753329		20.7245442622		0.280378994819		124.347265573		1.1102
2 6 4			1.47146449022	-27.8737108427		17.7816152817		0.28050698098		124.471306972		0.8772
6 4 2			1.08522257003	-26.7884882727		15.6111701416		0.280565692518		124.889361133		0.2211
1 3 15			0.861740729313	-25.9267475434		13.887688683		0.280943951048		124.989198147		0.2862
9 1 1			0.694030097978	-25.2327174454		12.4996284871		0.280938589589		124.996284871		0.8793
5 5 1			0.564069056552	-24.6686483888		11.371490374		0.280920462095		125.086394114		0.5073
3 7 1			0.464764485194	-24.2038839036		10.4419614036		0.280893971806		125.303536843		1.2822
7 3 1			0.393946122229	-23.8099377814		9.65406915912		0.280868752769		125.502899069		0.5095
6 0 10			0.323296199866	-23.4866415816		9.00747675939		0.280456764757		126.104674631		1.0728
2 4 14			0.25091729731	-23.2357242842		8.50564216477		0.280729788369		127.584632472		0.5221
4 2 14			0.216417605969	-23.0193066783		8.07280695283		0.280984470376		129.164911245		1.2576
4 4 8			-8.12920818843	-31.1485148667		16.2020151413		0.279404923125		275.434257401		3.9407
1 3 9			0.425238417717	-30.723276449		15.3515383058		0.279386174627		276.327689505		0.2622
6 0 2			0.392298141203	-30.3309783078		14.5669420234		0.279374366399		276.771898445		0.2214
3 1 9			0.323042053837	-30.0079362539		13.9208579157		0.2793476006		278.417158315		0.36
6 0 8			0.278927008378	-29.7290092456		13.363003899		0.279242061896		280.623081879		2.9234
0 6 8			0.249109507166	-29.4798997384		12.8647848847		0.279125951574		283.025267462		0.7694
0 6 16			0.253529241929	-29.2263704965		12.3577264008		0.279212295379		284.227707218		0.4825
5 1 7			0.513672824819	-28.7126976717		11.3303807512		0.240936335137		271.929138028		0.2609
4 2 8			0.101493214226	-28.6112044574		11.1273943227		0.240552080762		278.184858068		0.7605
4 2 2			0.18273053219	-28.4284739252		10.7619332583		0.240552080762		279.810264717		0.457
7 1 1			0.199288032922	-28.2291858923		10.3633571925		0.240552080762		279.810644197		0.5207
3 1 15			0.118596191685	-28.1105897006		10.1261648091		0.24043862209		283.532614655		0.2871
1 7 1			0.173953431318	-27.9366362693		9.77825794648		0.240428224355		283.569480448		0.5219
1 5 1			0.160219329109	-27.7764169402		9.45781928826		0.24041654092		283.734578648		0.4978
2 4 2			0.118525991993	-27.6578909482		9.22076730427		0.24041654092		285.843786432		0.3828
5 1 1			0.142479613097	-27.5154113351		8.93580807808		0.24041654092		285.945858499		0.5346
3 3 15			0.114044626686	-27.4013667084		8.70771882471		0.240337787994		287.354721215		0.3402
0 2 10			-0.119929671596	-27.52129638		8.8276484963		0.24047449895		300.140048874		0.4317
0 4 10			-0.381476483789	-27.9027728638		9.20912498009		0.240087265442		322.319374303		0.9893
3 3 1			0.12466094479	-27.778111919		8.95980309051		0.24007059482		322.552911258		0.5106
4 4 10			-0.430704456298	-28.2088163753		9.39050754681		0.23964215639		347.448779232		0.6886
2 2 10			-0.346717600624	-28.5555339759		9.73722514743		0.239168479907		370.014555603		0.6429
0 0 10			-0.273156495196	-28.8286904711		10.0103816426		0.238648950101		390.404884063		0.8316
4 0 10			-0.273927104447	-29.1026175756		10.2843087471		0.237964215235		411.372349883		0.6243
2 6 10			-0.225724254948	-29.3283418305		10.510033002		0.236989732381		430.911353083		0.7069
6 2 10			0.584541308472	-28.7438005221		9.34095038508		0.220589640593		392.319916173		0.7103
3 5 1			0.107772305772	-28.6360282163		9.12540577354		0.220589640593		392.392448262		0.5283
2 0 16			0.0580399937598	-28.5779882225		9.00932578602		0.220496541111		396.410334585		0.5935
5 3 1			0.0999134966239	-28.4780747259		8.80949879277		0.220496885834		396.427445675		0.5252
0 2 16			0.0384452554306	-28.4396294705		8.73260828191		0.220405846116		401.699980968		1.8687
0 6 10			0.0905282957822	-28.3491011747		8.55155169034		0.220540968626		401.922929446		0.8527
1 3 3			-0.907681601049	-29.2567827757		9.45923329139		0.220510757521		454.043197987		0.7045
6 0 0			0.048909995438	-29.2078727803		9.36141330052		0.220510757521		458.709251725		0.7256
2 0 10			0.0549966170024	-29.1528761633		9.25142006651		0.220140771197		462.571003326		0.6169
0 6 14			0.0540602951894	-29.0988158681		9.14329947613		0.219876097962		466.308273283		0.9096
2 4 8			0.0791386122618	-29.0196772559		8.98502225161		0.219868110756		467.221157084		0.1687
0 0 4			0.0829359279574	-28.9367413279		8.81915039569		0.21983506022		467.414970972		0.8482
0 6 2			0.0748247162297	-28.8619166117		8.66950096324		0.21983506022		468.153052015		0.2356
4 4 4			0.0788086032965	-28.7831080084		8.51188375664		0.21983506022		468.153606615		0.8476
6 2 4			0.0746031004965	-28.7085049079		8.36267755565		0.219809444523		468.309943116		0.8727
2 2 4			0.0733172934946	-28.6351876144		8.21604296866		0.219809467965		468.314449214		0.7551
0 4 4			0.0700988744388	-28.5650887399		8.07584521978		0.219796386826		468.399022747		0.8482
0 6 0			0.0133604681348	-28.5517282718		8.04912428351		0.219796386826		474.898332727		1.4277
0 4 20			-5.53552547746e-05	-28.5517836271		8.04917963877		0.219413631913		482.950778326		1.027
1 1 15			-0.0848942909259	-28.636677918		8.13407392969		0.219206132985		496.178509711		0.656
1 3 1			0.0618896052831	-28.5747883127		8.01029471913		0.219187041659		496.638272586		0.5324
3 1 1			0.0604301329266	-28.5143581798		7.88943445327		0.219172371173		497.034370556		0.5239
1 5 13			-0.251316396218	-28.765674576		8.14075084949		0.217406604389		521.008054367		1.1973
2 6 8			-2.09739755563	-30.8630721316		10.2381484051		0.218075245918		665.479646333		4.3291
1 3 13			-0.179759814107	-31.0428319457		10.4179082192		0.216816759233		687.581942469		0.3907
3 1 13			-0.0757762202302	-31.118608166		10.4936844395		0.216048142047		703.076857444		0.3869
3 3 13			-0.138404192894	-31.2570123589		10.6320886324		0.215294412715		722.982027		0.5636
4 0 4			0.0760629510972	-31.1809494078		10.4799627302		0.215303392815		723.117428381		1.2165
1 1 13			-0.0018911256258	-31.1828405334		10.4818538558		0.214882703339		733.729769905		0.3722
5 1 13			0.00994452425401	-31.1728960091		10.4619648073		0.214538153958		742.799501317		0.4567
0 0 20			0.0554047265666	-31.1174912826		10.3511553541		0.214750543587		745.283185498		0.4542
0 0 22			-0.565433271467	-31.682924554		10.9165886256		0.215320354163		796.91096967		2.2765
0 2 8			0.0672625171654	-31.6156620369		10.7820635913		0.215365062622		797.872705755		0.1155
3 5 9			0.0447840020151	-31.5708780349		10.6924955873		0.215320150851		801.937169044		0.4755
5 3 9			0.0509351600844	-31.5199428748		10.5906252671		0.215278187649		804.887520298		0.4833
3 3 9			-0.0391016035088	-31.5590444783		10.6297268706		0.215172938239		818.488969036		0.3816
2 4 12			0.053274376086	-31.5057701022		10.5231781184		0.215172938239		820.807893237		0.2205
1 1 1			0.0608718373422	-31.4448982648		10.4014344437		0.215165748636		821.713321055		0.5749
0 2 12			4.41624693446e-05	-31.4448541024		10.4013461188		0.21518966848		832.107689504		0.3827
2 0 12			0.00457905139557	-31.440275051		10.392188016		0.215209772347		841.767229296		0.8079
5 1 9			-0.00466981618325	-31.4449448672		10.3968578322		0.215123032081		852.542342239		0.4583
4 2 12			0.0490151732426	-31.3959296939		10.2988274857		0.215123072617		854.802681313		0.2244
2 0 8			0.0534926009327	-31.342437093		10.1918422838		0.21518044221		856.114751842		0.1665
6 0 12			0.0592466833236	-31.2831904097		10.0733489172		0.215174189682		856.234657961		0.5892
4 2 0			-0.0318207012102	-31.3150111109		10.1051696184		0.215174189682		869.044587182		0.9287
4 6 4			-0.0440306773461	-31.3590417882		10.1492002957		0.215208669923		882.98042573		1.0731
6 4 4			-0.0486951254398	-31.4077369137		10.1978954212		0.215240759629		897.414797064		0.6669
2 0 2			-0.0326411287309	-31.4403780424		10.2305365499		0.215249815852		910.517752943		0.6502
4 6 0			0.0566038697864	-31.3837741726		10.1173288103		0.215249815852		910.559592931		0.7863
4 6 6			-0.0391919196326	-31.4229660922		10.15652073		0.215178296837		924.243386428		1.1903
6 4 6			-0.0375393769273	-31.4605054692		10.1940601069		0.215104225837		937.853529835		0.9247
2 4 0			-0.0388859144552	-31.4993913836		10.2329460214		0.215104225837		951.663979986		1.4359
1 1 9			-0.3887337732	-31.8881251568		10.6216797946		0.214788326862		998.437900689		0.2216
0 6 12			0.053567784398	-31.8345573724		10.5145442258		0.214782517152		998.881701448		0.3425
0 2 20			0.0501295644576	-31.784427808		10.4142850968		0.214680969705		999.771369298		0.4494
0 2 2			-0.0349217901348	-31.8193495981		10.449206887		0.214690009989		1013.57306804		0.4614
0 6 4			-0.078539994525	-31.8978895926		10.5277468815		0.214723527259		1031.71919439		0.6675
6 0 4			-0.0744196398516	-31.9723092325		10.6021665214		0.214754859628		1049.61448561		0.7069
0 6 6			-0.108702376738	-32.0810116092		10.7108688981		0.214703843741		1071.08688981		1.0147
6 0 6			-0.0985244232004	-32.1795360324		10.8093933213		0.214643920063		1091.74872545		1.0815
1 1 3			-0.0796728144753	-32.2592088469		10.8890661358		0.214625162771		1110.68474585		0.4514
0 0 14			-0.0184537353005	-32.2776625822		10.9075198711		0.214625162771		1123.47454672		0.8389
6 4 0			0.0523774727998	-32.2252851094		10.8027649255		0.214625162771		1123.48755225		1.8287
2 2 14			-0.0942875308527	-32.3195726402		10.8970524563		0.214610541387		1144.19050791		1.0835
4 2 6			-0.203172623265	-32.5227452635		11.1002250796		0.21453675034		1176.62385844		1.6049
7 3 3			-0.41315502594	-32.9359002895		11.5133801055		0.214532267092		1231.93167129		1.9283
2 4 6			-0.208476988331	-33.1443772778		11.7218570939		0.214460340709		1265.96056614		0.785
5 5 3			-0.345612646327	-33.4899899241		12.0674697402		0.214447904059		1315.35420168		0.8107
3 7 3			-0.409724812338	-33.8997147364		12.4771945525		0.214447904059		1372.49140078		0.8954
0 4 14			-0.11845979199	-34.0181745284		12.5956543445		0.214440798487		1398.11763224		1.2337
3 3 3			-0.389745146962	-34.4079196754		12.9853994915		0.214440623449		1454.36474305		0.8081
3 1 3			-0.351152429315	-34.7590721047		13.3365519208		0.21442536571		1507.03036705		1.2003
1 5 3			-0.49280709927	-35.251879204		13.8293590201		0.21442536571		1576.54692829		0.9511
4 0 14			-0.119342175331	-35.3712213793		13.9487011954		0.21442536571		1604.10063747		1.986
1 3 7			0.0527694033022	-35.318451976		13.8431623888		0.21442536571		1605.8068371		0.1893
2 4 4			-0.20877051647	-35.5272224925		14.0519329053		0.214463040174		1644.07614992		0.8182
4 2 4			-0.202039038751	-35.7292615312		14.253971944		0.214497059987		1681.96868939		0.7624
5 1 3			-0.482247322959	-36.2115088542		14.736219267		0.214497059987		1753.61009277		0.9592
1 7 3			-0.49033088534	-36.7018397395		15.2265501523		0.2145058497		1827.18601828		0.9932
7 1 3			-0.490097246486	-37.191936986		15.7166473988		0.214513556631		1901.71433525		1.4031
0 2 0			-0.2603525645	-37.4522895505		15.9769999633		0.214513556631		1949.19399552		1.4407
0 4 16			-0.307069612935	-37.7593591635		16.2840695762		0.214411542822		2002.94055788		1.5557
2 0 0			-0.242541746448	-38.0019009099		16.5266113227		0.214410758234		2049.29980401		2.02
4 4 12			-0.364974383772	-38.3668752937		16.8915857065		0.214522803694		2111.44821331		1.9475
0 2 22			-0.403809453895	-38.7706847476		17.2953951603		0.214797317908		2179.2197902		1.8317
3 5 3			-0.427003269934	-39.1976880175		17.7223984303		0.214795485833		2250.74460065		0.9259
5 3 3			-0.435580099475	-39.633268117		18.1579785298		0.214793169406		2324.22125181		0.9351
7 3 5			0.0676950677456	-39.5655730492		18.0225883943		0.214784395183		2324.91390286		1.0496
2 2 16			-0.361479338786	-39.927052388		18.3840677331		0.214672855481		2389.9288053		1.1693
3 7 5			0.0666627178334	-39.8603896702		18.2507422974		0.214658150727		2390.84724096		1.0548
0 0 16			-0.395142088878	-40.2555317591		18.6458843863		0.214534614202		2461.25673899		1.3342
5 5 5			0.0601518313476	-40.1953799277		18.5255807236		0.214518758125		2463.90223623		1.5862
7 1 5			0.0463871933047	-40.1489927344		18.432806337		0.214487397844		2469.99604915		1.5264
0 2 6			-0.407549970734	-40.5565427051		18.8403563077		0.214361086527		2543.44810154		1.1672
1 7 5			0.0455966191315	-40.510946086		18.7491630694		0.214336481514		2549.88617744		1.0841
2 0 6			-0.38045142851	-40.8913975145		19.1296144979		0.214205669432		2620.75718622		1.6278
1 5 5			-0.0127126654067	-40.9041101799		19.1423271633		0.214161578843		2641.64114854		1.8923
0 4 12			-0.541998751858	-41.4461089318		19.6843259152		0.214284116877		2736.12130221		1.4889
4 0 12			-0.529446022406	-41.9755549542		20.2137719376		0.214415525958		2829.92807127		2.7435
4 0 6			-2.42718895205	-44.4027439062		22.6409608897		0.214195100889		3192.37548544		5.3963
0 0 2			-0.415348857709	-44.8180927639		23.0563097474		0.214195100889		3273.99598413		1.161
0 0 18			-0.44667871017	-45.2647714741		23.5029884575		0.212954810797		3360.92734943		0.6609
2 0 4			-0.411712848688	-45.6764843228		23.9147013062		0.212989821578		3443.7169881		1.3874
0 2 4			-0.410124655233	-46.086608978		24.3248259615		0.213024203835		3527.09976441		1.326
5 1 5			0.014636811498	-46.0719721665		24.2955523385		0.212986910373		3547.15064142		1.1901
0 2 18			-0.506926829057	-46.5788989956		24.8024791675		0.211433340828		3645.96443763		0.3755
0 6 18			-0.303376909143	-46.8822759047		25.1058560767		0.210375241915		3715.66669935		0.7949
0 4 18			-0.432481234666	-47.3147571394		25.5383373113		0.209531249299		3805.21225939		0.8369
3 5 5			0.0315857281366	-47.2831714113		25.4751658551		0.209517018404		3821.27487826		1.2751
5 3 5			0.0306608488212	-47.2525105624		25.4138441574		0.209502343484		3837.49046777		2.2247
3 3 5			0.00491103488811	-47.2475995276		25.4040220876		0.209488988387		3861.41135732		1.3995
2 2 12			-0.680987907391	-47.928587435		26.085009995		0.209502217105		3991.00652924		1.9766
6 2 2			-0.537775009762	-48.4663624447		26.6227850048		0.209502143395		4099.90889074		3.3001
4 4 2			-0.508410045493	-48.9747724902		27.1311950503		0.20949642817		4205.33523279		1.2125
2 2 2			-0.494403621256	-49.4691761115		27.6255986715		0.209496275464		4309.59339276		1.1162
0 4 2			-0.536245635271	-50.0054217467		28.1618443068		0.209485933973		4421.40955617		3.2657
2 6 2			-0.50660923828	-50.512030985		28.6684535451		0.209485933973		4529.61566012		1.2892
0 0 12			-0.899001185186	-51.4110321702		29.5674547303		0.209497459365		4701.22530211		3.2426
5 5 7			0.0892505032293	-51.321781667		29.3889537238		0.209497710606		4702.23259581		0.6639
7 1 7			0.0857573251342	-51.2360243418		29.2174390735		0.209497710606		4704.00769084		0.3505
1 1 7			0.0851139488549	-51.150910393		29.0472111758		0.209492487657		4705.64821049		0.2012
1 7 7			0.0817171549982	-51.069193238		28.8837768658		0.209492487657		4708.05562913		0.4353
1 5 7			0.0839618044537	-50.9852314335		28.7158532569		0.209492487657		4709.39993414		0.6035
3 3 7			0.0848262191287	-50.9004052144		28.5462008187		0.209492487657		4710.12313508		0.1558
3 5 7			0.0802899381619	-50.8201152762		28.3856209424		0.209492487657		4712.01307643		0.2309
3 1 7			0.0804907257284	-50.7396245505		28.2246394909		0.209492487657		4713.51479498		0.257
3 1 5			-0.0911156338727	-50.8307401844		28.3157551248		0.209466458993		4757.04686096		2.8985
5 3 7			0.0784715563907	-50.752268628		28.158812012		0.209464762585		4758.83923003		0.2523
1 3 5			-0.10613714079	-50.8584057688		28.2649491528		0.209444641284		4805.04135597		3.1323
1 5 11			-0.69323246895	-51.5516382377		28.9581816217		0.20933067453		4951.84905731		1.8219
4 4 0			-1.72801742948	-53.2796556672		30.6861990512		0.209329028501		5278.02623681		4.9852
5 1 11			-0.663606010617	-53.9432616778		31.3498050618		0.20920762379		5423.5162757		3.2753
3 5 11			-0.631576827581	-54.5748385054		31.9813818894		0.209076214616		5564.76044876		1.8915
5 3 11			-0.609133014134	-55.1839715195		32.5905149035		0.208937813802		5703.34010812		1.8677
0 0 8			-0.691140203014	-55.8751117226		33.2816551066		0.20897595152		5857.57129875		2.1948
2 2 8			-0.801721759672	-56.6768334822		34.0833768662		0.209034724088		6032.75770532		1.8488
1 1 17			-0.917860207005	-57.5946936892		35.0012370732		0.209093216754		6230.22019903		2.447
1 1 5			-0.176040555808	-57.770734245		35.177277629		0.209069976551		6296.7326956		1.9661
6 2 8			-0.749517129628	-58.5202513747		35.9267947587		0.209146354168		6466.82305656		3.3751
0 4 8			-0.813153444856	-59.3334048195		36.7399482035		0.209225836796		6649.93062484		4.1351
3 3 11			-0.779773173205	-60.1131779927		37.5197213767		0.20908309227		6828.58929056		2.1204
4 0 8			-0.843319184073	-60.9564971768		38.3630405608		0.209155054797		7020.43642263		2.9483
2 6 6			-0.973927077767	-61.9304242546		39.3369676386		0.209036672434		7238.0020455		5.383
6 2 6			-0.953243938701	-62.8836681933		40.2902115773		0.208909356624		7453.68914179		3.9921
4 4 6			-1.12642737989	-64.0100955732		41.4166389572		0.208773310763		7703.49484603		4.3817
3 1 11			-0.919543521114	-64.9296390943		42.3361824783		0.208598396217		7916.86612344		2.3814
1 3 11			-0.936333567582	-65.8659726619		43.2725160459		0.208409956827		8135.23301662		2.4293
1 1 11			-1.22266579587	-67.0886384577		44.4951818417		0.208179009575		8409.58936808		2.144
2 6 0			-1.21617666362	-68.3048151213		45.7113585053		0.208179009575		8685.15811601		4.3567
6 2 0			-1.2380892123	-69.5429043336		46.9494477176		0.208179009575		8967.34451407		4.3933
0 4 6			-1.50584695497	-71.0487512886		48.4552946726		0.208011236215		9303.41657714		3.7688
2 2 6			-1.96670769426	-73.0154589829		50.4220023669		0.207804961823		9731.44645681		8.3224
0 0 6			-2.1400472343	-75.1555062172		52.5620496012		0.207547917374		10197.0376226		7.4326
4 0 0			-2.17171952198	-77.3272257392		54.7337691231		0.207547917374		10673.084979		8.3901
0 4 0			-2.29481664558	-79.6220423847		57.0285857687		0.207547917374		11177.6028107		6.137
2 2 0			-3.00857380991	-82.6306161947		60.0371595786		0.207547917374		11827.320437		11.1953