HKL Value		Reward	TotalReward	Chi Squared Value	Z Coordinate Approximation		dx
2 0 14			0	0		0		0.3		0		0.2634
0 6 2			-0.732394530437	-0.732394530437		0.732394530437		0.279839108071		0.732394530437		0.2356
0 2 14			0.176474247713	-0.555920282723		0.37944603501		0.279344147922		0.75889207002		0.2479
1 3 15			0.00941912360699	-0.546501159116		0.360607787796		0.280851506937		1.08182336339		0.2862
3 1 15			0.0343757019687	-0.512125457148		0.291856383859		0.281183417847		1.16742553544		0.2871
2 4 10			0.0288751924704	-0.483250264677		0.234105998918		0.281155689777		1.17052999459		0.607
4 2 10			0.0156701898449	-0.467580074832		0.202765619228		0.281062350755		1.21659371537		1.1102
4 6 2			0.00505216962038	-0.462527905212		0.192661279987		0.281074676684		1.34862895991		0.2349
5 1 1			-0.330785126687	-0.793313031899		0.523446406674		0.281016851061		4.18757125339		0.5346
5 5 1			0.0239765009827	-0.769336530916		0.475493404709		0.281004504747		4.27944064238		0.5073
2 0 8			0.0234048594075	-0.745931671509		0.428683685894		0.280983527795		4.28683685894		0.1665
6 4 2			0.00124100427349	-0.744690667235		0.426201677347		0.281003286655		4.68821845081		0.2211
2 4 14			-0.0699139574313	-0.814604624666		0.496115634778		0.281207693362		5.95338761734		0.5221
4 2 14			-0.0690327942974	-0.883637418964		0.565148429075		0.28140605009		7.34692957798		1.2576
3 7 1			0.0118461891907	-0.871791229773		0.541456050694		0.281387712353		7.58038470972		1.2822
9 1 1			0.017712244678	-0.854078985095		0.506031561338		0.28138690198		7.59047342007		0.8793
6 0 8			-0.126490714169	-0.980569699264		0.632522275507		0.281336114734		10.1203564081		2.9234
0 2 4			-4.68300792011	-5.66357761937		5.31553019561		0.281065505929		90.3640133254		1.326
0 6 8			0.0720095081559	-5.59156811121		5.1715111793		0.281007925358		93.0872012274		0.7694
2 0 16			0.0351391594011	-5.55642895181		5.1012328605		0.281021186955		96.9234243495		0.5935
6 0 10			0.109022522066	-5.44740642975		4.88318781637		0.280737985856		97.6637563273		1.0728
3 1 9			0.074948660097	-5.37245776965		4.73329049617		0.280703197685		99.3991004196		0.36
3 3 15			0.033209312965	-5.33924845669		4.66687187024		0.281555286202		102.671181145		0.3402
1 1 1			-0.233467343952	-5.57271580064		4.9003392142		0.281501198409		112.707801926		0.5749
0 2 10			0.0500000071301	-5.52271579351		4.80033919994		0.281746449882		115.208140798		0.4317
1 3 9			0.0750615469715	-5.44765424654		4.65021610599		0.281715610685		116.25540265		0.2622
2 4 6			-1.28616062249	-6.73381486903		5.93637672848		0.28203231561		154.345794941		0.785
6 0 0			0.0235244998151	-6.71029036921		5.88932772885		0.28203231561		159.011848679		0.7256
7 1 1			0.0673856963247	-6.64290467289		5.7545563362		0.282005429425		161.127577414		0.5207
3 3 9			0.02266168992	-6.62024298297		5.70923295636		0.281959654664		165.567755735		0.3816
0 2 16			0.00976963986471	-6.6104733431		5.68969367664		0.281931794915		170.690810299		1.8687
2 4 2			0.0435516963125	-6.56692164679		5.60259028401		0.281914831565		173.680298804		0.3828
1 7 1			0.0473739717875	-6.519547675		5.50784234044		0.281886224523		176.250954894		0.5219
0 6 16			0.067605278687	-6.45194239632		5.37263178306		0.281872297261		177.296848841		0.4825
4 2 8			0.066611412152	-6.38533098416		5.23940895876		0.281900991276		178.139904598		0.7605
1 5 1			0.0293562288187	-6.35597475535		5.18069650112		0.281872387304		181.324377539		0.4978
4 4 10			0.063152115508	-6.29282263984		5.0543922701		0.281703135855		181.958121724		0.6886
2 6 10			0.0481891434991	-6.24463349634		4.95801398311		0.281463169346		183.446517375		0.7069
3 3 1			0.0183125488525	-6.22632094749		4.9213888854		0.281435570335		187.012777645		0.5106
4 4 6			-7.04832512175	-13.2746460692		11.9697140072		0.282137033798		466.818846279		4.3817
0 0 10			0.125311525548	-13.1493345437		11.7190909561		0.281860140329		468.763638242		0.8316
2 2 10			0.12877228921	-13.0205622545		11.4615463776		0.281673281794		469.923401483		0.6429
0 4 10			0.117025059206	-12.9035371953		11.2274962592		0.281467066526		471.554842887		0.9893
4 0 10			0.117643054225	-12.7858941411		10.9922101508		0.281312998535		472.665036483		0.6243
3 5 1			0.0850363582727	-12.7008577828		10.8221374342		0.281292034069		476.174047106		0.5283
5 3 1			0.076306198095	-12.6245515847		10.669525038		0.281271236802		480.128626712		0.5252
6 2 10			0.101239635234	-12.5233119495		10.4670457676		0.281110909958		481.484105308		0.7103
4 2 6			-0.565663868795	-13.0889758182		11.0327096364		0.281275495215		518.537352909		1.6049
0 6 0			0.0472229130884	-13.0417529052		10.9382638102		0.281275495215		525.036662889		1.4277
7 3 1			0.109455746557	-12.9322971586		10.7193523171		0.281271503301		525.248263537		0.5095
0 6 14			0.0783482643326	-12.8539488943		10.5626557884		0.281366474352		528.132789421		0.9096
4 2 2			0.079977747795	-12.7739711465		10.4027002928		0.281349883839		530.537714934		0.457
4 4 4			0.0999049999579	-12.6740661465		10.2028902929		0.281347348365		530.550295231		0.8476
1 1 15			0.0247878396619	-12.6492783069		10.1533146136		0.281094187768		538.12567452		0.656
5 3 9			-0.0186479886005	-12.6679262955		10.1719626022		0.281069087622		549.285980518		0.4833
0 4 20			0.028328732928	-12.6395975625		10.1153051363		0.281298650758		556.341782498		1.027
3 5 9			-0.00126099340604	-12.6408585559		10.1165661297		0.281273471169		566.527703265		0.4755
1 5 9			-0.00607844121524	-12.6469369971		10.1226445709		0.281258212961		576.990740544		0.4394
5 1 9			-0.0237190868751	-12.670656084		10.1463636578		0.281241434735		588.489092154		0.4583
3 1 1			0.0250227375048	-12.6456333465		10.0963181828		0.281215493531		595.682772786		0.5239
1 3 1			0.0224043871974	-12.6232289593		10.0515094084		0.281191069001		603.090564505		0.5324
0 0 4			0.0815600643081	-12.541668895		9.8883892798		0.281203306706		603.191746068		0.8482
0 4 4			0.0795058211718	-12.4621630738		9.72937763746		0.281209962892		603.221413522		0.8482
4 0 4			0.0771933464534	-12.3849697274		9.57499094455		0.281209962892		603.224429507		1.2165
3 3 7			-7.5676407123	-19.9526104397		17.1426316569		0.279557867593		1097.12842604		0.1558
2 6 4			0.130275070871	-19.8223353688		16.8820815151		0.279577562287		1097.33529848		0.8772
2 2 4			0.127894536879	-19.6944408319		16.6262924413		0.279577562287		1097.33530113		0.7551
0 0 2			-0.968651224438	-20.6630920564		17.5949436658		0.279576883304		1178.86122561		1.161
1 7 5			-0.836098072186	-21.4991901286		18.431041738		0.279486270121		1253.31083818		1.0841
6 2 4			0.13192172352	-21.367268405		18.1671982909		0.279506358541		1253.53668207		0.8727
0 2 12			0.0779090817484	-21.2893593233		18.0113801274		0.279345059693		1260.79660892		0.3827
2 4 0			0.0295840139169	-21.2597753094		17.9522120996		0.279345059693		1274.60705907		1.4359
5 1 13			0.0951745754436	-21.1646007339		17.7618629487		0.279458269627		1278.85413231		0.4567
0 4 14			-0.201219523139	-21.3658202571		17.9630824719		0.279888448292		1311.30502045		1.2337
1 5 13			0.0894958964401	-21.2763243606		17.784090679		0.280022738805		1316.02271024		1.1973
1 1 13			0.0937192254736	-21.1826051352		17.596652228		0.280157791958		1319.7489171		0.3722
2 0 10			0.0938586121232	-21.088746523		17.4089350038		0.280335568452		1323.07906029		0.6169
5 3 5			-1.10128065848	-22.1900271815		18.5102156623		0.280229196641		1425.28660599		2.2247
3 1 13			0.09295314785	-22.0970740337		18.3243093666		0.280371960795		1429.29613059		0.3869
1 3 13			0.0923034782378	-22.0047705554		18.1397024101		0.280505195559		1433.0364904		0.3907
3 3 13			0.0996851829427	-21.9050853725		17.9403320442		0.280651213696		1435.22656354		0.5636
6 0 2			0.107807265143	-21.7972781073		17.7247175139		0.280647373931		1435.70211863		0.2214
0 2 2			0.0275593842994	-21.769718723		17.6695987453		0.280622891244		1448.90709712		0.4614
4 6 4			0.0334458095199	-21.7362729135		17.6027071263		0.280537123127		1461.02469148		1.0731
4 6 6			-0.00141167700986	-21.7376845905		17.6041188033		0.280719978355		1478.74597948		1.1903
2 4 8			0.0983090432991	-21.6393755472		17.4075007167		0.280734360348		1479.63756092		0.1687
1 1 9			0.00991366552935	-21.6294618817		17.3876733856		0.280916211027		1495.33991116		0.2216
6 4 6			0.000205323979593	-21.6292565577		17.3872627377		0.28114154987		1512.69185818		0.9247
2 0 12			0.0542413878991	-21.5750151698		17.2787799619		0.280983954639		1520.53263664		0.8079
6 4 4			0.0253883305988	-21.5496268392		17.2280033007		0.280885940998		1533.29229376		0.6669
2 0 2			0.0256203448028	-21.5240064944		17.1767626111		0.280859742198		1545.908635		0.6502
1 1 3			-0.0574530666265	-21.581459561		17.2342156777		0.280921269621		1568.31362667		0.4514
6 0 6			-0.0740664594472	-21.6555260205		17.3082821371		0.281074352213		1592.36195662		1.0815
0 6 6			-0.0796545498705	-21.7351805704		17.387936687		0.281245300161		1617.07811189		1.0147
0 2 20			0.0156710275683	-21.7195095428		17.3565946319		0.28279764027		1631.5198954		0.4494
4 2 0			0.0239300144576	-21.6955795283		17.308734603		0.282803764397		1644.32978728		0.9287
0 6 10			0.0751630382571	-21.6204164901		17.1584085264		0.282576681234		1647.20721854		0.8527
0 0 20			0.088102449958	-21.5323140401		16.9822036265		0.282609286384		1647.27375177		0.4542
0 6 4			0.00130142365235	-21.5310126165		16.9796007792		0.282531763441		1664.00087636		0.6675
0 2 8			0.0850747913989	-21.4459378251		16.8094511964		0.282501792147		1664.13566845		0.1155
6 0 4			0.00181806820163	-21.4441197569		16.80581506		0.282426686932		1680.581506		0.7069
0 0 16			-0.564142229022	-22.0082619859		17.369957289		0.28250438771		1754.36568619		1.3342
4 2 12			0.074619013646	-21.9336429722		17.2207192618		0.282493045403		1756.5133647		0.2244
6 2 6			-2.16419050296	-24.0978334752		19.3849097647		0.282917650777		1996.64570577		3.9921
2 4 12			0.0823933447635	-24.0154401304		19.2201230752		0.282914443134		1998.89279982		0.2205
0 6 12			0.0886490370201	-23.9267910934		19.0428250012		0.282914443134		1999.49662512		0.3425
0 0 22			-0.118478468103	-24.0452695615		19.1613034693		0.281764782334		2031.09816774		2.2765
3 7 3			-0.138663552177	-24.1839331137		19.2999670214		0.281843459145		2065.09647129		0.8954
0 0 14			0.0212229094935	-24.1627102042		19.2575212024		0.282008739169		2079.81228986		0.8389
7 3 3			-0.11860667056	-24.2813168748		19.376127873		0.282092964201		2111.99793816		1.9283
3 3 3			-0.145546633505	-24.4268635083		19.5216745065		0.282170812083		2147.38419572		0.8081
5 5 3			-0.123993181217	-24.5508566895		19.6456676877		0.282258307479		2180.66911334		0.8107
2 4 4			-0.149040742277	-24.6998974318		19.79470843		0.282178036789		2217.00734416		0.8182
1 3 3			-0.127495733615	-24.8273931654		19.9222041636		0.282251143756		2251.20907049		0.7045
6 0 12			0.0864120440401	-24.7409811213		19.7493800755		0.282252103545		2251.42932861		0.5892
4 4 12			-0.299773044927	-25.0407541663		20.0491531205		0.281838521404		2305.65260885		1.9475
4 2 4			-0.135294118096	-25.1760482844		20.1844472386		0.281746512467		2341.39587967		0.7624
2 2 16			-0.411140993105	-25.5871892775		20.5955882317		0.281780139034		2409.6838231		1.1693
0 4 16			-0.310924663859	-25.8981139413		20.9065128955		0.281801334154		2466.96852167		1.5557
3 5 3			-0.220393174089	-26.1185071154		21.1269060696		0.281924978208		2514.10182228		0.9259
0 2 22			-0.216216499485	-26.3347236149		21.3431225691		0.280894866117		2561.17470829		1.8317
3 1 3			-0.12143274432	-26.4561563592		21.4645553134		0.28097738472		2597.21119292		1.2003
7 1 3			-0.173707946785	-26.629864306		21.6382632602		0.281105677652		2639.86811774		1.4031
7 3 5			-0.323901448998	-26.953765755		21.9621647092		0.281021660861		2701.34625923		1.0496
5 3 3			-0.221767721503	-27.1755334765		22.1839324307		0.281123427041		2750.80762141		0.9351
3 7 5			-0.325015073416	-27.5005485499		22.5089475041		0.281044434454		2813.61843802		1.0548
0 2 0			-0.198180260029	-27.69872881		22.7071277641		0.281044434454		2861.09809828		1.4407
1 5 3			-0.115382410293	-27.8141112203		22.8225101744		0.281150428041		2898.45879215		0.9511
5 1 3			-0.127815365474	-27.9419265857		22.9503255399		0.281280272081		2937.64166911		0.9592
1 7 3			-0.144591780196	-28.0865183659		23.0949173201		0.281402751434		2979.24433429		0.9932
0 4 18			-1.87751899305	-29.964037359		24.9724363132		0.287328384509		3246.41672071		0.8369
0 4 12			-0.548388686285	-30.5124260453		25.5208249994		0.287207032393		3343.22807493		1.4889
2 2 14			0.0169796661599	-30.4954463791		25.4868656671		0.28715401669		3364.26626806		1.0835
0 2 6			-0.337207215578	-30.8326535947		25.8240728827		0.2873352228		3434.6016934		1.1672
4 0 12			-0.52651687981	-31.3591704745		26.3505897625		0.287216015189		3530.97902818		2.7435
2 0 6			-0.308135461719	-31.6673059362		26.6587252242		0.287395069494		3598.92790527		1.6278
2 0 0			-0.144857581685	-31.8121635179		26.8035828059		0.287395271344		3645.28726161		2.02
5 5 5			-0.359829416849	-32.1719929347		27.1634122228		0.287369286217		3721.38747452		1.5862
3 1 11			-0.902510699523	-33.0745036343		28.0659229223		0.286847852685		3873.09736328		2.3814
0 2 18			-0.459390817793	-33.5338944521		28.5253137401		0.289024969589		3965.01860987		0.3755
0 0 18			-0.0825018947042	-33.6163963468		28.6078156348		0.289713685811		4005.09418887		0.6609
0 6 18			-0.122464124969	-33.7388604717		28.7302797598		0.290565075796		4050.96944613		0.7949
7 1 5			-0.340418628412	-34.0792791001		29.0706983882		0.290565075796		4128.03917112		1.5264
4 0 14			-0.0203692978067	-34.0996483979		29.091067686		0.29049196721		4160.02267909		1.986
2 0 4			-0.385338178839	-34.4849865768		29.4764058648		0.290472657067		4244.60244453		1.3874
2 2 12			-0.690352944731	-35.1753395215		30.1667588095		0.290456442389		4374.18002738		1.9766
5 1 5			-0.498569562721	-35.6739090842		30.6653283723		0.290448331843		4477.13794235		1.1901
1 5 5			-0.49316551644	-36.1670746007		31.1584938887		0.290448331843		4580.29860164		1.8923
4 0 2			-0.549835240599	-36.7169098413		31.7083291293		0.290448331843		4692.83271114		1.7854
3 3 5			-0.597278258816	-37.3141881001		32.3056073881		0.290434898252		4813.53550083		1.3995
6 2 2			-0.510695624903	-37.824883725		32.816303013		0.290437855836		4922.44545195		3.3001
2 2 2			-0.473156872711	-38.2980405977		33.2894598857		0.290437855836		5026.70844275		1.1162
3 5 5			-0.477814349228	-38.7758549469		33.767274235		0.290437855836		5132.62568371		1.2751
4 4 2			-0.468406876839	-39.2442618238		34.2356811118		0.290437855836		5238.05921011		1.2125
5 1 7			-2.28807053122	-41.532332355		36.523751643		0.290720587548		5624.65775303		0.2609
3 1 7			-2.15452046551	-43.6868528205		38.6782721085		0.291021017934		5995.13217682		0.257
3 5 11			-0.405438914799	-44.0922917353		39.0837110233		0.290824176195		6097.05891964		1.8915
1 1 7			-2.02095282245	-46.1132445578		41.1046638458		0.291127702725		6453.43222379		0.2012
1 7 7			-1.51529380163	-47.6285383594		42.6199576474		0.291417022437		6733.95330829		0.4353
0 0 12			-0.812918444515	-48.4414568039		43.4328760919		0.291417022437		6905.82729862		3.2426
5 3 7			-1.80965157933	-50.2511083832		45.2425276713		0.291821999426		7238.8044274		0.2523
7 1 7			-1.74728024531	-51.9983886285		46.9898079166		0.29230839164		7565.35907457		0.3505
1 3 7			-1.85928498055	-53.8576736091		48.8490928971		0.293043683229		7913.55304933		0.1893
3 5 7			-1.58752023767	-55.4451938468		50.4366131348		0.294592512353		8221.16794097		0.2309
5 5 7			9.76907374942	-45.6761200973		30.8984656359		0.319719830028		5067.34836429		0.6639
1 5 7			-0.0185515833247	-45.6946716807		30.9170172193		0.319841481841		5101.30784118		0.6035
0 4 2			-0.450265962741	-46.1449376434		31.367283182		0.319841481841		5206.96900821		3.2657
2 6 2			-0.421976134809	-46.5669137782		31.7892593168		0.319855802881		5308.80630591		1.2892
4 6 0			0.094486367049	-46.4724274112		31.6002865827		0.319855802881		5308.8481459		0.7863
1 3 5			-0.702761973582	-47.1751893847		32.3030485563		0.319855802881		5459.21520601		3.1323
3 1 5			-0.673284528832	-47.8484739136		32.9763330851		0.319884588529		5605.97662447		2.8985
5 1 11			-0.809451248946	-48.6579251625		33.7857843341		0.319884588529		5777.36912113		3.2753
2 6 6			-0.589760215734	-49.2476853783		34.3755445498		0.319926949982		5912.59366257		5.383
0 0 8			-0.723293380571	-49.9709787588		35.0988379304		0.319926949982		6072.09896196		2.1948
5 3 11			-0.766714912327	-50.7376936712		35.8655528427		0.319927328294		6240.60619463		1.8677
6 2 8			-0.864850860775	-51.6025445319		36.7304037035		0.319941056358		6427.82064811		3.3751
6 4 0			0.104310790269	-51.4982337417		36.5217821229		0.319941056358		6427.83365364		1.8287
4 0 6			-1.2207723783	-52.71900612		37.7425545012		0.319985878663		6680.43214672		5.3963
1 5 11			-0.756020104587	-53.4750262245		38.4985746058		0.319985905101		6852.74627984		1.8219
2 6 0			-1.32440132686	-54.7994275514		39.8229759327		0.319988585353		7128.31269195		4.3567
4 4 8			-0.817881885357	-55.6173094368		40.640857818		0.319988585353		7315.35440725		3.9407
3 3 11			-0.934419656539	-56.5517290933		41.5752774746		0.320000246307		7525.1252229		2.1204
0 4 8			-0.87022949191	-57.4219585852		42.4455069665		0.320013764233		7725.0822679		4.1351
4 0 8			-0.908034969445	-58.3299935546		43.3535419359		0.320022903629		7933.69817428		2.9483
2 6 8			-0.762582359934	-59.0925759146		44.1161242959		0.320023399269		8117.36687044		4.3291
4 0 0			-2.33476341671	-61.4273393313		46.4508877126		0.320023399269		8593.41422683		8.3901
1 1 17			-0.80889715284	-62.2362364841		47.2597848654		0.319993096264		8790.31998497		2.447
1 1 5			-0.768681329663	-63.0049178138		48.0284661951		0.320016123949		8981.32317848		1.9661
2 2 8			-0.73930174892	-63.7442195627		48.767767944		0.320021471801		9168.34037347		1.8488
1 1 11			-1.43228280043	-65.1765023631		50.2000507444		0.320029226858		9487.8095907		2.144
1 3 11			-1.07295140873	-66.2494537719		51.2730021532		0.320035485535		9741.8704091		2.4293
2 2 6			-1.44412615785	-67.6935799297		52.717128311		0.320088037544		10068.9715074		8.3224
0 4 6			-1.01074711361	-68.7043270433		53.7278754246		0.320128290317		10315.7520815		3.7688
6 2 0			-1.18372291518	-69.8880499585		54.9115983398		0.320128290317		10597.9384796		4.3933
4 4 0			-1.39827761546	-71.286327574		56.3098759553		0.320128290317		10924.1159353		4.9852
0 0 6			-1.52412917433	-72.8104567483		57.8340051296		0.320183376844		11277.6310003		7.4326
0 4 0			-2.27899911494	-75.0894558633		60.1130042445		0.320183376844		11782.1488319		6.137
2 2 0			-2.99291686334	-78.0823727266		63.1059211079		0.320183376844		12431.8664583		11.1953