HKL Value		Reward	TotalReward	Chi Squared Value	Z Coordinate Approximation		dx
0 0 22			0	0		0		0.3		0		2.2765
2 0 14			-6.45078738358	-6.45078738358		6.45078738358		0.315575795676		6.45078738358		0.2634
5 1 5			-47.4377157937	-53.8885031773		53.8885031773		0.316189487699		107.777006355		1.1901
4 6 2			8.87076090488	-45.0177422724		36.1469813675		0.316078093755		108.440944103		0.2349
0 2 14			4.0358574471	-40.9818848253		28.0752664733		0.314303216302		112.301065893		0.2479
2 4 10			2.58980645804	-38.3920783673		22.8956535573		0.315262996683		114.478267786		0.607
4 2 10			1.75863906218	-36.6334393051		19.3783754329		0.316228379255		116.270252597		1.1102
1 3 15			1.32596410196	-35.3074752031		16.726447229		0.316959253331		117.085130603		0.2862
6 4 2			1.01982656798	-34.2876486352		14.686794093		0.316913361545		117.494352744		0.2211
9 1 1			0.730098019382	-33.5575506158		13.2265980543		0.316844202002		119.039382488		0.8793
5 5 1			0.555506617645	-33.0020439981		12.115584819		0.316762607298		121.15584819		0.5073
3 7 1			0.437754826654	-32.5642891715		11.2400751657		0.316679629462		123.640826822		1.2822
6 0 10			0.363952378195	-32.2003367933		10.5121704093		0.317825292153		126.146044911		1.0728
2 4 14			0.299576661343	-31.9007601319		9.91301708659		0.318127539545		128.869222126		0.5221
4 2 14			0.250594597268	-31.6501655347		9.41182789205		0.318398947974		131.765590489		1.2576
7 3 1			0.227939240552	-31.4222262941		8.95594941095		0.318339489272		134.339241164		0.5095
1 3 9			0.0730839462955	-31.3491423478		8.80978151836		0.317181668263		140.956504294		0.2622
3 1 9			0.173979789274	-31.1751625585		8.46182193981		0.316607672778		143.850972977		0.36
6 0 8			0.154971113689	-31.0201914449		8.15187971244		0.316732552946		146.733834824		2.9234
0 6 8			0.151651195189	-30.8685402497		7.84857732206		0.316847646485		149.122969119		0.7694
0 6 16			-0.505770290119	-31.3743105398		8.35434761218		0.319068643558		167.086952244		0.4825
4 2 8			-0.524525478081	-31.8988360179		8.87887309026		0.319876803502		186.456334895		0.7605
4 2 2			0.0735666628699	-31.825269355		8.73173976452		0.3198292763		192.098274819		0.457
1 5 1			0.0258211640235	-31.799448191		8.68009743647		0.319777223559		199.642241039		0.4978
2 4 2			0.0488841975936	-31.7505639934		8.58232904128		0.319725570188		205.975896991		0.3828
7 1 1			0.051347467771	-31.6992165256		8.47963410574		0.319673759362		211.990852644		0.5207
3 3 15			0.090456644689	-31.6087598809		8.29872081636		0.318514434355		215.766741225		0.3402
0 2 10			0.107578008653	-31.5011818723		8.08356479906		0.318220465319		218.256249575		0.4317
1 7 1			0.0278561809685	-31.4733256913		8.02785243712		0.318178977451		224.779868239		0.5219
6 0 2			0.101965417579	-31.3713602737		7.82392160196		0.318163526616		226.893726457		0.2214
5 1 1			0.013881904551	-31.3574783692		7.79615779286		0.318119265774		233.884733786		0.5346
3 3 9			0.0903999077337	-31.2670784614		7.61535797739		0.317797031696		236.076097299		0.3816
2 0 16			-0.0246722744545	-31.2917507359		7.64003025185		0.318646277893		244.480968059		0.5935
2 6 10			0.0981174035599	-31.1936333323		7.44379544473		0.318879921836		245.645249676		0.7069
6 0 0			0.0408491427391	-31.1527841896		7.36209715925		0.318879921836		250.311303414		0.7256
4 4 10			0.101398433671	-31.0513857559		7.15930029191		0.318982895698		250.575510217		0.6886
4 0 10			0.0888910376988	-30.9624947182		6.98151821651		0.319143498813		251.334655794		0.6243
0 4 10			0.0820075237802	-30.8804871944		6.81750316895		0.319304309158		252.247617251		0.9893
0 4 8			-5.09054711471	-35.9710343092		11.9080502837		0.319388002669		452.505910779		4.1351
2 2 10			0.148059053797	-35.8229752554		11.6119321761		0.319480058842		452.865354867		0.6429
6 2 10			0.135769576157	-35.6872056792		11.3403930238		0.319605438354		453.61572095		0.7103
0 0 10			0.13181648669	-35.5553891925		11.0767600504		0.319703191633		454.147162065		0.8316
3 5 1			0.0329609777132	-35.5224282148		11.0108380949		0.319684607625		462.455199988		0.5283
0 2 16			0.0982369550766	-35.4241912597		10.8143641848		0.319921336299		465.017659946		1.8687
0 2 4			-1.82390601447	-37.2480972742		12.6382701993		0.319953447286		556.083888768		1.326
3 1 15			0.133225546112	-37.1148717281		12.371819107		0.319821189976		556.731859817		0.2871
3 3 1			0.0426465188478	-37.0722252092		12.2865260693		0.319802528848		565.18019919		0.5106
5 3 1			0.0357132792454	-37.03651193		12.2150995109		0.319784774146		574.10967701		0.5252
0 6 14			0.034710350503	-37.0018015795		12.1456788099		0.319818356118		582.992582873		0.9096
2 0 10			0.0899604523369	-36.9118411272		11.9657579052		0.319694955212		586.322137354		0.6169
0 6 10			0.114086229338	-36.7977548978		11.7375854465		0.319762804275		586.879272325		0.8527
0 6 0			0.0513556418297	-36.746399256		11.6348741628		0.319762804275		593.378582305		1.4277
2 4 8			-0.148806751437	-36.8952060074		11.7836809143		0.319983084662		612.751407543		0.1687
0 4 20			0.0318536697121	-36.8633523377		11.7199735749		0.319847547214		621.158599467		1.027
0 0 4			-0.137548187888	-37.0009005256		11.8575217627		0.319735458463		640.306175188		0.8482
4 4 4			-0.208202934797	-37.2091034604		12.0657246975		0.319602815132		663.614858365		0.8476
1 3 1			-0.0255952605183	-37.2346987209		12.0913199581		0.319578977611		677.113917651		0.5324
1 1 15			0.052050868372	-37.1826478525		11.9872182213		0.319785570844		683.271438615		0.656
2 2 4			-0.199132976411	-37.381780829		12.1863511977		0.31966239572		706.808369468		0.7551
6 2 4			-0.151498166143	-37.5332789951		12.3378493639		0.319532951007		727.933112468		0.8727
2 6 4			-0.145601588414	-37.6788805835		12.4834509523		0.319394366888		749.007057137		0.8772
0 6 2			0.0808707119243	-37.5980098716		12.3217095284		0.319388198311		751.624281234		0.2356
1 3 13			-0.292557056646	-37.8905669282		12.6142665851		0.320337061293		782.084528275		0.3907
1 5 13			-0.139754270804	-38.030321199		12.7540208559		0.320992055228		803.503313921		1.1973
5 1 13			-0.143092321199	-38.1734135202		12.8971131771		0.321602337683		825.415243333		0.4567
3 1 13			-0.057574949458	-38.2309884697		12.9546881265		0.322069485605		842.054728225		0.3869
1 1 13			-0.0457950940834	-38.2767835638		13.0004832206		0.322496142734		858.031892561		0.3722
3 3 13			-0.109754421933	-38.3865379857		13.1102376426		0.322973315594		878.385922051		0.5636
3 1 1			-0.00951123203173	-38.3960492177		13.1197488746		0.322961870728		892.142923472		0.5239
0 4 4			-0.172143241535	-38.5681924593		13.2918921161		0.322896209127		917.140556012		0.8482
3 5 9			0.0823804499951	-38.4858120093		13.1271312161		0.322857924902		918.899185129		0.4755
1 5 9			0.0347665199886	-38.4510454893		13.0575981762		0.322755069525		927.089470507		0.4394
5 3 9			0.0834030390137	-38.3676424503		12.8907920981		0.322724114503		928.137031065		0.4833
0 2 8			-0.749059732769	-39.116702183		13.6398518309		0.323136626036		995.709183656		0.1155
0 0 20			0.0798405259108	-39.0368616571		13.4801707791		0.323132583743		997.532637652		0.4542
5 1 9			0.044881033502	-38.9919806236		13.3904087121		0.323050217666		1004.28065341		0.4583
0 2 12			-0.188268759893	-39.1802493835		13.578677472		0.322677433739		1031.97948787		0.3827
2 4 12			-0.746383188149	-39.9266325717		14.3250606601		0.321881747661		1103.02967083		0.2205
2 0 12			-0.131752070877	-40.0583846426		14.456812731		0.321542796738		1127.63139302		0.8079
1 1 1			-0.0398086703969	-40.0981933129		14.4966214014		0.321532140274		1145.23309071		0.5749
4 0 4			-0.12408548584	-40.2222787988		14.6207068872		0.321472029692		1169.65655098		1.2165
4 2 12			-0.544509076656	-40.7667878754		15.1652159639		0.320780006142		1228.38249307		0.2244
0 6 12			-0.734510318922	-41.5012981944		15.8997262828		0.319868784766		1303.77755519		0.3425
6 0 12			-0.96845271431	-42.4697509087		16.8681789971		0.318699274822		1400.05885676		0.5892
4 2 0			0.0241562486658	-42.44559466		16.8198664998		0.318699274822		1412.86878598		0.9287
2 0 8			-0.937768392849	-43.3833630529		17.7576348926		0.318953257504		1509.39896587		0.1665
3 5 7			-0.164204549572	-43.5475676024		17.9218394422		0.319225034278		1541.27819203		0.2309
2 4 0			0.023628674086	-43.5239389283		17.874582094		0.319225034278		1555.08864218		1.4359
6 4 4			-0.0779761410906	-43.6019150694		17.9525582351		0.319225034278		1579.82512469		0.6669
4 6 4			-0.0697880672704	-43.6717031367		18.0223463024		0.319225034278		1603.98882091		1.0731
2 0 2			-0.013243002037	-43.6849461387		18.0355893044		0.319225034278		1623.2030374		0.6502
6 4 6			0.0584402197369	-43.626505919		17.918708865		0.319187025357		1630.60250671		0.9247
4 6 6			0.0573415000079	-43.569164419		17.8040258649		0.319142766615		1637.97037957		1.1903
1 1 9			0.00785897999875	-43.561305439		17.7883079049		0.318962080389		1654.31263516		0.2216
2 4 4			-0.355192820978	-43.91649826		18.1435007259		0.318958034009		1705.48906824		0.8182
0 2 2			-0.0178905001015	-43.9343887601		18.161391226		0.318949646239		1725.33216647		0.4614
0 2 20			-0.0301761314486	-43.9645648915		18.1915673575		0.318518809902		1746.39046632		0.4494
0 6 4			-0.143430491237	-44.1079953828		18.3349978487		0.318518809902		1778.49479132		0.6675
6 0 6			0.0925302677694	-44.015465115		18.1499373132		0.3185064307		1778.69385669		1.0815
0 6 6			0.0911683037824	-43.9242968112		17.9676007056		0.3185064307		1778.79246985		1.0147
6 0 4			-0.138780452861	-44.0630772641		18.1063811585		0.3185064307		1810.63811585		0.7069
1 1 3			0.0246170138473	-44.0384602502		18.0571471308		0.318503912204		1823.77186021		0.4514
4 6 0			0.0883103291294	-43.9501499211		17.8805264725		0.318503912204		1823.8137002		0.7863
0 0 14			-0.399190914124	-44.3493408352		18.2797173866		0.318503912204		1882.81089082		0.8389
4 2 6			0.0842528287523	-44.2650880065		18.1112117291		0.318524122263		1883.56601983		1.6049
2 4 6			0.0806440021824	-44.1844440043		17.9499237248		0.318524122263		1884.7419911		0.785
7 3 3			0.00192253376614	-44.1825214705		17.9460786572		0.318545812899		1902.28433767		1.9283
5 5 3			-0.0154834606576	-44.1980049312		17.9615621179		0.318553650555		1921.88714661		0.8107
2 2 14			-0.615419690155	-44.8134246213		18.576981808		0.318553650555		2006.31403527		1.0835
3 7 3			-0.00339372963567	-44.816818351		18.5803755377		0.318562267177		2025.26093361		0.8954
0 4 14			-0.75404716205	-45.570865513		19.3344226997		0.318562267177		2126.78649697		1.2337
1 7 3			-0.04160817695	-45.61247369		19.3760308767		0.318562267177		2150.73942731		0.9932
1 3 3			-0.00759750662055	-45.6200711966		19.3836283833		0.318578562665		2170.96637893		0.7045
3 3 3			-0.0113747498177	-45.6314459464		19.3950031331		0.318578562665		2191.63535404		0.8081
6 4 0			0.0850087614228	-45.546437185		19.2249856103		0.318578562665		2191.64835957		1.8287
3 1 3			-0.0174995599993	-45.563936745		19.2424851703		0.318588030109		2212.88579458		1.2003
5 1 3			-0.0212578086714	-45.5851945537		19.2637429789		0.318602072252		2234.59418556		0.9592
1 5 3			-0.00729864029666	-45.5924931939		19.2710416192		0.318614497408		2254.71186945		0.9511
4 2 4			-0.267168346515	-45.8596615405		19.5382099658		0.318614705684		2305.50877596		0.7624
7 1 3			-0.0431159023632	-45.9027774428		19.5813258681		0.318614705684		2330.17777831		1.4031
4 0 14			-0.705286540756	-46.6080639836		20.2866124089		0.318614705684		2434.39348907		1.986
0 4 16			0.0783212493647	-46.5297427342		20.1299699101		0.318663932158		2435.72635913		1.5557
4 4 12			0.0747339167344	-46.4550088175		19.9805020767		0.318716889458		2437.62125335		1.9475
2 0 0			-0.214464610602	-46.6694734281		20.1949666873		0.318716889458		2483.98090254		2.02
2 2 16			0.0814309024203	-46.5880425257		20.0321048824		0.318716889458		2483.98100542		1.1693
0 2 22			0.00566970715196	-46.5823728185		20.0207654681		0.318700759578		2502.59568352		1.8317
3 5 3			-0.0822890815737	-46.6646619001		20.1030545497		0.318703706144		2532.98487326		0.9259
0 2 0			-0.215563150155	-46.8802250502		20.3186176999		0.318707828923		2580.46444788		1.4407
7 3 5			-0.32244719462	-47.2026722449		20.6410648945		0.318731296372		2642.05630649		1.0496
3 7 5			-0.327603892912	-47.5302761378		20.9686687874		0.318750604499		2704.95827357		1.0548
5 3 3			-0.0850127212874	-47.6152888591		21.0536815087		0.318750604499		2736.97859613		0.9351
0 0 16			0.0794863539093	-47.5358025052		20.8947088009		0.318750604499		2737.20685291		1.3342
1 7 5			-0.411651302474	-47.9474538076		21.3063601033		0.31876158216		2812.43953364		1.0841
5 5 5			-0.390381850792	-48.3378356584		21.6967419541		0.318783941426		2885.6666799		1.5862
1 1 11			-2.22465994155	-50.5624956		23.9214018957		0.318793630412		3205.46785402		2.144
0 2 6			0.0252992976729	-50.5371963023		23.8708033003		0.318833316523		3222.55844555		1.1672
2 0 6			0.0303147163255	-50.506881586		23.8101738677		0.318870742387		3238.18364601		1.6278
7 1 5			-0.368316375685	-50.8751979617		24.1784902434		0.318887677148		3312.45316334		1.5264
0 0 18			0.0454074170963	-50.8297905446		24.0876754092		0.318629594878		3324.09920647		0.6609
0 4 12			0.0276588486904	-50.8021316959		24.0323577118		0.318745829362		3340.49772194		1.4889
4 0 12			0.0294018121072	-50.7727298838		23.9735540876		0.318862294016		3356.29757226		2.7435
0 0 2			-0.40295152796	-51.1756814117		24.3765056155		0.318863724805		3437.08729179		1.161
2 0 4			-0.46661011001	-51.6422915217		24.8431157256		0.318863724805		3527.72243303		1.3874
1 5 5			-0.528086499329	-52.1703780211		25.3712022249		0.318887912884		3628.08191816		1.8923
2 6 0			-1.73748295628	-53.9078609773		27.1086851812		0.318887912884		3903.65066609		4.3567
0 6 18			0.0428265606615	-53.8650344167		27.0230320598		0.318566032763		3918.33964868		0.7949
0 4 18			-0.0743638956188	-53.9393983123		27.0973959555		0.318104331933		3956.2198095		0.8369
0 2 18			0.0585505864881	-53.8808477258		26.9802947825		0.317906088931		3966.10333302		0.3755
5 3 5			-0.514793503767	-54.3956412296		27.4950882862		0.317920051441		4069.27306636		2.2247
5 1 7			-0.118616668297	-54.5142578979		27.6137049545		0.318128088607		4114.44203823		0.2609
3 3 5			-0.59820113259	-55.1124590305		28.2119060871		0.318142959378		4231.78591307		1.3995
6 2 2			-0.495573147593	-55.6080321781		28.7074792347		0.318150861149		4334.82936444		3.3001
3 5 5			-0.487301351744	-56.0953335298		29.1947805865		0.318165360484		4437.60664914		1.2751
2 2 12			-0.0280303254853	-56.1233638553		29.222810912		0.318283140812		4471.09006953		1.9766
4 0 2			-0.503907762301	-56.6272716176		29.7267186743		0.31828981596		4577.91467584		1.7854
2 2 2			-0.457164826375	-57.084436444		30.1838835006		0.318292382932		4678.5019426		1.1162
4 4 2			-0.45186526524	-57.5363017092		30.6357487659		0.318303640112		4779.17680748		1.2125
2 6 2			-0.456505960932	-57.9928076701		31.0922547268		0.318311215809		4881.48399211		1.2892
4 0 0			-2.8161715295	-60.8089791996		33.9084262563		0.318311215809		5357.5313485		8.3901
0 4 2			-0.454100353165	-61.2630795528		34.3625266095		0.318319542036		5463.64173091		3.2657
1 3 5			-0.731060393261	-61.9941399461		35.0935870027		0.318336959124		5614.97392044		3.1323
5 3 7			-0.0116734708802	-62.0058134169		35.1052604736		0.318500097059		5651.94693625		0.2523
3 1 7			-0.0420684968758	-62.0478819138		35.1473289705		0.318670797734		5693.86729322		0.257
1 1 7			-0.0410919265532	-62.0889738404		35.188420897		0.318835478185		5735.71260622		0.2012
1 7 7			0.0299695132918	-62.0590043271		35.1284818705		0.318946469711		5761.07102675		0.4353
1 3 7			-0.0172583483272	-62.0762626754		35.1457402188		0.319094419351		5799.0471361		0.1893
5 5 7			-0.0782501780562	-62.1545128535		35.2239903968		0.319267396854		5847.18240587		0.6639
1 5 7			-0.00810703399475	-62.1626198875		35.2320974308		0.319406831242		5883.76027095		0.6035
3 3 7			-0.105204291683	-62.2678241791		35.3373017225		0.319588256756		5936.66668938		0.1558
0 0 12			-0.0927024047121	-62.3605265838		35.4300041272		0.319692165745		5987.6706975		3.2426
7 1 7			0.021429557175	-62.3390970267		35.3871450129		0.319803366761		6015.81465219		0.3505
3 1 5			-0.651595504919	-62.9906925316		36.0387405178		0.319811427383		6162.62462854		2.8985
5 1 11			-0.78702317635	-63.7777157079		36.8257636941		0.319811427383		6334.03135539		3.2753
1 5 11			-0.783367397183	-64.5610831051		37.6091310913		0.319822283297		6506.3796788		1.8219
3 5 11			-0.76520913674	-65.3262922419		38.3743402281		0.319826581335		6677.13519968		1.8915
5 3 11			-0.743746572398	-66.0700388143		39.1180868005		0.319831659303		6845.66519008		1.8677
0 0 8			-0.684021327135	-66.7540601414		39.8021081276		0.319832864179		7005.17103046		2.1948
2 2 8			-0.832024632113	-67.5860847735		40.6341327597		0.319832886924		7192.24149847		1.8488
0 4 0			-2.60608819605	-70.1921729696		43.2402209558		0.319832886924		7696.75933013		6.137
1 1 5			-0.826273632697	-71.0184466023		44.0664945885		0.319856966294		7887.90253134		1.9661
3 3 11			-0.920790987013	-71.9392375893		44.9872855755		0.319856966294		8097.71140359		2.1204
1 3 11			-1.15537307961	-73.0946106689		46.1426586551		0.319866399544		8351.82121657		2.4293
2 6 8			-0.75604557889	-73.8506562478		46.898704234		0.319877744253		8535.56417058		4.3291
1 1 17			-0.818193896677	-74.6688501445		47.7168981307		0.319839069271		8732.19235791		2.447
6 2 8			-0.758367871103	-75.4272180156		48.4752660018		0.319850097909		8919.44894432		3.3751
4 4 8			-0.749294362274	-76.1765123778		49.224560364		0.319850097909		9106.54366735		3.9407
4 0 8			-0.857337358668	-77.0338497365		50.0818977227		0.319867449023		9315.23297642		2.9483
4 4 6			-0.595575853409	-77.6294255899		50.6774735761		0.319908217331		9476.68755873		4.3817
2 6 6			-0.449515184887	-78.0789407748		51.126988761		0.319949922313		9611.87388707		5.383
6 2 6			-0.437343039255	-78.516283814		51.5643318003		0.319986468413		9745.65871025		3.9921
3 1 11			-1.03511878294	-79.551402597		52.5994505832		0.319986468413		9993.89561081		2.3814
6 2 0			-1.20202590299	-80.7534285		53.8014764862		0.319986468413		10276.0820089		4.3933
4 0 6			-1.03484265708	-81.7882711571		54.8363191433		0.320036695474		10528.5732755		5.3963
0 4 6			-0.995042369706	-82.7833135268		55.831361513		0.320078978187		10775.452772		3.7688
4 4 0			-1.39353656818	-84.1768500949		57.2248980811		0.320078978187		11101.6302277		4.9852
2 2 6			-1.3834841348	-85.5603342297		58.6083822159		0.320130003014		11428.6345321		8.3224
0 0 6			-1.50461739352	-87.0649516233		60.1129996095		0.320184342057		11782.1479235		7.4326
2 2 0			-2.99291534226	-90.0578669655		63.1059149517		0.320182432367		12431.8652455		11.1953