HKL Value		Reward	TotalReward	Chi Squared Value	Z Coordinate Approximation		dx
2 0 14			0	0		0		0.3		0		0.2634
4 6 2			-0.149113623799	-0.149113623799		0.149113623799		0.280332448388		0.149113623799		0.2349
0 2 14			0.022692648596	-0.126420975203		0.103728326607		0.279554243254		0.207456653214		0.2479
2 4 10			-0.00351576056736	-0.12993673577		0.107244087174		0.280283149351		0.321732261523		0.607
4 2 10			0.0130741169957	-0.116862618775		0.081095853183		0.280353957464		0.324383412732		1.1102
6 4 2			-0.0685247011788	-0.185387319953		0.149620554362		0.28041434106		0.748102771809		0.2211
1 3 15			0.00115613443328	-0.18423118552		0.147308285495		0.280881449626		0.883849712971		0.2862
9 1 1			0.010042957067	-0.174188228453		0.127222371361		0.28087643135		0.890556599529		0.8793
5 5 1			0.00240596956359	-0.17178225889		0.122410432234		0.280858195483		0.979283457873		0.5073
3 7 1			-0.0102982288068	-0.182080487696		0.132708661041		0.280830816508		1.19437794937		1.2822
6 0 10			-0.0445466984389	-0.226627186135		0.17725535948		0.280414029372		1.7725535948		1.0728
2 4 14			-0.119958950379	-0.346586136514		0.297214309858		0.280697696573		3.26935740844		0.5221
2 2 16			-5.66340567947	-6.00999181598		5.96061998933		0.280526365232		71.5274398719		1.1693
7 3 1			0.222027858731	-5.78796395725		5.51656427186		0.280503125085		71.7153355342		0.5095
4 2 14			0.13762850086	-5.65033545639		5.24130727014		0.28085585993		73.378301782		1.2576
3 1 9			0.116573918234	-5.53376153816		5.00815943368		0.280790931729		75.1223915051		0.36
1 3 9			0.126279344155	-5.407482194		4.75560074537		0.280741645519		76.0896119259		0.2622
6 0 8			0.0677487061354	-5.33973348787		4.6201033331		0.280646000283		78.5417566626		2.9234
0 6 8			0.0543266061914	-5.28540688167		4.51145012071		0.280540499169		81.2061021728		0.7694
0 6 16			0.0911135265866	-5.19429335509		4.32922306754		0.280572041876		82.2552382832		0.4825
4 2 8			0.0847124335532	-5.10958092153		4.15979820043		0.28060870033		83.1959640087		0.7605
4 2 2			0.0428028466391	-5.0667780749		4.07419250715		0.280571578138		85.5580426503		0.457
1 5 1			0.0234231006222	-5.04335497427		4.02734630591		0.280498618781		88.60161873		0.4978
2 4 2			0.0244589293719	-5.0188960449		3.97842844717		0.280455647986		91.5038542848		0.3828
7 1 1			0.04172830197	-4.97716774293		3.89497184323		0.280393657765		93.4793242374		0.5207
0 2 10			0.0119363572714	-4.96523138566		3.87109912868		0.28104996149		96.7774782171		0.4317
1 7 1			0.0266340554089	-4.93859733025		3.81783101787		0.280986903503		99.2636064645		0.5219
3 3 15			0.0292307798878	-4.90936655036		3.75936945809		0.282125591089		101.502975368		0.3402
6 0 2			0.0579459526706	-4.85142059769		3.64347755275		0.282114150997		102.017371477		0.2214
5 1 1			0.0120606913307	-4.83935990636		3.61935617009		0.282066586639		104.961328933		0.5346
3 3 9			-0.0276008558653	-4.86696076223		3.64695702595		0.281998704626		109.408710779		0.3816
6 2 10			0.0274069190728	-4.83955384315		3.59214318781		0.281540992774		111.356438822		0.7103
0 0 22			-0.535899951913	-5.37545379507		4.12804313972		0.279906362141		132.097380471		2.2765
2 6 10			0.0583591768471	-5.31709461822		4.01132478603		0.279814397598		132.373717939		0.7069
4 4 10			0.0589799517908	-5.25811466643		3.89336488244		0.279810153761		132.374406003		0.6886
4 0 10			0.0532336815512	-5.20488098488		3.78689751934		0.279747002956		132.541413177		0.6243
2 2 10			0.0515983047807	-5.1532826801		3.68370090978		0.279708957839		132.613232752		0.6429
0 4 10			0.0462607334397	-5.10702194666		3.5911794429		0.279637956972		132.873639387		0.9893
0 0 10			0.0447699218868	-5.06225202477		3.50163959913		0.279581659884		133.062304767		0.8316
2 0 16			-0.0125595223741	-5.07481154715		3.5141991215		0.279611154427		137.053765739		0.5935
6 0 0			-0.0287963654241	-5.10360791257		3.54299548693		0.279611154427		141.719819477		0.7256
7 1 3			-0.976752913766	-6.08036082634		4.51974840069		0.279718521026		185.309684428		1.4031
0 2 16			-0.0170836077527	-6.09744443409		4.53683200844		0.279747878516		190.546944355		1.8687
3 1 15			0.0418190038858	-6.0556254302		4.45319400067		0.279912570624		191.487342029		0.2871
3 3 1			0.0120734710531	-6.04355195915		4.42904705857		0.279896729884		194.878070577		0.5106
5 3 1			0.00709216915529	-6.03645978999		4.41486272026		0.279880543909		198.668822412		0.5252
3 5 1			0.0115827480062	-6.02487704199		4.39169722424		0.279865443341		202.018072315		0.5283
0 6 14			0.00628525901764	-6.01859178297		4.37912670621		0.279970231295		205.818955192		0.9096
2 0 10			0.00888988160858	-6.00970190136		4.36134694299		0.280095671954		209.344653264		0.6169
0 6 10			0.0399264092207	-5.96977549214		4.28149412455		0.280032793212		209.793212103		0.8527
0 6 0			-0.0443563171065	-6.01413180925		4.32585044166		0.280032793212		216.292522083		1.4277
2 4 8			0.0334441044953	-5.98068770475		4.25896223267		0.28003285067		217.207073866		0.1687
0 0 4			0.0389720564672	-5.94171564828		4.18101811973		0.280047480159		217.412942226		0.8482
0 4 20			-0.0790392263831	-6.02075487467		4.26005734611		0.280193323027		225.783039344		1.027
4 4 4			0.0394416848662	-5.9813131898		4.18117397638		0.28019144362		225.783394725		0.8476
1 1 15			-0.0294451675368	-6.01075835734		4.21061914392		0.279986403948		231.584052916		0.656
1 3 1			-0.053729017992	-6.06448737533		4.26434816191		0.279964695438		238.803497067		0.5324
4 6 0			0.037039545382	-6.02744782995		4.19026907115		0.279964695438		238.845337055		0.7863
6 2 4			0.0346040468245	-5.99284378312		4.1210609775		0.279977495274		239.021536695		0.8727
0 6 2			0.0287171973734	-5.96412658575		4.06362658275		0.279976565132		239.753968382		0.2356
1 1 5			-3.11443040004	-9.07855698579		7.17805698279		0.279855033574		430.683418968		1.9661
2 2 4			0.0588308089186	-9.01972617687		7.06039536496		0.279854795812		430.684117262		0.7551
2 6 4			0.0555125449528	-8.96421363192		6.94937027505		0.279865470147		430.860957053		0.8772
1 5 13			0.0174802844261	-8.9467333475		6.9144097062		0.279962286301		435.607811491		1.1973
3 1 13			0.0210999564768	-8.92563339102		6.87220979325		0.280057165948		439.821426768		0.3869
1 1 13			0.0242769726981	-8.90135641832		6.82365584785		0.280150029052		443.53763011		0.3722
1 3 13			0.0220335528389	-8.87932286548		6.77958874217		0.280239696021		447.452856983		0.3907
5 3 9			-0.0638390811495	-8.94316194663		6.84342782332		0.280233929745		458.509664163		0.4833
3 3 13			0.0328220786402	-8.91033986799		6.77778366604		0.280321042909		460.889289291		0.5636
5 1 13			0.023119838294	-8.8872200297		6.73154398945		0.280421868692		464.476535272		0.4567
3 1 1			-0.00482863159388	-8.89204866129		6.73637262105		0.280401678187		471.546083473		0.5239
0 4 4			0.0469394148178	-8.84510924647		6.64249379141		0.280409473848		471.61705919		0.8482
4 0 2			-1.48595255552	-10.331061802		8.12844634693		0.28042251413		585.248136979		1.7854
3 5 9			-0.0266645185304	-10.3577263205		8.15511086546		0.280407952797		595.323093178		0.4755
1 5 9			-0.0302011194515	-10.38792744		8.18531198491		0.280396645856		605.713086883		0.4394
0 0 20			0.0482251474281	-10.3397022925		8.08886169005		0.280457662599		606.664626754		0.4542
5 1 9			-0.0439512627213	-10.3836535553		8.13281295277		0.280447562789		618.093784411		0.4583
0 2 8			0.0527467778126	-10.3309067775		8.02731939715		0.280448566856		618.10359358		0.1155
0 2 12			-0.000387823448794	-10.3312946009		8.0277072206		0.280343627427		626.161163207		0.3827
1 1 1			-0.0226515724019	-10.3539461733		8.050358793		0.280320490477		635.978344647		0.5749
2 0 12			0.00488543430869	-10.349060739		8.04058792438		0.28020918758		643.247033951		0.8079
2 4 12			0.0388037084476	-10.3102570305		7.96298050749		0.280169494336		645.001421106		0.2205
4 0 6			-4.51107429091	-14.8213313215		12.4740547984		0.280559069515		1022.87249347		5.3963
4 0 4			0.0750424038564	-14.7462889176		12.3239699907		0.28056054468		1022.88950923		1.2165
4 2 12			0.0626756435287	-14.6836132741		12.1986187036		0.280529070765		1024.6839711		0.2244
4 2 0			-0.00719179582022	-14.6908050699		12.2058104994		0.280527617595		1037.49389245		0.9287
0 6 12			0.0675205385626	-14.6232845313		12.0707694223		0.280519395681		1038.08617032		0.3425
6 0 12			0.0682485059552	-14.5550360254		11.9342724104		0.280513413067		1038.28169971		0.5892
2 0 8			0.0678070449965	-14.4872289804		11.7986583204		0.280513413067		1038.2819322		0.1665
2 4 6			-0.310053981339	-14.7972829617		12.1087123018		0.280653064413		1077.67539486		0.785
6 4 4			-0.00584552680847	-14.8031284885		12.1145578286		0.280597792701		1090.31020457		0.6669
4 6 4			3.95790507834e-06	-14.8031245306		12.1145499128		0.28053775053		1102.42404206		1.0731
2 0 2			-0.00501971841686	-14.808144249		12.1195696312		0.280518469904		1115.00040607		0.6502
2 4 0			-0.0181815109685	-14.82632576		12.1377511421		0.280518469904		1128.81085622		1.4359
6 4 6			-0.0598257408695	-14.8861515009		12.197576883		0.280655914204		1146.572227		0.9247
4 6 6			-0.0571854921963	-14.9433369931		12.2547623752		0.280798025377		1164.20242564		1.1903
1 1 9			-0.0355948943523	-14.9789318874		12.2903572696		0.280929792602		1179.87429788		0.2216
0 2 20			-0.0654059776532	-15.0443378651		12.3557632472		0.282116925294		1198.50903498		0.4494
7 3 3			-0.20174931237	-15.2460871774		12.5575125596		0.282188684698		1230.63623084		1.9283
0 6 4			-0.0400337036481	-15.2861208811		12.5975462632		0.28213217412		1247.15708006		0.6675
0 2 2			-0.00788971844118	-15.2940105995		12.6054359817		0.282115462024		1260.54359817		0.4614
6 0 6			-0.105062565616	-15.3990731652		12.7104985473		0.28220658181		1283.76035328		1.0815
0 6 6			-0.109952937472	-15.5090261026		12.8204514848		0.282295015204		1307.68605145		1.0147
6 0 4			-0.0342623852187	-15.5432884878		12.85471387		0.282239270344		1324.03552861		0.7069
1 1 3			-0.0880478608061	-15.6313363487		12.9427617308		0.282271990862		1346.04722		0.4514
0 0 14			-0.0131502391711	-15.6444865878		12.95591197		0.282384903434		1360.37075685		0.8389
4 2 6			-0.21516586574	-15.8596524536		13.1710778357		0.282513878842		1396.13425058		1.6049
5 5 3			-0.186411619346	-16.0460640729		13.357489455		0.28257872598		1429.25137169		0.8107
2 2 14			-0.0825719248192	-16.1286359977		13.4400613799		0.282697698759		1451.52662903		1.0835
3 7 3			-0.183743239076	-16.3123792368		13.6238046189		0.282765312873		1484.99470346		0.8954
6 4 0			0.0618672685919	-16.2505119682		13.5000700818		0.282765312873		1485.00770899		1.8287
1 3 3			-0.183745193362	-16.4342571616		13.6838152751		0.282826919254		1518.90349554		0.7045
3 3 3			-0.190189639777	-16.6244468014		13.8740049149		0.282891546271		1553.88855047		0.8081
3 1 3			-0.186883450634	-16.811330252		14.0608883655		0.282951482125		1588.8803853		1.2003
0 4 14			-0.11342647888	-16.9247567309		14.1743148444		0.283063927169		1615.87189226		1.2337
2 4 4			-0.196822414267	-17.1215791451		14.3711372587		0.283009305687		1652.68078475		0.8182
5 1 3			-0.203468182452	-17.3250473276		14.5746054411		0.283071639758		1690.65423117		0.9592
1 5 3			-0.183464959073	-17.5085122867		14.7580704002		0.283144729947		1726.69423682		0.9511
4 2 4			-0.184264679206	-17.6927769659		14.9423350794		0.283090410625		1763.19553937		0.7624
1 7 3			-0.214058501905	-17.9068354678		15.1563935813		0.283151551734		1803.61083618		0.9932
4 0 14			-0.113323898793	-18.0201593666		15.2697174801		0.283256547897		1832.36609761		1.986
0 4 16			-0.340980693748	-18.3611400603		15.6106981739		0.283343621955		1888.89447904		1.5557
4 4 12			-0.341177579743	-18.7023176401		15.9518757536		0.28307640262		1946.12884194		1.9475
2 0 0			-0.247217587933	-18.949535228		16.1990933415		0.283075591534		1992.48848101		2.02
0 2 22			-0.310953631427	-19.2604888594		16.510046973		0.282433338597		2047.24582465		1.8317
3 5 3			-0.242033551037	-19.5025224104		16.752080524		0.282496569545		2094.0100655		0.9259
0 2 0			-0.243869680507	-19.746392091		16.9959502045		0.282496569545		2141.48972577		1.4407
7 3 5			-0.355617369436	-20.1020094604		17.3515675739		0.282449998632		2203.64908189		1.0496
3 7 5			-0.360208473485	-20.4622179339		17.7117760474		0.282396778583		2267.10733407		1.0548
5 3 3			-0.239552415407	-20.7017703493		17.9513284628		0.282467194518		2315.7213717		0.9351
1 7 5			-0.444385858205	-21.1461562075		18.395714321		0.282422406122		2391.44286173		1.0841
0 0 16			-0.422852927451	-21.5690091349		18.8185672485		0.282484308509		2465.23230955		1.3342
3 5 5			-0.638325944483	-22.2073350794		19.456893193		0.282421392566		2568.30990147		1.2751
5 5 5			-0.409137094384	-22.6164721738		19.8660302873		0.282360085576		2642.18202822		1.5862
0 2 6			-0.441128611143	-23.0576007849		20.3071588985		0.282569947866		2721.1592924		1.1672
2 0 6			-0.414667531765	-23.4722683167		20.7218264303		0.282777690602		2797.44656808		1.6278
7 1 5			-0.39859308691	-23.8708614036		21.1204195172		0.282738319408		2872.37705433		1.5264
0 0 18			-0.826572295602	-24.6974336992		21.9469918128		0.285205526548		3006.73787835		0.6609
4 0 12			-0.512727475096	-25.2101611743		22.4597192879		0.284960431626		3099.44126173		2.7435
0 4 12			-0.504573782587	-25.7147349569		22.9642930705		0.284683731123		3192.03673679		1.4889
0 0 2			-0.418866746142	-26.133601703		23.3831598166		0.284683731123		3273.64237432		1.161
2 0 4			-0.41216308473	-26.5457647878		23.7953229013		0.284609147304		3355.14052909		1.3874
2 6 0			-1.77305063402	-28.3188154218		25.5683735353		0.28460886456		3630.70904202		4.3567
0 2 4			-0.395084273323	-28.7138996951		25.9634578087		0.284527337094		3712.77446664		1.326
1 5 5			-0.525597335154	-29.2394970303		26.4890551438		0.284478452257		3814.42394071		1.8923
0 6 18			-0.88775828015	-30.1272553104		27.376813424		0.288063680238		3969.63794648		0.7949
0 2 18			-0.330300060033	-30.4575553705		27.707113484		0.289252788943		4045.23856866		0.3755
6 2 0			-1.73115159572	-32.1887069662		29.4382650797		0.289252788943		4327.42496672		4.3933
0 4 18			-0.457020645047	-32.6457276112		29.8952857248		0.290221742214		4424.50228726		0.8369
5 3 5			-0.511679604931	-33.1574072161		30.4069653297		0.290214434096		4530.63783412		2.2247
3 3 5			-0.601564080628	-33.7589712968		31.0085294103		0.290206094313		4651.27941155		1.3995
5 1 5			-0.476188351825	-34.2351596486		31.4847177621		0.290206094313		4754.19238208		1.1901
6 2 2			-0.509590594597	-34.7447502432		31.9943083567		0.290206094313		4863.13487023		3.3001
2 2 12			-0.636977649338	-35.3817278925		32.6312860061		0.290185514751		4992.58675893		1.9766
2 2 2			-0.465259036359	-35.8469869289		33.0965450424		0.29018722801		5096.86793654		1.1162
4 4 2			-0.466848040578	-36.3138349695		33.563393083		0.29018990228		5202.32592787		1.2125
2 6 2			-0.478761719184	-36.7925966887		34.0421548022		0.29018990228		5310.57614914		1.2892
0 4 2			-0.495644939309	-37.288241628		34.5377997415		0.29018990228		5422.43455942		3.2657
1 3 5			-0.762813668395	-38.0510552964		35.3006134099		0.29018990228		5577.49691877		3.1323
0 0 12			-0.856147616775	-38.9072029131		36.1567610267		0.29016868763		5748.92500324		3.2426
5 1 7			-2.20252104905	-41.1097239622		38.3592820757		0.290421779526		6137.48513212		0.2609
1 7 7			-1.53044048141	-42.6401644436		39.8897225571		0.290622372356		6422.2453317		0.4353
3 1 7			-2.04474292209	-44.6849073657		41.9344654792		0.290921037976		6793.38340764		0.257
5 3 7			-1.80909265957	-46.4940000253		43.7435581388		0.291225099777		7130.19997662		0.2523
1 3 7			-1.91985576676	-48.413855792		45.6634139056		0.291605516687		7488.79988051		0.1893
1 1 17			-0.121530899844	-48.5353866919		45.7849448054		0.291708003045		7554.51589289		2.447
3 5 11			-0.356774510582	-48.8921612024		46.141719316		0.291487120813		7659.52540645		1.8915
1 1 7			-1.82753144215	-50.7196926446		47.9692507581		0.291876474756		8010.86487661		0.2012
1 5 7			-1.94025213187	-52.6599447765		49.90950289		0.292423786777		8384.79648552		0.6035
3 5 7			-1.57220465361	-54.2321494301		51.4817075436		0.293030561796		8700.40857487		0.2309
7 1 7			-1.54232040351	-55.7744698336		53.0240279471		0.294191970451		9014.08475101		0.3505
5 5 7			8.78502740665	-46.9894424269		35.4539731338		0.319636389733		6062.62940589		0.6639
3 3 7			-0.09101785548	-47.0804602824		35.5449909893		0.319815270823		6113.73845016		0.1558
3 1 5			-0.643116396018	-47.7235766784		36.1881073853		0.319820526242		6260.54257766		2.8985
5 1 11			-0.777096681741	-48.5006733602		36.9652040671		0.319822153445		6431.94550767		3.2753
1 5 11			-0.773610804369	-49.2742841646		37.7388148714		0.319822153445		6604.2926025		1.8219
5 3 11			-0.743122431935	-50.0174065965		38.4819373034		0.31983722535		6772.82096539		1.8677
0 0 8			-0.683755247199	-50.7011618437		39.1656925506		0.31983722535		6932.32758145		2.1948
2 2 8			-0.830921671367	-51.5320835151		39.9966142219		0.31983722535		7119.39733151		1.8488
2 6 8			-0.803121894342	-52.3352054094		40.7997361163		0.319854767948		7303.15276481		4.3291
3 3 11			-0.938935221023	-53.2741406304		41.7386713373		0.319860582156		7512.96084072		2.1204
6 2 8			-0.803915080499	-54.0780557109		42.5425864178		0.319870793648		7700.20814162		3.3751
4 4 8			-0.794199327293	-54.8722550382		43.3367857451		0.319870793648		7887.29500561		3.9407
0 4 8			-0.856155242481	-55.7284102807		44.1929409876		0.319888230023		8087.30820073		4.1351
4 0 8			-0.893935520247	-56.6223458009		45.0868765078		0.319898419967		8295.98527744		2.9483
2 6 6			-0.487136579747	-57.1094823807		45.5740130876		0.31993812762		8431.1924212		5.383
4 4 6			-0.622315016661	-57.7317973973		46.1963281042		0.319978577374		8592.51702739		4.3817
6 2 6			-0.468117311266	-58.1999147086		46.6644454155		0.320014600724		8726.2512927		3.9921
1 3 11			-1.10320329676	-59.3031180054		47.7676487123		0.320014600724		8980.3179579		2.4293
3 1 11			-1.06061627796	-60.3637342833		48.8282649902		0.32002864534		9228.54208315		2.3814
1 1 11			-1.42441283288	-61.7881471162		50.2526778231		0.320035794499		9548.00878639		2.144
0 4 6			-1.02945612433	-62.8176032405		51.2821339474		0.320078978378		9794.88758396		3.7688
4 4 0			-1.43174646767	-64.2493497082		52.7138804151		0.320078978378		10121.0650397		4.9852
2 2 6			-1.42119390649	-65.6705436147		54.1350743216		0.320130003206		10448.0693441		8.3224
0 4 0			-2.32156060482	-67.9921042195		56.4566349264		0.320130003206		10952.5871757		6.137
4 0 0			-2.15174728954	-70.1438515091		58.6083822159		0.320130003206		11428.6345321		8.3901
0 0 6			-1.50461739352	-71.6484689026		60.1129996095		0.320184342249		11782.1479235		7.4326
2 2 0			-2.99291534226	-74.6413842448		63.1059149517		0.320182432559		12431.8652455		11.1953