HKL Value		Reward	TotalReward	Chi Squared Value	Z Coordinate Approximation		dx
2 0 14			0	0		0		0.3		0		0.2634
2 4 10			-0.0254582608929	-0.0254582608929		0.0254582608929		0.280748798187		0.0254582608929		0.607
4 2 10			0.00518107251859	-0.0202771883743		0.0150961158557		0.280629237807		0.0301922317114		1.1102
4 6 2			-0.0417879085483	-0.0620650969226		0.056884024404		0.280667671794		0.170652073212		0.2349
6 4 2			-0.0887778140371	-0.15084291096		0.145661838441		0.280735892978		0.582647353765		0.2211
0 2 14			-0.00395723518226	-0.154800146142		0.149619073623		0.28041500232		0.748095368117		0.2479
1 3 15			0.00115562033808	-0.153644525804		0.147307832947		0.280881350568		0.883846997684		0.2862
0 2 20			-1.19821729907	-1.35186182488		1.34552513202		0.284392809224		9.41867592413		0.4494
9 1 1			0.0813709433581	-1.27049088152		1.1827832453		0.284386335721		9.46226596242		0.8793
5 5 1			0.0557293483932	-1.21476153312		1.07132454852		0.284372178224		9.64192093665		0.5073
3 7 1			0.0363981082837	-1.17836342484		0.998528331949		0.284354797436		9.98528331949		1.2822
7 3 1			0.0307721663649	-1.14759125848		0.93698399922		0.284337528439		10.3068239914		0.5095
1 3 3			-2.67518844674	-3.82277970522		3.61217244596		0.284571258764		43.3460693516		0.7045
6 0 10			-0.0871298627847	-3.909909568		3.69930230875		0.283857419171		48.0909300137		1.0728
6 0 2			0.111990338688	-3.79791922932		3.47532163137		0.283846584862		48.6545028392		0.2214
2 4 14			0.0957636543409	-3.70215557497		3.28379432269		0.283887430321		49.2569148403		0.5221
4 2 14			0.0791527089899	-3.62300286599		3.12548890471		0.283929377831		50.0078224754		1.2576
1 3 9			0.0532745450317	-3.56972832095		3.01893981465		0.283879319386		51.321976849		0.2622
3 1 9			0.0241122632726	-3.54561605768		2.9707152881		0.283819991379		53.4728751858		0.36
3 1 15			0.0553983113069	-3.49021774637		2.85991866549		0.283602651822		54.3384546443		0.2871
0 6 8			0.00134705993454	-3.48887068644		2.85722454562		0.283618081357		57.1444909124		0.7694
6 0 8			0.00668060490587	-3.48219008153		2.84386333581		0.283634791227		59.7211300519		2.9234
4 2 8			0.0509297493088	-3.43126033222		2.74200383719		0.283686204372		60.3240844182		0.7605
7 1 1			0.0103928440887	-3.42086748814		2.72121814901		0.283656924793		62.5880174273		0.5207
4 2 2			0.00380883977343	-3.41705864836		2.71360046946		0.283637861794		65.1264112672		0.457
1 7 1			-0.000969270608564	-3.41802791897		2.71456974007		0.283606770382		67.8642435018		0.5219
0 6 16			0.0282299935399	-3.38979792543		2.65810975299		0.283548952646		69.1108535778		0.4825
1 5 1			-0.025911999281	-3.41570992471		2.68402175227		0.283515957294		72.4685873114		0.4978
2 4 2			-0.0144742428331	-3.43018416755		2.69849599511		0.283497059617		75.557887863		0.3828
5 1 1			-0.0133597189584	-3.4435438865		2.71185571407		0.283466548631		78.6438157079		0.5346
2 6 10			-0.0291715548986	-3.4727154414		2.74102726896		0.283044460734		82.2308180689		0.7069
3 3 15			0.0387717164786	-3.43394372492		2.66348383601		0.283200468324		82.5679989162		0.3402
0 2 10			0.0214169428998	-3.41252678202		2.62064995021		0.283337902191		83.8607984067		0.4317
0 6 10			-0.0295977207915	-3.44212450282		2.650247671		0.283014170872		87.458173143		0.8527
4 0 10			-0.00270010936821	-3.44482461218		2.65294778037		0.2827635054		90.2002245325		0.6243
2 2 10			0.00849028890406	-3.43633432328		2.63596720256		0.282566108313		92.2588520896		0.6429
6 2 10			-0.00512625239823	-3.44146057568		2.64109345496		0.282345318338		95.0793643785		0.7103
0 0 10			0.00533362050646	-3.43612695517		2.63042621394		0.282160863587		97.325769916		0.8316
0 4 10			0.00568436181932	-3.43044259335		2.61905749031		0.281988731822		99.5241846316		0.9893
4 4 10			0.0241604195357	-3.40628217382		2.57073665123		0.281894984193		100.258729398		0.6886
3 3 1			-0.0261418375356	-3.43242401135		2.59687848877		0.281881960602		103.875139551		0.5106
3 5 1			-0.0238205849129	-3.45624459626		2.62069907368		0.281867534186		107.448662021		0.5283
2 0 16			-0.0293840217171	-3.48562861798		2.6500830954		0.281857601104		111.303490007		0.5935
5 3 1			-0.0318996284451	-3.51752824643		2.68198272385		0.281840395959		115.325257125		0.5252
2 0 10			0.00846656269253	-3.50906168373		2.66504959846		0.281939328566		117.262182332		0.6169
6 0 0			-0.0444667586668	-3.5535284424		2.70951635713		0.281939328566		121.928236071		0.7256
0 2 16			-0.0524444776158	-3.60597292002		2.76196083474		0.281927487641		127.050198398		1.8687
0 6 2			0.020947548725	-3.58502537129		2.72006573729		0.281926181338		127.843089653		0.2356
0 6 14			0.00158577182771	-3.58343959946		2.71689419364		0.281981071738		130.410921295		0.9096
2 4 8			0.0196490482312	-3.56379055123		2.67759609717		0.281994091638		131.202208762		0.1687
0 0 4			0.0262792239402	-3.53751132729		2.62503764929		0.282001515396		131.251882465		0.8482
4 4 4			0.0253836139546	-3.51212771334		2.57427042139		0.281999233893		131.287791491		0.8476
2 6 4			0.0244849856908	-3.48764272765		2.52530045		0.281999233893		131.3156234		0.8772
6 2 4			0.0235234642994	-3.46411926335		2.4782535214		0.282004855801		131.347436634		0.8727
0 4 4			0.022893429842	-3.44122583351		2.43246666172		0.282006847567		131.353199733		0.8482
2 2 4			0.0214163378601	-3.41980949565		2.389633986		0.282006847567		131.42986923		0.7551
0 6 0			-0.0733870713192	-3.49319656697		2.46302105732		0.282006847567		137.92917921		1.4277
4 0 4			0.0215916873148	-3.47160487965		2.41983768269		0.282006847567		137.930747913		1.2165
1 3 1			-0.0880805693355	-3.55968544899		2.50791825203		0.28197919585		145.459258618		0.5324
1 5 13			-0.00901011932031	-3.56869556831		2.51692837135		0.28208783621		148.498773909		1.1973
1 1 7			-6.02661702816	-9.59531259647		8.54354539951		0.281399912288		512.61272397		0.2012
2 2 8			-2.38182897805	-11.9771415745		10.9253743776		0.281008247306		666.447837031		1.8488
5 1 13			0.0633107072671	-11.9138308673		10.798752963		0.281117155415		669.522683708		0.4567
1 3 13			0.0604046142883	-11.853426253		10.6779437344		0.281234360109		672.71045527		0.3907
3 3 13			0.0697904387469	-11.7836358142		10.538362857		0.281327208709		674.455222845		0.5636
1 1 13			0.0595869075641	-11.7240489067		10.4191890418		0.281435674945		677.247287719		0.3722
3 1 13			0.055562382017	-11.6684865246		10.3080642778		0.281553915536		680.332242334		0.3869
3 1 1			0.0228813398175	-11.6456051848		10.2623015982		0.281539760803		687.574207077		0.5239
1 1 15			0.0175055145832	-11.6280996702		10.227290569		0.281307936287		695.455758691		0.656
0 4 20			0.0252767365334	-11.6028229337		10.1767370959		0.281519919375		702.194859619		1.027
0 2 8			0.0725747079685	-11.5302482257		10.03158768		0.281519919375		702.211137599		0.1155
0 0 20			0.0674915961658	-11.4627566296		9.89660448766		0.281581547329		702.658918624		0.4542
3 3 9			0.0383051152483	-11.4244515143		9.81999425716		0.281564830715		707.039586516		0.3816
3 5 9			-0.00554828341856	-11.4299997977		9.82554254058		0.281542911399		717.264605462		0.4755
2 4 12			0.0524617184134	-11.3775380793		9.72061910375		0.281513435171		719.325813678		0.2205
2 0 12			0.0107528544957	-11.3667852248		9.69911339476		0.281417463996		727.433504607		0.8079
4 0 0			-6.13616109201	-17.5029463168		15.8352744868		0.281417463996		1203.48086099		8.3901
0 2 12			0.0460435330411	-17.4569027838		15.7431874207		0.281313436032		1212.22543139		0.3827
5 3 9			0.0291846576153	-17.4277181262		15.6848181055		0.28129046809		1223.41581223		0.4833
0 2 22			-0.3568076402	-17.7845257664		16.0416257457		0.280393534376		1267.28843391		1.8317
1 5 9			0.0353309551647	-17.7491948112		15.9709638353		0.280382214302		1277.67710683		0.4394
4 2 12			0.0878148839711	-17.6613799272		15.7953340674		0.280340054907		1279.42205946		0.2244
1 1 1			0.0364686170177	-17.6249113102		15.7223968333		0.280308968219		1289.23654033		0.5749
5 1 9			0.0259308341144	-17.5989804761		15.6705351651		0.280300255898		1300.6544187		0.4583
2 0 8			0.0932570496173	-17.5057234265		15.4840210659		0.280300255898		1300.65776953		0.1665
4 6 0			0.0908363592795	-17.4148870672		15.3023483473		0.280300255898		1300.69960952		0.7863
6 0 12			0.0878927790366	-17.3269942882		15.1265627893		0.280294146198		1300.88439988		0.5892
0 4 8			-1.59862639603	-18.9256206842		16.7251891853		0.279762212176		1455.09145912		4.1351
4 0 8			-1.63753299464	-20.5631536789		18.3627221799		0.279183567342		1615.91955183		2.9483
4 2 0			0.0311954660599	-20.5319582128		18.3003312478		0.279183567342		1628.72948105		0.9287
2 6 6			-2.57495769729	-23.1069159101		20.8752889451		0.279608941406		1878.77600506		5.383
4 6 4			0.0503472686525	-23.0565686414		20.7745944078		0.279551192835		1890.48809111		1.0731
6 4 4			0.0467506042305	-23.0098180372		20.6810931993		0.2794772073		1902.66057434		0.6669
2 0 2			0.0442337119178	-22.9655843253		20.5926257755		0.279455934071		1915.11419712		0.6502
0 6 12			0.106939336322	-22.858644989		20.3787471029		0.279433278501		1915.60222767		0.3425
0 2 2			0.0385023192083	-22.8201426698		20.3017424644		0.279414591233		1928.66553412		0.4614
2 4 0			0.0338110216044	-22.7863316482		20.2341204212		0.279410787926		1942.47556044		1.4359
6 4 6			0.00759930906004	-22.7787323391		20.2189218031		0.279561222305		1961.2354149		0.9247
1 1 9			0.0188364034356	-22.7598959357		20.1812489962		0.279665645972		1977.76240163		0.2216
4 6 6			0.00836913668981	-22.751526799		20.1645107229		0.279826296017		1996.28656156		1.1903
0 6 6			-0.0540756168119	-22.8056024158		20.2185863397		0.279949337474		2021.85863397		1.0147
0 6 4			0.0237815117467	-22.781820904		20.1710233162		0.279871896381		2037.27335493		0.6675
6 0 4			0.0246104531391	-22.7572104509		20.1218024099		0.279786464726		2052.42384581		0.7069
6 4 0			0.0976190228668	-22.659591428		19.9265643642		0.279783035363		2052.43612951		1.8287
3 5 11			-0.393818280279	-23.0534097083		20.3203826444		0.27937314375		2113.31979502		1.8915
6 0 6			-0.0453143230636	-23.0987240314		20.3656969675		0.279485253375		2138.39818159		1.0815
1 1 3			-0.0229008646588	-23.121624896		20.3885978322		0.279528285758		2161.19137021		0.4514
0 0 14			0.0122864038031	-23.1093384922		20.3640250246		0.27982544133		2178.95067763		0.8389
2 2 14			-0.0542268154157	-23.1635653076		20.41825184		0.280133519965		2205.17119872		1.0835
0 0 22			0.0202061258816	-23.1433591818		20.3778395882		0.279412709531		2221.18451512		2.2765
7 3 3			-0.120817830174	-23.2641770119		20.4986574184		0.279485601893		2254.85231602		1.9283
4 2 6			-0.163329180997	-23.4275061929		20.6619865994		0.279613680949		2293.48051253		1.6049
5 5 3			-0.124383958685	-23.5518901516		20.7863705581		0.2796843335		2328.0735025		0.8107
2 4 6			-0.171678136494	-23.7235682881		20.9580486946		0.27982428944		2368.25950249		0.785
0 4 14			-0.095161420671	-23.8187297088		21.0532101152		0.280114208395		2400.06595314		1.2337
2 6 2			-0.768160671547	-24.5868903803		21.8213707868		0.280124566311		2509.45764048		1.2892
3 7 3			-0.113103524975	-24.6999939053		21.9344743118		0.280206286747		2544.39902016		0.8954
3 3 3			-0.124020266098	-24.8240141714		22.0584945779		0.280276952841		2580.84386561		0.8081
3 1 3			-0.121233070703	-24.9452472421		22.1797276486		0.280342131932		2617.20786253		1.2003
2 4 4			-0.109977811854	-25.055225054		22.2897054604		0.280275469531		2652.47494979		0.8182
1 5 3			-0.129887166423	-25.1851122204		22.4195926268		0.280357998929		2690.35111522		0.9511
4 4 6			-2.15624326375	-27.3413554841		24.5758358906		0.280717897847		2973.67614276		4.3817
4 0 14			-0.0618389100038	-27.4031943941		24.6376748006		0.280952484982		3005.79632567		1.986
4 2 4			-0.086315262669	-27.4895096568		24.7239900633		0.280887987632		3041.05077778		0.7624
0 4 2			-0.710923479307	-28.2004331361		25.4349135426		0.280887987632		3153.92927928		3.2657
5 1 3			-0.111486735043	-28.3119198711		25.5464002776		0.280971157546		3193.3000347		0.9592
0 4 6			-2.73268699155	-31.0446068627		28.2790872692		0.281309440657		3563.16499591		3.7688
1 7 3			-0.104845325158	-31.1494521879		28.3839325943		0.281389024582		3604.75943948		0.9932
7 1 3			-0.109451246938	-31.2589034348		28.4933838412		0.281469894366		3647.15313168		1.4031
2 0 0			-0.138498180926	-31.3974016157		28.6318820222		0.281469894366		3693.51278086		2.02
0 4 16			-0.220761594322	-31.61816321		28.8526436165		0.281478306868		3750.84367014		1.5557
0 2 0			-0.142190966804	-31.7603541768		28.9948345833		0.281478306868		3798.32333041		1.4407
4 4 12			-0.175229322195	-31.935583499		29.1700639055		0.28110796468		3850.44843553		1.9475
5 3 3			-0.152199071196	-32.0877825702		29.3222629767		0.281192456458		3899.8609759		0.9351
3 3 5			-0.653902212039	-32.7416847823		29.9761651887		0.281117003354		4016.80613529		1.3995
3 5 3			-0.130349131308	-32.8720339136		30.10651432		0.281197338913		4064.37943321		0.9259
7 3 5			-0.231064009685	-33.1030979233		30.3375783297		0.281133817414		4125.91065284		1.0496
2 2 16			-0.277353031289	-33.3804509546		30.614931361		0.281124394602		4194.24559646		1.1693
3 7 5			-0.233329115036	-33.6137800696		30.848260476		0.281058381999		4257.05994569		1.0548
0 0 16			-0.311040255835	-33.9248203254		31.1593007319		0.281043285818		4331.14280173		1.3342
7 1 5			-0.307547087051	-34.2323674125		31.4668478189		0.280982776003		4405.35869465		1.5264
5 5 5			-0.294928412725	-34.5272958252		31.7617762317		0.280889111462		4478.41044866		1.5862
1 7 5			-0.304903437791	-34.832199263		32.0666796694		0.280825419787		4553.46851306		1.0841
0 2 6			-0.345618594082	-35.1778178571		32.4122982635		0.281065253271		4634.95865168		1.1672
4 0 12			-0.339796354556	-35.5176142116		32.7520946181		0.280549898819		4716.301625		2.7435
0 0 8			-0.720109479667	-36.2377236913		33.4722040978		0.28018953825		4853.46959417		2.1948
2 0 4			-0.312202141206	-36.5499258325		33.784406239		0.280094071603		4932.52331089		1.3874
0 4 12			-0.302336889411	-36.8522627219		34.0867431284		0.279457695694		5010.75123987		1.4889
2 0 6			-0.31873482049	-37.1709975424		34.4054779489		0.279732005694		5092.01073643		1.6278
0 0 2			-0.316262936209	-37.4872604786		34.7217408851		0.279732005694		5173.53939188		1.161
1 5 5			-0.433163756509	-37.9204242351		35.1549046416		0.279652403914		5273.23569624		1.8923
5 1 5			-0.425777545211	-38.3462017803		35.5806821868		0.27955703645		5372.68301021		1.1901
0 0 18			-0.985285964807	-39.3314877451		36.5659681516		0.28261533582		5558.02715904		0.6609
0 2 4			-0.290298733785	-39.6217864789		36.8562668854		0.282518057508		5639.00883346		1.326
5 3 5			-0.431639651692	-40.0534261306		37.2879065371		0.282380839533		5742.33760671		2.2247
0 2 18			-0.891109434172	-40.9445355648		38.1790159712		0.287543816336		5917.74747554		0.3755
0 6 18			-0.320533556009	-41.2650691208		38.4995495273		0.289222402502		6005.92972625		0.7949
0 4 18			-0.37224501642	-41.6373141372		38.8717945437		0.290260585982		6102.87174336		0.8369
3 5 5			-0.42406465902	-42.0613787962		39.2958592027		0.290260472175		6208.74575403		1.2751
2 2 12			-0.567152316014	-42.6285311123		39.8630115187		0.290232083234		6338.21883147		1.9766
6 2 2			-0.431724651332	-43.0602557636		40.29473617		0.290232083234		6447.15778721		3.3001
4 4 2			-0.40472053902	-43.4649763026		40.6994567091		0.290232083234		6552.61253016		1.2125
2 2 2			-0.392459450473	-43.8574357531		41.0919161595		0.290232083234		6656.89041784		1.1162
4 0 2			-0.43845989109	-44.2958956442		41.5303760506		0.290244096495		6769.45129625		1.7854
0 0 12			-0.792270373058	-45.0881660172		42.3226464237		0.290226522455		6940.91401348		3.2426
5 1 7			-2.09564039418	-47.1838064114		44.4182868179		0.290489235917		7329.01732495		0.2609
3 5 7			-1.72546300643	-48.9092694178		46.1437498243		0.290757719893		7659.86247083		0.2309
3 1 5			-0.631599082931	-49.5408685008		46.7753489072		0.290757719893		7811.48326751		2.8985
3 1 7			-1.92511177726	-51.465980278		48.7004606845		0.291076494738		8181.67739499		0.257
1 7 7			-1.37350127273	-52.8394815508		50.0739619572		0.291371961868		8462.49957077		0.4353
1 3 7			-1.80724327388	-54.6467248246		51.8812052311		0.291802000525		8819.80488929		0.1893
7 1 7			-1.60724336749	-56.2539681921		53.4884485986		0.292306053089		9146.52471036		0.3505
5 3 7			-1.5781593392	-57.8321275313		55.0666079378		0.292988845551		9471.4565653		0.2523
1 5 7			8.47962915313	-49.3524983782		38.1073496315		0.319614004107		6592.57148625		0.6035
3 3 7			-0.0758054566168	-49.4283038348		38.1831550881		0.31978650757		6643.86898534		0.1558
5 5 7			-0.0293661211838	-49.457669956		38.2125212093		0.319933498924		6687.19121163		0.6639
0 4 0			-2.64946199118	-52.1071319472		40.8619832005		0.319933498924		7191.70904329		6.137
1 3 5			-0.618365146481	-52.7254970937		41.480348347		0.319947250093		7342.02165742		3.1323
1 5 11			-0.735063534266	-53.4605606279		42.2154118812		0.319949628264		7514.34331486		1.8219
5 1 11			-0.721577558071	-54.182138186		42.9369894393		0.319955940443		7685.72110964		3.2753
5 3 11			-0.6975691458	-54.8797073318		43.6345585851		0.319959233397		7854.22054532		1.8677
1 1 5			-0.814356681807	-55.6940640136		44.4489152669		0.319980963411		8045.25366331		1.9661
6 2 8			-0.784286615556	-56.4783506292		45.2332018825		0.319988296865		8232.44274261		3.3751
2 6 8			-0.756560355902	-57.2349109851		45.9897622384		0.320002074944		8416.12648962		4.3291
1 1 17			-0.81988601082	-58.0547969959		46.8096482492		0.319963280907		8612.97527785		2.447
3 3 11			-0.880921618115	-58.935718614		47.6905698673		0.31996783276		8822.75542545		2.1204
4 4 8			-0.749231530231	-59.6849501442		48.4398013975		0.319975498036		9009.80305994		3.9407
6 2 6			-0.45613295073	-60.141083095		48.8959343483		0.32001496479		9143.53972313		3.9921
3 1 11			-1.06026896523	-61.2013520602		49.9562033135		0.320022420497		9391.76622294		2.3814
1 3 11			-1.07993030413	-62.2812823643		51.0361336176		0.320022657839		9645.82925373		2.4293
1 1 11			-1.41278780671	-63.694070171		52.4489214243		0.320037005886		9965.29507063		2.144
6 2 0			-1.20281401377	-64.8968841848		53.6517354381		0.320037005886		10247.4814687		4.3933
2 6 0			-1.15581777339	-66.0527019582		54.8075532115		0.320037005886		10523.0502166		4.3567
4 0 6			-1.02381684241	-67.0765188006		55.8313700539		0.320081681484		10775.4544204		5.3963
4 4 0			-1.39353652415	-68.4700553247		57.2249065781		0.320081681484		11101.6318761		4.9852
2 2 6			-1.38347035928	-69.853525684		58.6083769373		0.320131117177		11428.6335028		8.3224
0 0 6			-1.50462656671	-71.3581522507		60.1130035041		0.320185224954		11782.1486868		7.4326
2 2 0			-2.99291686709	-74.3510691178		63.1059203712		0.320185224954		12431.8663131		11.1953