HKL Value		Reward	TotalReward	Chi Squared Value	Z Coordinate Approximation		dx
4 2 10			0	0		0		0.3		0		1.1102
0 2 14			-0.0990293326937	-0.0990293326937		0.0990293326937		0.279912649751		0.0990293326937		0.2479
4 6 2			-0.0279630646102	-0.126992397304		0.126992397304		0.279978032949		0.253984794608		0.2349
6 4 2			-0.103176680086	-0.23016907739		0.23016907739		0.280097105467		0.690507232169		0.2211
2 2 4			0.0283985660764	-0.201770511313		0.173371945237		0.280061408809		0.693487780948		0.7551
1 3 15			-0.00205670095092	-0.203827212264		0.175428646188		0.280887543767		0.877143230939		0.2862
9 1 1			0.01405798258	-0.189769229684		0.147312681028		0.280881151044		0.883876086167		0.8793
0 2 10			-0.367441381272	-0.557210610957		0.5147540623		0.281855523337		3.6032784361		0.4317
2 0 14			0.0252106152341	-0.531999995722		0.464332831832		0.281727186324		3.71466265466		0.2634
5 5 1			0.0198030745173	-0.512196921205		0.424726682797		0.28170170182		3.82254014518		0.5073
3 7 1			0.00908207031334	-0.503114850892		0.406562542171		0.281663617995		4.06562542171		1.2822
6 0 10			-0.057588795537	-0.560703646429		0.464151337708		0.280979236249		5.10566471478		1.0728
7 3 1			0.0109201143831	-0.549783532046		0.442311108942		0.280956481321		5.3077333073		0.5095
6 0 2			-0.00314395950467	-0.55292749155		0.445455068446		0.280938842586		5.7909158898		0.2214
1 3 5			-10.7350660311	-11.2879935227		11.1805210996		0.280484898122		156.527295394		3.1323
0 6 8			0.284680955655	-11.003312567		10.6111591883		0.280375517606		159.167387824		0.7694
1 3 9			0.302218567591	-10.7010939994		10.0067220531		0.280331847996		160.10755285		0.2622
3 1 15			0.284823650601	-10.4162703488		9.43707475189		0.28070537656		160.430270782		0.2871
3 1 9			0.214023826664	-10.2022465222		9.00902709857		0.280664170529		162.162487774		0.36
2 4 14			0.200148992941	-10.0020975292		8.60872911268		0.280872352281		163.565853141		0.5221
4 2 14			0.176954212178	-9.82514331706		8.25482068833		0.281072163881		165.096413767		1.2576
6 0 8			0.137094497749	-9.68804881931		7.98063169283		0.281019787758		167.593265549		2.9234
6 2 6			-10.6729890259	-20.3610378452		18.6536207187		0.282447594342		410.379655812		3.9921
4 2 8			0.388718720808	-19.9723191244		17.8761832771		0.282543676108		411.152215374		0.7605
4 2 2			0.320938665288	-19.6513804591		17.2343059465		0.28250343759		413.623342717		0.457
0 6 16			0.322918888443	-19.3284615707		16.5884681697		0.282433904682		414.711704241		0.4825
2 4 2			0.260937081218	-19.0675244895		16.0665940072		0.282393048918		417.731444188		0.3828
7 1 1			0.257782586411	-18.8097419031		15.5510288344		0.282337827743		419.877778529		0.5207
3 3 15			0.264482376412	-18.5452595266		15.0220640816		0.282889993012		420.617794284		0.3402
1 7 1			0.213070656772	-18.3321888699		14.595922768		0.28284571906		423.281760273		0.5219
0 6 10			0.198055719096	-18.1341331508		14.1998113298		0.282307867083		425.994339895		0.8527
0 0 10			0.19541848587	-17.9387146649		13.8089743581		0.281936764903		428.078205101		0.8316
4 4 10			0.205273287464	-17.7334413774		13.3984277832		0.281758841284		428.749689061		0.6886
2 0 10			0.173294308713	-17.5601470687		13.0518391657		0.281956980546		430.71069247		0.6169
2 2 10			0.173857558971	-17.3862895098		12.7041240478		0.281740712785		431.940217625		0.6429
2 6 10			0.159585059627	-17.2267044501		12.3849539285		0.281517572838		433.473387499		0.7069
0 4 10			0.151486053554	-17.0752183966		12.0819818214		0.28131968066		434.951345572		0.9893
6 2 10			0.144446274981	-16.9307721216		11.7930892715		0.281142366138		436.344303045		0.7103
1 5 1			0.114305437634	-16.816466684		11.5644783962		0.281123309311		439.450179056		0.4978
5 1 1			0.111773829783	-16.7046928542		11.3409307366		0.281105734727		442.296298729		0.5346
0 6 2			0.132176947792	-16.5725159064		11.0765768411		0.281100400444		443.063073642		0.2356
6 0 0			0.0781783165433	-16.4943375898		10.920220208		0.281100332206		447.729028527		0.7256
0 2 16			0.0693634075939	-16.4249741822		10.7814933928		0.281100332206		452.822722497		1.8687
4 0 10			0.115648016221	-16.309326166		10.5501973603		0.280981217293		453.658486495		0.6243
2 0 16			0.076283907962	-16.2330422581		10.3976295444		0.280981217293		457.495699954		0.5935
2 4 8			0.105791543482	-16.1272507146		10.1860464575		0.280997407032		458.372090585		0.1687
3 5 1			0.0729600265829	-16.054290688		10.0401264043		0.280976935523		461.845814597		0.5283
3 3 1			0.0694578191871	-15.9848328688		9.90121076592		0.280958689721		465.356905998		0.5106
5 3 1			0.0623520912927	-15.9224807775		9.77650658333		0.280939264899		469.272316		0.5252
0 6 14			0.0684241495973	-15.8540566279		9.63965828414		0.281034598133		472.343255923		0.9096
0 6 0			0.0314034830426	-15.8226531449		9.57685131805		0.281034598133		478.842565903		1.4277
0 2 8			0.0938865112919	-15.7287666336		9.38907829547		0.281034598133		478.842993069		0.1155
0 0 20			0.0838993698612	-15.6448672637		9.22127955574		0.281104697811		479.506536899		0.4542
0 4 20			0.0208271703788	-15.6240400933		9.17962521499		0.281326017536		486.520136394		1.027
1 1 15			0.0151817815764	-15.6088583118		9.14926165183		0.281071742936		494.060129199		0.656
2 4 10			0.0831707548033	-15.525687557		8.98292014223		0.281071686645		494.060607822		0.607
3 3 9			0.0416691727025	-15.4840183843		8.89958179682		0.281050503518		498.376580622		0.3816
3 1 1			0.015220256287	-15.468798128		8.86914128425		0.281027906991		505.541053202		0.5239
1 3 1			0.0128487205654	-15.4559494074		8.84344384312		0.281002357011		512.919742901		0.5324
3 1 13			0.0458932460932	-15.4100561613		8.75165735093		0.281120888949		516.347783705		0.3869
2 4 12			0.0564287865799	-15.3536273747		8.63879977777		0.281092870813		518.327986666		0.2205
1 5 13			0.0398205752911	-15.3138067994		8.55915862719		0.28122551238		522.108676259		1.1973
5 1 13			0.0456165811726	-15.2681902183		8.46792546484		0.28135012353		525.01137882		0.4567
0 2 4			-1.14018613125	-16.4083763495		9.60811159609		0.28126196586		605.311030554		1.326
3 3 13			0.0616041735177	-16.346772176		9.48490324906		0.281365039502		607.03380794		0.5636
2 2 12			-1.54790539452	-17.8946775705		11.0328086436		0.280759960171		717.132561833		1.9766
1 1 13			0.0592443774169	-17.8354331931		10.9143198887		0.28087813141		720.345112657		0.3722
1 3 13			0.0563393205971	-17.7790938725		10.8016412476		0.281012355726		723.709963586		0.3907
3 5 9			0.00481959352929	-17.774274279		10.7920020605		0.280990230386		733.856140114		0.4755
4 2 12			0.0644765110482	-17.7097977679		10.6630490384		0.280953643419		735.750383649		0.2244
2 0 12			0.0209768800728	-17.6888208879		10.6210952783		0.280830009606		743.476669478		0.8079
2 0 8			0.0747783770298	-17.6140425108		10.4715385242		0.280830009606		743.479235218		0.1665
1 5 9			0.000340373240917	-17.6137021376		10.4708577777		0.280812370247		753.901759995		0.4394
5 3 9			-0.0089190527215	-17.6226211903		10.4797768304		0.280792233074		765.023708621		0.4833
4 6 0			0.0705266002842	-17.55209459		10.3387236299		0.280792233074		765.06554861		0.7863
6 2 4			0.0682285467372	-17.4838660433		10.2022665364		0.280792233074		765.169990229		0.8727
0 4 4			0.066802797612	-17.4170632457		10.0686609412		0.28080570293		765.218231528		0.8482
4 4 4			0.0653646061063	-17.3516986396		9.93793172895		0.28080570293		765.220743129		0.8476
2 6 4			0.0630928897308	-17.2886057498		9.81174594949		0.280818059269		765.31618406		0.8772
0 0 4			0.0612677370844	-17.2273380128		9.68921047532		0.280835004661		765.44762755		0.8482
0 2 12			0.00844767800337	-17.2188903348		9.67231511931		0.280715808681		773.785209545		0.3827
5 1 9			-0.0219343580156	-17.2408246928		9.69424947733		0.280699448905		785.234207664		0.4583
1 1 1			-0.00227540183918	-17.2431000946		9.69652487917		0.280668373584		795.115040092		0.5749
6 0 12			0.0571931023169	-17.1859069923		9.58213867454		0.280668373584		795.317509986		0.5892
4 0 4			0.0569530973764	-17.1289538949		9.46823247978		0.280668373584		795.331528302		1.2165
4 2 0			-0.0393140793115	-17.1682679742		9.50754655909		0.280668373584		808.141457523		0.9287
4 6 4			-0.0306142597351	-17.198882234		9.53816081883		0.28059693836		820.281830419		1.0731
0 6 12			0.0513900038455	-17.1474922301		9.43538081114		0.280586311291		820.878130569		0.3425
2 0 2			-0.0357582861036	-17.1832505162		9.47113909724		0.280565820909		833.460240557		0.6502
6 4 4			-0.0350836096793	-17.2183341259		9.50622270692		0.28049805784		846.053820916		0.6669
6 4 6			-0.0918714614346	-17.3102055873		9.59809416836		0.280649976152		863.828475152		0.9247
4 6 6			-0.0882208014348	-17.3984263888		9.68631496979		0.280811371395		881.454662251		1.1903
2 4 0			-0.0448275563201	-17.4432539451		9.73114252611		0.280811371395		895.265112402		1.4359
1 1 9			-0.0636773192839	-17.5069312644		9.79481984539		0.280963005184		910.918245622		0.2216
0 2 20			-0.086275021197	-17.5932062856		9.88109486659		0.282244974662		928.82291746		0.4494
6 4 0			0.0519373123046	-17.5412689733		9.77722024198		0.282244974662		928.835922988		1.8287
0 2 2			-0.0377440041492	-17.5790129774		9.81496424613		0.282228509781		942.236567629		0.4614
0 6 4			-0.0693108086014	-17.648323786		9.88427505473		0.282162228423		958.774680309		0.6675
6 0 4			-0.0652390714451	-17.7135628575		9.94951412618		0.282094274546		975.052384365		0.7069
7 1 7			-3.35444661953	-21.068009477		13.3039607457		0.281306556048		1317.09211382		0.3505
0 6 6			-0.112730729345	-21.1807402063		13.4166914751		0.281420757283		1341.66914751		1.0147
6 0 6			-0.101888377661	-21.282628584		13.5185798527		0.281544192926		1365.37656512		1.0815
1 1 3			-0.0852007080538	-21.3678292921		13.6037805608		0.281596440531		1387.5856172		0.4514
0 0 14			-0.0133218065514	-21.3811510986		13.6171023673		0.281780801111		1402.56154383		0.8389
0 0 22			-0.104750868948	-21.4859019675		13.7218532363		0.280792421557		1427.07273657		2.2765
4 2 6			-0.225358426066	-21.7112603936		13.9472116623		0.280939929742		1464.45722454		1.6049
7 3 3			-0.177787057989	-21.8890474516		14.1249987203		0.281025204346		1497.24986435		1.9283
2 4 6			-0.231416948541	-22.1204644001		14.3564156689		0.281171010646		1536.13647657		0.785
5 5 3			-0.180008169305	-22.3004725695		14.5364238382		0.281253047904		1569.93377452		0.8107
0 4 14			-0.134165114301	-22.4346376838		14.6705889525		0.281484682229		1599.09419582		1.2337
3 7 3			-0.177161403435	-22.6117990872		14.8477503559		0.281567406087		1633.25253915		0.8954
1 3 3			-0.177207466212	-22.7890065534		15.0249578221		0.281637218267		1667.77031825		0.7045
2 2 14			-0.0744155860166	-22.8634221394		15.0993734081		0.281821323711		1691.12982171		1.0835
3 3 3			-0.180905403947	-23.0443275434		15.2802788121		0.281894369381		1726.67150576		0.8081
3 1 3			-0.177473460031	-23.2218010034		15.4577522721		0.281958877737		1762.18375902		1.2003
2 4 4			-0.180150021081	-23.4019510245		15.6379022932		0.28188983889		1798.35876372		0.8182
1 5 3			-0.182512308884	-23.5844633334		15.8204146021		0.281969340738		1835.16809384		0.9511
5 1 3			-0.195112296687	-23.77957563		16.0155268988		0.282060253001		1873.81664715		0.9592
4 2 4			-0.168331769346	-23.9479073994		16.1838586681		0.281991709055		1909.69532284		0.7624
4 0 14			-0.116863099516	-24.0647704989		16.3007217676		0.282164704955		1939.78589035		1.986
1 7 3			-0.206014254875	-24.2707847538		16.5067360225		0.282243062947		1980.8083227		0.9932
7 1 3			-0.209188443384	-24.4799731972		16.7159244659		0.282326516201		2022.62686037		1.4031
2 0 0			-0.242981350122	-24.7229545473		16.958905816		0.282326516201		2068.98650955		2.02
0 4 16			-0.326403945309	-25.0493584926		17.2853097613		0.282382471883		2126.09310064		1.5557
0 2 22			-0.268237594815	-25.3175960874		17.5535473561		0.281641006957		2176.63987216		1.8317
3 5 3			-0.237568968622	-25.555165056		17.7911163247		0.281720454767		2223.88954059		0.9259
7 3 5			-0.349185184487	-25.9043502405		18.1403015092		0.281658902844		2285.67799016		1.0496
0 2 0			-0.231018572902	-26.1353688134		18.3713200821		0.281658902844		2333.15765043		1.4407
4 4 12			-0.267494277661	-26.4028630911		18.6388143598		0.281274450921		2385.76823805		1.9475
1 5 7			-2.84612285777	-29.2489859489		21.4849372176		0.280176425023		2771.55690107		0.6035
2 2 16			-0.358416064684	-29.6074020135		21.8433532823		0.280094178872		2839.63592669		1.1693
5 3 3			-0.215266595661	-29.8226686092		22.0586198779		0.280190254404		2889.67920401		0.9351
3 7 5			-0.305038378642	-30.1277069878		22.3636582566		0.280109192285		2952.00288987		1.0548
0 0 16			-0.386624472387	-30.5143314602		22.7502827289		0.280008592575		3025.78760295		1.3342
7 1 5			-0.380499633655	-30.8948310939		23.1307823626		0.279914014819		3099.52483659		1.5264
1 7 5			-0.3812549332	-31.2760860271		23.5120372958		0.279811681473		3174.12503493		1.0841
5 5 5			-0.358866383741	-31.6349524108		23.8709036795		0.279676278733		3246.44290042		1.5862
0 2 6			-0.433375830506	-32.0683282413		24.30427951		0.279996535355		3329.68629288		1.1672
0 4 12			-0.386033495624	-32.454361737		24.6903130057		0.279181892222		3407.26319478		1.4889
4 0 12			-0.351682788884	-32.8060445258		25.0419957946		0.278059175709		3480.83741544		2.7435
2 0 6			-0.415496093975	-33.2215406198		25.4574918885		0.278516559588		3564.04886439		1.6278
0 0 2			-0.397520125938	-33.6190607457		25.8550120145		0.278516559588		3645.55669404		1.161
2 0 4			-0.368185643335	-33.9872463891		26.2231976578		0.278363658123		3723.69406741		1.3874
1 5 5			-0.508630823828	-34.4958772129		26.7318284816		0.278180234908		3822.65147287		1.8923
5 1 5			-0.499449356926	-34.9953265698		27.2312778386		0.277988841051		3921.30400875		1.1901
0 0 18			-1.18007405448	-36.1754006243		28.411351893		0.282289421332		4119.64602449		0.6609
0 6 18			-0.914542282265	-37.0899429066		29.3258941753		0.28840662716		4281.58054959		0.7949
0 2 18			-0.251495335498	-37.3414382421		29.5773895108		0.289663464846		4347.87625809		0.3755
5 3 5			-0.51634185422	-37.8577800963		30.093731365		0.289656293275		4453.87224202		2.2247
0 4 18			-0.378537114516	-38.2363172108		30.4722684795		0.29067663483		4540.36800345		0.8369
3 5 5			-0.50333283606	-38.7396500469		30.9756013156		0.290673766431		4646.34019734		1.2751
3 3 5			-0.594589189324	-39.3342392362		31.5701905049		0.290659548339		4767.09876624		1.3995
6 2 2			-0.508614746342	-39.8428539825		32.0788052513		0.290659583878		4875.97839819		3.3001
4 4 2			-0.479291905227	-40.3221458878		32.5580971565		0.290659583878		4981.38886494		1.2125
2 2 2			-0.465505976307	-40.7876518641		33.0236031328		0.290664014715		5085.63488245		1.1162
2 6 2			-0.484913587215	-41.2725654513		33.50851672		0.290674803078		5193.8200916		1.2892
0 4 2			-0.501827287554	-41.7743927388		34.0103440076		0.290680566922		5305.61366518		3.2657
1 7 7			-1.58770054539	-43.3620932842		35.5980445529		0.290907442751		5588.89299481		0.4353
5 3 7			-1.90698801989	-45.2690813041		37.5050325728		0.291214244535		5925.79514651		0.2523
5 1 7			-2.15596676663	-47.4250480708		39.6609993395		0.291606725833		6306.09889498		0.2609
3 5 7			-1.7701763038	-49.1952243746		41.4311756433		0.292009404106		6628.98810292		0.2309
5 5 7			-2.37794082911	-51.5731652037		43.8091164724		0.292666709001		7053.26775205		0.6639
3 3 7			-2.62571883062	-54.1988840343		46.434835303		0.293945170936		7522.44331909		0.1558
4 0 8			-0.925385848357	-55.1242698826		47.3602211514		0.293756736106		7719.71604767		2.9483
3 1 7			8.86511865778	-46.2591512249		29.6299838358		0.31947024134		4859.31734907		0.257
1 3 7			-0.0322288437316	-46.2913800686		29.6622126795		0.319600637865		4894.26509212		0.1893
1 1 7			-0.0402773577445	-46.3316574263		29.7024900373		0.319722748813		4930.61334619		0.2012
0 0 12			-0.123823519191	-46.4554809455		29.8263135565		0.319825238118		4980.99436393		3.2426
4 0 2			-0.455620344952	-46.9111012905		30.2819339014		0.319825259308		5087.36489544		1.7854
1 5 11			-0.840618728551	-47.751720019		31.12255263		0.319825259308		5259.71139446		1.8219
3 1 5			-0.680388380761	-48.4321083998		31.8029410107		0.319846688127		5406.49997182		2.8985
5 1 11			-0.816346658662	-49.2484550584		32.6192876694		0.319851461215		5577.89819146		3.2753
3 5 11			-0.803081463797	-50.0515365222		33.4223691332		0.319851461215		5748.64749091		1.8915
5 3 11			-0.78092927674	-50.832465799		34.2032984099		0.319861052793		5917.17062492		1.8677
4 0 6			-1.2560883996	-52.0885541986		35.4593868095		0.319903391092		6169.93330486		5.3963
0 0 8			-0.708825480938	-52.7973796795		36.1682122905		0.319903701849		6329.43715083		2.1948
2 6 8			-0.83838917428	-53.6357688538		37.0066014647		0.319916371496		6513.16185779		4.3291
6 2 8			-0.848668171872	-54.4844370257		37.8552696366		0.319920862272		6700.38272568		3.3751
1 1 17			-0.892473325428	-55.3769103511		38.747742962		0.319887738608		6897.09824724		2.447
2 2 8			-0.828529612817	-56.2054399639		39.5762725749		0.319891067079		7084.1527909		1.8488
3 3 11			-0.945678717151	-57.1511186811		40.521951292		0.319899188756		7293.95123256		2.1204
1 1 5			-0.831865441595	-57.9829841227		41.3538167336		0.319917776954		7485.04082878		1.9661
4 4 8			-0.800632743082	-58.7836168657		42.1544494767		0.319917776954		7672.10980476		3.9407
0 4 8			-0.862491210782	-59.6461080765		43.0169406875		0.319937282445		7872.10014581		4.1351
2 6 6			-0.500664646414	-60.1467727229		43.5176053339		0.31997332186		8007.23938143		5.383
3 1 11			-1.10661162255	-61.2533843455		44.6242169564		0.31997332186		8255.48013694		2.3814
4 4 6			-0.626989492977	-61.8803738385		45.2512064494		0.320020059538		8416.72439959		4.3817
1 3 11			-1.11663910183	-62.9970129403		46.3678455512		0.320027473603		8670.78711808		2.4293
1 1 11			-1.45265443907	-64.4496673794		47.8204999903		0.320031763299		8990.25399818		2.144
6 2 0			-1.24003120669	-65.6896985861		49.060531197		0.320031763299		9272.44039623		4.3933
2 6 0			-1.19214850911	-66.8818470952		50.2526797061		0.320031763299		9548.00914416		4.3567
0 4 6			-1.02946089339	-67.9113079886		51.2821405995		0.320082379039		9794.8888545		3.7688
4 4 0			-1.43173559551	-69.3430435841		52.713876195		0.320081074312		10121.0642294		4.9852
2 2 6			-1.42119098549	-70.7642345696		54.1350671805		0.320128778859		10448.0679658		8.3224
0 0 6			-1.54320274676	-72.3074373163		55.6782699273		0.320183032807		10801.5843659		7.4326
0 4 0			-2.3017413422	-74.6091786585		57.9800112695		0.320183032807		11306.1021975		6.137
4 0 0			-2.13299665876	-76.7421753173		60.1130079282		0.320183032807		11782.1495539		8.3901
2 2 0			-2.99291684464	-79.7350921619		63.1059247729		0.320183032807		12431.8671803		11.1953