HKL Value		Reward	TotalReward	Chi Squared Value	Z Coordinate Approximation		dx
2 0 14			0	0		0		0.3		0		0.2634
2 4 10			-0.0254582608929	-0.0254582608929		0.0254582608929		0.280748798187		0.0254582608929		0.607
4 2 10			0.00518107251859	-0.0202771883743		0.0150961158557		0.280629237807		0.0301922317114		1.1102
4 6 2			-0.0417879085483	-0.0620650969226		0.056884024404		0.280667671794		0.170652073212		0.2349
6 4 2			-0.0887778140371	-0.15084291096		0.145661838441		0.280735892978		0.582647353765		0.2211
0 2 14			-0.00395723518226	-0.154800146142		0.149619073623		0.28041500232		0.748095368117		0.2479
1 3 15			0.00115562033808	-0.153644525804		0.147307832947		0.280881350568		0.883846997684		0.2862
9 1 1			0.0100433777168	-0.143601148087		0.127221077514		0.280876313824		0.890547542595		0.8793
5 5 1			0.00240504697858	-0.141196101109		0.122410983556		0.280858736744		0.979287868451		0.5073
3 7 1			-0.01029793185	-0.151494032958		0.132708915406		0.280831228215		1.19438023866		1.2822
7 3 1			-0.00646324748915	-0.157957280448		0.139172162896		0.280804837758		1.39172162896		0.5095
6 0 10			-0.0387520164035	-0.196709296851		0.177924179299		0.280394669322		1.95716597229		1.0728
6 0 2			-0.024249090058	-0.220958386909		0.202173269357		0.280378084907		2.42607923228		0.2214
2 4 14			-0.100816240035	-0.321774626944		0.302989509392		0.280663640042		3.93886362209		0.5221
4 2 14			-0.0931796494725	-0.414954276416		0.396169158864		0.280928854391		5.5463682241		1.2576
1 3 9			-0.0387661934513	-0.453720469868		0.434935352315		0.280886849626		6.52403028473		0.2622
3 1 9			-0.0820610478553	-0.535781517723		0.516996400171		0.280836482252		8.27194240273		0.36
3 1 15			0.0116109161395	-0.524170601583		0.493774567892		0.281016370262		8.39416765416		0.2871
0 6 8			-0.123563927168	-0.647734528751		0.61733849506		0.280966541629		11.1120929111		0.7694
6 0 8			-0.098263602741	-0.745998131492		0.715602097801		0.280912426962		13.5964398582		2.9234
4 2 8			-0.0103715008224	-0.756369632315		0.725973598623		0.280941557247		14.5194719725		0.7605
0 0 22			-0.778923509407	-1.53529314172		1.50489710803		0.279198785682		31.6028392686		2.2765
7 1 1			-0.0165759664906	-1.55186910821		1.52147307452		0.27917641892		33.4724076395		0.5207
4 2 2			-0.0332613970969	-1.58513050531		1.55473447162		0.279161024432		35.7588928472		0.457
1 7 1			-0.0314842391739	-1.61661474448		1.58621871079		0.279131456383		38.069249059		0.5219
0 6 16			0.00764131427611	-1.60897343021		1.57093608224		0.279183578477		39.273402056		0.4825
1 5 1			-0.0512780674508	-1.66025149766		1.62221414969		0.279153110555		42.1775678919		0.4978
2 4 2			-0.0445990784644	-1.70485057612		1.66681322815		0.279138500698		45.0039571602		0.3828
5 1 1			-0.0350741397994	-1.73992471592		1.70188736795		0.27911345629		47.6528463027		0.5346
2 6 10			0.0285086059553	-1.71141610997		1.64487015604		0.279069130573		47.7012345253		0.7069
2 4 12			0.00426635435837	-1.70714975561		1.63633744733		0.278984097094		49.0901234198		0.2205
3 3 15			-0.242035222689	-1.9491849783		1.87837267002		0.27999944536		58.2295527705		0.3402
0 2 10			-0.0631251166408	-2.01231009494		1.94149778666		0.280184997208		62.127929173		0.4317
0 6 10			0.0220561300384	-1.9902539649		1.89738552658		0.280090841513		62.6137223771		0.8527
4 0 10			0.0239476308454	-1.96630633405		1.84949026489		0.280017890136		62.8826690062		0.6243
2 2 10			0.0244304481304	-1.94187588592		1.80062936863		0.279970163242		63.022027902		0.6429
6 2 10			0.019093463311	-1.92278242261		1.76244244201		0.279890083726		63.4479279122		0.7103
0 0 10			0.0199718333394	-1.90281058927		1.72249877533		0.279826777985		63.7324546871		0.8316
3 3 1			-0.0436459180769	-1.94645650735		1.7661446934		0.279810468579		67.1134983493		0.5106
0 4 10			0.0187173539565	-1.92773915339		1.72870998549		0.279748482146		67.4196894341		0.9893
4 4 10			0.0216087958495	-1.90613035754		1.68549239379		0.279748482146		67.4196957517		0.6886
3 5 1			-0.0402262371132	-1.94635659466		1.72571863091		0.279731649437		70.7544638671		0.5283
5 3 1			-0.0487186820282	-1.99507527669		1.77443731293		0.2797179871		74.5263671432		0.5252
2 0 10			-0.0463157794039	-2.04139105609		1.82075309234		0.279842554834		78.2923829705		0.6169
1 5 5			-2.22591850477	-4.26730956086		4.04667159711		0.279780883909		178.053550273		1.8923
6 0 0			-0.0137640475857	-4.28107360845		4.0604356447		0.279780883909		182.719604011		0.7256
0 2 16			-0.0253320097584	-4.30640561821		4.08576765446		0.279805705012		187.945312105		1.8687
2 0 16			0.0014188980236	-4.30498672018		4.08292985841		0.279826267769		191.897703345		0.5935
0 6 2			0.034947654329	-4.27003906585		4.01303454975		0.279825439222		192.625658388		0.2356
0 6 14			0.00180078661367	-4.26823827924		4.00943297652		0.279920231707		196.46221585		0.9096
2 4 8			0.0309342740786	-4.23730400516		3.94756442837		0.279920231707		197.378221418		0.1687
0 0 4			0.0365646021888	-4.20073940297		3.87443522399		0.279934897603		197.596196423		0.8482
4 4 4			0.0372312490985	-4.16350815388		3.79997272579		0.279934924232		197.598581741		0.8476
2 6 4			0.0342550402725	-4.1292531136		3.73146264525		0.279947981085		197.767520198		0.8772
6 2 4			0.0329059842044	-4.0963471294		3.66565067684		0.279960764529		197.945136549		0.8727
0 4 4			0.0324067030763	-4.06394042632		3.60083727068		0.279968952572		198.046049888		0.8482
2 2 4			0.0321342792739	-4.03180614705		3.53656871214		0.279968952572		198.04784788		0.7551
0 6 0			-0.0519779169779	-4.08378406403		3.58854662911		0.279968952572		204.54715786		1.4277
4 0 4			0.0305939924886	-4.05319007154		3.52735864414		0.279973149117		204.58680136		1.2165
1 3 1			-0.0625516112174	-4.11574168275		3.58991025536		0.27995447171		211.804705066		0.5324
1 5 13			-0.0182323063834	-4.13397398914		3.60814256174		0.280050771377		216.488553704		1.1973
5 1 13			-0.00291828789394	-4.13689227703		3.61106084963		0.280135761657		220.274711828		0.4567
1 3 13			-0.00513868044864	-4.14203095748		3.61619953008		0.280221484423		224.204370865		0.3907
3 3 13			0.00974812146946	-4.13228283601		3.59670328714		0.280302614729		226.59230709		0.5636
7 1 3			-0.617646371588	-4.7499292076		4.21434965873		0.280389876371		269.718378159		1.4031
1 5 7			-5.76042305615	-10.5103522637		9.97477271488		0.279232686624		648.360226467		0.6035
1 1 13			0.0433726095294	-10.4669796542		9.88802749582		0.279320736189		652.609814724		0.3722
3 1 13			0.0391227402193	-10.427856914		9.80978201538		0.279418092338		657.255395031		0.3869
5 1 3			-0.449224553194	-10.8770814672		10.2590065686		0.279521312082		697.612446663		0.9592
3 1 1			0.0240988931359	-10.8529825741		10.2108087823		0.279504490348		704.545805979		0.5239
1 1 15			0.039144944274	-10.8138376298		10.1325188938		0.279276742894		709.276322563		0.656
0 4 20			0.00703110582043	-10.806806524		10.1184566821		0.279404813997		718.41042443		1.027
0 2 8			0.0696997460756	-10.7371067779		9.97905718996		0.279420153151		718.492117677		0.1155
0 0 20			0.0592767256325	-10.6778300523		9.8605037387		0.279473410804		719.816772925		0.4542
3 3 9			0.0384354148834	-10.6393946374		9.78363290893		0.279467140032		723.988835261		0.3816
3 5 9			-0.00272564203675	-10.6421202794		9.78635855097		0.279458223013		733.976891323		0.4755
2 0 12			0.0212212410694	-10.6208990383		9.74391606883		0.279322240972		740.537621231		0.8079
5 3 9			-0.0160168466427	-10.636915885		9.75993291547		0.279313444795		751.514834491		0.4833
0 2 12			0.0170649670586	-10.6198509179		9.72580298136		0.279172394559		758.612632546		0.3827
1 5 9			-0.00751429957617	-10.6273652175		9.73331728093		0.279171445485		768.932065194		0.4394
4 2 12			0.0522409590072	-10.5751242585		9.62883536292		0.27911186006		770.306829033		0.2244
2 2 2			-1.17616203104	-11.7512862895		10.804997394		0.27911186006		875.20478891		1.1162
1 1 1			0.00738988075601	-11.7438964088		10.7902176324		0.279088534468		884.79784586		0.5749
5 1 9			-0.00674839146548	-11.7506448002		10.7969660239		0.279084657238		896.148179984		0.4583
2 0 8			0.0638203646425	-11.6868244356		10.6693252946		0.27909312149		896.223324748		0.1665
4 6 0			0.0625146877853	-11.6243097478		10.5442959191		0.279093668538		896.265153119		0.7863
6 0 12			0.0607214504099	-11.5635882974		10.4228530182		0.279085008412		896.365359568		0.5892
4 2 0			-0.0274376575061	-11.5910259549		10.4502906757		0.279085008412		909.175288789		0.9287
4 6 4			-0.0119319682543	-11.6029579232		10.462222644		0.279024677032		920.675592671		1.0731
6 4 4			-0.0168624837314	-11.6198204069		10.4790851277		0.278956988967		932.638576367		0.6669
2 0 2			-0.0212978017923	-11.6411182087		10.5003829295		0.278941344078		945.034463656		0.6502
0 6 12			0.0553927528686	-11.5857254558		10.3895974238		0.27891938614		945.453365564		0.3425
0 2 2			-0.0284290458128	-11.6141545016		10.4180264696		0.278901657173		958.458435202		0.4614
2 4 0			-0.0364775174418	-11.6506320191		10.454503987		0.27890055364		972.268870794		1.4359
6 4 6			-0.093240262032	-11.7438722811		10.5477442491		0.27903655351		991.487959412		0.9247
1 1 9			-0.0655263275091	-11.8093986086		10.6132705766		0.279096179394		1008.26070477		0.2216
4 6 6			-0.087769015939	-11.8971676246		10.7010395925		0.279243358442		1027.29980088		1.1903
0 2 20			-0.223393418532	-12.1205610431		10.924433011		0.280864431281		1059.67000207		0.4494
0 4 12			-0.716190209529	-12.8367512526		11.6406232206		0.280346496179		1140.78107562		1.4889
0 0 14			-0.0495794777725	-12.8863307304		11.6902026983		0.280563683368		1157.33006714		0.8389
0 6 4			-0.0402541540934	-12.9265848845		11.7304568524		0.280500106905		1173.04568524		0.6675
6 0 4			-0.0368877403995	-12.9634726249		11.7673445928		0.280427019423		1188.50180388		0.7069
6 4 0			0.0576193091378	-12.9058533157		11.6521059746		0.280427019423		1188.51480941		1.8287
0 6 6			-0.131447309545	-13.0373006253		11.7835532841		0.280524414481		1213.70598826		1.0147
6 0 6			-0.12068939312	-13.1579900184		11.9042426772		0.280617731457		1238.04123843		1.0815
1 1 3			-0.100642934883	-13.2586329533		12.0048856121		0.280673544973		1260.51298927		0.4514
2 2 14			-0.120370575148	-13.3790035284		12.1252561873		0.280913934396		1285.27715585		1.0835
7 3 3			-0.193264743807	-13.5722682722		12.3185209311		0.280994084002		1318.08173962		1.9283
4 2 6			-0.230182385708	-13.802450658		12.5487033168		0.281139727445		1355.25995821		1.6049
0 0 16			-0.564594755197	-14.3670454131		13.113298072		0.281139625015		1429.34948985		1.3342
5 5 3			-0.188206753606	-14.5552521668		13.3015048256		0.281206147204		1463.16553081		0.8107
2 4 6			-0.228769481703	-14.7840216485		13.5302743073		0.281366128002		1501.86044811		0.785
0 4 14			-0.137926889694	-14.9219485382		13.668201197		0.281595930611		1530.83853406		1.2337
1 3 3			-0.184365091659	-15.1063136298		13.8525662886		0.281672520741		1565.33999062		0.7045
3 7 3			-0.177184209744	-15.2834978396		14.0297504984		0.281748892764		1599.39155682		0.8954
3 3 3			-0.187383635888	-15.4708814754		14.2171341343		0.281831760508		1634.97042544		0.8081
3 1 3			-0.183859915377	-15.6547413908		14.4009940496		0.28190477626		1670.51530976		1.2003
2 4 4			-0.185800880468	-15.8405422713		14.5867949301		0.281828239072		1706.65500682		0.8182
1 5 3			-0.188668610061	-16.0292108813		14.7754635402		0.281918106735		1743.50469774		0.9511
4 0 14			-0.129454932128	-16.1586658135		14.9049184723		0.282108363034		1773.6852982		1.986
4 2 4			-0.174996308899	-16.3336621224		15.0799147812		0.282036412181		1809.58977374		0.7624
1 7 3			-0.215109343379	-16.5487714658		15.2950241246		0.282121935391		1850.69791907		0.9932
2 0 0			-0.254628074231	-16.80339954		15.5496521988		0.282121935391		1897.05756825		2.02
0 4 16			-0.338522917102	-17.1419224571		15.8881751159		0.282164100177		1954.24553926		1.5557
0 2 0			-0.254768686921	-17.396691144		16.1429438028		0.282164139577		2001.72503155		1.4407
4 4 12			-0.303178602056	-17.6998697461		16.4461224049		0.281784790716		2055.76530061		1.9475
0 2 22			-0.241364622021	-17.9412343681		16.6874870269		0.280955584719		2102.62336539		1.8317
5 3 3			-0.25841773694	-18.199652105		16.9459047638		0.281033772723		2152.12990501		0.9351
3 5 3			-0.23960574966	-18.4392578547		17.1855105135		0.281130064626		2199.74534573		0.9259
7 3 5			-0.343502100708	-18.7827599554		17.5290126142		0.281065955027		2261.24262723		1.0496
2 2 16			-0.390786038968	-19.1735459944		17.9197986532		0.281054721243		2329.57382491		1.1693
4 4 0			-2.35311188615	-21.5266578805		20.2729105393		0.281054721243		2655.75128065		4.9852
3 7 5			-0.321972445711	-21.8486303262		20.594882985		0.280973072695		2718.52455403		1.0548
7 1 5			-0.402933377481	-22.2515637037		20.9978163625		0.280909396458		2792.70957622		1.5264
5 5 5			-0.388124692963	-22.6396883967		21.3859410555		0.280814195788		2865.71610144		1.5862
1 7 5			-0.397316294218	-23.0370046909		21.7832573497		0.280742389664		2940.73974221		1.0841
0 2 6			-0.439917286298	-23.4769219772		22.223174636		0.280992303209		3022.3517505		1.1672
4 0 12			-0.429519278903	-23.9064412561		22.6526939149		0.280454295185		3103.41906634		2.7435
2 0 6			-0.413532467078	-24.3199737232		23.066226382		0.280712877599		3183.13924071		1.6278
0 0 2			-0.42071091594	-24.7406846391		23.4869372979		0.280712877599		3264.68428441		1.161
2 0 4			-0.398979764928	-25.139664404		23.8859170629		0.280629891644		3344.0283888		1.3874
5 1 5			-0.539210300165	-25.6788747042		24.425127363		0.280548201021		3443.94295819		1.1901
0 0 18			-1.01709404866	-26.6959687529		25.4422214117		0.283762854275		3612.79544046		0.6609
0 2 4			-0.392775243124	-27.088743996		25.8349966548		0.283674281218		3694.40452164		1.326
5 3 5			-0.542020125874	-27.6307641219		26.3770167807		0.283583896968		3798.29041642		2.2247
0 2 18			-0.890691050946	-28.5214551728		27.2677078316		0.287786021187		3953.81763559		0.3755
0 6 18			-0.382346912741	-28.9038020855		27.6500547444		0.289347310734		4036.90799268		0.7949
0 4 18			-0.453438130924	-29.3572402165		28.1034928753		0.290345061936		4131.21345267		0.8369
3 5 5			-0.525620053788	-29.8828602703		28.6291129291		0.290345061936		4237.1087135		1.2751
3 3 5			-0.617750349265	-30.5006106195		29.2468632783		0.290329360648		4357.78262847		1.3995
2 2 12			-0.668451710372	-31.1690623299		29.9153149887		0.290312559247		4487.29724831		1.9766
0 4 6			-2.06241723952	-33.2314795694		31.9777322282		0.290442816244		4828.63756646		3.7688
3 3 7			-3.06285809607	-36.2943376655		35.0405903243		0.290788081756		5326.1697293		0.1558
3 1 7			-2.18909447784	-38.4834321433		37.2296848021		0.291091485343		5696.14177473		0.257
6 2 2			-0.464876522614	-38.9483086659		37.6945613248		0.291091485343		5804.96244401		3.3001
4 4 2			-0.436573498448	-39.3848821644		38.1311348232		0.291105318395		5910.3258976		1.2125
0 4 2			-0.471838359173	-39.8567205236		38.6029731824		0.291105318395		6022.06381645		3.2657
2 6 2			-0.442808302919	-40.2995288265		39.0457814853		0.291109226207		6130.18769319		1.2892
4 0 2			-0.46456222007	-40.7640910465		39.5103437054		0.291110327142		6242.63430545		1.7854
0 0 12			-0.832153451625	-41.5962444982		40.342497157		0.291110327142		6414.45704796		3.2426
3 5 7			-1.7895282036	-43.3857727018		42.1320253606		0.291435364782		6741.12405769		0.2309
3 1 5			-0.681131897571	-44.0669045993		42.8131572582		0.291428131901		6892.91831856		2.8985
1 7 7			-1.45525476349	-45.5221593628		44.2684120217		0.291744372475		7171.48274751		0.4353
1 3 7			-1.90049309821	-47.422652461		46.1689051199		0.292239575175		7525.53153454		0.1893
7 1 7			-1.68691752477	-49.1095699858		47.8558226446		0.292840137503		7848.35491372		0.3505
5 3 7			-1.64566881928	-50.7552388051		49.5014914639		0.293762029162		8167.74609155		0.2523
6 2 8			-0.757711392341	-51.5129501974		50.2592028563		0.293576300025		8343.02767414		3.3751
5 1 7			8.89825380505	-42.6146963924		32.4626952462		0.319559679111		5421.27010611		0.2609
1 1 7			-0.0243772329872	-42.6390736254		32.4870724791		0.319693405987		5457.8281765		0.2012
5 5 7			-0.0681377654797	-42.7072113909		32.5552102446		0.319835303652		5501.83053134		0.6639
1 3 5			-0.693068647747	-43.4002800386		33.2482788924		0.319847116172		5652.2074117		3.1323
1 5 11			-0.813401816521	-44.2136818551		34.0616807089		0.319853410962		5824.54740122		1.8219
5 1 11			-0.798470685758	-45.0121525409		34.8601513947		0.319853410962		5995.94603988		3.2753
3 5 11			-0.785474705559	-45.7976272464		35.6456261002		0.319859317475		6166.69331534		1.8915
5 3 11			-0.763670173139	-46.5612974196		36.4092962734		0.319859317475		6335.21755156		1.8677
0 0 8			-0.703402325783	-47.2646997454		37.1126985991		0.3198662702		6494.72225485		2.1948
2 2 8			-0.851977730945	-48.1166774763		37.9646763301		0.319873935567		6681.78303409		1.8488
1 1 5			-0.865234340129	-48.9819118164		38.8299106702		0.319893221953		6872.89418863		1.9661
2 6 8			-0.814049763368	-49.7959615798		39.6439604336		0.319902260137		7056.62495718		4.3291
1 1 17			-0.877264260779	-50.6732258406		40.5212246944		0.319862341348		7253.29922029		2.447
3 3 11			-0.94046883226	-51.6136946728		41.4616935266		0.319870045893		7463.10483479		2.1204
4 4 8			-0.804559057547	-52.4182537304		42.2662525842		0.319878299379		7650.19171773		3.9407
4 0 8			-0.914360071077	-53.3326138015		43.1806126552		0.319889410465		7858.87150325		2.9483
0 4 8			-0.856992855782	-54.1896066572		44.037605511		0.319897031531		8058.88180852		4.1351
2 6 6			-0.495479312443	-54.6850859697		44.5330848235		0.319939212763		8194.08760752		5.383
6 2 6			-0.482553051784	-55.1676390215		45.0156378752		0.319975441335		8327.89300692		3.9921
3 1 11			-1.09260298952	-56.260242011		46.1082408648		0.319980715081		8576.13280085		2.3814
4 4 6			-0.615711091442	-56.8759531024		46.7239519562		0.320022369935		8737.37901581		4.3817
1 3 11			-1.10287054713	-57.9788236496		47.8268225033		0.320029492428		8991.44263063		2.4293
1 1 11			-1.43723544412	-59.4160590937		49.2640579475		0.320037671261		9310.90695207		2.144
2 6 0			-1.19107494864	-60.6071340423		50.4551328961		0.320037479632		9586.47525026		4.3567
6 2 0			-1.21325269716	-61.8203867395		51.6683855933		0.320037479632		9868.66164831		4.3933
4 0 6			-1.04550516796	-62.8658919074		52.7138907612		0.32008219795		10121.0670262		5.3963
2 2 6			-1.42117494366	-64.2870668511		54.1350657049		0.320131893848		10448.067681		8.3224
0 0 6			-1.54319424937	-65.8302611005		55.6782599542		0.320182432761		10801.5824311		7.4326
0 4 0			-2.30174139335	-68.1320024938		57.9800013476		0.320182432761		11306.1002628		6.137
2 2 0			-3.01906951517	-71.151072009		60.9990708628		0.320182432761		11955.8178891		11.1953
4 0 0			-2.10684408896	-73.2579160979		63.1059149517		0.320182432761		12431.8652455		8.3901