HKL Value		Reward	TotalReward	Chi Squared Value	Z Coordinate Approximation		dx
4 6 0			0	0		0		0.3		0		0.7863
2 4 10			-0.0418399883705	-0.0418399883705		0.0418399883705		0.381002220527		0.0418399883705		0.607
0 2 14			0.00628179971416	-0.0355581886563		0.0292763889422		0.381291928028		0.0585527778843		0.2479
6 4 0			0.0027118100362	-0.0328463786201		0.0238527688698		0.381291928028		0.0715583066093		1.8287
2 0 14			-0.0163470025479	-0.0491933811681		0.0401997714177		0.381630636916		0.160799085671		0.2634
1 5 1			-2.74564112548	-2.79483450665		2.7858408969		0.381534195628		13.9292044845		0.4978
0 6 2			0.191862949468	-2.60297155718		2.40211499796		0.381621952684		14.4126899878		0.2356
6 0 2			0.153431416643	-2.44954014053		2.09525216467		0.381688455307		14.6667651527		0.2214
6 4 2			0.0517207063381	-2.3978194342		1.991810752		0.381774275867		15.934486016		0.2211
3 1 15			0.0320262646329	-2.36579316956		1.92775822273		0.382638157926		17.3498240046		0.2871
1 3 15			0.0453997873977	-2.32039338217		1.83695864794		0.383294307815		18.3695864794		0.2862
4 2 10			0.0466096374209	-2.27378374475		1.74373937309		0.382819774524		19.181133104		1.1102
0 2 16			0.0159996730041	-2.25778407174		1.71174002709		0.383486424193		20.540880325		1.8687
2 0 16			-0.00651218020034	-2.26429625194		1.71825220729		0.384067578285		22.3372786947		0.5935
0 6 16			-0.143163706468	-2.40745995841		1.86141591375		0.384773468544		26.0598227926		0.4825
1 5 11			-7.80551677954	-10.212976738		9.66693269329		0.383573427164		145.003990399		1.8219
0 6 8			0.152310229498	-10.0606665085		9.3623122343		0.383783415777		149.796995749		0.7694
6 0 8			0.118208099112	-9.94245840934		9.12589603607		0.384012386006		155.140232613		2.9234
4 2 14			0.0633971039883	-9.87906130535		8.9991018281		0.384288769057		161.983832906		1.2576
2 4 14			0.0736112356352	-9.80545006972		8.85187935683		0.384544457825		168.18570778		0.5221
2 0 10			0.211043726588	-9.59440634313		8.42979190365		0.384633697458		168.595838073		0.6169
0 4 20			0.167768183576	-9.42663815955		8.0942555365		0.384941161196		169.979366267		1.027
6 0 0			0.077913677228	-9.34872448233		7.93842818204		0.384941161196		174.645420005		0.7256
3 3 15			0.134949646199	-9.21377483613		7.66852888965		0.384610632455		176.376164462		0.3402
5 1 9			-0.163078596122	-9.37685343225		7.83160748577		0.384626962595		187.958579658		0.4583
2 0 12			-0.0238867926105	-9.40074022486		7.85549427838		0.384733844236		196.387356959		0.8079
0 2 10			0.141081514643	-9.25965871021		7.57333124909		0.384805769705		196.906612476		0.4317
6 0 10			0.0372007238475	-9.22245798637		7.4989298014		0.3844713911		202.471104638		1.0728
4 6 2			0.107512838684	-9.11494514768		7.28390412403		0.384484344534		203.949315473		0.2349
4 2 8			0.0228278473958	-9.09211730029		7.23824842924		0.384649028124		209.909204448		0.7605
0 6 0			0.0123156408227	-9.07980165946		7.21361714759		0.384649028124		216.408514428		1.4277
5 5 1			-0.0306446698366	-9.1104463293		7.24426181743		0.384635885751		224.57211634		0.5073
2 4 2			0.0275194031736	-9.08292692613		7.18922301108		0.384657950811		230.055136355		0.3828
3 3 9			0.0416234311429	-9.04130349498		7.10597614879		0.384682740972		234.49721291		0.3816
3 5 9			-0.0937422465336	-9.13504574152		7.19971839533		0.38470941552		244.790425441		0.4755
3 7 1			-0.0346026379547	-9.16964837947		7.23432103328		0.384700213844		253.201236165		1.2822
3 1 9			0.0745774404502	-9.09507093902		7.08516615238		0.384719936819		255.065981486		0.36
0 2 20			0.0744379972529	-9.02063294177		6.93629015788		0.385008405239		256.642735841		0.4494
1 7 1			-0.161865401174	-9.18249834294		7.09815555905		0.385008405239		269.729911244		0.5219
2 2 10			0.0225838465674	-9.15991449638		7.05298786592		0.384778928318		275.066526771		0.6429
4 0 10			0.0184690989493	-9.14144539743		7.01604966802		0.384552073402		280.641986721		0.6243
0 4 10			0.0133029421728	-9.12814245525		6.98944378367		0.384319586547		286.567195131		0.9893
6 2 10			0.0153839828242	-9.11275847243		6.95867581802		0.384092876249		292.264384357		0.7103
4 4 10			0.0487411013957	-9.06401737103		6.86119361523		0.383943668426		295.031325455		0.6886
2 6 10			0.0262895480413	-9.03772782299		6.80861451915		0.383749374982		299.579038843		0.7069
7 1 1			-0.119031408316	-9.15675923131		6.92764592747		0.383741662918		311.744066736		0.5207
0 0 10			0.0291355462807	-9.12762368503		6.8693748349		0.383556939118		315.991242406		0.8316
3 5 1			-0.18376797431	-9.31139165934		7.05314280921		0.383545749405		331.497712033		0.5283
5 3 1			-0.191149377454	-9.50254103679		7.24429218667		0.383535833995		347.72602496		0.5252
3 3 1			-0.175450162956	-9.67799119975		7.41974234962		0.383525443232		363.567375132		0.5106
5 1 7			0.0525178918286	-9.62547330792		7.31470656597		0.383435312765		365.735328298		0.2609
1 1 15			-0.0612415120052	-9.68671481992		7.37594807797		0.383580300035		376.173351977		0.656
1 5 9			-0.0633402933291	-9.75005511325		7.4392883713		0.383595039252		386.842995308		0.4394
9 1 1			0.00658866108584	-9.74346645217		7.42611104913		0.383586839143		393.583885604		0.8793
5 3 9			-0.0756110023607	-9.81907745453		7.50172205149		0.383607480142		405.09299078		0.4833
1 3 9			0.0573382594183	-9.76173919511		7.38704553265		0.383622402174		406.287504296		0.2622
0 6 14			-0.129951832342	-9.89169102745		7.516997365		0.383739777773		420.95185244		0.9096
3 1 1			-0.249297853255	-10.1409888807		7.76629521825		0.383729046173		442.67882744		0.5239
5 1 1			-0.0988911740535	-10.2398800548		7.8651863923		0.38372120257		456.180810754		0.5346
1 3 1			-0.240074496154	-10.4799545509		8.10526088846		0.383710108309		478.210392419		0.5324
1 5 7			0.0481643144165	-10.4317902365		8.00893225963		0.383614144673		480.535935578		0.6035
0 6 6			-0.250271549703	-10.6820617862		8.25920380933		0.383531187628		503.811432369		1.0147
0 0 2			-0.875744661817	-11.557806448		9.13494847115		0.38358051093		566.366805211		1.161
5 3 11			-1.54888492288	-13.1066913709		10.683833394		0.383071900972		673.081503824		1.8677
4 6 4			-0.0216614456005	-13.1283528165		10.7054948396		0.383059548653		685.151669736		1.0731
4 6 6			-0.0629458524215	-13.1912986689		10.7684406921		0.382942299927		699.948644983		1.1903
2 4 0			-0.046091052412	-13.2373897213		10.8145317445		0.382942299927		713.759095135		1.4359
3 7 5			0.0702963692614	-13.1670933521		10.6739390059		0.382969465485		715.153913398		1.0548
7 3 5			0.0704852522568	-13.0966080998		10.5329685014		0.382995326283		716.241858097		1.0496
1 1 9			-0.026994651017	-13.1236027508		10.5599631524		0.382835707489		728.637457519		0.2216
1 1 1			-0.243782585378	-13.3673853362		10.8037457378		0.38281791141		756.262201648		0.5749
4 2 0			-0.0282561054006	-13.3956414416		10.8320018432		0.38281791141		769.072130869		0.9287
1 1 3			-0.148735592452	-13.5443770341		10.9807374357		0.382787282609		790.613095369		0.4514
2 0 2			-0.207629850497	-13.7520068846		11.1883672862		0.382787282609		816.750811891		0.6502
6 0 6			-0.14387292281	-13.8958798074		11.332240209		0.382689456859		838.585775465		1.0815
6 4 6			-0.0412505097091	-13.9371303171		11.3734907187		0.382569838553		853.011803902		0.9247
0 2 2			-0.203909874846	-14.1410401919		11.5774005935		0.382569838553		879.882445109		0.4614
3 1 13			-1.2395948749	-15.3806350668		12.8169954684		0.381958095107		986.908651069		0.3869
6 0 4			-0.121996193736	-15.5026312606		12.9389916622		0.38193993378		1009.24134965		0.7069
1 1 13			1.3263533457	-14.1762779149		10.2862849708		0.36326607538		812.616512691		0.3722
0 2 8			0.0629383168127	-14.1133395981		10.1604083371		0.363238190332		812.832666972		0.1155
5 1 13			0.0627185657658	-14.0506210323		10.0349712056		0.363238190332		812.832667655		0.4567
1 3 7			0.0520986071479	-13.9985224251		9.93077399132		0.363248534384		814.323467288		0.1893
1 7 7			0.0457942102682	-13.9527282149		9.83918557078		0.363263077856		816.652402375		0.4353
4 2 6			-0.000944860619912	-13.9536730755		9.8401304314		0.363068065498		826.570956238		1.6049
0 6 4			-0.158196790894	-14.1118698664		9.9983272223		0.3631001767		849.857813895		0.6675
0 4 16			0.0415745568295	-14.0702953096		9.91517810864		0.363429260472		852.705317343		1.5557
5 3 7			0.047211728157	-14.0230835814		9.82075465232		0.363441442963		854.405654752		0.2523
2 2 16			0.0214819794226	-14.001601602		9.77779069348		0.363837819916		860.445581026		1.1693
3 5 7			0.0450264894506	-13.9565751125		9.68773771458		0.363846011266		862.208656597		0.2309
1 5 13			0.0538202630403	-13.9027548495		9.5800971885		0.363846011266		862.208746965		1.1973
3 3 13			0.0491399789194	-13.8536148706		9.48181723066		0.363743141393		862.84536799		0.5636
4 4 4			-0.458946292888	-14.3125611635		9.94076352355		0.363716940514		914.550244166		0.8476
3 3 7			0.0500258101382	-14.2625353533		9.84071190327		0.363716940514		915.186207004		0.1558
3 1 7			0.0449842617682	-14.2175510915		9.75074337973		0.363731074504		916.569877695		0.257
6 2 4			-0.428830984405	-14.6463820759		10.1795743641		0.363708441418		967.059564593		0.8727
2 0 0			-0.376875779339	-15.0232578553		10.5564501435		0.363708441418		1013.41921377		2.02
1 1 7			0.0466980101027	-14.9765598452		10.4630541233		0.363716451337		1014.91624996		0.2012
6 4 4			-0.0261575314611	-15.0027173766		10.4892116547		0.363737349271		1027.94274216		0.6669
2 6 4			-0.405056863168	-15.4077742398		10.8942685179		0.36371248399		1078.53258327		0.8772
2 2 4			-0.396718706508	-15.8044929463		11.2909872244		0.363690999368		1129.09872244		0.7551
0 4 4			-0.392898078301	-16.1973910246		11.6838853027		0.363667199665		1180.07241557		0.8482
4 0 4			-0.394871275376	-16.5922623		12.0787565781		0.363636458644		1232.03317096		1.2165
0 2 12			0.0200770284377	-16.5721852716		12.0386025212		0.363533057354		1239.97605968		0.3827
5 5 7			0.0534735026003	-16.518711769		11.931655516		0.363539932909		1240.89217367		0.6639
5 5 5			-0.0613094545349	-16.5800212235		11.9929649705		0.363696507294		1259.26132191		1.5862
0 4 18			0.0560429326993	-16.5239782908		11.8808791051		0.363715867559		1259.37318515		0.8369
0 2 18			0.0496625895495	-16.4743157012		11.781553926		0.363732312197		1260.62627009		0.3755
2 4 12			0.0461824460026	-16.4281332552		11.689189034		0.363698190354		1262.43241568		0.2205
1 7 5			-0.12038806031	-16.5485213156		11.8095770944		0.363859822762		1287.24390328		1.0841
0 0 4			-0.271961391452	-16.820482707		12.0815384858		0.363849226381		1328.96923344		0.8482
7 1 5			-0.10681991986	-16.9273026269		12.1883584057		0.364007878371		1352.90778303		1.5264
7 1 7			0.047035699878	-16.880266927		12.0942870059		0.364007878371		1354.56014466		0.3505
0 6 18			0.0508198681391	-16.8294470589		11.9926472696		0.36401789079		1355.16914147		0.7949
4 2 2			0.0219341805234	-16.8075128783		11.9487789086		0.364027202026		1362.16079558		0.457
4 2 12			0.044007533352	-16.763505345		11.8607638419		0.363997737125		1363.98784182		0.2244
1 3 13			0.0508337743042	-16.7126715707		11.7590962933		0.363966549505		1364.05517002		0.3907
0 6 12			0.0476942114215	-16.6649773592		11.6637078704		0.363959960886		1364.65382084		0.3425
0 0 18			0.0286981297815	-16.6362792295		11.6063116109		0.364054049477		1369.54477008		0.6609
7 3 1			0.0207143916444	-16.6155648378		11.5648828276		0.364045218125		1376.22105648		0.5095
0 0 16			0.0201474856506	-16.5954173522		11.5245878563		0.364354459883		1382.95054275		1.3342
4 2 4			-0.222419677166	-16.8178370293		11.7470075334		0.364376907456		1421.38791155		0.7624
2 4 6			-0.00517758463179	-16.823014614		11.7521851181		0.36425169115		1433.7665844		0.785
4 4 12			-0.314974902151	-17.1379895161		12.0671600202		0.363903223011		1484.26068249		1.9475
2 0 6			-0.203165206845	-17.341154723		12.2703252271		0.363682134246		1521.52032816		1.6278
0 0 20			0.0288594376679	-17.3122952853		12.2126063517		0.364139491359		1526.57579397		0.4542
1 3 3			-0.0998718174489	-17.4121671027		12.3124781692		0.364111479161		1551.37224932		0.7045
0 0 22			0.0400491952013	-17.3721179075		12.2323797788		0.364096127207		1553.5122319		2.2765
3 1 3			-0.106403200152	-17.4785211077		12.3387829789		0.364062175197		1579.3642213		1.2003
3 7 3			-0.0877530033726	-17.5662741111		12.4265359823		0.364027361878		1603.02314172		0.8954
5 1 3			-0.111900443718	-17.6781745548		12.538436426		0.36399118819		1629.99673538		0.9592
5 5 3			-0.0876790395815	-17.7658535944		12.6261154656		0.36395713007		1654.02112599		0.8107
2 0 8			0.0461870270362	-17.7196665673		12.5337414115		0.363938755789		1654.45386632		0.1665
2 4 4			-0.198069124662	-17.917735692		12.7318105362		0.363954294343		1693.33080131		0.8182
6 0 12			0.0467588378929	-17.8709768541		12.6382928604		0.363952139621		1693.53124329		0.5892
0 2 22			-0.0437323664279	-17.9147092205		12.6820252268		0.363931667015		1712.07340562		1.8317
5 3 3			-0.182181678129	-18.0968908987		12.864206905		0.363896406214		1749.53213908		0.9351
3 5 5			-0.21856281343	-18.3154537121		13.0827697184		0.364020046302		1792.33945142		1.2751
5 1 5			-0.231071616546	-18.5465253286		13.3138413349		0.364144266702		1837.31010422		1.1901
3 3 5			-0.28780907987	-18.8343344085		13.6016504148		0.364274209194		1890.62940766		1.3995
5 3 5			-0.205928995855	-19.0402634044		13.8075794107		0.364400476872		1933.06111749		2.2247
0 2 0			-0.238809084093	-19.2790724885		14.0463884948		0.364400476872		1980.54077776		1.4407
0 2 6			-0.184258552115	-19.4633310406		14.2306470469		0.364255948305		2020.75188066		1.1672
0 4 12			-0.472006700659	-19.9353377412		14.7026537475		0.363991911879		2102.4794859		1.4889
1 5 5			-0.211696628718	-20.1470343699		14.9143503763		0.364114268025		2147.66645418		1.8923
0 4 14			-0.134733082274	-20.2817674522		15.0490834585		0.36391109624		2182.11710149		1.2337
0 0 12			-0.895741869311	-21.1775093215		15.9448253278		0.363544548456		2327.94449786		3.2426
4 0 0			-3.12994919088	-24.3074585124		19.0747745187		0.363544548456		2803.99185425		8.3901
1 7 3			-0.0678425351487	-24.3753010476		19.1426170539		0.363507454904		2833.10732397		0.9932
4 0 12			-0.399900989129	-24.7752020367		19.542518043		0.363215902088		2911.83518841		2.7435
7 3 3			-0.0152077421589	-24.7904097789		19.5577257852		0.363184398928		2933.65886777		1.9283
3 5 3			-0.105014604191	-24.895424383		19.6627403893		0.363148094594		2969.07379879		0.9259
0 0 14			0.00680651212974	-24.8886178709		19.6491273651		0.363013859912		2986.66735949		0.8389
3 3 3			-0.0348862009361	-24.9235040718		19.684013566		0.362984837548		3011.6540756		0.8081
7 1 3			-0.064642918097	-24.9881469899		19.7486564841		0.362942099295		3041.29309855		1.4031
3 1 5			-0.390973120789	-25.3791201107		20.1396296049		0.363098320059		3121.64258876		2.8985
2 4 8			0.0517940121107	-25.3273260986		20.0360415807		0.36303205578		3125.62248659		0.1687
4 0 14			-0.0888316825333	-25.4161577812		20.1248732632		0.362849183601		3159.60510233		1.986
2 2 12			-0.526676492066	-25.9428342732		20.6515497553		0.362510378592		3262.94486134		1.9766
0 2 4			-0.329726714971	-26.2725609882		20.9812764703		0.362534708064		3336.02295877		1.326
2 2 14			-0.0279529878815	-26.3005139761		21.0092294581		0.362390839638		3361.4767133		1.0835
1 3 5			-0.395250060435	-26.6957640365		21.4044795186		0.362534964827		3446.12120249		3.1323
2 2 2			-0.392758307867	-27.0885223444		21.7972378264		0.362584757498		3531.15252788		1.1162
2 0 4			-0.310793472119	-27.3993158165		22.1080312986		0.362612191419		3603.60910166		1.3874
2 6 8			-0.382812045227	-27.7821278617		22.4908433438		0.362779070204		3688.49830838		4.3291
0 4 2			-0.3872497489	-28.1693776106		22.8780930927		0.362817632553		3774.88536029		3.2657
6 2 2			-0.361693671044	-28.5310712817		23.2397867637		0.362866288713		3857.80460278		3.3001
1 5 3			-0.00918940593463	-28.5402606876		23.2489761697		0.362837763517		3882.57902033		0.9511
0 6 10			0.0555856166443	-28.484675071		23.1378049364		0.36282823878		3887.15122931		0.8527
4 0 2			-0.37812868764	-28.8628037586		23.515933624		0.362873971711		3974.19278246		1.7854
4 4 2			-0.348913619857	-29.2117173785		23.8648472439		0.362908071378		4057.02403146		1.2125
2 6 2			-0.341134640231	-29.5528520187		24.2059818841		0.362953827086		4139.22290218		1.2892
3 5 11			-0.169869477213	-29.7227214959		24.3758513613		0.362978193495		4192.64643415		1.8915
3 3 11			-0.338300164435	-30.0610216603		24.7141515258		0.362990094381		4275.54821396		2.1204
5 1 11			-0.199880432841	-30.2609020932		24.9140319586		0.36300962403		4335.0415608		3.2753
0 4 8			-0.426657893902	-30.6875599871		25.3406898525		0.363163793336		4434.62072419		4.1351
1 1 5			-0.479928841937	-31.167488829		25.8206186944		0.363326253481		4544.42889022		1.9661
4 0 8			-0.456274376537	-31.6237632056		26.276893071		0.363478063948		4651.01007356		2.9483
0 0 8			-0.376723457266	-32.0004866628		26.6536165282		0.363602334303		4744.34374203		2.1948
2 2 8			-0.406987293195	-32.407473956		27.0606038214		0.363735383501		4843.84808404		1.8488
4 4 8			-0.363116126154	-32.7705900822		27.4237199476		0.363876913859		4936.26959057		3.9407
6 2 8			-0.320005642403	-33.0905957246		27.74372559		0.364002871736		5021.61433179		3.3751
1 1 17			-0.449169200066	-33.5397649246		28.1928947901		0.363494016076		5131.10685179		2.447
2 6 6			-0.816452911496	-34.3562178361		29.0093477015		0.36327990195		5308.71062938		5.383
1 1 11			-0.715458961551	-35.0716767977		29.7248066631		0.363294934566		5469.36442601		2.144
4 4 6			-0.956054533555	-36.0277313312		30.6808611967		0.363078280921		5675.95932138		4.3817
3 1 11			-0.442429209874	-36.4701605411		31.1232904065		0.363093080677		5788.93201561		2.3814
6 2 0			-1.34258346336	-37.8127440045		32.4658738699		0.363093080677		6071.11841367		4.3933
2 6 0			-1.29310039393	-39.1058443984		33.7589742638		0.363093080677		6346.6871616		4.3567
4 4 0			-1.54718773267	-40.6530321311		35.3061619965		0.363093080677		6672.86461734		4.9852
1 3 11			-0.435348661514	-41.0883807926		35.741510658		0.363093080677		6790.88702502		2.4293
0 4 6			-1.35313325359	-42.4415140462		37.0946439116		0.362894728367		7085.07698711		3.7688
4 0 6			-1.36496852587	-43.806482572		38.4596124375		0.362680446843		7384.24558799		5.3963
2 2 6			-1.76476807185	-45.5712506439		40.2243805093		0.362441387997		7763.3054383		8.3224
6 2 6			-0.684109653442	-46.2553602973		40.9084901628		0.362255416439		7936.24709157		3.9921
0 4 0			-2.37748067739	-48.6328409747		43.2859708401		0.362250268129		8440.76431383		6.137
2 2 0			-3.09403905858	-51.7268800333		46.3800098987		0.362250268129		9090.48194015		11.1953
0 0 6			-1.84241243175	-53.5692924651		48.2224223305		0.36199348521		9499.8171991		7.4326