HKL Value		Reward	TotalReward	Chi Squared Value	Z Coordinate Approximation		dx
2 2 10			0	0		0		0.3		0		0.6429
2 0 14			-0.0461668671269	-0.0461668671269		0.0461668671269		0.279330634324		0.0461668671269		0.2634
4 6 2			-0.0606165919856	-0.106783459112		0.106783459112		0.279380919916		0.213566918225		0.2349
0 2 14			0.0158923004922	-0.0908911586203		0.0749988581281		0.279269620451		0.224996574384		0.2479
2 4 10			-0.0386023065749	-0.129493465195		0.113601164703		0.279743330304		0.454404658812		0.607
4 2 10			0.0068481408555	-0.12264532434		0.099904882992		0.279912547065		0.49952441496		1.1102
6 4 2			-0.0567481634715	-0.179393487811		0.156653046463		0.279952417833		0.939918278781		0.2211
1 3 15			-0.0290127069274	-0.208406194739		0.185665753391		0.280504680613		1.29966027374		0.2862
9 1 1			0.011314655345	-0.197091539393		0.163036442701		0.280502527784		1.30429154161		0.8793
5 5 1			0.00456333196462	-0.192528207429		0.153909778772		0.280488622152		1.38518800894		0.5073
3 1 7			-1.57626637	-1.76879457743		1.73017614878		0.219887542573		17.3017614878		0.257
3 7 1			-0.221775494192	-1.99057007163		1.95195164297		0.220126584147		21.4714680726		1.2822
6 0 10			0.0739767484489	-1.91659332318		1.80399814607		0.220460296855		21.6479777528		1.0728
7 3 1			-0.181242109557	-2.09783543273		1.98524025563		0.220666652499		25.8081233232		0.5095
2 4 14			-0.000276382121451	-2.09811181486		1.98551663775		0.220120791205		27.7972329285		0.5221
4 2 14			0.0009327677501	-2.0971790471		1.98365110225		0.219689949753		29.7547665337		1.2576
1 3 9			-2.03848505613	-4.13566410323		4.02213615837		0.218691120475		64.354178534		0.2622
3 1 9			-1.18810496979	-5.32376907302		5.21024112817		0.217387088996		88.5740991788		0.36
7 1 3			-3.83632491927	-9.16009399229		9.04656604743		0.217485301461		162.838188854		1.4031
6 0 8			0.169764742837	-8.99032924945		8.70703656176		0.217510193754		165.433694673		2.9234
0 6 16			0.190561212366	-8.79976803709		8.32591413703		0.217629929181		166.518282741		0.4825
0 6 8			0.131063515968	-8.66870452112		8.06378710509		0.217665976487		169.339529207		0.7694
4 2 8			0.165478939401	-8.50322558172		7.73282922629		0.217534312121		170.122242978		0.7605
4 2 2			0.114468967457	-8.38875661426		7.50389129137		0.217574374792		172.589499702		0.457
6 0 2			0.145451836021	-8.24330477824		7.21298761933		0.217606434775		173.111702864		0.2214
2 4 2			0.0839500709522	-8.15935470729		7.04508747743		0.217707460922		176.127186936		0.3828
7 1 1			0.120094276766	-8.03926043052		6.8048989239		0.21778989904		176.927372021		0.5207
1 5 1			0.122021677786	-7.91723875273		6.56085556833		0.217831974224		177.143100345		0.4978
2 4 4			-1.05495324129	-8.97219199403		7.61580880962		0.218588023523		213.242646669		0.8182
6 4 6			-0.302361705126	-9.27455369915		7.91817051474		0.217365546622		229.626944928		0.9247
1 7 1			0.123428394734	-9.15112530442		7.67131372527		0.217412245195		230.139411758		0.5219
0 2 10			0.0996140803636	-9.05151122405		7.47208556455		0.216725249271		231.634652501		0.4317
3 3 15			0.114716569193	-8.93679465486		7.24265242616		0.216996480104		231.764877637		0.3402
5 1 1			0.104445851421	-8.83234880344		7.03376072332		0.217014762838		232.11410387		0.5346
3 1 15			0.0928581652341	-8.73949063821		6.84804439285		0.216654717786		232.833509357		0.2871
3 3 9			-0.23597414779	-8.975464786		7.08401854064		0.216039434165		247.940648922		0.3816
4 4 10			0.065572403712	-8.90989238228		6.95287373322		0.216583891474		250.303454396		0.6886
0 0 10			0.0488353541827	-8.8610570281		6.85520302485		0.217278846236		253.642511919		0.8316
2 6 10			0.0584455827869	-8.80261144531		6.73831185928		0.217891498277		256.055850653		0.7069
4 0 10			0.0665862425713	-8.73602520274		6.60513937413		0.218372627591		257.600435591		0.6243
0 4 10			0.0643292385205	-8.67169596422		6.47648089709		0.218823409174		259.059235884		0.9893
6 2 10			0.0646847556601	-8.60701120856		6.34711138577		0.219199026965		260.231566817		0.7103
2 0 16			0.0298034466586	-8.5772077619		6.28750449246		0.219177500764		264.075188683		0.5935
6 0 0			0.0188540785348	-8.55835368337		6.24979633539		0.219177500764		268.741242422		0.7256
0 2 16			0.0130313583272	-8.54532232504		6.22373361873		0.219157952497		273.844279224		1.8687
3 3 1			0.067972080853	-8.47735024419		6.08778945703		0.219157952497		273.950525566		0.5106
5 3 1			0.0658059074671	-8.41154433672		5.95617764209		0.219159979664		273.984171536		0.5252
3 5 1			0.062234739973	-8.34930959675		5.83170816215		0.219174552955		274.090283621		0.5283
2 0 6			-1.52150411416	-9.87081371091		7.35321227631		0.218610560471		352.954189263		1.6278
2 0 10			0.0524077921615	-9.81840591875		7.24839669199		0.218345136252		355.171437907		0.6169
0 6 14			0.0457847396389	-9.77262117911		7.15682721271		0.218199500465		357.841360635		0.9096
0 6 10			0.0539887944793	-9.71863238463		7.04884962375		0.2184843267		359.491330811		0.8527
2 4 8			0.0597370467937	-9.65889533784		6.92937553016		0.218466633068		360.327527568		0.1687
0 6 0			0.00405731137622	-9.65483802646		6.92126090741		0.218466534925		366.826828093		1.4277
0 0 4			0.0633742123556	-9.59146381411		6.7945124827		0.218448128595		366.903674066		0.8482
4 4 4			0.0615983453919	-9.52986546871		6.67131579192		0.218455189591		366.922368555		0.8476
0 4 20			0.00394593410218	-9.52591953461		6.66342392371		0.218039079513		373.151739728		1.027
0 6 2			0.0514847084764	-9.47443482614		6.56045450676		0.218039079513		373.945906885		0.2356
6 2 4			0.0562678697968	-9.41816695634		6.44791876716		0.218034710442		373.979288496		0.8727
2 2 4			0.0540186522466	-9.36414830409		6.33988146267		0.218047108249		374.053006298		0.7551
2 6 4			0.0525854492841	-9.31156285481		6.2347105641		0.218045079671		374.082633846		0.8772
1 1 15			-0.0960241261115	-9.40758698092		6.33073469021		0.217765946271		386.174816103		0.656
0 4 4			0.0510359688101	-9.35655101211		6.22866275259		0.217763320181		386.177090661		0.8482
1 3 1			0.0463319989208	-9.31021901319		6.13599875475		0.217752817098		386.567921549		0.5324
5 1 13			-0.230136810056	-9.54035582325		6.36613556481		0.216375483699		407.432676148		0.4567
3 1 13			-0.106277159832	-9.64663298308		6.47241272464		0.215621915397		420.706827102		0.3869
3 3 13			-0.163783660724	-9.8104166438		6.63619638536		0.214887587337		437.988961434		0.5636
3 3 7			0.0434018053271	-9.76701483847		6.54939277471		0.214887587337		438.809315906		0.1558
1 1 13			-0.0350556326505	-9.80207047112		6.58444840736		0.214485881304		447.742491701		0.3722
2 4 0			-0.104717778345	-9.90678824947		6.68916618571		0.21448561231		461.552466814		1.4359
1 5 13			0.00728995603507	-9.89949829343		6.67458627364		0.214213765777		467.221039155		1.1973
1 3 13			0.00348853677947	-9.89600975665		6.66760920008		0.213949459989		473.400253205		0.3907
3 1 1			0.0449905690793	-9.85101918758		6.57762806192		0.213949459989		473.589220458		0.5239
0 2 8			0.031017929681	-9.82000125789		6.51559220256		0.21402260911		475.638230787		0.1155
2 6 0			-3.63585345576	-13.4558547137		10.1514456583		0.21402260911		751.206978715		4.3567
3 5 9			0.0464849360584	-13.4093697776		10.0584757862		0.213973806623		754.385683965		0.4755
1 5 9			-0.0185675309952	-13.4279373086		10.0770433172		0.213858770692		765.855292107		0.4394
0 0 20			0.0351632642075	-13.3927740444		10.0067167888		0.214161209545		770.517192736		0.4542
5 3 9			0.049258748953	-13.3435152954		9.90819929087		0.214125773386		772.839544688		0.4833
5 1 9			0.00296575731306	-13.3405495381		9.90226777625		0.214040794762		782.279154324		0.4583
4 0 4			0.0601703693961	-13.2803791687		9.78192703746		0.214052009633		782.554162996		1.2165
0 2 12			-0.0112468649543	-13.2916260337		9.79317390241		0.214063540105		793.247086095		0.3827
1 1 1			0.0546565008917	-13.2369695328		9.68386090063		0.214063540105		794.076593851		0.5749
2 0 12			-0.00330907510547	-13.2402786079		9.68716997573		0.214077153387		804.035107986		0.8079
2 4 12			0.043994097785	-13.1962845101		9.59918178016		0.214077153387		806.331269534		0.2205
4 2 12			0.0433016687442	-13.1529828414		9.51257844267		0.2140748649		808.569167627		0.2244
0 6 12			0.0530530238875	-13.0999298175		9.4064723949		0.214068222719		808.956625961		0.3425
6 0 12			0.0536574396486	-13.0462723778		9.2991575156		0.214068222719		809.026703857		0.5892
4 2 0			-0.0398951330189	-13.0861675108		9.33905264862		0.214068222719		821.836633079		0.9287
2 0 8			0.0397371251967	-13.0464303856		9.25957839823		0.214132831446		824.102477442		0.1665
1 5 3			-0.669789431883	-13.7162198175		9.92936783011		0.214139240713		893.64310471		0.9511
6 4 4			-0.054792240078	-13.7710120576		9.98416007019		0.214169311758		908.558566387		0.6669
1 1 5			-0.66119050781	-14.4322025654		10.645350578		0.214102599429		979.372253176		1.9661
4 6 4			-0.0405293954253	-14.4727319608		10.6858799734		0.214131802171		993.786837528		1.0731
0 2 2			-0.0339550805232	-14.5066870414		10.7198350539		0.214131802171		1007.66449507		0.4614
2 0 2			-0.0266361378531	-14.5333231792		10.7464711918		0.214149365745		1020.91476322		0.6502
4 6 6			-0.0190883092782	-14.5524114885		10.7655595011		0.214083835334		1033.4937121		1.1903
1 1 9			-0.325555354539	-14.877966843		11.0911148556		0.213796632633		1075.83814099		0.2216
0 2 20			0.0562017719426	-14.8217650711		10.9787113117		0.213772783678		1075.91370855		0.4494
2 2 12			-1.14681280137	-15.9685778725		12.1255241131		0.213886520375		1200.4268872		1.9766
0 6 4			-0.0644666979561	-16.0330445704		12.1899908111		0.213925329636		1218.99908111		0.6675
6 0 4			-0.0607073776256	-16.093751948		12.2506981887		0.213956127387		1237.32051706		0.7069
6 0 6			-0.0760588746532	-16.1698108227		12.3267570633		0.213901370745		1257.32922046		1.0815
5 3 3			-0.593232359215	-16.7630431819		12.9199894226		0.213901370745		1330.75891052		0.9351
0 6 6			-0.0749132625308	-16.8379564444		12.9949026851		0.213844456196		1351.46987925		1.0147
4 6 0			0.0616819967605	-16.7762744477		12.8715386916		0.213843990464		1351.51156261		0.7863
1 1 3			-0.0547138883715	-16.8309883361		12.9262525799		0.213822654403		1370.18277347		0.4514
0 0 2			-0.642045905099	-17.4730342412		13.568298485		0.213822654403		1451.8079379		1.161
0 0 14			0.00354444148639	-17.4694897997		13.5612096021		0.213829690059		1464.61063702		0.8389
0 0 22			-0.417106928244	-17.8865967279		13.9783165303		0.214299812041		1523.6365018		2.2765
2 2 14			-0.0609759154991	-17.9475726434		14.0392924458		0.214299812041		1544.32216904		1.0835
7 3 3			-0.371679617388	-18.3192522608		14.4109720632		0.214299812041		1599.61789901		1.9283
4 2 6			-0.157575917044	-18.4768281778		14.5685479802		0.214221737051		1631.67737379		1.6049
5 5 3			-0.307862138189	-18.784690316		14.8764101184		0.214210354108		1681.03434338		0.8107
6 4 0			0.0651903710074	-18.719499945		14.7460293764		0.214210354108		1681.04734891		1.8287
2 4 6			-0.164328209104	-18.8838281541		14.9103575855		0.214140269204		1714.69112233		0.785
3 7 3			-0.363876206868	-19.247704361		15.2742337924		0.214133158831		1771.81111992		0.8954
1 3 3			-0.308604204142	-19.5563085651		15.5828379965		0.214124786306		1823.19204559		0.7045
0 4 14			-0.0851119397942	-19.6414205049		15.6679499363		0.214127504275		1848.81809249		1.2337
3 1 3			-0.310546840367	-19.9519673453		15.9784967767		0.214118048755		1901.44111643		1.2003
3 3 3			-0.335325957165	-20.2872933025		16.3138227338		0.214111260196		1957.65872806		0.8081
5 1 3			-0.45751661647	-20.7448099189		16.7713393503		0.214116421837		2029.33206139		0.9592
4 2 4			-0.17477959154	-20.9195895105		16.9461189419		0.21415465128		2067.42651091		0.7624
4 0 14			-0.0862329835469	-21.005822494		17.0323519254		0.214156962118		2094.97928683		1.986
1 7 3			-0.456198644143	-21.4620211382		17.4885505695		0.214156962118		2168.58027062		0.9932
0 4 16			-0.285030407779	-21.7470515459		17.7735809773		0.214050889241		2221.69762217		1.5557
2 0 0			-0.226869032384	-21.9739205783		18.0004500097		0.2140491881		2268.05670122		2.02
4 4 12			-0.352599151909	-22.3265197302		18.3530491616		0.214153062768		2330.83724353		1.9475
0 2 22			-0.398217786825	-22.7247375171		18.7512669484		0.214406461635		2400.1621694		1.8317
5 1 7			0.0670822409201	-22.6576552761		18.6171024666		0.214406461635		2401.60621819		0.2609
0 2 0			-0.222019675394	-22.8796749515		18.839122142		0.214406461635		2449.08587846		1.4407
7 3 5			0.0694697056372	-22.8102052459		18.7001827307		0.214406461635		2449.72393773		1.0496
2 2 16			-0.345722581253	-23.1559278272		19.045905312		0.214280099097		2514.05950118		1.1693
3 5 3			-0.394386004584	-23.5503138317		19.4402913166		0.214280099097		2585.5587451		0.9259
3 7 5			0.0693524865289	-23.4809613452		19.3015863435		0.214265865386		2586.41257003		1.0548
1 7 5			0.0477829211852	-23.433178424		19.2060205011		0.2142370227		2592.81276765		1.0841
5 5 5			0.061176582173	-23.3720018418		19.0836673368		0.214220513348		2595.3787578		1.5862
0 0 16			-0.368495671751	-23.7404975136		19.4521630085		0.214084881932		2664.94633217		1.3342
6 2 2			-0.652385437126	-24.3928829507		20.1045484457		0.214076896074		2774.4276855		3.3001
0 2 6			-0.378307884627	-24.7711908354		20.4828563303		0.213949215078		2847.11702991		1.1672
7 1 5			0.0521545413251	-24.719036294		20.3785472476		0.213923595281		2852.99661467		1.5264
4 0 12			-0.52545016149	-25.2444864555		20.9039974091		0.214038848573		2947.46363469		2.7435
0 4 12			-0.519635213082	-25.7641216686		21.4236326222		0.214162994488		3042.15583235		1.4889
0 0 18			-0.454732241593	-26.2188539102		21.8783648638		0.212932954315		3128.60617552		0.6609
2 0 4			-0.423086328723	-26.6419402389		22.3014511925		0.212963598119		3211.40897172		1.3874
0 2 4			-0.421341448014	-27.0632816869		22.7227926405		0.212996936948		3294.80493288		1.326
0 2 18			-0.522264595083	-27.585546282		23.2450572356		0.211434744515		3393.7783564		0.3755
1 5 5			0.013296736314	-27.5722495457		23.218463763		0.211414835371		3413.11417316		1.8923
0 6 18			-0.310774637845	-27.8830241835		23.5292384008		0.210360316231		3482.32728332		0.7949
0 4 18			-0.440298769854	-28.3233229534		23.9695371707		0.209514298429		3571.46103843		0.8369
5 3 5			0.0258499527677	-28.2974730006		23.9178372652		0.209501850056		3587.67558977		2.2247
5 1 5			0.0184805073571	-28.2789924933		23.8808762504		0.209487218677		3606.01231382		1.1901
3 3 5			-0.000209175767893	-28.279201669		23.8810854262		0.209471482814		3629.92498478		1.3995
3 5 5			0.0256246873641	-28.2535769817		23.8298360515		0.209457374511		3645.96491588		1.2751
2 2 2			-0.522240600444	-28.7758175821		24.3520766519		0.209455297873		3750.2198044		1.1162
2 6 2			-0.540966601568	-29.3167841837		24.8930432535		0.209455297873		3858.42170429		1.2892
4 4 2			-0.516207906684	-29.8329920904		25.4092511602		0.209448596712		3963.84318099		1.2125
1 1 7			0.0757041293058	-29.7572879611		25.2578429016		0.209448596712		3965.48133555		0.2012
0 0 12			-0.926387881766	-30.6836758428		26.1842307833		0.209461543337		4137.10846377		3.2426
1 5 7			0.078117168223	-30.6055586746		26.0279964469		0.209461543337		4138.45143506		0.6035
7 1 7			0.0757956807691	-30.5297629938		25.8764050854		0.209461543337		4140.22481366		0.3505
1 7 7			0.0728902893051	-30.4568727045		25.7306245067		0.209461368882		4142.63054559		0.4353
3 5 7			0.0735876175289	-30.383285087		25.5834492717		0.209461368882		4144.51878201		0.2309
5 3 7			0.0729776613192	-30.3103074257		25.437493949		0.209461368882		4146.31151369		0.2523
1 3 7			0.072763940932	-30.2375434848		25.2919660672		0.209451042605		4147.88243502		0.1893
5 5 7			0.0735961115584	-30.1639473732		25.1447738441		0.209451042605		4148.88768427		0.6639
0 4 2			-0.522089314143	-30.6860366873		25.6668631582		0.209451042605		4260.69928426		3.2657
1 3 5			-0.122897461809	-30.8089341492		25.78976062		0.209427848101		4306.89002354		3.1323
3 1 5			-0.105392796434	-30.9143269456		25.8951534165		0.209406700663		4350.38577396		2.8985
4 0 2			-0.512542553997	-31.4268694996		26.4076959705		0.209401502217		4462.90061901		1.7854
1 5 11			-0.707409527344	-32.1342790269		27.1151054978		0.209288257299		4609.56793463		1.8219
5 1 11			-0.691426961845	-32.8257059888		27.8065324596		0.209166687749		4754.9170506		3.2753
3 5 11			-0.658663374321	-33.4843693631		28.465195834		0.209038418609		4896.01368344		1.8915
5 3 11			-0.635647319507	-34.1200166826		29.1008431535		0.208901328477		5034.44586555		1.8677
0 0 8			-0.719360677557	-34.8393773602		29.820203831		0.208933611977		5188.7154666		2.1948
2 2 8			-0.831029535953	-35.6704068961		30.651233367		0.20899376014		5363.96583922		1.8488
1 1 17			-0.94815737328	-36.6185642694		31.5993907403		0.209053851653		5561.49277029		2.447
2 6 8			-0.763052927644	-37.381617197		32.3624436679		0.209132363897		5728.15252922		4.3291
4 4 8			-0.787057913189	-38.1686751102		33.1495015811		0.209195980365		5900.61128143		3.9407
6 2 8			-0.76354556053	-38.9322206708		33.9130471416		0.209274674095		6070.43543835		3.3751
0 4 8			-0.827387301642	-39.7596079724		34.7404344433		0.20935281521		6253.27819979		4.1351
3 3 11			-0.797879873099	-40.5574878455		35.5383143164		0.209209929851		6432.43489126		2.1204
4 0 8			-0.857362273843	-41.4148501193		36.3956765902		0.209285465688		6624.01313942		2.9483
6 2 6			-0.984137975085	-42.3989880944		37.3798145653		0.20917027339		6840.50606545		3.9921
0 4 0			-2.53879308275	-44.9377811772		39.918607648		0.209168124353		7345.02380724		6.137
2 6 6			-0.960444253994	-45.8982254312		40.879051902		0.209048084475		7562.62460188		5.383
4 4 6			-1.12581952582	-47.024044957		42.0048714279		0.208909413129		7812.90608558		4.3817
3 1 11			-0.919561166293	-47.9436061233		42.9244325941		0.208742301158		8026.86889511		2.3814
1 3 11			-0.936544961564	-48.8801510848		43.8609775557		0.208560476025		8245.86378047		2.4293
1 1 11			-1.22373228898	-50.1038833738		45.0847098447		0.208341412471		8521.01016065		2.144
6 2 0			-1.24790362216	-51.351786996		46.3326134668		0.208341412471		8803.1965587		4.3933
4 0 6			-1.550549092	-52.902336088		47.8831625588		0.208177852396		9145.68404874		5.3963
0 4 6			-1.50098720877	-54.4033232967		49.3841497676		0.208006166004		9481.75675538		3.7688
4 4 0			-1.43416220711	-55.8374855038		50.8183119747		0.208006166004		9807.93421112		4.9852
4 0 0			-2.19190229079	-58.0293877946		53.0102142655		0.208006166004		10283.9815675		8.3901
2 2 0			-3.06003801054	-61.0894258052		56.070252276		0.208006166004		10933.6991938		11.1953
2 2 6			-1.89775613305	-62.9871819382		57.9680084091		0.207803645836		11361.7296482		8.3224
0 0 6			-2.06914893936	-65.0563308776		60.0371573485		0.207547603001		11827.3199976		7.4326