HKL Value		Reward	TotalReward	Chi Squared Value	Z Coordinate Approximation		dx
4 6 2			0	0		0		0.3		0		0.2349
2 0 14			-0.149113623799	-0.149113623799		0.149113623799		0.280332448388		0.149113623799		0.2634
2 4 10			0.0337497947582	-0.115363829041		0.0816140342827		0.280816091486		0.163228068565		0.607
4 2 10			0.0123648776504	-0.10299895139		0.0568842789818		0.280667711552		0.170652836945		1.1102
6 4 2			-0.0887778820744	-0.191776833465		0.145662161056		0.280735981257		0.582648644225		0.2211
0 2 14			-0.00395783289674	-0.195734666362		0.149619993953		0.280414459928		0.748099969765		0.2479
1 3 15			0.00115627696862	-0.194578389393		0.147307440016		0.280881501394		0.883844640094		0.2862
9 1 1			0.0100431812511	-0.184535208142		0.127221077514		0.280876305511		0.890547542595		0.8793
5 5 1			0.00240506956036	-0.182130138582		0.122410938393		0.280858244164		0.979287507143		0.5073
3 7 1			-0.010298191249	-0.192428329831		0.132709129642		0.280830701812		1.19438216678		1.2822
1 1 3			-2.22523442607	-2.4176627559		2.35794355571		0.281074194229		23.5794355571		0.4514
7 3 1			0.0978613226811	-2.31980143322		2.16222091035		0.281046613729		23.7844300139		0.5095
3 7 3			-2.67687911684	-4.99668055006		4.83910002719		0.281566544186		58.0692003263		0.8954
6 0 10			0.147721556774	-4.84895899329		4.54365691364		0.280956401895		59.0675398773		1.0728
2 4 14			0.116798643009	-4.73216035028		4.31005962762		0.281210087292		60.3408347867		0.5221
4 2 14			0.0975293501038	-4.63463100017		4.11500092742		0.281449108088		61.7250139112		1.2576
6 0 2			0.113089362918	-4.52154163725		3.88882220158		0.281433246146		62.2211552253		0.2214
1 3 9			0.0844437440799	-4.43709789317		3.71993471342		0.281381181526		63.2388901281		0.2622
3 1 9			0.0534493784807	-4.38364851469		3.61303595646		0.281321013168		65.0346472162		0.36
6 0 8			0.0286824528164	-4.35496606188		3.55567105082		0.281259214932		67.5577499657		2.9234
0 6 8			0.0202718520067	-4.33469420987		3.51512734681		0.281199689325		70.3025469362		0.7694
4 2 8			0.0621927623726	-4.2725014475		3.39074182207		0.281245039444		71.2055782634		0.7605
0 6 16			0.0536467634563	-4.21885468404		3.28344829515		0.281245039444		72.2358624934		0.4825
3 1 15			0.0708246875938	-4.14802999645		3.14179891997		0.281333581343		72.2613751592		0.2871
4 2 2			0.0153982536038	-4.13263174284		3.11100241276		0.281307035878		74.6640579062		0.457
7 1 1			0.0211974955683	-4.11143424728		3.06860742162		0.281267766105		76.7151855405		0.5207
1 7 1			0.010781261806	-4.10065298547		3.04704489801		0.281224988786		79.2231673483		0.5219
2 4 2			0.00186794286178	-4.09878504261		3.04330901229		0.281197604867		82.1693433317		0.3828
0 4 14			-0.922481582334	-5.02126662494		3.96579059462		0.281878030342		111.042136649		1.2337
1 5 1			0.0135246677664	-5.00774195718		3.93874125909		0.281835411881		114.223496514		0.4978
5 1 1			0.0170439376806	-4.99069801949		3.90465338373		0.281791494952		117.139601512		0.5346
0 2 10			0.0270709855144	-4.96362703398		3.8505114127		0.282126667531		119.365853794		0.4317
3 3 15			0.0439782351977	-4.91964879878		3.7625549423		0.282582883156		120.401758154		0.3402
3 3 1			0.00102817701254	-4.91862062177		3.76049858828		0.282549129314		124.096453413		0.5106
3 5 1			0.00164975750396	-4.91697086427		3.75719907327		0.282511747783		127.744768491		0.5283
4 0 10			0.0242703398975	-4.89270052437		3.70865839347		0.282168683619		129.803043772		0.6243
0 6 10			0.0231586130036	-4.86954191136		3.66234116747		0.281874890688		131.844282029		0.8527
4 4 10			0.0407855016843	-4.82875640968		3.5807701641		0.281732214029		132.488496072		0.6886
3 5 5			-2.60821140042	-7.4369678101		6.18898156452		0.28162366933		235.181299452		1.2751
0 4 10			0.05916191242	-7.37780589768		6.07065773968		0.28140977699		236.755651848		0.9893
4 0 4			0.0758709440757	-7.30193495361		5.91891585153		0.28140977699		236.756634061		1.2165
2 2 10			0.0621344021347	-7.23980055147		5.79464704726		0.281273492308		237.580528938		0.6429
6 2 10			0.0528558625965	-7.18694468888		5.68893532207		0.28110725908		238.935283527		0.7103
1 1 5			-4.33088265674	-11.5178273456		10.0198179788		0.280962117372		430.852173089		1.9661
0 0 10			0.103562925995	-11.4142644196		9.81269212681		0.280838612334		431.75845358		0.8316
2 6 10			0.100096848051	-11.3141675716		9.61249843071		0.280727766232		432.562429382		0.7069
5 3 1			0.0622225325889	-11.251945039		9.48805336553		0.280706014366		436.450454815		0.5252
6 0 0			0.0512984677685	-11.2006465712		9.38545643		0.280707491133		441.11645221		0.7256
2 0 16			0.0576648519673	-11.1429817192		9.27012672606		0.280718925755		444.966082851		0.5935
0 2 16			0.0424518995187	-11.1005298197		9.18522292703		0.280725988127		450.075923424		1.8687
2 0 10			0.0634989212342	-11.0370308985		9.05822508456		0.28085148442		452.911254228		0.6169
0 6 14			0.0581586714156	-10.9788722271		8.94190774173		0.280938661732		456.037294828		0.9096
2 4 8			0.0775223787342	-10.9013498483		8.78686298426		0.280949034647		456.916875181		0.1687
0 6 2			0.0757069495004	-10.8256428988		8.63544908526		0.280942735316		457.678801519		0.2356
0 0 4			0.0788398961283	-10.7468030027		8.477769293		0.280953899613		457.799541822		0.8482
4 4 4			0.0770294851121	-10.6697735176		8.32371032278		0.280953899613		457.804067753		0.8476
2 6 4			0.0735606839186	-10.5962128337		8.17658895494		0.280962063091		457.888981477		0.8772
6 2 4			0.0709237789008	-10.5252890548		8.03474139714		0.280973466389		457.980259637		0.8727
2 2 4			0.0690527299254	-10.4562363249		7.89663593729		0.280973466389		458.004884363		0.7551
0 4 4			0.0665822942143	-10.3896540306		7.76347134886		0.280973466389		458.044809583		0.8482
0 6 0			0.0105346780748	-10.3791193526		7.74240199271		0.280973466389		464.544119562		1.4277
1 3 1			0.00304246029435	-10.3760768923		7.73631707212		0.28094933013		471.915341399		0.5324
1 1 15			0.00604272546344	-10.3700341668		7.72423162119		0.280737540838		478.902360514		0.656
0 4 20			0.00154146235486	-10.3684927045		7.72114869648		0.280918183562		486.432367878		1.027
3 1 1			0.0045050323678	-10.3639876721		7.71213863175		0.280894871697		493.576872432		0.5239
1 5 13			0.0289692015963	-10.3350184705		7.65420022855		0.28101455916		497.523014856		1.1973
3 3 13			0.0437098670951	-10.2913086034		7.56678049436		0.281106296155		499.407512628		0.5636
2 0 6			-1.06137014557	-11.352678749		8.62815063994		0.281343689601		578.086092876		1.6278
1 1 13			0.0430508531838	-11.3096278958		8.54204893357		0.281463653377		580.859327483		0.3722
5 1 13			0.0421992256618	-11.2674286701		8.45765048225		0.28158552117		583.577883275		0.4567
1 3 13			0.0402893175782	-11.2271393525		8.37707184709		0.28170876493		586.395029296		0.3907
3 1 13			0.0388284339292	-11.1883109186		8.29941497923		0.281835588693		589.258463525		0.3869
0 2 8			0.0573603655629	-11.1309505531		8.18469424811		0.281822257302		589.297985864		0.1155
0 0 20			0.0538997178639	-11.0770508352		8.07689481238		0.281884483911		589.613321304		0.4542
3 3 9			0.0246815149029	-11.0523693203		8.02753178257		0.28186448928		594.03735191		0.3816
3 5 9			-0.0299381156815	-11.082307436		8.05746989825		0.281839184132		604.310242369		0.4755
5 3 9			-0.0423180933079	-11.1246255293		8.09978799156		0.281815072605		615.583887359		0.4833
1 5 9			-0.0313961299405	-11.1560216592		8.1311841215		0.281796975594		626.101177356		0.4394
0 0 6			-6.43168421578	-17.587705875		14.5628683373		0.282385633383		1135.90373031		7.4326
0 2 12			0.0330564680989	-17.5546494069		14.4967554011		0.282303465368		1145.24367669		0.3827
2 0 12			0.0369655659356	-17.517683841		14.4228242692		0.282219537333		1153.82594154		0.8079
1 1 1			0.026314418365	-17.4913694226		14.3701954325		0.282187964539		1163.98583003		0.5749
2 4 12			0.0744204427746	-17.4169489798		14.2213545469		0.282169159632		1166.15107285		0.2205
3 3 3			-0.254489286264	-17.6714382661		14.4758438332		0.282258089569		1201.49503816		0.8081
5 1 9			0.0170890938962	-17.6543491722		14.4416656454		0.282238285809		1213.09991421		0.4583
4 2 12			0.072512531204	-17.581836641		14.296640583		0.282215640303		1215.21444955		0.2244
2 0 8			0.0823223793166	-17.4995142617		14.1319958244		0.282188448683		1215.3516409		0.1665
4 2 0			0.00759808392587	-17.4919161777		14.1167996565		0.282188448683		1228.16157012		0.9287
6 0 12			0.0789523834556	-17.4129637943		13.9588948896		0.282188448683		1228.38275028		0.5892
4 6 0			0.0781857016923	-17.3347780926		13.8025234862		0.282188448683		1228.42459027		0.7863
3 3 7			-5.44099545555	-22.7757735481		19.2435189418		0.280809321241		1731.91670476		0.1558
4 6 4			0.0387380095139	-22.7370355386		19.1660429227		0.280721225017		1744.10990597		1.0731
6 4 4			0.0353990741774	-22.7016364644		19.0952447744		0.280633914667		1756.76251924		0.6669
2 0 2			0.0349912270125	-22.6666452374		19.0252623204		0.28061072471		1769.34939579		0.6502
0 6 12			0.09802315517	-22.5686220823		18.82921601		0.28059650742		1769.94630494		0.3425
3 5 7			-3.21415820266	-25.7827802849		22.0433742127		0.278972698134		2094.1205502		0.2309
6 4 6			0.0151474256838	-25.7676328592		22.0130793613		0.27916642989		2113.25561869		0.9247
4 6 6			0.0158249892228	-25.75180787		21.9814293829		0.279398594576		2132.19865014		1.1903
2 4 0			0.0416886695491	-25.7101192005		21.8980520438		0.279398594576		2146.00910029		1.4359
1 1 9			0.0267142365389	-25.6834049639		21.8446235707		0.279519159853		2162.6177335		0.2216
0 2 2			0.0438545582854	-25.6395504056		21.7569144541		0.279499995962		2175.69144541		0.4614
0 2 20			-0.0413020047651	-25.6808524104		21.7982164589		0.281824829468		2201.61986235		0.4494
0 6 4			0.0268234839044	-25.6540289265		21.7445694911		0.281732707706		2217.94608809		0.6675
6 0 4			0.0276465034916	-25.626382423		21.6892764841		0.281628817455		2233.99547786		0.7069
0 6 6			-0.0254810124386	-25.6518634355		21.7147574965		0.281769997715		2258.33477964		1.0147
6 0 6			-0.0165198938233	-25.6683833293		21.7312773904		0.281916254515		2281.78412599		1.0815
6 4 0			0.102444678593	-25.5659386507		21.5263880332		0.281916254515		2281.79713152		1.8287
0 0 14			0.0322424629836	-25.5336961877		21.4619031072		0.282109845932		2296.42363247		0.8389
2 2 14			-0.0117791299751	-25.5454753177		21.4736822372		0.282322075519		2319.15768161		1.0835
0 0 22			-0.056101162896	-25.6015764806		21.5297834001		0.28119150388		2346.74639061		2.2765
4 2 6			-0.140495530847	-25.7420720114		21.6702789309		0.28135329862		2383.7306824		1.6049
7 3 3			-0.0980714516654	-25.8401434631		21.7683503826		0.281447840829		2416.28689247		1.9283
5 5 3			-0.1061541837	-25.9462976468		21.8745045663		0.281526204285		2449.94451142		0.8107
2 4 6			-0.145936278473	-26.0922339253		22.0204408448		0.281696587044		2488.30981546		0.785
1 3 3			-0.109005330102	-26.2012392554		22.1294461749		0.281778510773		2522.75686393		0.7045
1 1 7			-2.9505741586	-29.151813414		25.0800203335		0.280702255435		2884.20233835		0.2012
3 1 3			-0.0952888190421	-29.247102233		25.1753091525		0.280796229022		2920.33586169		1.2003
1 5 3			-0.105383473623	-29.3524857066		25.2806926261		0.280945260581		2957.84103726		0.9511
2 4 4			-0.0873692699702	-29.4398549766		25.3680618961		0.280845280049		2993.43130374		0.8182
4 0 14			-0.0539339074011	-29.493788884		25.4219958035		0.281193770328		3025.21750062		1.986
5 1 3			-0.114411002788	-29.6081998868		25.5364068063		0.281329914261		3064.36881675		0.9592
4 2 4			-0.0819728859689	-29.6901727728		25.6183796923		0.281232730687		3099.82394276		0.7624
1 7 3			-0.131311261626	-29.8214840344		25.7496909539		0.281353119102		3141.46229637		0.9932
7 1 3			-0.135407396446	-29.9568914308		25.8850983503		0.281479760519		3183.86709709		1.4031
0 0 18			-0.984573982026	-30.9414654129		26.8696723324		0.28501112606		3331.83936921		0.6609
0 2 0			-0.164879903484	-31.1063453163		27.0345522358		0.28501112606		3379.31902948		1.4407
0 4 16			-0.217220326343	-31.3235656427		27.2517725622		0.285257607797		3433.72334283		1.5557
1 5 7			-2.96576482741	-34.2893304701		30.2175373896		0.285133422618		3837.62724848		0.6035
2 0 0			-0.126107646979	-34.4154381171		30.3436450366		0.285133392136		3883.98656468		2.02
3 5 3			-0.114493264691	-34.5299313818		30.4581383013		0.285239475049		3929.09984086		0.9259
0 2 22			-0.261316264416	-34.7912476462		30.7194545657		0.283842723443		3993.52909354		1.8317
5 3 3			-0.129599218345	-34.9208468645		30.849053784		0.284030318537		4041.22604571		0.9351
4 4 12			-0.204731399934	-35.1255782645		31.053785184		0.282883891114		4099.09964428		1.9475
2 2 0			-4.6516078281	-39.7771860926		35.7053930121		0.282883891114		4748.8172706		11.1953
3 7 5			-0.207554566715	-39.9847406593		35.9129475788		0.282495112823		4812.33497556		1.0548
7 3 5			-0.192966395028	-40.1777070543		36.1059139738		0.281968747853		4874.29838646		1.0496
2 2 16			-0.236130645385	-40.4138376997		36.3420446192		0.282196518822		4942.51806821		1.1693
0 0 16			-0.271687281524	-40.6855249812		36.6137319007		0.283351572088		5016.0812704		1.3342
5 5 5			-0.272433765204	-40.9579587464		36.8861656659		0.282884843354		5090.2908619		1.5862
7 1 5			1.11774610887	-39.8402126375		34.6506734482		0.26413871342		4816.4436093		1.5264
1 7 5			-0.198728032687	-40.0389406702		34.8494014809		0.264050080916		4878.91620732		1.0841
0 2 6			-0.461158514932	-40.5000991852		35.3105599958		0.264091162352		4978.78895941		1.1672
0 4 12			0.0735112542821	-40.4265879309		35.1635374872		0.263869817157		4993.22232319		1.4889
4 0 12			0.075418083534	-40.3511698473		35.0127013202		0.263658832069		5006.81628878		2.7435
0 0 2			-0.321180252491	-40.6723500998		35.3338815727		0.263653773509		5088.07894646		1.161
2 0 4			-0.249798529626	-40.9221486295		35.5836801023		0.263638645528		5159.63361483		1.3874
0 2 4			-0.250419416482	-41.1725680459		35.8340995188		0.263607994484		5231.77852974		1.326
5 1 5			-0.344703543957	-41.5172715899		36.1788030627		0.263525649231		5318.28405022		1.1901
1 5 5			-0.340707982024	-41.8579795719		36.5195110447		0.263436437031		5404.88763462		1.8923
0 6 18			0.0743420477016	-41.7836375242		36.3708269493		0.26287345292		5419.25321545		0.7949
0 2 18			0.0831563939936	-41.7004811302		36.2045141614		0.262507985511		5430.6771242		0.3755
6 2 8			-0.344498625628	-42.0449797559		36.549012787		0.262403998823		5518.90093083		3.3751
0 4 18			0.0225104274566	-42.0224693284		36.5039919321		0.261878082333		5548.60677367		0.8369
5 3 5			-0.314677836538	-42.3371471649		36.8186697686		0.261822015926		5633.2564746		2.2247
0 4 0			-3.03700754473	-45.3741547097		39.8556773133		0.261822015926		6137.77430625		6.137
3 3 5			-0.373858214418	-45.7480129241		40.2295355278		0.261759962829		6235.5780068		1.3995
2 2 12			0.0607238098555	-45.6872891142		40.108087908		0.26162996875		6256.86171365		1.9766
6 2 2			-0.452868236642	-46.1401573509		40.5609561447		0.26162996875		6368.07011472		3.3001
2 6 6			-1.50902731868	-47.6491846696		42.0699834634		0.261665166754		6647.05738721		5.383
4 4 2			-0.40897788015	-48.0581625497		42.4789613435		0.261665166754		6754.15485362		1.2125
2 2 2			-0.392868579657	-48.4510311294		42.8718299232		0.261665383315		6859.49278771		1.1162
2 6 2			-0.420119975683	-48.8711511051		43.2919498989		0.261665383315		6970.00393372		1.2892
0 4 2			-0.436515016086	-49.3076661211		43.7284649149		0.261665383315		7084.01131622		3.2657
2 2 8			-0.345766086947	-49.6534322081		44.0742310019		0.261591325492		7184.09965331		1.8488
4 0 2			-0.430768493049	-50.0842007011		44.5049994949		0.261591325492		7298.81991717		1.7854
5 3 11			-0.159975312265	-50.2441760134		44.6649748072		0.261727473938		7369.72084319		1.8677
3 1 7			-0.478162932829	-50.7223389462		45.14313774		0.261206889793		7493.76086485		0.257
1 3 7			-0.417009121435	-51.1393480677		45.5601468615		0.260695613443		7608.54452587		0.1893
7 1 7			-0.303905756559	-51.4432538242		45.864052618		0.260226743583		7705.16083983		0.3505
1 7 7			-0.173071665941	-51.6163254902		46.037124284		0.259825378363		7780.27400399		0.4353
5 1 7			-0.330656737505	-51.9469822277		46.3677810215		0.259283429525		7882.52277365		0.2609
0 0 12			0.0378161043957	-51.9091661233		46.2921488127		0.259137095659		7915.95744697		3.2426
5 5 7			-0.391687013482	-52.3008531368		46.6838358262		0.258489643723		8029.6197621		0.6639
1 3 11			-0.631425858499	-52.9322789953		47.3152616847		0.258729703189		8185.54027145		2.4293
3 1 5			-0.428131519995	-53.3604105152		47.7433932047		0.258656008216		8307.35041761		2.8985
5 3 7			-0.175266276549	-53.5356767918		47.9186594812		0.25814945003		8385.76540921		0.2523
6 2 6			-1.31861686035	-54.8542936521		49.2372763416		0.258177073398		8665.76063611		3.9921
1 3 5			-0.424458688409	-55.2787523406		49.66173503		0.258090100105		8790.1271003		3.1323
1 5 11			-0.242285209195	-55.5210375498		49.9040202392		0.25830425591		8882.91560257		1.8219
3 1 11			-0.566796944713	-56.0878344945		50.4708171839		0.258557880318		9034.27627591		2.3814
4 4 0			-1.53170354753	-57.619538042		52.0025207314		0.258557880318		9360.45373165		4.9852
5 1 11			-0.210439379154	-57.8299774211		52.2129601106		0.258754507866		9450.54578001		3.2753
3 5 11			-0.1705251076	-58.0005025287		52.3834852182		0.258934599555		9533.79430971		1.8915
0 0 8			-0.201587190823	-58.2020897196		52.585072409		0.258881107702		9623.06825084		2.1948
1 1 17			-0.752797927973	-58.9548876475		53.337870337		0.258729377391		9814.168142		2.447
2 6 8			-0.13424332654	-59.0891309741		53.4721136635		0.258655572249		9892.34102775		4.3291
2 2 6			-2.47794709638	-61.5670780705		55.9500607599		0.258692905268		10406.7113013		8.3224
3 3 11			-0.324470369893	-61.8915484404		56.2745311298		0.258904766998		10523.3373213		2.1204
4 4 8			-0.170181708225	-62.0617301486		56.444712838		0.25883415257		10611.6060135		3.9407
4 0 8			-0.236692826806	-62.2984229754		56.6814056648		0.258753250951		10712.7856706		2.9483
0 4 8			-0.193709146504	-62.4921321219		56.8751148113		0.258678444674		10806.2718141		4.1351
4 4 6			-1.38653192499	-63.8786640469		58.2616467363		0.258708561334		11127.9745266		4.3817
1 1 11			-0.751156413098	-64.62982046		59.0128031494		0.258956996394		11330.4582047		2.144
2 6 0			-1.12205152735	-65.7518719873		60.1348546767		0.258956996394		11606.0269526		4.3567
6 2 0			-1.14459558442	-66.8964675718		61.2794502612		0.258956996394		11888.2133507		4.3933
4 0 6			-1.8057106644	-68.7021782362		63.0851609256		0.258984742257		12301.6063805		5.3963
0 4 6			-1.75676182633	-70.4589400625		64.8419227519		0.259006762675		12709.0168594		3.7688
4 0 0			-2.08733526369	-72.5462753262		66.9292580156		0.259011061845		13185.0638291		8.3901