Number of epochs: 295001
-4.749308298235932035e+00
-3.686376121404386197e+00
2.067302979641125749e-01
6.900176240324974730e-02
-1.141440459796962292e+00
-2.703066308104687110e+01
-2.263914190562073436e+00
-3.491047232872239170e-01
-1.672767591263832188e+01
-6.407020508347673449e+00
-4.004553607099635926e+00
-2.612870161996805862e+01
-8.259770047188037978e+00
1.723028523514242494e+01
6.826352270566583835e-02
1.186095671445864912e-02
4.314166169292357744e-02
-1.064990189268393284e+00
8.307329785288668222e-02
5.419023766783598317e-02
-9.254830935085700538e-02
-1.407501322539131960e-01
6.182249636214134231e-02
6.441495678534123193e-02
-1.198813274329432049e-01
3.364700087989783150e-02
-3.314645661920979092e-01
6.964572573380518883e-02
-4.510593813752994917e-03
6.910489877985999396e-02
-3.708655390106959437e+00
-1.264010745162634855e-02
6.818975309764002679e-02
-1.802558516929755106e+00
6.888207595314467524e-02
6.973730860388703545e-02
-1.270776415258186187e+00
6.934961582827360582e-02
-3.727255651862525276e+00
-2.308315082394853945e+00
6.652571813201214879e-02
-5.552175399871442707e+00
3.700737799063297806e-01
7.108818928928125613e-01
2.514160701015536459e-01
1.191809014404873607e-01
1.698869220966770233e-01
1.574091484371690497e-01
6.866425133898186595e-02
1.503712368884378148e-01
1.430287955458250659e-01
6.883114511188301310e-02
3.058710020193063928e-01
6.640908150115991226e+00
2.183500035679192264e-01
-6.085711264856508151e+00
6.710469535968069388e-02
-1.131463694456713354e+00
-1.688646342961687585e+00
6.826138291859111529e-02
-1.735894261433771901e-01
-3.072439614974366018e-01
-9.898463044627585639e-01
-2.607144224950920464e+00
-1.029215940508851013e+00
-7.969203074684819699e-01
-3.433971740534846440e+00
-2.037034362569714485e+00
-3.794881835212118748e+00
-3.758864634430826079e+00
-6.623877550558056326e-02
-1.167677217075464707e-01
-7.470406642187192858e-01
-2.694209069913069854e+00
-4.250428203746720729e-02
-4.457304538058661225e-01
-1.247048789669938262e+00
-3.046239654464101942e+00
-9.204244327068988873e-01
-8.274650839479483766e-01
-2.245928796400137539e+00
-2.408384648443369969e+00
-4.035522195419380509e+00
-3.150636092697460811e-01
5.521852518169999280e-02
-3.184297260283151410e+00
-1.349161186160348080e+00
5.540493795477482303e-02
-1.470717881034939722e+00
-1.219530491120873195e-01
-1.025370405503362470e+01
-2.779647383974378272e+00
-6.792580212942701812e-02
-6.543079175472087172e+00
-2.104306823182688913e+00
-1.197784112041564875e+00
-8.579577840976035930e+00
-1.725501839350080946e+00
-4.814346515747855437e-01
-2.612984877616014168e-01
-5.542046103901122622e-01
-8.815527423228485260e-01
-5.832287083502696312e-01
-3.163619413089233667e-01
-7.302167599136348830e-01
-6.480113331768301954e+00
-1.874651141434866275e-01
-1.432949969668222190e+00
-1.798934411207693929e+00
-1.114634358479020815e+00
-4.406405215886542770e+00
-1.120504255825163664e+00
-4.836036362463226324e-01
-1.527790162677802321e+00
-1.184204302152477517e+00
-6.132771854541820833e-01
-2.019815863882782558e+00
-1.837275200385588114e+00
-8.137581577689140255e-01
-1.243245590878925499e+00
-3.763052253046623163e-01
-2.482366364171176620e+00
2.752202214787895229e-02
3.577976026394123071e-02
4.942669967143973470e-02
-4.536775932723006721e-01
-2.013217653497767143e-02
5.228707199935547084e-02
5.391309779137735264e-02
5.176034006723309600e-02
-6.210051509564127770e+00
-1.581562622339282853e-01
-3.936693724933190808e+00
-1.926126817149156789e+00
-1.525327882661224599e-01
-6.644418367497401334e+00
-1.841821011242021244e+00
-2.947699554407454237e+00
-3.760636148602403583e+00
-3.785995070617130809e-01
-3.883911396858960696e+00
-1.792517215207793280e+00
-3.686029142348398846e+00
-2.254115287126521594e-01
-9.134254819740275089e-01
-2.589627207721493019e+00
-4.601878222991431233e-01
-1.576351572540411361e+00
-3.126288857841509561e+00
-1.850494385688288057e+00
-3.013315335458981892e+00
-4.622296974901708211e+00
-3.488564012432282535e-02
-1.223882539889406118e+01
-7.944490956510658064e-02
-5.933593825966781282e-02
-7.012635593426785441e+00
-9.027514839719789075e-01
-1.325362535402114794e+01
-1.615708444029728130e-01
-1.533082037505753803e+01
-1.115705164554706835e-02
-2.085148043288497011e+00
-4.447357832990943005e-01
-1.912893449685213243e+00
-1.520997049816606550e+00
-7.113741705072695876e-01
-5.705300230294023667e-01
-8.389873739621760862e+00
-5.444108419470709143e-02
-5.321448672049787554e+00
-5.366251399580859727e-02
-5.609633179053720831e+00
-9.640699055703247367e-02
-4.505713964738468746e+00
-7.825177558116494514e-02
-2.046685263813758648e-01
5.502700129590760297e-02
3.062389305220917374e-02
2.979476342072302081e-02
1.756182597860897476e-02
-6.002677107281387592e+00
5.360461325346403683e-02
4.247672277643171901e-02
-8.001108728039927342e+00
-9.628619272369126847e+00
3.979464109741084887e-02
-1.413001617304411761e+00
-6.881860516548299245e+01
-9.316641724394469914e-02
-1.131536822577597690e+02
-5.770793113149215448e-03
-1.190441322211018083e+01
-4.014992198805865442e+00
-5.388195823950080232e+00
-7.768136252321833801e+00
-1.467153047773016583e-01
