Number of epochs: 331001
-4.583454152718371866e+00
-3.754281675718412536e+00
2.106645744923234531e-01
7.165014843919821630e-02
-1.137473735741648229e+00
-2.546932973791759736e+01
-2.364042716891526119e+00
-3.317176779711690782e-01
-1.573320512628441215e+01
-7.380571053316067776e+00
-4.039477046258904025e+00
-2.487192681521962001e+01
-8.165512091963204711e+00
1.705486772720487210e+01
6.664373422438517325e-02
-2.164741393385898483e-03
4.718781842100994162e-02
-1.225304050969112657e+00
7.030057191717271892e-02
4.812608615941317558e-02
-4.283090045057840606e-02
-1.321900819946329741e-01
5.035857071825136644e-02
5.329265721620144586e-02
-1.226348561365260270e-01
3.764537066754717470e-02
-3.024850335348074348e-01
7.202267377816934379e-02
-2.132177825244941250e-03
7.381802297795701795e-02
-3.560892237598404897e+00
-3.018094130625464683e-03
7.220852951350985316e-02
-2.247376470104500701e+00
7.231323633854090660e-02
7.302909346506702981e-02
-1.374935198773645117e+00
7.142236085134606727e-02
-4.972575046671202870e+00
-2.221354732435226964e+00
7.290176372800868942e-02
-5.424003695059396613e+00
3.779242284556800779e-01
7.523306666230591411e-01
2.545044964636133944e-01
1.221111236996138272e-01
1.756764079837116466e-01
1.630750866009980926e-01
6.942693188777621094e-02
1.553191856054346731e-01
1.471619760501230723e-01
7.065075036116431895e-02
3.150303578720523578e-01
7.192000254459764541e+00
2.224237972805041264e-01
-5.418895114341686359e+00
7.129998668473036538e-02
-1.086381095817848585e+00
-1.805555210537325372e+00
6.909863629061931134e-02
-1.437973866309085746e-01
-3.087131303681125427e-01
-9.898523055322087094e-01
-2.541232270113293001e+00
-1.002846066817173920e+00
-7.703097484081401491e-01
-3.461541259121473146e+00
-2.039226710521389929e+00
-6.516962937519855004e+00
-3.852963809459464262e+00
-5.468933993218311890e-02
-1.061019507823958014e-01
-7.615029566662572247e-01
-2.598546987173785183e+00
-3.808479935980568776e-02
-4.416841552817685757e-01
-1.238509388896205987e+00
-3.032672773759434559e+00
-9.224720981104880257e-01
-7.860441478349855515e-01
-2.178883402564212979e+00
-2.234875521663668874e+00
-3.833015591421691681e+00
-3.023190011726273885e-01
5.938635285528089808e-02
-3.836626709631527188e+00
-1.249213978329387631e+00
5.943901221968215381e-02
-1.449091753434267549e+00
-1.623286398166793043e-01
-1.043542863073501081e+01
-4.061871518711842377e+00
-6.307120432517086817e-02
-6.933487546864043338e+00
-2.116177484812394649e+00
-1.222066061934602432e+00
-8.651292169994418302e+00
-1.795823119181657823e+00
-8.022824620221190584e-01
-2.273846622101292070e-01
-5.077497379126086896e-01
-8.461079294162706654e-01
-5.474310895689727952e-01
-2.948123134128277090e-01
-7.182987104221283392e-01
-6.273086834791341104e+00
-1.650820571649334045e-01
-1.492160513408459011e+00
-1.774906983149558748e+00
-1.023877490638876120e+00
-4.336131632620736198e+00
-1.138287211068755855e+00
-4.549413031600484381e-01
-1.599933938365134312e+00
-1.459966390826944016e+00
-5.521345917496350841e-01
-1.770550166103935119e+00
-1.794669353036890902e+00
-8.249893256632578886e-01
-1.658848533800276970e+00
-3.484662007530730521e-01
-2.298466841543111983e+00
3.595007911000672185e-02
4.602539445634665910e-02
5.512540735205519876e-02
-4.910201022467736154e-01
7.179469118943736759e-03
5.272629161115287288e-02
5.511368002800620669e-02
5.321118213858816448e-02
-5.844463208897264117e+00
-1.549925848664667205e-01
-6.335964479861905474e+00
-1.936582726141808708e+00
-1.454051215050806423e-01
-6.429509632347693682e+00
-1.820377148630421660e+00
-2.836693244708356598e+00
-3.603967142629832754e+00
-3.722210416631623886e-01
-3.817660467371379429e+00
-1.772055539388818657e+00
-3.637782373430294314e+00
-2.212255524404134754e-01
-9.249087440060257403e-01
-2.667186781838582821e+00
-4.773056917389047471e-01
-1.608378225391203786e+00
-2.987713077908323633e+00
-1.884960772382078265e+00
-2.949372569442632930e+00
-4.489798060412628189e+00
-3.122492659838751322e-02
-1.266426695556141446e+01
-6.268829755971237760e-02
-6.210431143787830538e-02
-6.794184701194537546e+00
-8.782920482699833054e-01
-1.273614167487240323e+01
-2.383800666816608682e-01
-1.499096224878780248e+01
-2.390627334195331497e-04
-2.020463196531754324e+00
-4.831999099857317570e-01
-1.995139115473374636e+00
-1.506599543790174467e+00
-1.946157081471886485e+00
-5.515846869334827263e-01
-8.386474783821912027e+00
-4.325682897443999114e-02
-5.466903690392885373e+00
-4.211789027438912758e-02
-5.433540296135049630e+00
-8.688569572201232383e-02
-4.683798319480577454e+00
-1.051716924212792170e-01
-1.991158659624049920e-01
5.311740350425633167e-02
4.256789311113783753e-02
4.105030760478867863e-02
3.612236877227690407e-02
-6.270368547881743915e+00
5.721615734434053191e-02
4.960106614766152111e-02
-7.751472684052519213e+00
-9.328127699962431407e+00
4.618883520073308740e-02
-1.455752835328713024e+00
-6.938915957314004856e+01
-7.135481744478346100e-02
-1.211695196949390692e+02
-1.314417247712718409e-03
-1.158160971645946091e+01
-3.796229266517890721e+00
-5.596478561363973370e+00
-7.324980939791737811e+00
-1.050634740545879908e-01
