Number of epochs: 200e+00
-2.386221342779361621e+01
1.600566711035774081e-01
-6.581444306410835221e-01
-5.506123653578964650e+01
9.992170121465952792e-02
-9.069889083986916845e+00
-1.931025400717351914e+01
3.189065983730139664e-02
-1.485553989793265828e+01
1.825062981106310822e+00
1.740116562009285106e-01
-9.833433960454589950e+00
7.964241745540822093e-01
-5.491323059790704370e-02
6.475714631625989481e-02
1.706175618560449581e-01
1.163884116711972477e-01
1.182872108125048727e-01
8.700830160160089033e-02
1.119800289436393981e-01
1.001193678553105593e-01
1.379852975143014693e-01
1.723270379185574408e-01
1.700382258206791231e-01
4.142293312925853233e-01
1.361558509102651360e-01
1.333400517089295689e-01
-4.959569088827356254e+00
-6.102122804866975947e-02
-8.250362980552917946e+00
3.357506933796239323e-01
-9.357245908965493575e-01
-3.101744528785637556e+00
1.746029508858470414e-01
-3.196540168939314253e+00
-3.214918411947073729e+00
1.738391702939088290e-01
-2.741882628501000507e+00
2.653665371413060914e-01
1.922619319724530595e-01
-7.786369952115034465e+00
2.926094804087538415e-01
-2.165891520745725496e-01
-1.332550410378845918e+00
-2.973317385851023120e-01
-9.810965475679709336e-01
-2.867576609247150521e-01
-1.398755532285496650e-01
-3.103616533634021013e-01
-1.696976273935607016e-01
-3.991312378002152883e+00
-2.066154105821901066e+00
-1.089241280168590231e+00
-8.559333004659663846e-01
-3.006076778611054823e-01
3.433553843742283979e-02
-2.597360619222920164e+00
4.272542855797593214e-02
-4.158829308902566024e-02
-9.875954714514096011e+00
-2.799622493938849765e-01
-1.599669007284051148e+00
5.415200042880138204e-02
1.091652300963523101e-02
-1.900229509124043314e+00
6.735305018757209439e-02
-2.025120555073846307e-02
-6.033403709919115537e-02
1.497592820946165026e-01
-1.981593482120055927e-02
-1.532303330309213862e+01
-1.228436943013963401e+01
-6.289682257689102052e+00
-1.192745874253331895e+00
-4.535079405268225727e+00
-3.580092924332927584e+00
-1.937510040629054853e+00
-6.666955273242832547e+00
-3.427216689315562448e+00
-2.541664753496765794e+00
-2.555559931908393256e+00
-3.107482803128749804e+00
-1.225802532803252909e+00
-1.517517062738150102e+01
-2.374689374253853569e-01
-1.360086522930859587e+01
-1.491635350055322773e+00
-6.758490669473729007e-01
-1.605794295944266636e+01
-2.663775246932436613e-01
-7.490107175746198998e+00
-3.623602914137001640e+00
-1.548282885987244395e-01
-7.378867194652986683e+00
-1.503175156679139625e-02
-2.916942723340464338e-01
-5.731093003588153323e+00
-2.728167455972738131e-02
-2.292527978913942999e+00
-1.706971673714291260e+00
-6.559730564015669785e+00
-2.971114287367993434e+00
-2.422825158562497361e+00
-2.831757005472205879e+00
-9.578571500512820691e+00
-1.858249254797920136e+00
-6.266066411214462617e-01
-2.158106581106676636e+00
-2.703159828246668894e+00
-2.570703570568891649e+00
-1.615343242019144990e-02
-8.644938570942199974e+00
1.756147372689260411e-01
-3.032056396481875790e-02
-8.568795532564534412e+00
1.753729398635012482e-01
-9.171329102149879731e+00
-6.282165975447144390e+00
1.717289968912348863e-01
-9.944522787262734198e+00
1.734156661422952550e-01
-1.242806369021867319e+01
-6.877928888536140317e-02
1.752126691365743505e-01
9.141866601500571454e-02
9.481247845556298182e-02
1.575507399519472940e-01
5.094018963631408853e-02
3.167657999466157864e-02
2.832301039427427905e-02
7.656657171754320534e-02
1.468741834581815375e+01
1.457052245221787667e-01
1.522482565753487394e-01
1.543369200043816503e-01
1.760070718318050842e-01
1.766955866878700543e-01
1.111734662347379360e-01
7.603816435515396710e-02
1.742145056112709700e-01
1.710224589429599207e-01
1.748479183424727079e-01
1.521172936159493339e-01
-3.271490136079766131e+00
-4.713263505001679121e+00
-6.006948860724381944e+00
-2.450538806526472158e+00
-3.509688393471329437e+00
-4.958454998836221428e+00
-5.432174779081496929e+00
-6.167520378559948391e+00
-8.040149643782731559e+00
-2.740521591624994410e-02
-2.106043959898905804e+00
-1.683808041098873609e+00
-8.119024579364111927e-02
-1.458463584590788509e+00
-4.808393356955537046e-02
-2.739883153315421094e+00
-1.123403756690134481e-01
-1.223658764453829706e+00
-1.505619600045136341e-01
3.501778243763931792e-02
1.345016054989884614e-02
9.895852514492408866e-03
-1.004963614819811418e-01
3.221872801586314009e-03
2.663878084154457440e-02
-2.618077678084770876e-01
2.090389482295016699e-01
-3.070638150698179469e+00
1.979834892935266322e-01
-1.222884534454374617e+00
3.441041381100072849e-01
-6.025220183413058095e-01
4.870783820907461092e-01
1.154535963790240949e+01
1.646437296224456670e-01
1.046375580516252513e-01
5.285808803740873474e-01
1.011315942350547031e-01
-6.988035812519592938e-01
1.719427951517715492e-01
1.200042860416145052e-01
-1.941524070261929080e-01
-2.659749975399440247e-01
1.750759164804500390e-01
-2.029318286038296559e+00
-6.332921324045969191e-01
-2.670156855349506309e+00
-5.039221483299560767e-01
-1.409386684409590806e+00
-7.589583219816460335e+00
-3.617064265762340997e-02
-1.889121977613337361e-02
-1.271864641780847904e+00
-1.102569108166552514e+00
