Number of epochs: 605e+00
-2.250464664281773608e+01
1.853199242809416281e-01
-1.706267266480196998e-01
-2.027899148190120115e+01
1.096905312096118496e-01
-9.703684397574694032e+00
-1.636889178971001257e+01
3.629167955825440134e-02
-9.023879030991578176e+00
1.890708069104956479e+00
1.795963415640970950e-01
-1.373954102643919128e+01
7.867654301010581497e-01
5.719470228182160776e-02
1.501681218769282400e-01
2.970580686720590835e-01
9.645700937361104121e-02
5.449974733281251482e-02
9.157628786654803399e-02
1.194063982115304984e-01
7.455733743350424769e-02
6.943199754008753943e-02
1.901350082889128046e-01
1.868313756875989440e-01
4.378180958580889515e-01
1.058388579308411070e-01
6.748402125591979051e-02
-1.063570137900558699e+01
2.187106215972364764e-02
-5.719605702689145588e-01
3.936346555233722899e-01
-1.672848609347862059e+00
-3.919298072369269192e+00
1.893293428267199263e-01
-6.129820979669915459e-01
-3.506134859001872606e+00
1.342840681574092587e-01
-2.887652147285165949e+00
2.290934046649636402e-01
1.844997740951378751e-01
-7.067088464175199647e-01
2.966713310944086857e-01
-9.179907771764226482e-03
-5.395322076205183448e-01
-1.406202284709376638e-01
-2.625124045353491309e-01
-2.840624525641065046e-01
-1.018888951736045823e-01
-1.786668491087810007e-01
-9.863817123947520027e-02
-2.830873616408137838e+00
-1.618519613170092297e+00
-7.929409299253979970e-01
-7.650734897861866113e-01
-2.185203173747939376e-01
2.301598393588721522e-02
-6.880045219201633699e-01
-5.211612994871328564e-03
-3.177171716476177854e-02
-2.706207518158321612e+00
-4.757776389294148811e-01
-5.471052266885432225e-01
1.629259595590227400e-02
-3.753435284273134442e-01
-2.119841092733534826e-01
6.791089858344565022e-02
-1.018698333991139605e-02
-2.604101848101942132e-02
1.731621669855165357e-01
4.615623812816480043e-02
-1.532303330309213862e+01
-8.075023704499113553e-01
-3.557089679755740974e+00
-2.351733866842022624e-01
-7.903364933912406798e-01
-3.286284144363982307e-01
-2.340234294777987500e+00
-3.072668029590794880e-01
-6.176751129907831483e-01
-4.158015456435973367e-01
-2.998977946315727117e+00
-1.281763318577672450e+00
-1.256093439256458888e+00
-3.911933155444762278e+00
-2.374689374253853569e-01
-1.409162497722498486e+01
-5.418933341889055066e-01
-4.387271217237943555e-01
-1.872897241740582430e+01
-4.066893825180104005e-02
-1.069681893761410763e+01
-3.772074631568741232e+00
-6.476918568636015616e-02
-8.142846569278962221e+00
4.321789788462657156e-02
3.938883070265410818e-02
-3.634709773991966486e+00
5.762586230244823304e-02
-1.856274585120534226e+00
-1.200790434418134822e+00
-8.439587600370003884e+00
-1.857772518998645150e+00
-3.452266487422755326e+00
-2.220843236895692741e+00
-5.804090966251171047e+00
-5.446210221726820455e-01
-5.009161346157436911e-01
-1.174960148934093729e+00
-2.703159828246668894e+00
-2.614296653316156238e+00
-9.868913018438800477e-02
-1.162988988561327020e+01
1.851716740888673107e-01
-1.813942933542645741e-01
-2.145081224012731269e+00
1.889821911092400553e-01
-8.035998367161761635e+00
-2.340432221762840381e+00
1.712453125437321810e-01
-6.566157937118099142e+00
1.874709089288758568e-01
-1.939340074453202334e+01
-2.950574600554600746e-01
1.686719259741331356e-01
7.936839649484880854e-02
6.409490215904055377e-02
1.906421836162949801e-01
7.049924249885712590e-02
-3.142288304826715284e-02
5.277402765835525339e-02
5.374962485073673385e-02
9.452434188871057685e+00
1.362706226245917751e-01
1.155134801729020000e-01
1.473084229925312461e-01
2.047484412817943411e-01
1.913441162724705269e-01
7.063718843779914769e-02
5.069786177472677957e-02
1.639220088428231248e-01
1.705221906888174099e-01
1.277976920679077533e-01
1.314640402106067862e-01
-4.103935859413275544e+00
-3.444234385408808663e+00
-4.518990376504962825e+00
-2.960491974848515895e+00
-1.517577122254691435e+00
-7.134910264610956787e+00
-3.534421672920467383e+00
-8.119372014979948204e+00
-1.146821032015259156e+01
-9.217334220995546112e-02
-2.179588962268059760e+00
-1.462492496963027744e+00
1.152000599912857484e-02
-1.444787800809987033e+00
-2.002145018934831100e-02
-2.298722147321888176e+00
-1.914676550343971662e-01
-1.573990393374699703e+00
-2.955595077024402162e-01
3.559190639816388509e-03
-6.852960951483505654e-03
-5.283344502783920114e-03
-3.828262532224638304e-01
-1.889730419292981467e-02
-1.567209430733665018e-02
-2.350952085263846580e-01
2.323883464529550025e-01
-4.456816190216597029e+00
3.018465956869673117e-01
-3.636657133531303043e-01
2.612678973046323461e-01
-4.887122166470257989e-01
5.621273568977103174e-01
1.316083681325678967e+01
1.910191390183902382e-01
6.440827690832437447e-02
1.045245460368216417e+00
1.152125978533408979e-01
-9.734954977524544750e-01
1.928332457884038564e-01
8.190887466674488804e-02
-1.305902469866718207e-01
-9.791126472953970428e-02
1.968643875762721984e-01
-2.420664680615809861e+00
-3.342806093146258872e-01
-2.678119302382004463e+00
-2.995589167955383658e-01
-1.458599775795792919e+00
-1.398259227999166754e+01
-6.430234011753419021e-02
-1.369046111862760873e-01
-6.325360391653214176e-01
-3.324059070262057602e-01
