Number of epochs: 810-01
-5.626598820692477076e+00
-3.683888664392953149e+00
2.460659893336115400e-01
9.722944201561302402e-02
-5.916931443538725466e-01
-1.494699304521484606e+01
-1.297198064971171627e+00
-1.774753319814651731e-01
-1.740483429287561989e+01
-4.872451845592048691e+00
-4.452794274598827151e+00
-3.295493083261657574e+01
-9.769281280635523146e+00
1.430200917550519080e+01
1.087021501604340801e-01
2.962231429252667678e-02
6.079914847712521164e-02
-8.093907632926520268e-01
1.016128999444798203e-01
6.440532610727173202e-02
-8.507144672618112136e-01
-1.208885634857726626e-01
6.524336776729779130e-02
5.827353066339730631e-02
-2.261311913421686914e-01
2.618082704246857406e-02
-3.691356770711600177e-01
9.921211304941623954e-02
2.081166746002697382e-02
9.903608237161991290e-02
-7.251868160009768971e+00
-1.326341877155996218e-01
9.963144170684773426e-02
-4.460995992349879313e-01
1.039769140711328393e-01
9.809666538940349512e-02
-1.113479090404945637e+00
9.947908768189001050e-02
-3.214632958602768653e+00
-2.006177114329458888e+00
1.001170356984116272e-01
-4.233082793125963583e+00
4.174181657331015316e-01
9.797970184129021209e-01
2.883162982381392014e-01
1.291112306281423927e-01
2.114225523752374658e-01
1.803586936394253881e-01
9.637089413400083682e-02
1.689498990332005957e-01
1.569143505538256600e-01
9.804597174807781756e-02
3.463478001523635497e-01
6.098200962889092303e+00
2.638041988567801366e-01
-1.237779175261891496e+01
9.636984043503629693e-02
-1.363709793610022203e+00
-2.034353799881218450e+00
9.912281932554217745e-02
-5.289162053386812223e-01
-2.733648046365710349e-01
-6.220917882120396980e-02
-7.483374643359571587e-01
-9.575188590974892389e-01
-1.091641407723623169e+00
-3.723349427751576179e+00
-2.431452826848173210e+00
-6.125560526912315895e-01
-3.173281970019409481e+00
-4.851482933366106642e-02
-2.579207156239235813e-02
-2.629773299183566504e-01
-3.046011953268091599e+00
-2.116418262525730787e-01
-1.400023779840937399e+00
-1.455736180066873775e+00
-3.909473443099864109e+00
-1.338161858154024220e+00
-5.314089535209550741e-01
-2.175865166971784337e+00
-3.482222144508160699e+00
-3.941259290815019245e+00
-2.051557738084144045e-01
6.263728112869584863e-02
-3.535523004983214701e+00
-1.198280528859694494e+00
5.630454968737801102e-02
-2.087605221758238816e+00
-1.152352286898641470e-01
-1.018055945958196418e+01
-2.888182826156961092e+00
-7.116547990563738824e-02
-5.046068803532555158e+00
-1.477176269331865521e+00
-9.651744401017742225e-01
-8.531135746773291118e+00
-9.993869917008229020e-01
-2.031603970728735331e-01
-6.184048400036814552e-01
-1.334977877531298429e-01
-9.910543097691758285e-02
-3.082122595992141112e-01
-3.020166496110140431e-01
-1.867096053742411943e-01
-1.350608066974440824e+01
-1.420921261822446491e-01
-4.867732612394508052e-01
-1.873779231796372180e+00
-1.629619178180147232e+00
-1.257067065661384930e+00
-1.627594258748000566e+00
-4.541375182564193480e-01
-1.772690744116503181e+00
-1.166932783504171178e+00
-1.020771864249893524e+00
-1.971196162269756247e+00
-2.635891211430012149e+00
-1.680643329550811638e-01
-1.025717219725478024e+00
-2.356127637225572946e-01
-2.611641459529376430e+00
-4.379626331605264433e-02
5.072674841650805927e-02
5.526020628958426550e-02
-6.919502910950209307e-01
-6.784608142328196756e-01
5.136441515330848750e-02
5.389082624419450074e-02
5.713175639344695439e-02
-1.032285944041257153e+01
-1.056852516729109293e-01
-4.684976683399721509e+00
-2.090167269556181484e+00
-1.870765641647630373e-01
-2.249374706706851690e+00
-1.435096173004873243e+00
-2.897710963895741454e+00
-5.483195013515074656e+00
-1.718653438379077747e-01
-5.314159785448723028e+00
-1.168021738628525652e+00
-3.794878533595813508e+00
-3.217922987792823375e-01
-1.228965571656119415e+00
-3.202094363444172309e+00
-1.059363970849744430e+00
-1.348519571497550640e+00
-3.278026802228990011e+00
-2.423780343256041192e+00
-2.282627179017737706e+00
-2.966496059952023590e+00
-1.591389911851557593e-01
-1.167101972576480051e+01
-3.961036143275137658e-03
5.406825757094605583e-02
-5.672593108461057909e+00
-2.364620253597055299e+00
-1.725341710095067427e+01
-2.037199612215240818e-01
-1.543438797653689853e+01
4.271964634953349937e-02
-2.683704852438494992e+00
-1.989235299217728958e-01
-3.449075780650329381e+00
-2.141473306412696176e-01
-8.060455200506241313e-01
-2.061101245541261395e-01
-1.225974415640912873e+01
-1.685177573717473176e-01
-5.071361000639261540e+00
-9.788550945505421208e-02
-4.672794694899874202e+00
-1.468976693619261642e-01
-4.618515781268779818e+00
-1.148047260329523728e-01
-1.267980684957657478e-01
6.189462627460894095e-02
-3.271227622097745702e-02
-3.411400862518287891e-02
2.356428889805422741e-02
-6.998242787749762606e+00
4.626074193439904531e-02
3.812821345726853661e-02
-9.256422030557679648e+00
-1.093047193771517911e+01
4.493689335096202886e-02
-8.054557477917875241e-01
-7.284754164602694004e+01
-1.304592941543970819e-01
-1.228526765725527525e+02
1.801151371189085458e-04
-1.362279222775950061e+01
-2.631141590069946190e+00
-6.505438511860424988e+00
-9.135357225274292503e+00
-2.760457230497738168e-01
