HKL Value		Reward		TotalReward	Chi Squared	Z Appr. 	Error	Two-Thetas	Sfs2
2 0 8			0.0		0.0		0.0		0.3	0.1665	35.7565424018	1.5727
4 2 14			0.0		0.0		1.21		0.28256	1.2576	70.6282605877	19.9713
3 1 13			0.44		0.44		1.26		0.2846	0.3869	59.4126405656	11.7895
0 2 20			0.45		0.89		1.08		0.28582	0.4494	86.0769303832	2.8517
3 3 1			0.42		1.31		1.83		0.28576	0.5106	38.1558496662	33.1617
0 2 8			0.42		1.73		1.78		0.28534	0.1155	35.7619852008	1.7384
5 3 1			0.4		2.13		2.23		0.28529	0.5252	53.2386121167	32.835
7 1 1			0.4		2.53		2.25		0.28525	0.5207	65.7483230412	25.2044
2 4 8			0.41		2.94		2.01		0.28532	0.1687	51.4325245866	2.4593
1 1 9			0.37		3.31		2.86		0.28599	0.2216	37.1193146943	1.1702
7 3 1			0.38		3.69		2.61		0.28597	0.5095	71.5359286583	22.1332
1 7 1			0.38		4.08		2.65		0.28592	0.5219	65.7901743415	26.2984
0 6 2			0.39		4.46		2.5		0.2859	0.2356	55.3895592761	6.1752
6 0 6			0.33		4.8		3.85		0.28633	1.0815	60.1501886982	39.9969
5 1 1			0.33		5.13		3.81		0.28628	0.5346	46.1701152	26.7419
0 2 10			0.34		5.47		3.56		0.28636	0.4317	42.9590557724	21.0204
6 0 4			0.31		5.78		4.49		0.28611	0.7069	57.1830782131	42.6751
1 1 15			0.29		6.06		5.01		0.28583	0.656	61.3839959686	20.6242
6 0 10			0.28		6.35		5.12		0.28488	1.0728	69.1331306246	8.9056