HKL Value		Reward		TotalReward	Chi Squared	Z Appr. 	Error	Two-Thetas	Sfs2
3 3 7			0.0		0.0		0.0		0.3	0.1558	47.1418707618	3.5073
6 2 10			0.0		0.0		14.21		0.33049	0.7103	71.9901825081	43.9921
6 0 4			-8.61		-8.61		22.82		0.33099	0.7069	57.1830782131	42.6751
6 0 8			3.77		-4.84		15.29		0.33052	2.9234	64.163237895	5.3359
4 6 0			1.91		-2.94		11.48		0.33052	0.7863	67.1083315067	59.4729
7 1 7			1.04		-1.9		9.4		0.33186	0.3505	72.2660298289	5.0526
0 6 8			0.74		-1.16		7.92		0.3314	0.7694	64.1950429677	5.6946
7 3 3			-1.18		-2.34		9.1		0.33144	1.9283	72.601334037	69.5466
6 4 0			0.57		-1.77		7.96		0.33144	1.8287	67.0910631577	58.6803
4 6 2			0.35		-1.42		7.26		0.33132	0.2349	67.657370766	5.5969
6 4 2			0.3		-1.12		6.66		0.33121	0.2211	67.6401768609	4.8049
2 0 14			0.3		-0.82		6.06		0.33148	0.2634	58.6945218607	7.3942
0 2 14			0.24		-0.57		5.57		0.33185	0.2479	58.6982494177	6.3292
1 7 7			0.2		-0.37		5.16		0.33205	0.4353	72.3061031614	6.1143
0 6 2			0.07		-0.3		5.01		0.33203	0.2356	55.3895592761	6.1752
3 5 7			0.14		-0.15		4.72		0.33237	0.2309	60.5203777188	5.6046
5 3 7			0.13		-0.03		4.47		0.33267	0.2523	60.5057581853	5.4388
0 4 2			-5.69		-5.72		10.16		0.33297	3.2657	36.5744795411	137.7475
6 0 2			0.21		-5.51		9.74		0.33296	0.2214	55.354768557	5.4487
1 5 7			0.24		-5.27		9.27		0.33327	0.6035	54.1236034243	4.2528
5 1 7			0.22		-5.05		8.84		0.33355	0.2609	54.1000446603	4.252
4 2 8			0.2		-4.85		8.44		0.33379	0.7605	51.4203212226	2.5419
2 4 8			0.18		-4.67		8.07		0.33402	0.1687	51.4325245866	2.4593
1 5 13			0.1		-4.57		7.87		0.33349	1.1973	71.2966048402	12.6128
3 3 13			0.14		-4.43		7.59		0.33314	0.5636	65.4922780779	9.1158
0 6 6			0.12		-4.32		7.36		0.33313	1.0147	60.183190367	40.9583
4 2 6			0.14		-4.17		7.08		0.33313	1.6049	46.7233273538	62.1975
1 1 13			0.09		-4.08		6.89		0.33275	0.3722	52.9310122384	10.9703
3 1 13			0.09		-3.99		6.71		0.33239	0.3869	59.4126405656	11.7895
5 1 13			0.09		-3.9		6.53		0.33209	0.4567	71.2764535317	11.3258
1 3 13			0.09		-3.82		6.36		0.33183	0.3907	59.4200243294	11.5335
6 0 6			0.07		-3.75		6.23		0.33181	1.0815	60.1501886982	39.9969
3 1 7			0.07		-3.68		6.08		0.33204	0.257	39.2655360855	5.205
1 3 7			0.07		-3.6		5.94		0.33224	0.1893	39.2755843192	5.3372
2 4 6			0.09		-3.52		5.76		0.33224	0.785	46.7364348384	64.2552
0 6 16			0.02		-3.49		5.71		0.33218	0.4825	89.3859051251	7.6515
9 1 1			0.04		-3.45		5.63		0.33215	0.8793	87.9915459652	19.6393
1 1 15			0.06		-3.39		5.52		0.33208	0.656	61.3839959686	20.6242
7 3 1			0.02		-3.37		5.47		0.33205	0.5095	71.5359286583	22.1332
0 6 10			0.02		-3.36		5.44		0.33195	0.8527	69.1637693973	8.5049
5 5 1			0.03		-3.33		5.39		0.33191	0.5073	65.769247456	23.9531
3 7 1			0.02		-3.31		5.36		0.33188	1.2822	71.5694631273	22.2453
6 0 10			0.01		-3.3		5.34		0.33178	1.0728	69.1331306246	8.9056
6 0 0			0.01		-3.3		5.32		0.33178	0.7256	54.7363985401	55.434
2 0 16			-0.03		-3.33		5.35		0.3316	0.5935	67.2372591268	11.8907
5 3 9			0.0		-3.32		5.34		0.33153	0.4833	65.0662013285	20.8409
0 4 8			-3.96		-7.28		9.3		0.33231	4.1351	47.9021960727	235.0989
4 2 10			0.03		-7.25		9.24		0.33219	1.1102	57.0442200735	11.3144
0 2 16			0.01		-7.24		9.22		0.33197	1.8687	67.2407114996	13.8307
2 4 14			0.01		-7.23		9.2		0.33142	0.5221	70.6383718296	19.4111
6 2 4			-0.46		-7.69		9.66		0.33105	0.8727	60.3342977717	77.9073
4 2 14			0.02		-7.67		9.62		0.33068	1.2576	70.6282605877	19.9713
0 6 0			0.03		-7.64		9.56		0.33068	1.4277	54.7714555341	59.4019
2 4 10			0.03		-7.61		9.5		0.33056	0.607	57.0555982332	12.0937
3 5 9			0.03		-7.58		9.44		0.33045	0.4755	65.0802252419	19.5165
4 2 2			0.03		-7.55		9.39		0.33042	0.457	40.8620305525	12.2524
2 2 10			-0.0		-7.56		9.39		0.32998	0.6429	46.7739448495	44.8949
5 5 7			0.04		-7.52		9.31		0.33034	0.6639	72.2860687267	4.3062
2 4 2			0.02		-7.5		9.27		0.33033	0.3828	40.8766170199	13.2501
0 0 20			0.07		-7.43		9.13		0.33044	0.4542	83.3712939521	4.3689
0 4 20			0.01		-7.42		9.11		0.33083	1.027	94.1654323607	18.6345
7 1 1			0.02		-7.4		9.08		0.33081	0.5207	65.7483230412	25.2044
1 7 1			0.01		-7.39		9.06		0.33077	0.5219	65.7901743415	26.2984
1 5 1			0.0		-7.39		9.06		0.33073	0.4978	46.196563203	27.3004
5 1 1			0.0		-7.38		9.05		0.33069	0.5346	46.1701152	26.7419
2 6 10			0.0		-7.38		9.05		0.3302	0.7069	72.0169435829	44.7171
0 4 10			0.01		-7.38		9.03		0.3298	0.9893	53.7871001638	44.1425
4 4 12			0.03		-7.34		8.97		0.32965	1.9475	72.2035773977	130.2426
0 0 10			0.01		-7.33		8.94		0.32932	0.8316	38.8438017949	41.7013
3 3 1			-0.01		-7.34		8.95		0.3293	0.5106	38.1558496662	33.1617
4 0 10			0.01		-7.33		8.93		0.32901	0.6243	53.7713327333	45.2096
4 4 10			0.0		-7.33		8.93		0.32872	0.6886	66.23802526	47.6672
3 5 1			-0.01		-7.34		8.93		0.3287	0.5283	53.2544885252	31.9012
5 3 1			-0.02		-7.35		8.95		0.32868	0.5252	53.2386121167	32.835
4 6 6			-0.06		-7.42		9.01		0.32862	1.1903	71.9781772466	41.9784