HKL Value		Reward		TotalReward	Chi Squared	Z Appr. 	Error	Two-Thetas	Sfs2
5 3 9			0.0		0.0		0.0		0.3	0.4833	65.0662013285	20.8409
0 0 16			0.0		0.0		0.04		0.31779	1.3342	64.286058028	116.6634
1 3 15			-0.24		-0.24		0.06		0.31824	0.2862	67.3623786269	8.1809
4 6 0			0.11		-0.13		0.05		0.31824	0.7863	67.1083315067	59.4729
6 4 0			0.23		0.1		0.04		0.31824	1.8287	67.0910631577	58.6803
2 4 10			-0.04		0.06		0.05		0.31839	0.607	57.0555982332	12.0937
3 1 15			0.2		0.26		0.04		0.31839	0.2871	67.3554895111	7.7692
3 5 9			-0.04		0.22		0.04		0.31833	0.4755	65.0802252419	19.5165
3 3 15			-0.82		-0.59		0.21		0.31758	0.3402	73.0835579415	3.8877
0 6 8			-0.5		-1.1		0.43		0.31769	0.7694	64.1950429677	5.6946
1 5 9			-0.24		-1.34		0.57		0.31735	0.4394	58.984264935	17.7365
2 6 0			-0.98		-2.32		25.57		0.31735	4.3567	58.0028534629	558.9791
4 6 2			0.09		-2.23		23.5		0.31732	0.2349	67.657370766	5.5969
2 0 10			0.08		-2.15		21.79		0.31705	0.6169	42.9543880851	20.236
3 5 11			-0.33		-2.48		32.44		0.31697	1.8915	70.5555824797	206.4699
2 4 14			0.06		-2.41		30.48		0.31719	0.5221	70.6383718296	19.4111
3 1 9			0.06		-2.35		28.76		0.3167	0.36	45.2950695798	8.7768
6 0 6			0.06		-2.29		27.07		0.31668	1.0815	60.1501886982	39.9969
9 1 1			0.06		-2.24		25.65		0.31665	0.8793	87.9915459652	19.6393
5 1 9			0.05		-2.18		24.33		0.31645	0.4583	58.9619928854	19.0838
1 1 13			-0.05		-2.23		25.55		0.31914	0.3722	52.9310122384	10.9703
6 0 2			0.05		-2.18		24.44		0.31913	0.2214	55.354768557	5.4487
3 3 9			0.04		-2.14		23.48		0.3189	0.3816	52.4524123761	12.0632
0 2 14			0.03		-2.12		22.84		0.31867	0.2479	58.6982494177	6.3292
1 3 9			0.03		-2.09		22.22		0.31819	0.2622	45.3040218183	7.1674
6 4 6			0.03		-2.06		21.59		0.318	0.9247	71.9614498967	41.9809
0 2 20			0.02		-2.04		21.15		0.31663	0.4494	86.0769303832	2.8517
3 5 7			-0.04		-2.07		21.96		0.31776	0.2309	60.5203777188	5.6046
1 5 11			-0.2		-2.27		27.33		0.31776	1.8219	64.7342781598	204.7444
6 4 2			0.04		-2.24		26.41		0.31775	0.2211	67.6401768609	4.8049
0 6 2			0.03		-2.2		25.61		0.31774	0.2356	55.3895592761	6.1752
0 6 0			0.02		-2.18		25.0		0.31774	1.4277	54.7714555341	59.4019
0 6 18			0.02		-2.16		24.4		0.3171	0.7949	98.0280769063	1.8601
0 0 18			0.03		-2.13		23.76		0.31676	0.6609	73.530655613	37.988
0 4 2			-0.09		-2.22		26.2		0.31679	3.2657	36.5744795411	137.7475
6 0 8			0.03		-2.2		25.53		0.31682	2.9234	64.163237895	5.3359
7 1 5			-0.05		-2.25		26.91		0.31686	1.5264	69.0427278305	98.726
0 6 6			0.03		-2.22		26.18		0.31686	1.0147	60.183190367	40.9583
4 2 10			0.03		-2.19		25.51		0.31693	1.1102	57.0442200735	11.3144
4 2 6			0.03		-2.17		24.89		0.31696	1.6049	46.7233273538	62.1975
2 0 14			0.02		-2.15		24.38		0.31684	0.2634	58.6945218607	7.3942
0 6 10			0.02		-2.13		23.87		0.317	0.8527	69.1637693973	8.5049
6 0 10			0.02		-2.1		23.37		0.31713	1.0728	69.1331306246	8.9056
1 1 7			-0.03		-2.13		24.0		0.31774	0.2012	29.7561292971	6.5386
0 2 16			0.02		-2.11		23.6		0.31791	1.8687	67.2407114996	13.8307
1 3 5			-0.11		-2.22		26.44		0.31795	3.1323	34.189462707	190.138
3 7 3			0.01		-2.21		26.28		0.31796	0.8954	72.6346668965	71.6226
4 2 2			0.02		-2.2		25.84		0.31796	0.457	40.8620305525	12.2524
1 1 9			0.01		-2.19		25.56		0.31771	0.2216	37.1193146943	1.1702
2 6 4			0.0		-2.18		25.43		0.31764	0.8772	60.3635846112	78.02
0 2 12			0.02		-2.17		25.04		0.31744	0.3827	50.6142203783	17.5707
3 7 1			0.02		-2.15		24.59		0.31744	1.2822	71.5694631273	22.2453
1 7 1			0.01		-2.13		24.25		0.31742	0.5219	65.7901743415	26.2984
0 6 14			0.01		-2.12		23.98		0.31747	0.9096	81.7552219026	27.2955
0 0 10			0.02		-2.11		23.58		0.31757	0.8316	38.8438017949	41.7013
0 2 10			0.02		-2.09		23.18		0.31751	0.4317	42.9590557724	21.0204
4 6 4			-0.0		-2.09		23.2		0.31751	1.0731	69.291881243	33.3045
0 0 22			0.02		-2.07		22.83		0.31753	2.2765	94.0325860765	137.6091
5 1 1			0.01		-2.06		22.56		0.31753	0.5346	46.1701152	26.7419
4 2 14			0.01		-2.05		22.23		0.31755	1.2576	70.6282605877	19.9713
2 4 2			0.01		-2.03		21.96		0.31755	0.3828	40.8766170199	13.2501
0 4 20			0.01		-2.02		21.68		0.31743	1.027	94.1654323607	18.6345
5 5 1			0.01		-2.01		21.37		0.31743	0.5073	65.769247456	23.9531
7 1 1			0.01		-1.99		21.12		0.31741	0.5207	65.7483230412	25.2044
4 4 10			0.01		-1.98		20.81		0.31748	0.6886	66.23802526	47.6672
0 4 10			0.01		-1.97		20.53		0.31757	0.9893	53.7871001638	44.1425
1 7 5			-0.04		-2.01		21.37		0.31759	1.0841	69.0835930101	99.7513
4 0 10			0.01		-1.99		21.08		0.31767	0.6243	53.7713327333	45.2096
4 2 8			-0.0		-1.99		21.09		0.31776	0.7605	51.4203212226	2.5419
5 3 1			0.01		-1.98		20.91		0.31775	0.5252	53.2386121167	32.835
2 2 8			-0.1		-2.09		23.29		0.31776	1.8488	40.1384116224	216.1995
0 2 18			0.01		-2.08		23.07		0.31744	0.3755	76.3208597895	3.7538
2 0 12			0.01		-2.07		22.84		0.31727	0.8079	50.6101057273	16.6151
2 0 16			0.01		-2.06		22.67		0.31743	0.5935	67.2372591268	11.8907
0 0 6			-0.17		-2.23		27.24		0.31759	7.4326	23.0169618987	709.6598
6 0 0			0.01		-2.22		26.94		0.31759	0.7256	54.7363985401	55.434
2 0 2			0.0		-2.21		26.83		0.31757	0.6502	19.2320929378	35.9547
4 4 12			0.01		-2.2		26.53		0.31766	1.9475	72.2035773977	130.2426
1 1 15			0.01		-2.19		26.31		0.31774	0.656	61.3839959686	20.6242
0 0 20			0.01		-2.18		25.98		0.31772	0.4542	83.3712939521	4.3689
4 6 6			0.01		-2.17		25.73		0.31768	1.1903	71.9781772466	41.9784
3 5 1			0.01		-2.16		25.51		0.31768	0.5283	53.2544885252	31.9012
0 4 0			-0.19		-2.35		31.35		0.31768	6.137	35.7152072575	818.959
0 4 18			0.0		-2.34		31.29		0.31713	0.8369	84.5238780681	17.4513
2 4 8			0.0		-2.34		31.2		0.31719	0.1687	51.4325245866	2.4593
1 3 13			-0.01		-2.35		31.44		0.31762	0.3907	59.4200243294	11.5335
4 0 6			-0.08		-2.43		34.07		0.31772	5.3963	42.900258124	488.2208
1 5 13			-0.0		-2.43		34.15		0.31807	1.1973	71.2966048402	12.6128