HKL Value		Reward		TotalReward	Chi Squared	Z Appr. 	Error	Two-Thetas	Sfs2
6 0 2			0.0		0.0		0.0		0.3	0.2214	55.354768557	5.4487
0 2 16			0.0		0.0		1.29		0.30194	1.8687	67.2407114996	13.8307
5 3 9			-0.79		-0.79		6.19		0.30348	0.4833	65.0662013285	20.8409
0 0 16			0.34		-0.45		4.61		0.30532	1.3342	64.286058028	116.6634
1 3 15			0.07		-0.37		4.29		0.30492	0.2862	67.3623786269	8.1809
4 6 0			0.25		-0.13		3.44		0.30492	0.7863	67.1083315067	59.4729
6 4 0			0.2		0.07		2.87		0.30492	1.8287	67.0910631577	58.6803
2 4 10			2.24		2.31		0.89		0.31962	0.607	57.0555982332	12.0937
3 1 15			0.09		2.4		0.81		0.31931	0.2871	67.3554895111	7.7692
3 5 9			0.09		2.49		0.75		0.31921	0.4755	65.0802252419	19.5165
4 6 2			-0.01		2.48		0.76		0.31919	0.2349	67.657370766	5.5969
5 3 5			-0.92		1.55		10.0		0.31941	2.2247	56.9473208346	134.0256
2 4 14			0.07		1.62		9.36		0.3195	0.5221	70.6383718296	19.4111
5 1 11			-0.57		1.05		21.83		0.31956	3.2753	64.7131722767	203.727
0 6 8			0.07		1.12		20.38		0.31968	0.7694	64.1950429677	5.6946
6 0 8			0.06		1.19		19.15		0.31981	2.9234	64.163237895	5.3359
3 3 7			-0.07		1.12		20.58		0.32192	0.1558	47.1418707618	3.5073
3 3 15			0.02		1.14		20.14		0.32061	0.3402	73.0835579415	3.8877
2 0 10			0.05		1.18		19.25		0.32042	0.6169	42.9543880851	20.236
1 5 9			0.04		1.23		18.48		0.32018	0.4394	58.984264935	17.7365
0 2 4			-0.16		1.06		22.11		0.32022	1.326	23.4223631322	110.0283
3 1 9			0.03		1.09		21.41		0.31988	0.36	45.2950695798	8.7768
9 1 1			0.04		1.14		20.52		0.31987	0.8793	87.9915459652	19.6393
6 0 6			0.04		1.18		19.64		0.31984	1.0815	60.1501886982	39.9969
5 1 9			0.04		1.22		18.95		0.31965	0.4583	58.9619928854	19.0838
3 3 9			0.03		1.25		18.34		0.31943	0.3816	52.4524123761	12.0632
0 2 14			0.02		1.27		18.0		0.31927	0.2479	58.6982494177	6.3292
1 3 9			0.02		1.29		17.68		0.31883	0.2622	45.3040218183	7.1674
0 2 22			-0.0		1.29		17.71		0.31874	1.8317	96.7387030121	97.213
0 6 2			0.03		1.32		17.19		0.31873	0.2356	55.3895592761	6.1752
5 3 7			-0.03		1.29		17.7		0.31962	0.2523	60.5057581853	5.4388
6 4 2			0.03		1.32		17.15		0.31962	0.2211	67.6401768609	4.8049
4 0 10			0.03		1.35		16.63		0.31969	0.6243	53.7713327333	45.2096
6 4 6			0.02		1.37		16.36		0.31957	0.9247	71.9614498967	41.9809
4 2 0			0.01		1.38		16.25		0.31957	0.9287	40.0811891304	86.5118
0 2 20			-0.01		1.36		16.44		0.31835	0.4494	86.0769303832	2.8517
0 6 18			0.01		1.38		16.24		0.31768	0.7949	98.0280769063	1.8601
1 7 5			-0.09		1.29		17.85		0.31771	1.0841	69.0835930101	99.7513
0 0 18			0.02		1.3		17.52		0.31736	0.6609	73.530655613	37.988
0 6 6			0.03		1.33		17.07		0.31736	1.0147	60.183190367	40.9583
2 0 14			0.02		1.35		16.77		0.31727	0.2634	58.6945218607	7.3942
6 0 10			0.02		1.37		16.42		0.31737	1.0728	69.1331306246	8.9056
4 2 10			0.02		1.39		16.04		0.31742	1.1102	57.0442200735	11.3144
0 6 10			0.02		1.41		15.73		0.31752	0.8527	69.1637693973	8.5049
4 2 6			0.02		1.44		15.4		0.31754	1.6049	46.7233273538	62.1975
3 7 1			0.02		1.45		15.11		0.31754	1.2822	71.5694631273	22.2453
0 2 12			0.01		1.47		14.9		0.31734	0.3827	50.6142203783	17.5707
1 7 1			0.01		1.48		14.72		0.31733	0.5219	65.7901743415	26.2984
0 2 10			0.02		1.5		14.45		0.31728	0.4317	42.9590557724	21.0204
0 0 10			0.02		1.52		14.21		0.31738	0.8316	38.8438017949	41.7013
2 4 6			0.02		1.53		13.96		0.3174	0.785	46.7364348384	64.2552
4 2 2			0.01		1.55		13.79		0.3174	0.457	40.8620305525	12.2524
1 1 9			0.0		1.55		13.73		0.31719	0.2216	37.1193146943	1.1702
5 1 1			0.01		1.56		13.6		0.31719	0.5346	46.1701152	26.7419
0 0 22			0.02		1.58		13.39		0.31721	2.2765	94.0325860765	137.6091
4 2 14			0.01		1.59		13.21		0.31724	1.2576	70.6282605877	19.9713
0 6 14			0.0		1.59		13.15		0.31729	0.9096	81.7552219026	27.2955
2 4 2			0.01		1.6		13.03		0.31728	0.3828	40.8766170199	13.2501
4 4 10			0.02		1.62		12.83		0.31734	0.6886	66.23802526	47.6672
5 5 1			0.01		1.63		12.64		0.31733	0.5073	65.769247456	23.9531
0 4 20			0.01		1.64		12.51		0.31722	1.027	94.1654323607	18.6345
0 4 10			0.01		1.66		12.36		0.31732	0.9893	53.7871001638	44.1425
0 2 18			0.01		1.67		12.25		0.31706	0.3755	76.3208597895	3.7538
4 2 8			-0.01		1.65		12.41		0.31713	0.7605	51.4203212226	2.5419
2 6 2			-0.1		1.55		13.82		0.31715	1.2892	58.5985395934	134.3564
6 0 0			0.01		1.56		13.68		0.31714	0.7256	54.7363985401	55.434
2 0 12			0.01		1.57		13.56		0.31699	0.8079	50.6101057273	16.6151
3 3 13			-0.06		1.51		14.44		0.31763	0.5636	65.4922780779	9.1158
2 0 16			0.0		1.51		14.37		0.31777	0.5935	67.2372591268	11.8907
0 6 0			0.01		1.52		14.26		0.31777	1.4277	54.7714555341	59.4019
1 1 15			0.01		1.53		14.19		0.31784	0.656	61.3839959686	20.6242
5 3 1			0.01		1.53		14.11		0.31784	0.5252	53.2386121167	32.835
4 6 6			0.01		1.54		14.0		0.31779	1.1903	71.9781772466	41.9784
4 4 12			0.01		1.55		13.85		0.31787	1.9475	72.2035773977	130.2426
7 1 1			0.01		1.56		13.74		0.31787	0.5207	65.7483230412	25.2044
3 5 1			0.01		1.56		13.67		0.31786	0.5283	53.2544885252	31.9012
7 3 3			-0.0		1.56		13.72		0.31787	1.9283	72.601334037	69.5466
0 0 20			0.01		1.57		13.54		0.31785	0.4542	83.3712939521	4.3689
0 4 18			-0.01		1.56		13.74		0.31733	0.8369	84.5238780681	17.4513
2 4 8			-0.01		1.55		13.85		0.31739	0.1687	51.4325245866	2.4593
7 3 1			0.01		1.56		13.71		0.31738	0.5095	71.5359286583	22.1332
0 4 16			0.01		1.57		13.58		0.31743	1.5557	75.7704700384	94.8658
0 6 12			-0.02		1.55		13.83		0.31698	0.3425	75.0250979777	1.887
0 6 16			-0.01		1.55		13.92		0.31715	0.4825	89.3859051251	7.6515
3 7 5			-0.04		1.51		14.52		0.31718	1.0548	74.7470539899	89.5814