HKL Value		Reward		TotalReward	Chi Squared	Z Appr. 	Error	Two-Thetas	Sfs2
5 3 9			0.0		0.0		0.0		0.3	0.4833	65.0662013285	20.8409
0 0 16			0.0		0.0		0.04		0.31779	1.3342	64.286058028	116.6634
1 3 15			-0.24		-0.24		0.06		0.31824	0.2862	67.3623786269	8.1809
1 5 9			-0.91		-1.15		0.69		0.3172	0.4394	58.984264935	17.7365
2 4 2			-0.66		-1.81		2.04		0.31707	0.3828	40.8766170199	13.2501
0 4 18			-0.27		-2.08		2.8		0.31238	0.8369	84.5238780681	17.4513
4 6 0			0.2		-1.89		2.34		0.31238	0.7863	67.1083315067	59.4729
6 4 0			0.17		-1.72		2.01		0.31238	1.8287	67.0910631577	58.6803
2 4 10			-0.13		-1.85		2.3		0.31365	0.607	57.0555982332	12.0937
5 1 3			-0.5		-2.35		4.59		0.31383	0.9592	47.5591860667	88.1873
3 1 15			0.05		-2.3		4.39		0.31425	0.2871	67.3554895111	7.7692
3 5 9			0.08		-2.22		4.05		0.31447	0.4755	65.0802252419	19.5165
4 6 2			0.08		-2.14		3.76		0.31444	0.2349	67.657370766	5.5969
9 1 1			0.05		-2.09		3.58		0.31441	0.8793	87.9915459652	19.6393
3 1 9			0.06		-2.03		3.38		0.31415	0.36	45.2950695798	8.7768
7 1 7			-0.51		-2.54		6.83		0.31646	0.3505	72.2660298289	5.0526
3 1 11			-0.69		-3.22		21.92		0.31639	2.3814	52.0481274199	292.2152
4 2 10			0.06		-3.16		20.69		0.31656	1.1102	57.0442200735	11.3144
0 6 8			0.05		-3.11		19.68		0.31661	0.7694	64.1950429677	5.6946
6 0 8			0.05		-3.07		18.8		0.31666	2.9234	64.163237895	5.3359
2 4 14			0.04		-3.02		18.02		0.31677	0.5221	70.6383718296	19.4111
4 2 6			0.05		-2.98		17.22		0.31683	1.6049	46.7233273538	62.1975
1 3 7			-0.08		-3.05		18.64		0.31799	0.1893	39.2755843192	5.3372
0 4 6			-0.35		-3.4		28.74		0.31831	3.7688	42.9189471786	481.9509
3 3 15			0.04		-3.36		27.62		0.31808	0.3402	73.0835579415	3.8877
5 1 9			0.04		-3.32		26.57		0.31799	0.4583	58.9619928854	19.0838
6 0 6			0.04		-3.28		25.56		0.31799	1.0815	60.1501886982	39.9969
2 0 10			0.04		-3.25		24.68		0.31789	0.6169	42.9543880851	20.236
0 4 2			-0.11		-3.35		27.59		0.31792	3.2657	36.5744795411	137.7475
0 2 14			0.03		-3.33		26.91		0.31777	0.2479	58.6982494177	6.3292
1 3 9			0.03		-3.3		26.23		0.31754	0.2622	45.3040218183	7.1674
0 6 2			0.03		-3.27		25.46		0.31754	0.2356	55.3895592761	6.1752
3 5 3			-0.01		-3.28		25.62		0.31756	0.9259	54.5093201099	87.7589
3 3 9			0.03		-3.25		24.9		0.31746	0.3816	52.4524123761	12.0632
6 0 4			-0.01		-3.26		25.1		0.31744	0.7069	57.1830782131	42.6751
6 0 2			0.03		-3.23		24.44		0.31744	0.2214	55.354768557	5.4487
6 4 2			0.03		-3.2		23.78		0.31744	0.2211	67.6401768609	4.8049
6 4 6			0.02		-3.18		23.3		0.31733	0.9247	71.9614498967	41.9809
4 2 0			0.01		-3.17		23.02		0.31733	0.9287	40.0811891304	86.5118
0 6 18			0.02		-3.15		22.55		0.31689	0.7949	98.0280769063	1.8601
0 2 20			0.02		-3.13		22.15		0.31641	0.4494	86.0769303832	2.8517
0 0 18			0.02		-3.11		21.66		0.31623	0.6609	73.530655613	37.988
3 7 5			-0.04		-3.15		22.67		0.31627	1.0548	74.7470539899	89.5814
0 6 6			0.02		-3.13		22.14		0.31627	1.0147	60.183190367	40.9583
2 0 14			0.02		-3.11		21.72		0.31617	0.2634	58.6945218607	7.3942
6 0 10			0.02		-3.09		21.33		0.3163	1.0728	69.1331306246	8.9056
0 6 10			0.02		-3.07		20.96		0.31644	0.8527	69.1637693973	8.5049
0 2 16			0.01		-3.06		20.7		0.31659	1.8687	67.2407114996	13.8307
3 7 1			0.02		-3.04		20.32		0.31659	1.2822	71.5694631273	22.2453
0 2 12			0.02		-3.03		19.98		0.31644	0.3827	50.6142203783	17.5707
1 7 1			0.01		-3.01		19.7		0.31643	0.5219	65.7901743415	26.2984
2 6 10			0.02		-3.0		19.4		0.31654	0.7069	72.0169435829	44.7171
4 0 4			-0.0		-3.0		19.4		0.31647	1.2165	39.0343929222	79.1487
1 1 7			-0.03		-3.03		20.09		0.31699	0.2012	29.7561292971	6.5386
0 2 10			0.02		-3.01		19.74		0.31695	0.4317	42.9590557724	21.0204
4 2 2			0.01		-3.0		19.48		0.31695	0.457	40.8620305525	12.2524
0 0 10			0.02		-2.98		19.19		0.31704	0.8316	38.8438017949	41.7013
0 0 22			0.02		-2.97		18.89		0.31707	2.2765	94.0325860765	137.6091
1 1 9			0.01		-2.96		18.74		0.3169	0.2216	37.1193146943	1.1702
5 1 1			0.01		-2.95		18.54		0.3169	0.5346	46.1701152	26.7419
4 2 14			0.01		-2.94		18.28		0.31693	1.2576	70.6282605877	19.9713
4 4 10			0.02		-2.92		18.01		0.31699	0.6886	66.23802526	47.6672
0 6 14			0.01		-2.91		17.89		0.31702	0.9096	81.7552219026	27.2955
5 5 1			0.01		-2.9		17.64		0.31702	0.5073	65.769247456	23.9531
0 4 20			0.01		-2.89		17.43		0.31692	1.027	94.1654323607	18.6345
0 6 0			0.01		-2.88		17.26		0.31692	1.4277	54.7714555341	59.4019
0 4 10			0.01		-2.87		17.05		0.31701	0.9893	53.7871001638	44.1425
0 0 20			0.02		-2.85		16.8		0.317	0.4542	83.3712939521	4.3689
7 1 3			-0.01		-2.86		16.92		0.31702	1.4031	66.8553232335	91.2915
0 2 18			0.01		-2.85		16.74		0.31683	0.3755	76.3208597895	3.7538
4 0 10			0.01		-2.84		16.54		0.3169	0.6243	53.7713327333	45.2096
5 3 7			-0.02		-2.86		16.95		0.31722	0.2523	60.5057581853	5.4388
7 1 5			-0.05		-2.9		17.76		0.31723	1.5264	69.0427278305	98.726
4 2 8			-0.0		-2.91		17.82		0.31729	0.7605	51.4203212226	2.5419