HKL Value		Reward		TotalReward	Chi Squared	Z Appr. 	Error	Two-Thetas	Sfs2
5 3 9			0.0		0.0		0.0		0.3	0.4833	65.0662013285	20.8409
0 0 16			0.0		0.0		0.04		0.31779	1.3342	64.286058028	116.6634
1 3 15			-0.24		-0.24		0.06		0.31824	0.2862	67.3623786269	8.1809
3 1 5			-1.0		-1.24		49.24		0.31889	2.8985	34.1781376955	186.2389
4 6 0			0.33		-0.9		36.94		0.31889	0.7863	67.1083315067	59.4729
6 4 0			0.25		-0.65		29.55		0.31889	1.8287	67.0910631577	58.6803
2 4 10			0.2		-0.45		24.63		0.31891	0.607	57.0555982332	12.0937
6 0 10			0.16		-0.29		21.21		0.31936	1.0728	69.1331306246	8.9056
3 1 15			0.14		-0.15		18.59		0.31911	0.2871	67.3554895111	7.7692
3 5 9			0.12		-0.03		16.54		0.31902	0.4755	65.0802252419	19.5165
2 6 6			-0.42		-0.45		28.5		0.31974	5.383	63.2392339525	346.2148
4 6 2			0.1		-0.35		25.99		0.31972	0.2349	67.657370766	5.5969
3 3 15			0.07		-0.27		24.18		0.31875	0.3402	73.0835579415	3.8877
9 1 1			0.08		-0.2		22.45		0.31873	0.8793	87.9915459652	19.6393
0 6 8			0.07		-0.13		20.97		0.31881	0.7694	64.1950429677	5.6946
6 0 6			0.07		-0.06		19.59		0.31878	1.0815	60.1501886982	39.9969
3 1 9			0.05		-0.01		18.69		0.31836	0.36	45.2950695798	8.7768
5 5 5			-0.15		-0.16		21.91		0.31852	1.5862	69.0631626084	104.8873
2 4 14			0.05		-0.1		20.83		0.3186	0.5221	70.6383718296	19.4111
6 0 8			0.05		-0.05		19.85		0.31869	2.9234	64.163237895	5.3359
1 5 9			0.05		-0.01		19.0		0.31842	0.4394	58.984264935	17.7365
2 2 4			-0.01		-0.02		19.15		0.31816	0.7551	29.4672289371	73.6026
5 1 9			0.04		0.03		18.34		0.31796	0.4583	58.9619928854	19.0838
0 6 2			0.04		0.07		17.66		0.31794	0.2356	55.3895592761	6.1752
1 3 9			0.03		0.09		17.2		0.31744	0.2622	45.3040218183	7.1674
0 0 12			-0.09		0.0		18.85		0.31872	3.2426	47.0346015839	274.3783
1 1 9			0.01		0.01		18.66		0.31799	0.2216	37.1193146943	1.1702
6 0 2			0.03		0.05		18.05		0.31798	0.2214	55.354768557	5.4487
0 2 14			0.02		0.07		17.68		0.31769	0.2479	58.6982494177	6.3292
4 4 6			-0.22		-0.15		22.78		0.31817	4.3817	57.0116572758	400.3855
2 0 10			0.03		-0.12		22.08		0.31801	0.6169	42.9543880851	20.236
0 6 4			-0.01		-0.14		22.4		0.31798	0.6675	57.2171401797	42.9768
3 3 9			0.03		-0.11		21.77		0.31779	0.3816	52.4524123761	12.0632
4 0 2			-0.11		-0.21		24.35		0.31785	1.7854	36.5531212028	138.5255
6 4 6			0.02		-0.19		23.82		0.31768	0.9247	71.9614498967	41.9809
0 6 6			0.03		-0.16		23.14		0.31767	1.0147	60.183190367	40.9583
0 0 18			0.02		-0.14		22.62		0.31699	0.6609	73.530655613	37.988
2 2 10			0.02		-0.12		22.08		0.31719	0.6429	46.7739448495	44.8949
0 2 20			0.02		-0.1		21.69		0.31645	0.4494	86.0769303832	2.8517
0 6 18			0.02		-0.07		21.19		0.31617	0.7949	98.0280769063	1.8601
2 0 0			-0.03		-0.1		21.82		0.31617	2.02	17.6289686615	175.6782
5 1 1			0.02		-0.09		21.46		0.31616	0.5346	46.1701152	26.7419
2 4 0			0.01		-0.08		21.27		0.31616	1.4359	40.0960076051	88.2765
0 2 16			0.01		-0.06		21.0		0.31637	1.8687	67.2407114996	13.8307
5 5 1			0.02		-0.04		20.57		0.31636	0.5073	65.769247456	23.9531
6 4 2			0.02		-0.02		20.12		0.31636	0.2211	67.6401768609	4.8049
2 0 14			0.02		-0.0		19.76		0.31623	0.2634	58.6945218607	7.3942
4 2 10			0.02		0.02		19.37		0.31632	1.1102	57.0442200735	11.3144
0 0 8			-0.13		-0.11		22.29		0.31632	2.1948	30.8548203523	183.9052
0 6 10			0.02		-0.1		21.92		0.3165	0.8527	69.1637693973	8.5049
1 3 7			-0.03		-0.12		22.54		0.31718	0.1893	39.2755843192	5.3372
4 2 6			0.02		-0.1		22.12		0.31721	1.6049	46.7233273538	62.1975
3 7 1			0.02		-0.09		21.74		0.31721	1.2822	71.5694631273	22.2453
0 2 12			0.02		-0.07		21.42		0.31701	0.3827	50.6142203783	17.5707
4 2 2			0.01		-0.06		21.12		0.317	0.457	40.8620305525	12.2524
0 0 10			0.02		-0.04		20.79		0.31711	0.8316	38.8438017949	41.7013
0 0 22			0.02		-0.03		20.46		0.31714	2.2765	94.0325860765	137.6091
4 4 10			0.02		-0.01		20.13		0.31721	0.6886	66.23802526	47.6672
1 7 1			0.01		0.0		19.89		0.3172	0.5219	65.7901743415	26.2984
5 1 11			-0.11		-0.11		22.46		0.3172	3.2753	64.7131722767	203.727
0 4 2			-0.06		-0.17		23.86		0.31722	3.2657	36.5744795411	137.7475
0 0 20			0.02		-0.15		23.47		0.3172	0.4542	83.3712939521	4.3689
2 6 8			-0.1		-0.25		26.07		0.31723	4.3291	67.1483383839	218.3417
4 4 0			-0.15		-0.41		30.84		0.31723	4.9852	51.3853572345	648.027
0 6 14			0.01		-0.4		30.51		0.31727	0.9096	81.7552219026	27.2955
0 4 20			0.01		-0.38		30.11		0.31715	1.027	94.1654323607	18.6345
4 2 14			0.01		-0.37		29.71		0.31719	1.2576	70.6282605877	19.9713
4 2 0			0.01		-0.36		29.46		0.31719	0.9287	40.0811891304	86.5118
0 2 18			0.01		-0.35		29.1		0.31692	0.3755	76.3208597895	3.7538
0 4 10			0.01		-0.34		28.73		0.31702	0.9893	53.7871001638	44.1425
2 0 12			0.01		-0.33		28.39		0.31687	0.8079	50.6101057273	16.6151
4 0 10			0.01		-0.31		28.03		0.31695	0.6243	53.7713327333	45.2096
2 4 2			0.01		-0.3		27.73		0.31694	0.3828	40.8766170199	13.2501
1 1 15			0.01		-0.29		27.49		0.31702	0.656	61.3839959686	20.6242
0 2 10			0.01		-0.28		27.14		0.31698	0.4317	42.9590557724	21.0204
4 2 12			0.0		-0.28		27.04		0.31662	0.2244	63.468523569	4.7972
6 0 0			0.01		-0.27		26.74		0.31662	0.7256	54.7363985401	55.434
2 2 6			-0.13		-0.4		30.76		0.31677	8.3224	34.2684003079	615.2447
2 2 0			-0.21		-0.6		38.69		0.31677	11.1953	25.0390113278	1035.9387
2 0 16			0.01		-0.59		38.35		0.31691	0.5935	67.2372591268	11.8907
0 4 18			0.01		-0.59		38.12		0.31646	0.8369	84.5238780681	17.4513
0 4 14			-0.02		-0.61		38.9		0.31644	1.2337	67.7597167724	121.3788
0 6 0			0.01		-0.6		38.5		0.31644	1.4277	54.7714555341	59.4019
7 1 1			0.01		-0.59		38.11		0.31644	0.5207	65.7483230412	25.2044
4 2 8			0.0		-0.58		37.93		0.31649	0.7605	51.4203212226	2.5419
4 0 0			-0.12		-0.7		43.09		0.31649	8.3901	35.6934066618	787.9925
5 3 7			-0.0		-0.7		43.15		0.31684	0.2523	60.5057581853	5.4388
0 0 2			-0.01		-0.71		43.58		0.31684	1.161	7.62646333295	98.931