HKL Value		Reward		TotalReward	Chi Squared	Z Appr. 	Error	Two-Thetas	Sfs2
5 3 9			0.0		0.0		0.0		0.3	0.4833	65.0662013285	20.8409
0 0 16			0.0		0.0		0.04		0.31779	1.3342	64.286058028	116.6634
1 3 15			-0.24		-0.24		0.06		0.31824	0.2862	67.3623786269	8.1809
4 6 0			0.11		-0.13		0.05		0.31824	0.7863	67.1083315067	59.4729
6 4 0			0.23		0.1		0.04		0.31824	1.8287	67.0910631577	58.6803
2 4 10			-0.04		0.06		0.05		0.31839	0.607	57.0555982332	12.0937
3 1 15			0.2		0.26		0.04		0.31839	0.2871	67.3554895111	7.7692
4 6 2			-0.74		-0.48		0.15		0.31836	0.2349	67.657370766	5.5969
0 6 8			-0.61		-1.09		0.37		0.31853	0.7694	64.1950429677	5.6946
1 5 9			-0.38		-1.47		0.6		0.31796	0.4394	58.984264935	17.7365
2 0 14			-0.44		-1.91		1.07		0.31722	0.2634	58.6945218607	7.3942
2 4 14			-0.14		-2.05		1.24		0.31755	0.5221	70.6383718296	19.4111
2 0 10			-0.01		-2.06		1.25		0.31711	0.6169	42.9543880851	20.236
9 1 1			-0.02		-2.08		1.28		0.31706	0.8793	87.9915459652	19.6393
3 3 9			0.0		-2.08		1.28		0.31659	0.3816	52.4524123761	12.0632
3 3 15			0.06		-2.01		1.2		0.31637	0.3402	73.0835579415	3.8877
0 4 8			-0.91		-2.92		13.7		0.31648	4.1351	47.9021960727	235.0989
3 1 9			0.05		-2.87		13.03		0.316	0.36	45.2950695798	8.7768
2 2 4			-0.03		-2.9		13.4		0.31549	0.7551	29.4672289371	73.6026
0 2 14			0.04		-2.86		12.9		0.31463	0.2479	58.6982494177	6.3292
6 2 2			-0.26		-3.12		17.45		0.3148	3.3001	58.5687226088	135.1206
3 5 9			0.05		-3.07		16.64		0.31501	0.4755	65.0802252419	19.5165
2 2 2			-0.19		-3.26		20.49		0.31512	1.1162	26.2109248846	125.5642
6 0 6			0.05		-3.22		19.6		0.31512	1.0815	60.1501886982	39.9969
1 3 9			0.04		-3.18		18.88		0.31456	0.2622	45.3040218183	7.1674
6 4 6			0.03		-3.14		18.27		0.31419	0.9247	71.9614498967	41.9809
0 2 20			0.04		-3.11		17.58		0.31392	0.4494	86.0769303832	2.8517
5 1 9			0.04		-3.07		16.93		0.31392	0.4583	58.9619928854	19.0838
0 0 18			0.04		-3.03		16.32		0.31399	0.6609	73.530655613	37.988
0 4 4			0.0		-3.03		16.32		0.31373	0.8482	39.0545896029	78.0016
4 4 10			0.02		-3.01		15.97		0.31421	0.6886	66.23802526	47.6672
0 6 18			0.03		-2.97		15.46		0.31416	0.7949	98.0280769063	1.8601
6 0 2			0.03		-2.95		15.03		0.31415	0.2214	55.354768557	5.4487
5 1 3			-0.02		-2.96		15.27		0.31421	0.9592	47.5591860667	88.1873
0 6 2			0.03		-2.94		14.89		0.3142	0.2356	55.3895592761	6.1752
0 0 2			-0.11		-3.05		16.78		0.31421	1.161	7.62646333295	98.931
6 4 2			0.03		-3.02		16.32		0.3142	0.2211	67.6401768609	4.8049
6 0 8			0.02		-3.0		15.97		0.31423	2.9234	64.163237895	5.3359
4 0 2			-0.13		-3.13		18.39		0.31428	1.7854	36.5531212028	138.5255
0 6 6			0.03		-3.1		17.92		0.3143	1.0147	60.183190367	40.9583
0 6 10			0.01		-3.09		17.68		0.31475	0.8527	69.1637693973	8.5049
4 2 10			0.02		-3.07		17.31		0.31496	1.1102	57.0442200735	11.3144
4 2 6			0.02		-3.05		16.95		0.31501	1.6049	46.7233273538	62.1975
0 6 14			0.01		-3.04		16.82		0.31515	0.9096	81.7552219026	27.2955
0 2 16			0.01		-3.03		16.69		0.31538	1.8687	67.2407114996	13.8307
2 2 0			-0.46		-3.49		30.76		0.31538	11.1953	25.0390113278	1035.9387
1 1 9			0.02		-3.47		30.21		0.31509	0.2216	37.1193146943	1.1702
6 0 10			0.02		-3.45		29.69		0.31536	1.0728	69.1331306246	8.9056
1 3 7			-0.02		-3.48		30.34		0.31629	0.1893	39.2755843192	5.3372
1 7 1			0.02		-3.46		29.85		0.31628	0.5219	65.7901743415	26.2984
5 5 5			-0.03		-3.49		30.74		0.31633	1.5862	69.0631626084	104.8873
0 0 10			0.02		-3.47		30.22		0.31649	0.8316	38.8438017949	41.7013
2 4 2			0.02		-3.46		29.75		0.31648	0.3828	40.8766170199	13.2501
0 2 12			0.02		-3.44		29.25		0.31631	0.3827	50.6142203783	17.5707
3 7 1			0.02		-3.42		28.76		0.3163	1.2822	71.5694631273	22.2453
3 1 3			0.0		-3.42		28.63		0.31632	1.2003	30.3814370344	67.5761
0 0 22			0.02		-3.4		28.17		0.31638	2.2765	94.0325860765	137.6091
5 1 1			0.01		-3.39		27.79		0.31637	0.5346	46.1701152	26.7419
0 2 10			0.02		-3.37		27.33		0.31632	0.4317	42.9590557724	21.0204
4 2 14			0.01		-3.36		26.93		0.31637	1.2576	70.6282605877	19.9713
4 2 2			0.01		-3.34		26.57		0.31636	0.457	40.8620305525	12.2524
5 5 1			0.02		-3.33		26.17		0.31636	0.5073	65.769247456	23.9531
0 4 16			0.01		-3.31		25.81		0.31645	1.5557	75.7704700384	94.8658
1 5 1			0.01		-3.3		25.51		0.31644	0.4978	46.196563203	27.3004
0 4 20			0.01		-3.29		25.16		0.3163	1.027	94.1654323607	18.6345
4 2 8			0.0		-3.29		25.14		0.31639	0.7605	51.4203212226	2.5419
0 6 0			0.01		-3.27		24.86		0.31639	1.4277	54.7714555341	59.4019
7 1 1			0.01		-3.26		24.57		0.31638	0.5207	65.7483230412	25.2044
5 3 1			0.01		-3.25		24.33		0.31637	0.5252	53.2386121167	32.835
4 0 10			0.01		-3.24		24.03		0.3165	0.6243	53.7713327333	45.2096
0 4 10			0.01		-3.23		23.75		0.31663	0.9893	53.7871001638	44.1425
0 2 18			0.01		-3.22		23.46		0.31641	0.3755	76.3208597895	3.7538
2 0 12			0.01		-3.2		23.19		0.31626	0.8079	50.6101057273	16.6151
2 0 16			0.01		-3.2		23.05		0.31643	0.5935	67.2372591268	11.8907
7 1 5			-0.03		-3.23		23.76		0.31645	1.5264	69.0427278305	98.726
0 0 4			0.0		-3.22		23.66		0.3164	0.8482	15.2869714585	59.1035
1 1 15			0.01		-3.22		23.49		0.31649	0.656	61.3839959686	20.6242
2 6 0			-0.12		-3.34		26.77		0.31649	4.3567	58.0028534629	558.9791
4 4 12			0.01		-3.33		26.49		0.31662	1.9475	72.2035773977	130.2426
0 0 20			0.01		-3.32		26.15		0.31663	0.4542	83.3712939521	4.3689
5 5 3			0.0		-3.31		26.08		0.31664	0.8107	66.8760743485	64.1048
6 0 0			0.01		-3.3		25.81		0.31664	0.7256	54.7363985401	55.434
3 5 1			0.01		-3.29		25.6		0.31664	0.5283	53.2544885252	31.9012
7 3 3			0.0		-3.29		25.5		0.31665	1.9283	72.601334037	69.5466
4 6 6			0.01		-3.28		25.26		0.3166	1.1903	71.9781772466	41.9784
0 4 18			0.0		-3.28		25.17		0.31613	0.8369	84.5238780681	17.4513
1 1 13			-0.02		-3.29		25.61		0.31667	0.3722	52.9310122384	10.9703
2 4 0			0.01		-3.29		25.48		0.31667	1.4359	40.0960076051	88.2765
1 5 13			-0.01		-3.3		25.76		0.31711	1.1973	71.2966048402	12.6128
0 6 12			-0.0		-3.3		25.82		0.31664	0.3425	75.0250979777	1.887
1 7 5			-0.02		-3.32		26.37		0.31666	1.0841	69.0835930101	99.7513