HKL Value		Reward		TotalReward	Chi Squared	Z Appr. 	Error	Two-Thetas	Sfs2
5 3 9			0.0		0.0		0.0		0.3	0.4833	65.0662013285	20.8409
0 2 14			0.0		0.0		3.24		0.31237	0.2479	58.6982494177	6.3292
0 0 16			0.66		0.66		1.96		0.31233	1.3342	64.286058028	116.6634
1 3 15			-0.16		0.5		2.33		0.31544	0.2862	67.3623786269	8.1809
4 0 12			-0.61		-0.12		6.03		0.32004	2.7435	60.4154589103	161.2613
4 6 0			0.25		0.13		4.83		0.32004	0.7863	67.1083315067	59.4729
6 4 0			0.2		0.33		4.03		0.32004	1.8287	67.0910631577	58.6803
1 5 9			0.01		0.34		4.0		0.31909	0.4394	58.984264935	17.7365
4 6 2			0.11		0.45		3.6		0.31904	0.2349	67.657370766	5.5969
2 4 14			0.04		0.49		3.47		0.31923	0.5221	70.6383718296	19.4111
1 3 9			-0.12		0.37		3.93		0.31777	0.2622	45.3040218183	7.1674
4 4 4			-0.28		0.09		5.49		0.31705	0.8476	53.9354251327	76.9211
3 1 9			0.05		0.13		5.25		0.31626	0.36	45.2950695798	8.7768
0 2 20			0.04		0.18		5.03		0.31494	0.4494	86.0769303832	2.8517
3 1 3			-0.19		-0.02		6.24		0.31503	1.2003	30.3814370344	67.5761
4 0 6			-0.73		-0.75		23.36		0.31586	5.3963	42.900258124	488.2208
9 1 1			0.06		-0.69		22.0		0.31584	0.8793	87.9915459652	19.6393
3 3 15			0.06		-0.63		20.7		0.31583	0.3402	73.0835579415	3.8877
4 4 2			-0.18		-0.8		25.18		0.31589	1.2125	52.0311030722	128.6454
6 4 6			0.04		-0.76		24.1		0.31569	0.9247	71.9614498967	41.9809
3 5 1			0.04		-0.72		23.28		0.31566	0.5283	53.2544885252	31.9012
3 1 7			-0.06		-0.79		24.86		0.3174	0.257	39.2655360855	5.205
2 4 10			0.05		-0.74		23.74		0.31747	0.607	57.0555982332	12.0937
0 0 18			0.04		-0.7		22.89		0.31693	0.6609	73.530655613	37.988
2 0 16			0.02		-0.68		22.41		0.3173	0.5935	67.2372591268	11.8907
2 0 10			0.04		-0.64		21.57		0.31721	0.6169	42.9543880851	20.236
0 6 8			0.04		-0.61		20.82		0.31725	0.7694	64.1950429677	5.6946
3 3 9			0.04		-0.57		20.11		0.31714	0.3816	52.4524123761	12.0632
3 1 15			0.04		-0.54		19.4		0.31721	0.2871	67.3554895111	7.7692
0 6 14			0.02		-0.52		19.08		0.31729	0.9096	81.7552219026	27.2955
3 5 9			0.03		-0.48		18.45		0.31729	0.4755	65.0802252419	19.5165
3 5 7			-0.04		-0.52		19.14		0.31803	0.2309	60.5203777188	5.6046
0 4 8			-0.23		-0.75		24.82		0.31806	4.1351	47.9021960727	235.0989
0 6 18			0.02		-0.73		24.31		0.31751	0.7949	98.0280769063	1.8601
6 0 6			0.03		-0.7		23.59		0.3175	1.0815	60.1501886982	39.9969
5 3 1			0.02		-0.68		23.17		0.31749	0.5252	53.2386121167	32.835
4 2 8			0.0		-0.68		23.14		0.3176	0.7605	51.4203212226	2.5419
5 1 1			0.02		-0.66		22.7		0.3176	0.5346	46.1701152	26.7419
0 6 10			0.02		-0.64		22.17		0.31771	0.8527	69.1637693973	8.5049
6 0 8			0.02		-0.61		21.66		0.31773	2.9234	64.163237895	5.3359
3 3 5			-0.1		-0.71		24.06		0.31778	1.3995	42.8396693434	151.0913
4 6 6			0.02		-0.69		23.63		0.31771	1.1903	71.9781772466	41.9784
6 0 2			0.02		-0.67		23.11		0.31771	0.2214	55.354768557	5.4487
1 5 13			-0.02		-0.69		23.52		0.31835	1.1973	71.2966048402	12.6128
2 0 14			0.02		-0.67		23.12		0.31827	0.2634	58.6945218607	7.3942
4 4 0			-0.23		-0.9		29.86		0.31827	4.9852	51.3853572345	648.027
2 4 8			0.01		-0.89		29.68		0.31839	0.1687	51.4325245866	2.4593
6 4 2			0.02		-0.87		29.06		0.31839	0.2211	67.6401768609	4.8049
5 1 11			-0.09		-0.96		32.03		0.31839	3.2753	64.7131722767	203.727
0 6 6			0.02		-0.94		31.38		0.31838	1.0147	60.183190367	40.9583
2 4 12			0.0		-0.94		31.31		0.31778	0.2205	63.4791913795	4.8908
0 6 2			0.02		-0.92		30.75		0.31778	0.2356	55.3895592761	6.1752
2 0 8			-0.04		-0.96		32.09		0.31811	0.1665	35.7565424018	1.5727
4 2 6			0.02		-0.94		31.5		0.31813	1.6049	46.7233273538	62.1975
2 0 12			0.01		-0.93		31.07		0.31789	0.8079	50.6101057273	16.6151
3 7 3			0.01		-0.92		30.86		0.3179	0.8954	72.6346668965	71.6226
1 1 9			0.01		-0.91		30.52		0.31767	0.2216	37.1193146943	1.1702
0 2 18			0.01		-0.9		30.11		0.31732	0.3755	76.3208597895	3.7538
6 0 10			0.02		-0.88		29.63		0.3174	1.0728	69.1331306246	8.9056
0 2 16			0.01		-0.87		29.25		0.31753	1.8687	67.2407114996	13.8307
5 1 9			0.02		-0.85		28.78		0.31749	0.4583	58.9619928854	19.0838
2 6 6			-0.06		-0.91		30.59		0.31761	5.383	63.2392339525	346.2148
1 1 7			-0.01		-0.92		30.88		0.31801	0.2012	29.7561292971	6.5386
0 4 18			0.0		-0.92		30.86		0.3174	0.8369	84.5238780681	17.4513
0 2 10			0.01		-0.91		30.4		0.31736	0.4317	42.9590557724	21.0204
4 2 10			0.02		-0.89		29.95		0.31739	1.1102	57.0442200735	11.3144
0 0 8			-0.06		-0.95		31.91		0.31739	2.1948	30.8548203523	183.9052
1 1 1			0.01		-0.95		31.68		0.31738	0.5749	13.0194761966	56.7652
0 4 16			0.01		-0.93		31.26		0.31744	1.5557	75.7704700384	94.8658
6 0 0			0.01		-0.92		30.87		0.31744	0.7256	54.7363985401	55.434
2 4 2			0.01		-0.91		30.52		0.31743	0.3828	40.8766170199	13.2501
6 0 12			-0.01		-0.92		30.86		0.31667	0.5892	74.995462768	0.9301
0 2 4			-0.03		-0.95		31.7		0.31667	1.326	23.4223631322	110.0283
1 3 7			-0.01		-0.95		31.99		0.31703	0.1893	39.2755843192	5.3372