HKL Value		Reward		TotalReward	Chi Squared	Z Appr. 	Error	Two-Thetas	Sfs2
5 3 9			0.0		0.0		0.0		0.3	0.4833	65.0662013285	20.8409
3 5 1			0.0		0.0		13.91		0.27531	0.5283	53.2544885252	31.9012
2 6 6			-0.82		-0.82		77.18		0.49995	5.383	63.2392339525	346.2148
0 0 20			-0.51		-1.33		156.6		0.49995	0.4542	83.3712939521	4.3689
4 0 0			-0.34		-1.66		236.46		0.49995	8.3901	35.6934066618	787.9925
0 0 16			0.25		-1.42		189.3		0.49995	1.3342	64.286058028	116.6634
0 2 10			0.19		-1.22		158.43		0.49995	0.4317	42.9590557724	21.0204
4 6 0			0.17		-1.05		135.8		0.49995	0.7863	67.1083315067	59.4729
6 4 0			0.14		-0.91		118.83		0.49995	1.8287	67.0910631577	58.6803
2 0 2			0.11		-0.8		106.71		0.49995	0.6502	19.2320929378	35.9547
1 3 15			0.11		-0.69		96.28		0.49995	0.2862	67.3623786269	8.1809
2 4 10			0.07		-0.62		89.64		0.49995	0.607	57.0555982332	12.0937
3 1 15			0.09		-0.53		82.35		0.49995	0.2871	67.3554895111	7.7692
0 0 18			-0.1		-0.63		91.86		0.49995	0.6609	73.530655613	37.988
3 5 9			0.07		-0.56		86.01		0.49995	0.4755	65.0802252419	19.5165
6 0 6			0.07		-0.49		80.42		0.49995	1.0815	60.1501886982	39.9969
4 6 2			0.05		-0.44		76.54		0.49995	0.2349	67.657370766	5.5969
0 2 20			0.06		-0.38		72.1		0.49995	0.4494	86.0769303832	2.8517
6 0 2			0.02		-0.36		70.68		0.49995	0.2214	55.354768557	5.4487
5 1 13			0.05		-0.31		67.31		0.49995	0.4567	71.2764535317	11.3258
5 5 5			-0.01		-0.32		67.86		0.49995	1.5862	69.0631626084	104.8873
9 1 1			0.04		-0.28		65.13		0.49995	0.8793	87.9915459652	19.6393
5 1 11			-0.07		-0.35		69.97		0.49995	3.2753	64.7131722767	203.727
0 6 8			0.04		-0.31		67.31		0.49995	0.7694	64.1950429677	5.6946
2 4 14			0.04		-0.26		64.52		0.49995	0.5221	70.6383718296	19.4111
3 7 5			-0.0		-0.26		64.63		0.49995	1.0548	74.7470539899	89.5814
1 5 9			0.03		-0.23		62.54		0.49995	0.4394	58.984264935	17.7365
7 3 5			-0.0		-0.23		62.66		0.49995	1.0496	74.7140851895	88.0788
6 0 8			0.03		-0.2		60.78		0.49995	2.9234	64.163237895	5.3359
3 3 15			0.04		-0.17		58.7		0.49995	0.3402	73.0835579415	3.8877
0 2 22			0.02		-0.14		57.36		0.49995	1.8317	96.7387030121	97.213
5 1 9			0.03		-0.12		55.87		0.49995	0.4583	58.9619928854	19.0838
3 1 9			0.03		-0.09		54.18		0.49995	0.36	45.2950695798	8.7768
3 3 9			0.03		-0.06		52.66		0.49995	0.3816	52.4524123761	12.0632
0 4 4			0.03		-0.03		51.26		0.49995	0.8482	39.0545896029	78.0016
0 2 14			0.03		-0.0		49.82		0.49995	0.2479	58.6982494177	6.3292
0 6 2			0.01		0.01		49.55		0.49995	0.2356	55.3895592761	6.1752
2 0 10			0.03		0.03		48.34		0.49995	0.6169	42.9543880851	20.236
1 3 9			0.03		0.06		47.09		0.49995	0.2622	45.3040218183	7.1674
2 2 4			0.02		0.08		45.97		0.49995	0.7551	29.4672289371	73.6026
1 1 11			-0.13		-0.05		52.82		0.49995	2.144	44.8525636461	378.5934
1 3 7			0.02		-0.02		51.57		0.49995	0.1893	39.2755843192	5.3372
5 5 7			0.02		-0.0		50.37		0.49995	0.6639	72.2860687267	4.3062
6 2 4			0.02		0.02		49.33		0.49995	0.8727	60.3342977717	77.9073
6 4 2			0.01		0.03		48.72		0.49995	0.2211	67.6401768609	4.8049
0 6 6			0.02		0.05		47.68		0.49995	1.0147	60.183190367	40.9583
0 6 0			0.02		0.07		46.78		0.49995	1.4277	54.7714555341	59.4019
0 6 18			-0.16		-0.09		55.76		0.49995	0.7949	98.0280769063	1.8601
6 4 6			0.02		-0.07		54.91		0.49995	0.9247	71.9614498967	41.9809
2 0 14			0.02		-0.05		53.8		0.49995	0.2634	58.6945218607	7.3942
0 6 10			0.0		-0.05		53.59		0.49995	0.8527	69.1637693973	8.5049
2 4 8			0.02		-0.03		52.79		0.49995	0.1687	51.4325245866	2.4593
0 2 12			-0.01		-0.04		53.1		0.49995	0.3827	50.6142203783	17.5707
3 1 3			0.0		-0.04		52.97		0.49995	1.2003	30.3814370344	67.5761
4 2 10			0.01		-0.03		52.47		0.49995	1.1102	57.0442200735	11.3144
3 1 5			-0.03		-0.06		54.3		0.49995	2.8985	34.1781376955	186.2389
2 4 4			0.01		-0.05		53.79		0.49995	0.8182	43.1484985256	64.6996
3 7 1			0.01		-0.04		53.06		0.49995	1.2822	71.5694631273	22.2453
1 5 13			0.02		-0.02		52.28		0.49995	1.1973	71.2966048402	12.6128
6 0 10			0.0		-0.02		52.08		0.49995	1.0728	69.1331306246	8.9056
4 2 6			0.02		-0.0		51.22		0.49995	1.6049	46.7233273538	62.1975
0 4 20			-0.01		-0.01		51.96		0.49995	1.027	94.1654323607	18.6345
4 2 2			0.01		-0.0		51.22		0.49995	0.457	40.8620305525	12.2524
0 2 16			0.01		0.01		50.61		0.49995	1.8687	67.2407114996	13.8307
4 4 10			0.01		0.02		50.28		0.49995	0.6886	66.23802526	47.6672
5 3 7			0.02		0.03		49.53		0.49995	0.2523	60.5057581853	5.4388
1 1 9			0.01		0.04		49.04		0.49995	0.2216	37.1193146943	1.1702
7 1 7			0.01		0.06		48.34		0.49995	0.3505	72.2660298289	5.0526
4 0 10			0.0		0.06		48.15		0.49995	0.6243	53.7713327333	45.2096
0 4 14			0.01		0.07		47.82		0.49995	1.2337	67.7597167724	121.3788
4 6 6			0.01		0.08		47.35		0.49995	1.1903	71.9781772466	41.9784
0 4 12			0.01		0.09		46.69		0.49995	1.4889	60.4300914167	161.7651
4 0 2			0.01		0.1		46.38		0.49995	1.7854	36.5531212028	138.5255
4 2 14			0.01		0.11		45.76		0.49995	1.2576	70.6282605877	19.9713
0 4 16			0.01		0.12		45.22		0.49995	1.5557	75.7704700384	94.8658
2 2 10			0.0		0.13		45.07		0.49995	0.6429	46.7739448495	44.8949
1 7 1			0.01		0.14		44.69		0.49995	0.5219	65.7901743415	26.2984
0 4 10			0.0		0.14		44.6		0.49995	0.9893	53.7871001638	44.1425
0 0 22			0.01		0.15		44.06		0.49995	2.2765	94.0325860765	137.6091
0 2 0			-0.0		0.15		44.1		0.49995	1.4407	17.6394681947	177.2483
0 4 18			-0.1		0.05		48.91		0.49995	0.8369	84.5238780681	17.4513
6 4 4			0.01		0.06		48.38		0.49995	0.6669	69.2748711385	33.991
5 5 1			0.01		0.07		47.94		0.49995	0.5073	65.769247456	23.9531
2 4 2			0.01		0.08		47.41		0.49995	0.3828	40.8766170199	13.2501
2 0 12			-0.01		0.08		47.75		0.49995	0.8079	50.6101057273	16.6151
0 4 8			-0.01		0.07		48.2		0.49995	4.1351	47.9021960727	235.0989
5 1 1			0.01		0.07		47.84		0.49995	0.5346	46.1701152	26.7419
2 0 16			0.01		0.08		47.5		0.49995	0.5935	67.2372591268	11.8907
0 6 14			0.01		0.09		46.98		0.49995	0.9096	81.7552219026	27.2955
0 2 18			-0.08		0.02		50.88		0.49995	0.3755	76.3208597895	3.7538
7 1 1			0.01		0.02		50.5		0.49995	0.5207	65.7483230412	25.2044
4 4 8			-0.01		0.02		50.83		0.49995	3.9407	61.1479986878	218.5721
0 0 10			0.0		0.02		50.68		0.49995	0.8316	38.8438017949	41.7013
2 2 8			-0.01		0.01		51.08		0.49995	1.8488	40.1384116224	216.1995
4 0 4			0.01		0.02		50.59		0.49995	1.2165	39.0343929222	79.1487
2 2 16			0.01		0.03		50.07		0.49995	1.1693	70.1293332912	108.6018
4 4 4			0.01		0.04		49.59		0.49995	0.8476	53.9354251327	76.9211
5 3 1			0.01		0.05		49.29		0.49995	0.5252	53.2386121167	32.835
6 0 0			0.01		0.06		48.84		0.49995	0.7256	54.7363985401	55.434
3 3 1			0.01		0.06		48.55		0.49995	0.5106	38.1558496662	33.1617
4 2 12			-0.03		0.04		49.82		0.49995	0.2244	63.468523569	4.7972
3 3 13			0.01		0.05		49.38		0.49995	0.5636	65.4922780779	9.1158