HKL Value		Reward		TotalReward	Chi Squared	Z Appr. 	Error	Two-Thetas	Sfs2
5 3 9			0.0		0.0		0.0		0.3	0.4833	65.0662013285	20.8409
0 0 16			0.0		0.0		0.04		0.31779	1.3342	64.286058028	116.6634
1 3 15			-0.24		-0.24		0.06		0.31824	0.2862	67.3623786269	8.1809
4 2 14			-0.94		-1.18		0.99		0.31858	1.2576	70.6282605877	19.9713
4 6 0			0.31		-0.86		0.75		0.31858	0.7863	67.1083315067	59.4729
6 4 0			0.24		-0.62		0.6		0.31858	1.8287	67.0910631577	58.6803
3 3 15			-0.19		-0.81		0.75		0.31744	0.3402	73.0835579415	3.8877
4 6 2			0.0		-0.81		0.75		0.3174	0.2349	67.657370766	5.5969
0 2 20			-0.4		-1.21		1.25		0.31529	0.4494	86.0769303832	2.8517
1 5 9			0.08		-1.13		1.15		0.31512	0.4394	58.984264935	17.7365
0 2 14			-0.17		-1.3		1.39		0.31448	0.2479	58.6982494177	6.3292
2 4 14			-0.18		-1.48		1.69		0.31486	0.5221	70.6383718296	19.4111
6 4 6			-0.1		-1.57		1.87		0.31454	0.9247	71.9614498967	41.9809
2 4 10			-0.01		-1.59		1.9		0.31498	0.607	57.0555982332	12.0937
0 0 18			0.07		-1.52		1.77		0.31482	0.6609	73.530655613	37.988
1 3 9			-0.02		-1.53		1.8		0.31452	0.2622	45.3040218183	7.1674
9 1 1			0.01		-1.52		1.78		0.3145	0.8793	87.9915459652	19.6393
0 0 14			-0.66		-2.18		5.2		0.31456	0.8389	55.4890953336	74.9432
3 1 9			0.05		-2.13		4.96		0.31438	0.36	45.2950695798	8.7768
2 0 10			0.05		-2.07		4.7		0.31433	0.6169	42.9543880851	20.236
0 6 8			0.02		-2.05		4.61		0.31436	0.7694	64.1950429677	5.6946
3 3 9			0.05		-2.0		4.4		0.3143	0.3816	52.4524123761	12.0632
3 1 15			0.02		-1.98		4.3		0.31451	0.2871	67.3554895111	7.7692
3 5 9			0.04		-1.94		4.14		0.31461	0.4755	65.0802252419	19.5165
0 6 14			-0.07		-2.02		4.47		0.31484	0.9096	81.7552219026	27.2955
6 0 6			0.04		-1.98		4.3		0.31484	1.0815	60.1501886982	39.9969
0 6 18			0.04		-1.94		4.14		0.31473	0.7949	98.0280769063	1.8601
0 6 10			-0.03		-1.97		4.25		0.31513	0.8527	69.1637693973	8.5049
4 6 4			-0.14		-2.11		4.96		0.31512	1.0731	69.291881243	33.3045
6 0 8			0.01		-2.1		4.9		0.31515	2.9234	64.163237895	5.3359
4 2 8			-0.12		-2.21		5.56		0.31527	0.7605	51.4203212226	2.5419
4 6 6			0.01		-2.21		5.52		0.31515	1.1903	71.9781772466	41.9784
6 0 2			0.02		-2.19		5.41		0.31514	0.2214	55.354768557	5.4487
2 6 6			-0.44		-2.62		9.62		0.31551	5.383	63.2392339525	346.2148
2 0 14			0.02		-2.6		9.42		0.31534	0.2634	58.6945218607	7.3942
1 1 5			-0.36		-2.96		14.71		0.31544	1.9661	22.8949597146	247.5537
6 4 2			0.03		-2.93		14.31		0.31544	0.2211	67.6401768609	4.8049
0 6 6			0.03		-2.91		13.93		0.31544	1.0147	60.183190367	40.9583
0 4 8			-0.26		-3.17		18.86		0.31546	4.1351	47.9021960727	235.0989
0 6 2			0.02		-3.15		18.44		0.31546	0.2356	55.3895592761	6.1752
3 3 1			0.01		-3.13		18.17		0.31544	0.5106	38.1558496662	33.1617
7 1 5			-0.07		-3.2		19.57		0.31549	1.5264	69.0427278305	98.726
4 2 6			0.02		-3.18		19.15		0.31554	1.6049	46.7233273538	62.1975
5 3 1			0.01		-3.17		18.89		0.31552	0.5252	53.2386121167	32.835
1 1 9			0.02		-3.15		18.6		0.31521	0.2216	37.1193146943	1.1702
1 7 1			0.02		-3.14		18.32		0.31519	0.5219	65.7901743415	26.2984
6 0 10			0.02		-3.12		18.05		0.31547	1.0728	69.1331306246	8.9056
5 1 9			0.02		-3.1		17.67		0.31544	0.4583	58.9619928854	19.0838
0 2 16			0.01		-3.09		17.52		0.31566	1.8687	67.2407114996	13.8307
0 2 10			0.02		-3.07		17.17		0.3156	0.4317	42.9590557724	21.0204
0 0 2			-0.07		-3.14		18.45		0.31561	1.161	7.62646333295	98.931
0 4 16			0.02		-3.13		18.18		0.31574	1.5557	75.7704700384	94.8658
3 1 5			-0.12		-3.25		20.7		0.3158	2.8985	34.1781376955	186.2389
5 1 1			0.01		-3.23		20.43		0.31579	0.5346	46.1701152	26.7419
4 2 10			0.02		-3.22		20.09		0.31591	1.1102	57.0442200735	11.3144
2 0 8			-0.07		-3.29		21.68		0.31628	0.1665	35.7565424018	1.5727
7 1 3			-0.0		-3.29		21.74		0.31631	1.4031	66.8553232335	91.2915
0 2 22			0.0		-3.29		21.71		0.31647	1.8317	96.7387030121	97.213
6 0 0			0.01		-3.28		21.41		0.31647	0.7256	54.7363985401	55.434
2 4 2			0.01		-3.27		21.15		0.31646	0.3828	40.8766170199	13.2501
3 7 1			0.01		-3.25		20.84		0.31645	1.2822	71.5694631273	22.2453
1 5 1			0.01		-3.24		20.61		0.31644	0.4978	46.196563203	27.3004
0 2 12			0.01		-3.23		20.33		0.31625	0.3827	50.6142203783	17.5707
1 3 7			-0.03		-3.25		20.87		0.31697	0.1893	39.2755843192	5.3372
2 4 8			-0.0		-3.25		20.92		0.31707	0.1687	51.4325245866	2.4593
0 0 6			-0.2		-3.45		26.16		0.31732	7.4326	23.0169618987	709.6598