HKL Value		Reward		TotalReward	Chi Squared	Z Appr. 	Error	Two-Thetas	Sfs2
5 3 9			0.0		0.0		0.0		0.3	0.4833	65.0662013285	20.8409
0 0 16			0.0		0.0		0.04		0.31779	1.3342	64.286058028	116.6634
4 6 0			0.04		0.04		0.04		0.31779	0.7863	67.1083315067	59.4729
1 3 15			-0.18		-0.15		0.05		0.31824	0.2862	67.3623786269	8.1809
6 4 0			0.23		0.08		0.04		0.31824	1.8287	67.0910631577	58.6803
2 4 10			-0.04		0.04		0.05		0.31839	0.607	57.0555982332	12.0937
3 1 15			0.2		0.24		0.04		0.31839	0.2871	67.3554895111	7.7692
3 5 9			-0.04		0.2		0.04		0.31833	0.4755	65.0802252419	19.5165
4 6 2			-0.71		-0.5		0.13		0.31829	0.2349	67.657370766	5.5969
6 0 6			-0.03		-0.53		0.14		0.31823	1.0815	60.1501886982	39.9969
1 3 9			-0.82		-1.36		0.78		0.31714	0.2622	45.3040218183	7.1674
2 0 6			-0.65		-2.01		2.24		0.31767	1.6278	29.1406672869	128.8477
0 4 16			0.01		-2.0		2.22		0.31821	1.5557	75.7704700384	94.8658
3 1 9			-0.06		-2.06		2.37		0.31758	0.36	45.2950695798	8.7768
0 6 8			0.01		-2.06		2.36		0.31771	0.7694	64.1950429677	5.6946
5 1 9			0.04		-2.02		2.28		0.31742	0.4583	58.9619928854	19.0838
6 0 0			-0.06		-2.08		2.43		0.31742	0.7256	54.7363985401	55.434
2 2 14			-0.67		-2.75		7.25		0.3174	1.0835	61.7979105177	101.9829
6 0 8			0.04		-2.71		6.99		0.31754	2.9234	64.163237895	5.3359
2 4 14			0.03		-2.68		6.78		0.31773	0.5221	70.6383718296	19.4111
1 5 9			0.04		-2.64		6.53		0.31738	0.4394	58.984264935	17.7365
9 1 1			0.04		-2.61		6.29		0.31735	0.8793	87.9915459652	19.6393
1 1 7			-0.21		-2.82		7.99		0.31942	0.2012	29.7561292971	6.5386
0 6 10			0.04		-2.78		7.67		0.31957	0.8527	69.1637693973	8.5049
0 6 2			0.03		-2.75		7.46		0.31956	0.2356	55.3895592761	6.1752
3 3 15			0.02		-2.73		7.34		0.31893	0.3402	73.0835579415	3.8877
6 0 2			0.03		-2.7		7.14		0.31893	0.2214	55.354768557	5.4487
0 2 14			-0.01		-2.71		7.2		0.31873	0.2479	58.6982494177	6.3292
3 1 11			-0.54		-3.26		15.82		0.31874	2.3814	52.0481274199	292.2152
0 2 18			0.01		-3.25		15.64		0.31757	0.3755	76.3208597895	3.7538
2 0 10			0.03		-3.21		15.17		0.31746	0.6169	42.9543880851	20.236
3 3 9			0.03		-3.18		14.73		0.31734	0.3816	52.4524123761	12.0632
0 0 20			0.03		-3.15		14.27		0.31731	0.4542	83.3712939521	4.3689
3 1 3			-0.02		-3.17		14.49		0.31734	1.2003	30.3814370344	67.5761
0 6 6			0.03		-3.14		14.07		0.31733	1.0147	60.183190367	40.9583
6 4 6			0.02		-3.12		13.83		0.31722	0.9247	71.9614498967	41.9809
0 0 18			0.02		-3.1		13.55		0.31681	0.6609	73.530655613	37.988
0 6 18			0.02		-3.08		13.27		0.31647	0.7949	98.0280769063	1.8601
1 7 7			-0.04		-3.12		13.87		0.31703	0.4353	72.3061031614	6.1143
0 2 20			0.01		-3.11		13.71		0.31659	0.4494	86.0769303832	2.8517
6 4 2			0.02		-3.09		13.38		0.31658	0.2211	67.6401768609	4.8049
2 0 14			0.02		-3.07		13.15		0.31649	0.2634	58.6945218607	7.3942
4 2 10			0.02		-3.05		12.86		0.31656	1.1102	57.0442200735	11.3144
6 0 10			0.02		-3.03		12.64		0.31668	1.0728	69.1331306246	8.9056
2 2 16			0.02		-3.01		12.37		0.3167	1.1693	70.1293332912	108.6018
4 2 6			0.02		-2.99		12.12		0.31672	1.6049	46.7233273538	62.1975
3 7 1			0.02		-2.97		11.91		0.31671	1.2822	71.5694631273	22.2453
6 2 2			-0.14		-3.11		13.86		0.31674	3.3001	58.5687226088	135.1206
0 2 12			0.02		-3.09		13.65		0.31659	0.3827	50.6142203783	17.5707
0 2 16			0.01		-3.09		13.54		0.31673	1.8687	67.2407114996	13.8307
4 2 2			0.01		-3.07		13.38		0.31672	0.457	40.8620305525	12.2524
5 1 1			0.01		-3.06		13.25		0.31672	0.5346	46.1701152	26.7419
0 0 10			0.01		-3.05		13.06		0.31683	0.8316	38.8438017949	41.7013
0 0 22			0.02		-3.03		12.86		0.31686	2.2765	94.0325860765	137.6091
4 4 10			0.02		-3.02		12.66		0.31693	0.6886	66.23802526	47.6672
1 1 9			0.0		-3.01		12.6		0.31675	0.2216	37.1193146943	1.1702
1 7 1			0.01		-3.0		12.48		0.31674	0.5219	65.7901743415	26.2984
0 6 14			0.0		-3.0		12.45		0.31679	0.9096	81.7552219026	27.2955
0 4 20			0.01		-2.99		12.3		0.31668	1.027	94.1654323607	18.6345
4 2 14			0.01		-2.98		12.15		0.31672	1.2576	70.6282605877	19.9713
0 2 10			0.02		-2.96		11.97		0.31667	0.4317	42.9590557724	21.0204
0 4 10			0.01		-2.95		11.84		0.31678	0.9893	53.7871001638	44.1425
0 4 18			-0.01		-2.96		11.94		0.31629	0.8369	84.5238780681	17.4513
4 0 10			0.01		-2.95		11.81		0.31638	0.6243	53.7713327333	45.2096
3 3 3			-0.01		-2.96		11.96		0.31639	0.8081	39.7679129272	70.9373
2 4 2			0.01		-2.95		11.87		0.31639	0.3828	40.8766170199	13.2501
5 5 1			0.01		-2.94		11.72		0.31638	0.5073	65.769247456	23.9531
2 0 12			0.01		-2.93		11.6		0.31626	0.8079	50.6101057273	16.6151
0 6 0			0.01		-2.92		11.53		0.31626	1.4277	54.7714555341	59.4019
2 0 16			-0.0		-2.93		11.55		0.31639	0.5935	67.2372591268	11.8907
7 1 1			0.01		-2.92		11.47		0.31639	0.5207	65.7483230412	25.2044
4 2 8			-0.01		-2.93		11.64		0.31644	0.7605	51.4203212226	2.5419
6 2 10			0.01		-2.92		11.54		0.31653	0.7103	71.9901825081	43.9921
1 1 15			0.0		-2.92		11.53		0.3166	0.656	61.3839959686	20.6242
4 6 6			0.01		-2.92		11.44		0.31656	1.1903	71.9781772466	41.9784
1 1 17			-0.17		-3.09		13.79		0.31635	2.447	70.2810461715	248.4175
4 0 0			-0.31		-3.39		19.87		0.31635	8.3901	35.6934066618	787.9925
1 3 3			-0.0		-3.39		19.88		0.31635	0.7045	30.3940112777	66.1614