HKL Value		Reward		TotalReward	Chi Squared	Z Appr. 	Error	Two-Thetas	Sfs2
2 4 10			0.0		0.0		0.0		0.3	0.607	57.0555982332	12.0937
0 4 18			0.0		0.0		6.73		0.31268	0.8369	84.5238780681	17.4513
5 3 9			0.55		0.55		4.35		0.31323	0.4833	65.0662013285	20.8409
0 0 16			0.4		0.95		3.11		0.31329	1.3342	64.286058028	116.6634
7 1 3			-0.65		0.3		8.84		0.3135	1.4031	66.8553232335	91.2915
1 3 15			0.15		0.45		7.69		0.31397	0.2862	67.3623786269	8.1809
0 4 10			-0.01		0.44		7.74		0.31506	0.9893	53.7871001638	44.1425
4 6 0			0.17		0.61		6.64		0.31505	0.7863	67.1083315067	59.4729
4 0 4			-0.17		0.43		8.05		0.31465	1.2165	39.0343929222	79.1487
3 1 15			0.09		0.52		7.37		0.31499	0.2871	67.3554895111	7.7692
3 5 9			0.1		0.63		6.68		0.31512	0.4755	65.0802252419	19.5165
6 4 0			0.1		0.73		6.07		0.31512	1.8287	67.0910631577	58.6803
3 3 15			0.09		0.82		5.57		0.31519	0.3402	73.0835579415	3.8877
1 1 7			-0.43		0.39		9.77		0.317	0.2012	29.7561292971	6.5386
2 6 10			0.05		0.44		9.29		0.31723	0.7069	72.0169435829	44.7171
0 6 8			0.05		0.49		8.83		0.31727	0.7694	64.1950429677	5.6946
0 0 12			-0.27		0.22		12.09		0.31803	3.2426	47.0346015839	274.3783
1 5 9			0.05		0.27		11.5		0.31791	0.4394	58.984264935	17.7365
4 0 0			-0.69		-0.42		37.31		0.31791	8.3901	35.6934066618	787.9925
6 0 6			0.06		-0.36		35.35		0.3179	1.0815	60.1501886982	39.9969
0 2 14			0.04		-0.32		33.97		0.31773	0.2479	58.6982494177	6.3292
3 1 9			0.04		-0.28		32.54		0.31755	0.36	45.2950695798	8.7768
4 0 10			0.04		-0.24		31.15		0.3177	0.6243	53.7713327333	45.2096
2 4 14			0.04		-0.19		29.92		0.31775	0.5221	70.6383718296	19.4111
2 0 10			0.04		-0.15		28.74		0.31767	0.6169	42.9543880851	20.236
4 6 2			0.04		-0.11		27.63		0.31767	0.2349	67.657370766	5.5969
9 1 1			0.04		-0.08		26.62		0.31765	0.8793	87.9915459652	19.6393
5 1 9			0.04		-0.04		25.68		0.31757	0.4583	58.9619928854	19.0838
3 3 9			0.03		-0.0		24.83		0.31747	0.3816	52.4524123761	12.0632
1 3 9			0.03		0.02		24.18		0.31726	0.2622	45.3040218183	7.1674
1 5 7			-0.03		-0.01		24.96		0.31806	0.6035	54.1236034243	4.2528
6 4 6			0.02		0.02		24.36		0.31798	0.9247	71.9614498967	41.9809
0 2 20			0.02		0.03		23.99		0.31732	0.4494	86.0769303832	2.8517
0 4 2			-0.09		-0.06		26.49		0.31734	3.2657	36.5744795411	137.7475
6 0 2			0.03		-0.03		25.77		0.31734	0.2214	55.354768557	5.4487
0 6 2			0.03		-0.01		25.11		0.31734	0.2356	55.3895592761	6.1752
0 6 18			0.02		0.01		24.55		0.317	0.7949	98.0280769063	1.8601
4 2 10			0.03		0.04		23.9		0.31705	1.1102	57.0442200735	11.3144
6 4 2			0.03		0.07		23.29		0.31704	0.2211	67.6401768609	4.8049
0 0 18			0.02		0.09		22.78		0.31683	0.6609	73.530655613	37.988
6 0 8			0.02		0.11		22.28		0.31685	2.9234	64.163237895	5.3359
0 2 10			0.02		0.14		21.77		0.3168	0.4317	42.9590557724	21.0204
0 6 6			0.02		0.16		21.25		0.3168	1.0147	60.183190367	40.9583
5 3 11			-0.14		0.02		24.68		0.31679	1.8677	70.5420870211	204.0714
4 6 6			0.02		0.04		24.24		0.31673	1.1903	71.9781772466	41.9784
4 2 6			0.02		0.06		23.73		0.31675	1.6049	46.7233273538	62.1975
2 0 14			0.02		0.08		23.31		0.31668	0.2634	58.6945218607	7.3942
6 0 10			0.02		0.1		22.88		0.31678	1.0728	69.1331306246	8.9056
1 1 9			0.01		0.11		22.59		0.3166	0.2216	37.1193146943	1.1702
0 2 16			0.01		0.12		22.3		0.31673	1.8687	67.2407114996	13.8307
0 6 10			0.02		0.14		21.93		0.31683	0.8527	69.1637693973	8.5049
0 2 12			0.02		0.16		21.58		0.3167	0.3827	50.6142203783	17.5707
2 2 10			0.02		0.17		21.21		0.31678	0.6429	46.7739448495	44.8949
1 7 1			0.01		0.19		20.93		0.31678	0.5219	65.7901743415	26.2984
3 7 1			0.02		0.2		20.59		0.31677	1.2822	71.5694631273	22.2453
0 6 14			0.01		0.21		20.41		0.31681	0.9096	81.7552219026	27.2955
0 0 10			0.02		0.23		20.1		0.3169	0.8316	38.8438017949	41.7013
0 0 22			0.02		0.24		19.79		0.31693	2.2765	94.0325860765	137.6091
5 1 1			0.01		0.26		19.57		0.31693	0.5346	46.1701152	26.7419
4 2 14			0.01		0.27		19.3		0.31695	1.2576	70.6282605877	19.9713
4 2 2			0.01		0.28		19.07		0.31694	0.457	40.8620305525	12.2524
1 3 5			-0.1		0.18		21.25		0.31698	3.1323	34.189462707	190.138
0 4 16			0.01		0.19		20.95		0.31704	1.5557	75.7704700384	94.8658
2 4 2			0.01		0.2		20.72		0.31704	0.3828	40.8766170199	13.2501
6 2 8			-0.11		0.09		23.34		0.31705	3.3751	67.1207225085	222.106
0 4 20			0.01		0.1		23.04		0.31696	1.027	94.1654323607	18.6345
5 5 1			0.01		0.12		22.73		0.31695	0.5073	65.769247456	23.9531
7 1 1			0.01		0.13		22.47		0.31695	0.5207	65.7483230412	25.2044
4 2 8			-0.0		0.13		22.48		0.31701	0.7605	51.4203212226	2.5419
4 4 10			0.01		0.14		22.17		0.31707	0.6886	66.23802526	47.6672
2 2 14			-0.04		0.1		23.06		0.31707	1.0835	61.7979105177	101.9829
5 3 1			0.01		0.11		22.86		0.31707	0.5252	53.2386121167	32.835
2 4 12			0.0		0.12		22.82		0.31671	0.2205	63.4791913795	4.8908
0 2 18			0.01		0.13		22.55		0.31653	0.3755	76.3208597895	3.7538
0 0 20			0.01		0.14		22.25		0.31655	0.4542	83.3712939521	4.3689
2 0 12			0.01		0.15		22.01		0.31644	0.8079	50.6101057273	16.6151
4 4 12			0.01		0.16		21.79		0.31654	1.9475	72.2035773977	130.2426
2 0 16			0.01		0.17		21.67		0.31666	0.5935	67.2372591268	11.8907
6 0 0			0.01		0.18		21.45		0.31666	0.7256	54.7363985401	55.434
1 5 5			-0.04		0.13		22.46		0.31667	1.8923	50.2743192378	127.3636
0 6 0			0.01		0.14		22.26		0.31667	1.4277	54.7714555341	59.4019
3 1 3			0.0		0.14		22.25		0.31668	1.2003	30.3814370344	67.5761
1 1 15			0.01		0.15		22.11		0.31675	0.656	61.3839959686	20.6242
3 5 1			0.01		0.16		21.94		0.31674	0.5283	53.2544885252	31.9012
1 3 7			-0.02		0.14		22.3		0.31708	0.1893	39.2755843192	5.3372
0 2 6			0.0		0.14		22.26		0.31712	1.1672	29.1471999487	131.5155
1 5 13			-0.01		0.13		22.54		0.31747	1.1973	71.2966048402	12.6128
0 4 6			-0.1		0.02		25.19		0.31756	3.7688	42.9189471786	481.9509
1 3 13			-0.01		0.01		25.45		0.31791	0.3907	59.4200243294	11.5335