HKL Value		Reward		TotalReward	Chi Squared	Z Appr. 	Error	Two-Thetas	Sfs2
5 3 9			0.0		0.0		0.0		0.3	0.4833	65.0662013285	20.8409
0 0 16			0.0		0.0		0.04		0.31779	1.3342	64.286058028	116.6634
0 2 20			-0.96		-0.96		1.01		0.31416	0.4494	86.0769303832	2.8517
1 3 15			-0.33		-1.29		1.51		0.31477	0.2862	67.3623786269	8.1809
0 0 14			-0.91		-2.19		16.12		0.31493	0.8389	55.4890953336	74.9432
4 6 0			0.25		-1.94		12.91		0.31493	0.7863	67.1083315067	59.4729
6 4 0			0.2		-1.74		10.76		0.31493	1.8287	67.0910631577	58.6803
2 4 10			0.14		-1.61		9.47		0.31545	0.607	57.0555982332	12.0937
0 4 8			-0.72		-2.33		33.46		0.31553	4.1351	47.9021960727	235.0989
4 6 2			0.12		-2.2		29.82		0.31551	0.2349	67.657370766	5.5969
3 1 15			0.11		-2.1		26.97		0.31585	0.2871	67.3554895111	7.7692
3 3 15			0.1		-2.0		24.52		0.31584	0.3402	73.0835579415	3.8877
3 3 9			0.09		-1.91		22.53		0.31566	0.3816	52.4524123761	12.0632
9 1 1			0.08		-1.83		20.91		0.31564	0.8793	87.9915459652	19.6393
2 0 10			0.08		-1.76		19.45		0.3155	0.6169	42.9543880851	20.236
0 6 8			0.06		-1.7		18.33		0.31557	0.7694	64.1950429677	5.6946
5 5 1			0.06		-1.64		17.31		0.31554	0.5073	65.769247456	23.9531
1 5 9			0.06		-1.58		16.32		0.31539	0.4394	58.984264935	17.7365
2 4 14			0.04		-1.53		15.64		0.31561	0.5221	70.6383718296	19.4111
6 4 6			0.04		-1.49		15.05		0.31538	0.9247	71.9614498967	41.9809
0 2 14			0.04		-1.46		14.5		0.31489	0.2479	58.6982494177	6.3292
3 1 7			-0.13		-1.59		16.69		0.31701	0.257	39.2655360855	5.205
1 3 9			0.03		-1.55		16.16		0.31669	0.2622	45.3040218183	7.1674
3 1 9			0.04		-1.52		15.57		0.31648	0.36	45.2950695798	8.7768
6 0 6			0.04		-1.47		14.92		0.31648	1.0815	60.1501886982	39.9969
3 5 9			0.04		-1.43		14.33		0.3165	0.4755	65.0802252419	19.5165
0 0 18			0.03		-1.4		13.85		0.31615	0.6609	73.530655613	37.988
0 6 18			0.03		-1.36		13.4		0.31589	0.7949	98.0280769063	1.8601
0 6 2			0.03		-1.33		13.01		0.31588	0.2356	55.3895592761	6.1752
6 0 2			0.03		-1.3		12.63		0.31587	0.2214	55.354768557	5.4487
5 1 5			-0.19		-1.49		15.58		0.31592	1.1901	50.2495039981	127.1383
6 4 2			0.03		-1.46		15.09		0.31591	0.2211	67.6401768609	4.8049
6 0 8			0.03		-1.43		14.72		0.31594	2.9234	64.163237895	5.3359
5 1 9			0.03		-1.4		14.28		0.3159	0.4583	58.9619928854	19.0838
0 6 6			0.03		-1.37		13.86		0.3159	1.0147	60.183190367	40.9583
6 0 10			0.02		-1.35		13.59		0.31611	1.0728	69.1331306246	8.9056
0 6 10			0.02		-1.34		13.34		0.31631	0.8527	69.1637693973	8.5049
0 6 14			0.01		-1.33		13.27		0.31639	0.9096	81.7552219026	27.2955
2 0 14			0.02		-1.31		13.02		0.31627	0.2634	58.6945218607	7.3942
4 2 6			0.02		-1.29		12.72		0.31631	1.6049	46.7233273538	62.1975
3 7 1			0.02		-1.27		12.47		0.3163	1.2822	71.5694631273	22.2453
4 2 10			0.02		-1.24		12.19		0.31638	1.1102	57.0442200735	11.3144
0 2 16			0.01		-1.24		12.11		0.31658	1.8687	67.2407114996	13.8307
1 1 9			0.01		-1.23		12.03		0.31632	0.2216	37.1193146943	1.1702
0 2 10			0.02		-1.21		11.78		0.31627	0.4317	42.9590557724	21.0204
4 4 12			0.01		-1.2		11.64		0.31647	1.9475	72.2035773977	130.2426
6 2 8			-0.25		-1.45		15.48		0.31649	3.3751	67.1207225085	222.106
2 4 2			0.01		-1.43		15.28		0.31648	0.3828	40.8766170199	13.2501
0 4 20			0.02		-1.42		15.03		0.31633	1.027	94.1654323607	18.6345
0 2 12			0.02		-1.4		14.78		0.31616	0.3827	50.6142203783	17.5707
5 1 1			0.01		-1.39		14.62		0.31614	0.5346	46.1701152	26.7419
1 7 1			0.01		-1.38		14.46		0.31613	0.5219	65.7901743415	26.2984
2 0 16			0.0		-1.38		14.44		0.31636	0.5935	67.2372591268	11.8907
4 2 8			-0.01		-1.39		14.61		0.31645	0.7605	51.4203212226	2.5419
0 6 0			0.01		-1.38		14.46		0.31645	1.4277	54.7714555341	59.4019
4 2 2			0.01		-1.37		14.3		0.31645	0.457	40.8620305525	12.2524
5 3 1			0.01		-1.36		14.19		0.31643	0.5252	53.2386121167	32.835
3 5 1			0.01		-1.35		14.08		0.31642	0.5283	53.2544885252	31.9012
4 2 14			0.01		-1.34		13.9		0.31648	1.2576	70.6282605877	19.9713
2 0 12			0.01		-1.33		13.73		0.31628	0.8079	50.6101057273	16.6151
0 4 10			0.01		-1.31		13.58		0.31643	0.9893	53.7871001638	44.1425
0 2 22			-0.01		-1.32		13.68		0.31654	1.8317	96.7387030121	97.213
7 1 1			0.01		-1.31		13.55		0.31653	0.5207	65.7483230412	25.2044
4 0 8			-0.19		-1.5		16.67		0.31655	2.9483	47.8850437629	244.3799
1 1 13			-0.04		-1.54		17.32		0.31727	0.3722	52.9310122384	10.9703
4 0 10			0.01		-1.52		17.1		0.31735	0.6243	53.7713327333	45.2096
2 2 0			-0.36		-1.88		26.68		0.31735	11.1953	25.0390113278	1035.9387
1 1 15			0.01		-1.87		26.43		0.31745	0.656	61.3839959686	20.6242
4 4 10			0.01		-1.86		26.06		0.31751	0.6886	66.23802526	47.6672
0 4 16			0.01		-1.85		25.71		0.31758	1.5557	75.7704700384	94.8658
1 7 3			0.0		-1.84		25.69		0.31759	0.9932	66.8968211493	90.2271
0 2 18			0.01		-1.83		25.42		0.3173	0.3755	76.3208597895	3.7538
2 4 12			0.0		-1.83		25.37		0.31692	0.2205	63.4791913795	4.8908
0 6 16			0.0		-1.83		25.32		0.31715	0.4825	89.3859051251	7.6515
2 4 8			0.0		-1.83		25.29		0.31721	0.1687	51.4325245866	2.4593
6 0 0			0.01		-1.82		25.02		0.31721	0.7256	54.7363985401	55.434
0 4 18			0.0		-1.82		24.98		0.3167	0.8369	84.5238780681	17.4513
4 2 0			0.01		-1.81		24.82		0.3167	0.9287	40.0811891304	86.5118
2 0 8			-0.04		-1.85		25.85		0.31689	0.1665	35.7565424018	1.5727
4 6 6			0.01		-1.84		25.59		0.31686	1.1903	71.9781772466	41.9784
1 3 13			-0.01		-1.85		25.95		0.31732	0.3907	59.4200243294	11.5335
0 0 8			-0.06		-1.91		27.6		0.31732	2.1948	30.8548203523	183.9052
0 6 12			-0.0		-1.92		27.67		0.31684	0.3425	75.0250979777	1.887