Number of epochs: 500e-02
-3.748509973527862638e-01
5.983984101401387638e-03
-5.889464237973838362e-02
-4.924605324048467736e-01
-1.213077340570364523e-02
-3.363642634360862194e-01
-4.377170454926745946e-01
4.445173577931093353e-04
-3.309392903169285916e-01
1.394528148651925092e-01
5.834433143423457119e-03
-3.328860382156291209e-01
1.574263178974076027e-01
-8.045661566639963902e-02
-3.608180118669602251e-03
1.140855494195600929e-02
8.833233484635015509e-03
2.747043056931383273e-02
-2.138794617964377351e-02
-3.818631009671340833e-03
7.832404702939244415e-03
-1.032792298240410751e-02
4.151371671929753320e-04
5.640340423691138361e-03
8.854389631168217353e-03
1.321569055923216794e-02
1.288432360445485730e-02
-1.175369348841522749e-01
-1.851590970678899592e-02
-1.363415780515895293e-01
2.347005863953648477e-02
-4.540158478427002570e-02
-1.599698510142666397e-01
1.073425948990909193e-02
-2.071468668313198869e-01
-1.010283268890836555e-01
1.342791311774600531e-02
-1.294488838777806405e-01
2.292468231924033040e-02
2.303416578020720321e-02
-1.611106375380040034e-01
2.937346893675814308e-02
-5.227858589432293063e-02
-6.976075089852097622e-02
-5.633127578672315200e-02
-4.441545890581070910e-02
-1.120081868923453183e-01
-7.798036211969371079e-02
-3.545669269142107116e-02
-8.478230137709230965e-03
-4.880425541538270517e-02
-9.706859883069884898e-02
-1.469040179549370613e-02
-3.680001560230318491e-02
-5.537747623516411227e-02
-6.566849111613489755e-03
-1.646296668920907147e-01
-6.922170427905148526e-02
-2.469594026371142725e-02
-1.156428897209093448e-01
-9.185285044006644140e-02
-1.032568510922625138e-01
-4.093230222854352812e-02
-5.767684622597712280e-02
-8.310672048820463842e-02
-6.650662460048682723e-02
-1.352741990373562166e-02
-4.223558928437674137e-02
-5.433659545547733088e-02
-4.065258269770501143e-02
-1.689973021102650907e-01
-1.255972927757188495e-01
-1.050867881342200938e-01
-7.405131635209974417e-02
-1.896319491226408915e-01
-1.479291379393534722e-01
-8.429642109901432090e-02
-4.834564968077464248e-02
-1.470978536467158759e-01
-1.043546433274174651e-01
-2.700085372671833309e-02
-6.888397627742402773e-02
-7.708698294319478450e-02
-3.762246647242611930e-01
-5.447597518733188898e-02
-3.105565154339460787e-01
2.823152100271436246e-02
-3.339118043716789858e-02
-3.544099691710821953e-01
1.618125508793324605e-02
-1.911828531308432111e-01
-2.815796370652458025e-01
-3.329828762630688589e-03
-2.703286126653495214e-01
2.625620622121234773e-02
1.851732257914168872e-02
-2.369089556258549556e-01
5.129806527647812371e-03
-1.431469271035996742e-02
-1.600662672789271435e-03
-3.615189666752070818e-02
-1.889636074869286211e-02
-6.507109109498123746e-03
-8.650673224527232960e-03
-4.202020809031149252e-03
-7.291944991261585518e-02
2.262736432309576809e-04
-7.790396682422276453e-02
-3.625617988822624205e-02
-1.870591908462445330e-01
-4.652897214927952736e-04
-1.947455816224641367e-01
2.138984997816222033e-02
-2.279870364611538691e-02
-2.056591369564564620e-01
8.278052572696587355e-03
-2.127464528461311399e-01
-2.220091763262274920e-01
1.984228466902590148e-03
-1.683873066951742103e-01
2.899052404348162124e-02
-2.168521467084003340e-01
1.481837247150855769e-02
2.888565436169119455e-02
2.687070146610866239e-02
2.640286063593100599e-02
2.662570927860628128e-02
1.763153409959213880e+00
2.903787852419185619e-02
2.871708375202931818e-02
1.278664177234094257e-02
2.839729488195344778e-02
8.521190623340424083e-03
1.481737306628163296e-02
1.157778594027319280e-02
-9.108036942583011553e-03
1.652606785877427237e-02
-3.549763453977893002e-02
8.216863874055889763e-03
8.923662118179116753e-02
8.153105185899948981e-03
1.407577645429079934e-02
-6.786221547735702981e-04
-3.187731906041400554e-01
-2.530972748516366333e-01
-1.850271978120103522e-01
-2.231232293241192932e-01
-2.176192713809210477e-01
-1.528510333881351602e-01
-2.533984172308928473e-01
-1.486333314300979647e-01
-1.376077070296675975e-01
6.935014290305085288e-03
-8.172509545695716415e-02
-1.781575436749028435e-02
1.272656553385069847e-02
-5.372873293810694062e-02
-4.850306205097768171e-03
-3.999838095713224850e-02
1.095922692720886554e-03
5.810814610851688759e-03
2.842165220693774683e-03
-1.196370420692841052e-02
-5.698060918608571605e-03
-6.150936139561847399e-02
2.602122436390866267e-03
-3.984926508231497432e-03
2.699987987261389007e-03
-8.246608397295025761e-02
1.608344493184860752e-02
-9.534843778841657624e-02
2.846970016947821328e-02
-7.210235700481175403e-02
1.089691412686813812e-02
-1.282672939068285334e-01
2.838617479589786857e-02
1.291689244502101756e-02
5.550728869595174080e-03
5.400033643007618595e-02
1.924335471984757184e-01
2.852979317910224466e-02
5.126839009043858697e-01
6.790324890068058679e-03
1.486224469690418382e-02
-7.110373516962776967e-03
1.053108564901912743e-02
6.605566376594744537e-04
-1.826844612014456304e-01
2.145547901829357451e-02
7.508281714931394797e-03
4.413738254999453360e-03
2.280554918204455092e-02
7.200241240587183442e-03
2.636058047060427234e-02
9.626584375612404557e-03
1.172022906505011328e-02
-7.683114461619733326e-02
