HKL Value		Reward		TotalReward	Chi Squared	Z Appr. 	Error	Two-Thetas	Sfs2
4 0 8			0.0		0.0		0.0		0.43855	2.9483	47.8850437629	244.3799
5 1 7			0.0		0.0		95.12		0.49998	0.2609	54.1000446603	4.252
1 3 13			0.87		0.87		50.95		0.49998	0.3907	59.4200243294	11.5335
4 6 0			0.5		1.37		33.98		0.49998	0.7863	67.1083315067	59.4729
6 4 0			0.33		1.7		25.49		0.49998	1.8287	67.0910631577	58.6803
1 1 7			0.23		1.93		20.75		0.49998	0.2012	29.7561292971	6.5386
3 1 7			0.18		2.11		17.56		0.49998	0.257	39.2655360855	5.205
1 5 7			0.15		2.26		15.26		0.49998	0.6035	54.1236034243	4.2528
5 3 7			0.12		2.38		13.59		0.49998	0.2523	60.5057581853	5.4388
5 3 11			-0.56		1.82		30.83		0.49998	1.8677	70.5420870211	204.0714
7 1 7			0.1		1.93		27.94		0.49998	0.3505	72.2660298289	5.0526
3 5 7			0.09		2.02		25.58		0.49998	0.2309	60.5203777188	5.6046
2 0 2			0.05		2.07		24.26		0.49998	0.6502	19.2320929378	35.9547
1 3 7			0.08		2.15		22.53		0.49998	0.1893	39.2755843192	5.3372
0 2 16			0.03		2.18		21.87		0.49998	1.8687	67.2407114996	13.8307
3 3 7			0.07		2.25		20.47		0.49998	0.1558	47.1418707618	3.5073
1 7 7			0.06		2.31		19.35		0.49998	0.4353	72.3061031614	6.1143
0 6 8			0.03		2.34		18.72		0.49998	0.7694	64.1950429677	5.6946
0 2 14			0.06		2.4		17.74		0.49998	0.2479	58.6982494177	6.3292
4 6 2			-0.0		2.39		17.77		0.49998	0.2349	67.657370766	5.5969
6 4 2			-0.01		2.38		18.01		0.49998	0.2211	67.6401768609	4.8049
6 0 8			0.02		2.4		17.62		0.49998	2.9234	64.163237895	5.3359
1 1 13			0.03		2.43		17.11		0.49998	0.3722	52.9310122384	10.9703
0 2 20			0.04		2.48		16.41		0.49998	0.4494	86.0769303832	2.8517
2 0 14			0.04		2.52		15.75		0.49998	0.2634	58.6945218607	7.3942
3 1 15			0.04		2.55		15.2		0.49998	0.2871	67.3554895111	7.7692
3 3 15			0.04		2.59		14.63		0.49998	0.3402	73.0835579415	3.8877
3 1 9			0.03		2.63		14.15		0.49998	0.36	45.2950695798	8.7768
1 1 9			-0.01		2.62		14.25		0.49998	0.2216	37.1193146943	1.1702
2 0 16			-0.01		2.61		14.4		0.49998	0.5935	67.2372591268	11.8907
3 3 9			0.02		2.63		14.06		0.49998	0.3816	52.4524123761	12.0632
1 3 9			0.03		2.66		13.63		0.49998	0.2622	45.3040218183	7.1674
1 5 9			0.01		2.67		13.53		0.49998	0.4394	58.984264935	17.7365
1 3 15			0.03		2.7		13.19		0.49998	0.2862	67.3623786269	8.1809
2 4 2			0.02		2.72		12.93		0.49998	0.3828	40.8766170199	13.2501
0 2 10			0.02		2.74		12.68		0.49998	0.4317	42.9590557724	21.0204
4 2 8			0.0		2.74		12.66		0.49998	0.7605	51.4203212226	2.5419
1 1 5			-0.29		2.45		17.71		0.49998	1.9661	22.8949597146	247.5537
6 0 0			0.02		2.47		17.37		0.49998	0.7256	54.7363985401	55.434
4 2 14			0.03		2.5		16.94		0.49998	1.2576	70.6282605877	19.9713
2 4 8			0.01		2.51		16.83		0.49998	0.1687	51.4325245866	2.4593
0 6 18			-0.4		2.11		27.85		0.49998	0.7949	98.0280769063	1.8601
4 2 2			0.02		2.13		27.32		0.49998	0.457	40.8620305525	12.2524
6 2 4			0.02		2.15		26.82		0.49998	0.8727	60.3342977717	77.9073
0 6 16			-0.0		2.14		26.95		0.49998	0.4825	89.3859051251	7.6515
4 4 4			0.02		2.16		26.43		0.49998	0.8476	53.9354251327	76.9211
1 1 1			-0.01		2.16		26.62		0.49998	0.5749	13.0194761966	56.7652
5 5 7			0.02		2.18		26.08		0.49998	0.6639	72.2860687267	4.3062
6 0 10			-0.01		2.17		26.38		0.49998	1.0728	69.1331306246	8.9056
1 1 15			0.01		2.18		26.02		0.49998	0.656	61.3839959686	20.6242
3 5 9			0.01		2.19		25.7		0.49998	0.4755	65.0802252419	19.5165
4 6 6			0.01		2.2		25.48		0.49998	1.1903	71.9781772466	41.9784
3 1 13			0.01		2.21		25.13		0.49998	0.3869	59.4126405656	11.7895
0 2 12			-0.03		2.18		25.95		0.49998	0.3827	50.6142203783	17.5707
0 6 10			-0.01		2.17		26.28		0.49998	0.8527	69.1637693973	8.5049
5 1 9			0.01		2.18		26.01		0.49998	0.4583	58.9619928854	19.0838
4 2 12			-0.09		2.09		28.68		0.49998	0.2244	63.468523569	4.7972
0 6 2			-0.01		2.08		28.88		0.49998	0.2356	55.3895592761	6.1752
0 6 0			0.01		2.09		28.49		0.49998	1.4277	54.7714555341	59.4019
4 0 10			-0.0		2.09		28.61		0.49998	0.6243	53.7713327333	45.2096
1 1 3			0.01		2.1		28.29		0.49998	0.4514	16.9416048235	36.8187
2 4 10			0.0		2.1		28.21		0.49998	0.607	57.0555982332	12.0937
2 0 8			0.01		2.12		27.8		0.49998	0.1665	35.7565424018	1.5727
5 3 9			0.01		2.13		27.53		0.49998	0.4833	65.0662013285	20.8409
6 0 6			0.01		2.14		27.13		0.49998	1.0815	60.1501886982	39.9969
2 0 12			-0.03		2.12		27.87		0.49998	0.8079	50.6101057273	16.6151
3 3 13			0.01		2.13		27.53		0.49998	0.5636	65.4922780779	9.1158
0 0 22			0.01		2.14		27.15		0.49998	2.2765	94.0325860765	137.6091
0 6 6			0.01		2.16		26.78		0.49998	1.0147	60.183190367	40.9583
0 2 18			-0.17		1.99		32.1		0.49998	0.3755	76.3208597895	3.7538
0 4 18			-0.15		1.84		37.76		0.49998	0.8369	84.5238780681	17.4513
4 2 10			0.0		1.85		37.6		0.49998	1.1102	57.0442200735	11.3144
2 6 0			-0.08		1.76		40.91		0.49998	4.3567	58.0028534629	558.9791
4 0 0			-0.13		1.64		46.87		0.49998	8.3901	35.6934066618	787.9925
2 4 6			0.01		1.65		46.23		0.49998	0.785	46.7364348384	64.2552
3 7 1			0.01		1.66		45.78		0.49998	1.2822	71.5694631273	22.2453
4 6 4			0.01		1.67		45.25		0.49998	1.0731	69.291881243	33.3045
5 1 13			0.01		1.68		44.75		0.49998	0.4567	71.2764535317	11.3258
6 4 6			0.01		1.69		44.37		0.49998	0.9247	71.9614498967	41.9809
6 4 4			0.01		1.7		43.88		0.49998	0.6669	69.2748711385	33.991
0 0 16			0.01		1.72		43.34		0.49998	1.3342	64.286058028	116.6634
2 4 12			-0.04		1.68		44.94		0.49998	0.2205	63.4791913795	4.8908
1 7 1			0.01		1.69		44.59		0.49998	0.5219	65.7901743415	26.2984
7 3 3			-0.0		1.69		44.67		0.49998	1.9283	72.601334037	69.5466
1 3 5			-0.03		1.66		46.0		0.49998	3.1323	34.189462707	190.138
2 4 0			0.01		1.67		45.62		0.49998	1.4359	40.0960076051	88.2765
0 6 14			0.01		1.68		45.11		0.49998	0.9096	81.7552219026	27.2955
4 2 0			0.01		1.69		44.74		0.49998	0.9287	40.0811891304	86.5118
0 6 12			-0.05		1.63		47.26		0.49998	0.3425	75.0250979777	1.887
3 1 1			0.0		1.64		47.04		0.49998	0.5239	28.3131072915	41.7464
0 4 10			0.0		1.64		46.93		0.49998	0.9893	53.7871001638	44.1425
0 0 2			0.01		1.65		46.67		0.49998	1.161	7.62646333295	98.931
0 2 8			0.01		1.66		46.19		0.49998	0.1155	35.7619852008	1.7384
2 2 4			0.01		1.67		45.73		0.49998	0.7551	29.4672289371	73.6026
6 2 10			0.0		1.67		45.65		0.49998	0.7103	71.9901825081	43.9921
0 4 16			0.01		1.68		45.24		0.49998	1.5557	75.7704700384	94.8658
0 0 18			-0.04		1.64		46.91		0.49998	0.6609	73.530655613	37.988
7 3 1			0.01		1.65		46.56		0.49998	0.5095	71.5359286583	22.1332
5 1 1			0.01		1.65		46.26		0.49998	0.5346	46.1701152	26.7419
9 1 1			0.01		1.66		45.9		0.49998	0.8793	87.9915459652	19.6393
0 4 6			-0.04		1.62		47.77		0.49998	3.7688	42.9189471786	481.9509
2 4 14			0.01		1.63		47.3		0.49998	0.5221	70.6383718296	19.4111