HKL Value		Reward		TotalReward	Chi Squared	Z Appr. 	Error	Two-Thetas	Sfs2
5 1 7			0.0		0.0		0.0		0.36937	0.2609	54.1000446603	4.252
0 2 12			0.0		0.0		1.4		0.3538	0.3827	50.6142203783	17.5707
1 5 13			-0.63		-0.63		3.76		0.35567	1.1973	71.2966048402	12.6128
4 6 0			0.49		-0.14		2.52		0.35567	0.7863	67.1083315067	59.4729
0 2 20			0.33		0.19		1.9		0.35524	0.4494	86.0769303832	2.8517
6 4 0			0.25		0.44		1.52		0.35524	1.8287	67.0910631577	58.6803
0 6 18			0.16		0.6		1.32		0.35479	0.7949	98.0280769063	1.8601
3 1 15			-0.2		0.4		1.64		0.35361	0.2871	67.3554895111	7.7692
0 6 8			0.13		0.52		1.46		0.35398	0.7694	64.1950429677	5.6946
7 1 7			-0.03		0.5		1.5		0.35393	0.3505	72.2660298289	5.0526
3 1 7			-0.0		0.49		1.51		0.35384	0.257	39.2655360855	5.205
1 1 7			-0.01		0.48		1.53		0.35373	0.2012	29.7561292971	6.5386
6 4 2			-0.04		0.44		1.59		0.3537	0.2211	67.6401768609	4.8049
3 3 7			0.04		0.48		1.52		0.35363	0.1558	47.1418707618	3.5073
4 6 2			-0.05		0.43		1.61		0.3536	0.2349	67.657370766	5.5969
1 1 9			0.01		0.44		1.59		0.35544	0.2216	37.1193146943	1.1702
1 5 7			0.01		0.45		1.58		0.35542	0.6035	54.1236034243	4.2528
0 2 14			0.03		0.47		1.54		0.35501	0.2479	58.6982494177	6.3292
2 4 2			-0.19		0.28		1.9		0.35503	0.3828	40.8766170199	13.2501
0 2 10			-0.21		0.08		2.4		0.35455	0.4317	42.9590557724	21.0204
1 3 7			0.02		0.09		2.36		0.3545	0.1893	39.2755843192	5.3372
3 5 7			0.01		0.1		2.34		0.35445	0.2309	60.5203777188	5.6046
3 1 5			-0.61		-0.51		5.94		0.36442	2.8985	34.1781376955	186.2389
6 0 8			0.02		-0.49		5.85		0.3639	2.9234	64.163237895	5.3359
1 1 15			-0.02		-0.51		5.98		0.36414	0.656	61.3839959686	20.6242
4 2 2			-0.01		-0.52		6.02		0.36418	0.457	40.8620305525	12.2524
4 2 8			0.01		-0.51		5.96		0.36357	0.7605	51.4203212226	2.5419
3 3 9			0.01		-0.5		5.92		0.36304	0.3816	52.4524123761	12.0632
1 7 7			0.02		-0.48		5.79		0.3631	0.4353	72.3061031614	6.1143
3 3 5			-0.22		-0.7		7.46		0.36435	1.3995	42.8396693434	151.0913
2 0 14			0.03		-0.67		7.21		0.36425	0.2634	58.6945218607	7.3942
2 0 16			0.03		-0.64		6.98		0.36412	0.5935	67.2372591268	11.8907
6 0 0			0.01		-0.63		6.91		0.36412	0.7256	54.7363985401	55.434
5 1 13			0.03		-0.6		6.71		0.36397	0.4567	71.2764535317	11.3258
1 3 15			0.02		-0.58		6.59		0.36404	0.2862	67.3623786269	8.1809
3 3 11			-0.25		-0.83		8.77		0.36399	2.1204	58.6030846927	249.5822
4 2 14			0.02		-0.81		8.6		0.36376	1.2576	70.6282605877	19.9713
3 1 9			0.02		-0.79		8.46		0.36361	0.36	45.2950695798	8.7768
5 1 9			0.0		-0.79		8.42		0.3633	0.4583	58.9619928854	19.0838
5 3 7			0.02		-0.77		8.25		0.36332	0.2523	60.5057581853	5.4388
1 3 9			0.02		-0.75		8.1		0.36316	0.2622	45.3040218183	7.1674
2 4 10			0.0		-0.74		8.07		0.36309	0.607	57.0555982332	12.0937
3 3 15			0.02		-0.72		7.9		0.36316	0.3402	73.0835579415	3.8877
4 0 2			-0.19		-0.91		9.73		0.36338	1.7854	36.5531212028	138.5255
6 0 10			0.01		-0.9		9.62		0.36335	1.0728	69.1331306246	8.9056
6 0 2			0.02		-0.88		9.45		0.36337	0.2214	55.354768557	5.4487
2 4 14			0.02		-0.86		9.28		0.36315	0.5221	70.6383718296	19.4111
2 4 8			0.01		-0.85		9.17		0.36279	0.1687	51.4325245866	2.4593
5 1 11			-0.1		-0.95		10.22		0.36289	3.2753	64.7131722767	203.727
0 2 16			0.02		-0.93		10.02		0.36312	1.8687	67.2407114996	13.8307
0 2 18			0.02		-0.92		9.85		0.36315	0.3755	76.3208597895	3.7538
3 3 13			0.02		-0.9		9.66		0.36302	0.5636	65.4922780779	9.1158
0 6 0			0.01		-0.89		9.6		0.36302	1.4277	54.7714555341	59.4019
0 4 0			-0.49		-1.38		18.94		0.36302	6.137	35.7152072575	818.959
6 4 6			0.02		-1.36		18.59		0.363	0.9247	71.9614498967	41.9809
1 1 13			0.02		-1.35		18.25		0.36302	0.3722	52.9310122384	10.9703
4 6 6			0.02		-1.33		17.92		0.36299	1.1903	71.9781772466	41.9784
3 5 9			0.01		-1.32		17.77		0.3628	0.4755	65.0802252419	19.5165
1 5 9			0.01		-1.31		17.56		0.36257	0.4394	58.984264935	17.7365
2 0 12			0.01		-1.3		17.37		0.36232	0.8079	50.6101057273	16.6151
1 5 1			0.01		-1.29		17.28		0.3623	0.4978	46.196563203	27.3004
6 0 6			0.01		-1.28		17.05		0.3621	1.0815	60.1501886982	39.9969
0 4 20			0.02		-1.26		16.79		0.36247	1.027	94.1654323607	18.6345
3 1 13			0.02		-1.25		16.53		0.36254	0.3869	59.4126405656	11.7895
2 2 6			-0.25		-1.5		22.17		0.36178	8.3224	34.2684003079	615.2447
0 6 6			0.01		-1.49		21.88		0.36165	1.0147	60.183190367	40.9583
0 6 10			0.01		-1.47		21.61		0.36161	0.8527	69.1637693973	8.5049
4 2 10			0.01		-1.46		21.39		0.36156	1.1102	57.0442200735	11.3144
2 4 12			0.01		-1.45		21.09		0.36148	0.2205	63.4791913795	4.8908
1 5 3			-0.0		-1.45		21.13		0.36139	0.9511	47.585042181	85.8034
0 6 2			0.01		-1.44		20.86		0.36139	0.2356	55.3895592761	6.1752
1 3 13			0.01		-1.42		20.58		0.36153	0.3907	59.4200243294	11.5335
0 6 12			0.01		-1.41		20.29		0.36151	0.3425	75.0250979777	1.887
2 0 0			-0.02		-1.43		20.65		0.36151	2.02	17.6289686615	175.6782
4 4 12			-0.01		-1.44		20.92		0.36073	1.9475	72.2035773977	130.2426
5 3 1			0.0		-1.44		20.83		0.3607	0.5252	53.2386121167	32.835
2 4 6			0.01		-1.43		20.67		0.36048	0.785	46.7364348384	64.2552
4 2 0			0.0		-1.42		20.57		0.36048	0.9287	40.0811891304	86.5118
1 1 11			-0.08		-1.51		22.39		0.36078	2.144	44.8525636461	378.5934
0 6 16			0.01		-1.49		22.11		0.3609	0.4825	89.3859051251	7.6515
2 2 16			0.0		-1.49		22.01		0.36158	1.1693	70.1293332912	108.6018
5 3 9			0.01		-1.48		21.85		0.36144	0.4833	65.0662013285	20.8409
0 0 18			0.01		-1.47		21.65		0.36145	0.6609	73.530655613	37.988
0 0 16			0.0		-1.47		21.57		0.36208	1.3342	64.286058028	116.6634
5 5 1			0.01		-1.46		21.39		0.36207	0.5073	65.769247456	23.9531
6 2 10			0.0		-1.46		21.37		0.36224	0.7103	71.9901825081	43.9921
0 0 4			-0.01		-1.47		21.6		0.36223	0.8482	15.2869714585	59.1035
0 2 8			0.01		-1.46		21.35		0.36221	0.1155	35.7619852008	1.7384
0 4 10			0.0		-1.46		21.33		0.36238	0.9893	53.7871001638	44.1425
0 4 16			0.01		-1.45		21.14		0.36269	1.5557	75.7704700384	94.8658
5 1 5			-0.01		-1.46		21.43		0.36289	1.1901	50.2495039981	127.1383
9 1 1			0.01		-1.45		21.25		0.36289	0.8793	87.9915459652	19.6393
4 6 4			0.0		-1.45		21.16		0.3629	1.0731	69.291881243	33.3045
4 2 12			0.01		-1.44		20.94		0.36287	0.2244	63.468523569	4.7972
2 4 0			0.0		-1.43		20.87		0.36286	1.4359	40.0960076051	88.2765
1 7 1			0.0		-1.43		20.77		0.36286	0.5219	65.7901743415	26.2984
0 0 20			0.01		-1.42		20.64		0.36352	0.4542	83.3712939521	4.3689
3 1 1			0.0		-1.42		20.63		0.36351	0.5239	28.3131072915	41.7464
5 1 1			0.0		-1.42		20.54		0.3635	0.5346	46.1701152	26.7419
0 6 14			0.01		-1.41		20.38		0.36343	0.9096	81.7552219026	27.2955
5 5 5			0.0		-1.41		20.36		0.36353	1.5862	69.0631626084	104.8873
4 0 10			0.0		-1.41		20.34		0.36364	0.6243	53.7713327333	45.2096