HKL Value		Reward		TotalReward	Chi Squared	Z Appr. 	Error	Two-Thetas	Sfs2
6 0 12			0.0		0.0		0.0		0.24105	0.5892	74.995462768	0.9301
1 1 17			0.0		0.0		89.4		0.22921	2.447	70.2810461715	248.4175
5 1 7			0.99		0.99		44.9		0.22927	0.2609	54.1000446603	4.252
4 6 0			0.5		1.49		29.94		0.22927	0.7863	67.1083315067	59.4729
6 4 0			0.33		1.82		22.46		0.22927	1.8287	67.0910631577	58.6803
3 1 7			0.24		2.07		18.05		0.22932	0.257	39.2655360855	5.205
3 5 11			-0.58		1.48		43.48		0.22945	1.8915	70.5555824797	206.4699
7 1 7			0.16		1.65		37.36		0.22951	0.3505	72.2660298289	5.0526
1 1 7			0.14		1.79		32.73		0.22956	0.2012	29.7561292971	6.5386
1 5 7			0.12		1.91		29.13		0.22962	0.6035	54.1236034243	4.2528
3 5 7			0.11		2.02		26.28		0.22968	0.2309	60.5203777188	5.6046
5 5 1			0.09		2.11		24.19		0.22975	0.5073	65.769247456	23.9531
3 3 7			0.09		2.2		22.18		0.22976	0.1558	47.1418707618	3.5073
0 6 8			0.08		2.28		20.48		0.22979	0.7694	64.1950429677	5.6946
3 1 15			0.07		2.35		19.2		0.22988	0.2871	67.3554895111	7.7692
0 2 14			0.06		2.41		18.13		0.22983	0.2479	58.6982494177	6.3292
4 6 2			0.07		2.47		17.02		0.22983	0.2349	67.657370766	5.5969
6 4 2			0.06		2.53		16.07		0.22981	0.2211	67.6401768609	4.8049
1 7 1			0.06		2.59		15.18		0.22982	0.5219	65.7901743415	26.2984
0 2 20			-0.02		2.57		15.53		0.2322	0.4494	86.0769303832	2.8517
1 5 3			-0.14		2.43		18.05		0.23225	0.9511	47.585042181	85.8034
1 1 9			-0.04		2.39		18.73		0.23307	0.2216	37.1193146943	1.1702