HKL Value		Reward		TotalReward	Chi Squared	Z Appr. 	Error	Two-Thetas	Sfs2
0 6 0			0.0		0.0		0.0		0.12949	1.4277	54.7714555341	59.4019
5 1 7			0.0		0.0		6.5		0.0912	0.2609	54.1000446603	4.252
0 2 0			-0.76		-0.76		26.99		0.0912	1.4407	17.6394681947	177.2483
4 6 0			0.5		-0.26		18.01		0.0912	0.7863	67.1083315067	59.4729
6 4 0			0.33		0.07		13.51		0.0912	1.8287	67.0910631577	58.6803
3 1 7			0.25		0.32		10.81		0.09107	0.257	39.2655360855	5.205
7 1 7			0.2		0.52		9.01		0.09154	0.3505	72.2660298289	5.0526
2 2 12			0.01		0.53		8.91		0.08566	1.9766	54.0147953295	208.0279
3 7 1			-0.44		0.09		15.98		0.08813	1.2822	71.5694631273	22.2453
5 3 11			-0.2		-0.11		20.02		0.08953	1.8677	70.5420870211	204.0714
4 0 12			0.1		-0.01		18.18		0.08881	2.7435	60.4154589103	161.2613
1 1 7			0.1		0.09		16.54		0.0889	0.2012	29.7561292971	6.5386
1 5 7			0.09		0.18		15.17		0.08901	0.6035	54.1236034243	4.2528
0 6 10			0.01		0.19		14.98		0.0856	0.8527	69.1637693973	8.5049
3 5 7			0.07		0.26		13.97		0.08578	0.2309	60.5203777188	5.6046
3 3 7			0.07		0.34		13.04		0.08585	0.1558	47.1418707618	3.5073
0 6 8			0.06		0.39		12.33		0.08553	0.7694	64.1950429677	5.6946
5 3 1			-0.07		0.32		13.27		0.08587	0.5252	53.2386121167	32.835
3 1 15			0.05		0.37		12.66		0.08498	0.2871	67.3554895111	7.7692
0 2 14			0.04		0.42		12.12		0.08441	0.2479	58.6982494177	6.3292
4 6 2			0.05		0.47		11.52		0.08445	0.2349	67.657370766	5.5969
6 4 2			0.05		0.52		10.99		0.08455	0.2211	67.6401768609	4.8049
5 5 1			-0.2		0.32		13.73		0.08526	0.5073	65.769247456	23.9531
6 2 0			-0.46		-0.14		25.4		0.08526	4.3933	57.9728440251	566.5186
1 1 9			0.04		-0.1		24.34		0.08533	0.2216	37.1193146943	1.1702
6 0 8			0.04		-0.06		23.42		0.08497	2.9234	64.163237895	5.3359
3 5 5			-0.12		-0.18		26.52		0.08448	1.2751	56.9624934876	133.7285
0 2 20			0.04		-0.14		25.58		0.08566	0.4494	86.0769303832	2.8517
1 3 5			-0.15		-0.29		30.14		0.08543	3.1323	34.189462707	190.138
1 3 7			0.04		-0.26		29.12		0.08552	0.1893	39.2755843192	5.3372
2 0 14			0.03		-0.23		28.27		0.08531	0.2634	58.6945218607	7.3942
4 2 6			-0.02		-0.25		28.92		0.08531	1.6049	46.7233273538	62.1975
4 4 0			-0.24		-0.49		38.21		0.08531	4.9852	51.3853572345	648.027
1 7 7			0.03		-0.46		37.09		0.0854	0.4353	72.3061031614	6.1143
0 6 18			0.03		-0.43		36.02		0.0854	0.7949	98.0280769063	1.8601
5 1 1			0.0		-0.43		35.96		0.0856	0.5346	46.1701152	26.7419
4 0 6			-0.23		-0.66		46.52		0.0857	5.3963	42.900258124	488.2208
1 7 3			-0.01		-0.67		46.98		0.08538	0.9932	66.8968211493	90.2271
3 3 15			0.03		-0.64		45.75		0.08522	0.3402	73.0835579415	3.8877
5 1 5			-0.03		-0.67		47.18		0.08508	1.1901	50.2495039981	127.1383
0 6 2			0.02		-0.65		46.06		0.08519	0.2356	55.3895592761	6.1752
0 0 18			0.02		-0.62		45.08		0.08549	0.6609	73.530655613	37.988
0 6 12			-0.05		-0.67		47.46		0.09492	0.3425	75.0250979777	1.887
2 6 0			-0.1		-0.78		52.76		0.09492	4.3567	58.0028534629	558.9791
3 3 9			0.02		-0.75		51.6		0.09483	0.3816	52.4524123761	12.0632
0 4 6			-0.13		-0.88		59.46		0.09494	3.7688	42.9189471786	481.9509
4 0 10			0.01		-0.87		58.82		0.09468	0.6243	53.7713327333	45.2096
0 2 12			0.01		-0.86		58.02		0.09529	0.3827	50.6142203783	17.5707
3 1 9			0.02		-0.84		56.89		0.09515	0.36	45.2950695798	8.7768
4 0 0			-0.13		-0.97		65.44		0.09515	8.3901	35.6934066618	787.9925
0 2 18			0.02		-0.95		64.24		0.09471	0.3755	76.3208597895	3.7538
2 0 16			0.02		-0.93		63.06		0.0947	0.5935	67.2372591268	11.8907
1 3 15			0.02		-0.92		61.91		0.09473	0.2862	67.3623786269	8.1809
5 3 7			0.02		-0.9		60.75		0.09471	0.2523	60.5057581853	5.4388
4 2 2			0.02		-0.88		59.66		0.0947	0.457	40.8620305525	12.2524
0 2 10			0.02		-0.86		58.62		0.09465	0.4317	42.9590557724	21.0204
4 2 8			0.02		-0.84		57.59		0.09465	0.7605	51.4203212226	2.5419
3 5 1			0.01		-0.83		57.06		0.09468	0.5283	53.2544885252	31.9012
2 4 2			0.02		-0.82		56.12		0.09466	0.3828	40.8766170199	13.2501
1 3 9			0.02		-0.8		55.26		0.0945	0.2622	45.3040218183	7.1674
1 5 9			0.02		-0.78		54.35		0.09444	0.4394	58.984264935	17.7365
4 2 14			0.01		-0.77		53.64		0.09454	1.2576	70.6282605877	19.9713
2 0 8			0.02		-0.75		52.78		0.09454	0.1665	35.7565424018	1.5727
0 0 20			-0.02		-0.77		53.78		0.08985	0.4542	83.3712939521	4.3689
4 6 6			0.01		-0.77		53.4		0.08985	1.1903	71.9781772466	41.9784
0 0 22			0.01		-0.75		52.61		0.08993	2.2765	94.0325860765	137.6091
1 1 15			0.01		-0.74		52.02		0.09001	0.656	61.3839959686	20.6242
7 1 3			-0.0		-0.74		52.24		0.08992	1.4031	66.8553232335	91.2915
5 1 9			0.01		-0.73		51.48		0.08997	0.4583	58.9619928854	19.0838
2 4 8			0.01		-0.71		50.73		0.08995	0.1687	51.4325245866	2.4593
1 3 13			0.01		-0.71		50.31		0.09093	0.3907	59.4200243294	11.5335
0 2 16			0.01		-0.69		49.68		0.09097	1.8687	67.2407114996	13.8307
4 4 6			-0.07		-0.76		53.47		0.09105	4.3817	57.0116572758	400.3855
0 4 2			-0.0		-0.76		53.51		0.09097	3.2657	36.5744795411	137.7475
0 6 6			0.01		-0.76		53.2		0.09097	1.0147	60.183190367	40.9583
6 0 0			0.01		-0.75		52.55		0.09097	0.7256	54.7363985401	55.434
3 1 13			0.01		-0.74		52.06		0.09158	0.3869	59.4126405656	11.7895
3 5 9			0.01		-0.72		51.4		0.09162	0.4755	65.0802252419	19.5165
6 0 10			0.01		-0.72		51.05		0.09131	1.0728	69.1331306246	8.9056
2 2 4			0.0		-0.72		50.93		0.09123	0.7551	29.4672289371	73.6026
2 4 6			0.0		-0.71		50.92		0.09125	0.785	46.7364348384	64.2552
0 6 16			0.01		-0.7		50.31		0.09126	0.4825	89.3859051251	7.6515
0 6 14			0.01		-0.7		49.93		0.09126	0.9096	81.7552219026	27.2955
5 1 13			0.01		-0.69		49.52		0.09181	0.4567	71.2764535317	11.3258
2 0 12			0.0		-0.68		49.42		0.09235	0.8079	50.6101057273	16.6151
2 4 10			0.01		-0.68		49.01		0.09219	0.607	57.0555982332	12.0937
2 2 8			-0.03		-0.7		50.27		0.09241	1.8488	40.1384116224	216.1995
4 2 12			-0.01		-0.71		50.74		0.09348	0.2244	63.468523569	4.7972
5 5 3			0.0		-0.71		50.73		0.09348	0.8107	66.8760743485	64.1048
1 1 13			0.01		-0.7		50.23		0.09373	0.3722	52.9310122384	10.9703
4 2 0			0.01		-0.69		49.82		0.09373	0.9287	40.0811891304	86.5118
3 3 13			0.01		-0.68		49.38		0.09402	0.5636	65.4922780779	9.1158
7 3 3			-0.0		-0.68		49.42		0.09401	1.9283	72.601334037	69.5466
4 2 10			0.01		-0.68		49.1		0.09388	1.1102	57.0442200735	11.3144
0 0 2			-0.0		-0.68		49.12		0.09385	1.161	7.62646333295	98.931
5 3 9			0.01		-0.67		48.61		0.09386	0.4833	65.0662013285	20.8409
0 0 16			-0.01		-0.67		48.88		0.09386	1.3342	64.286058028	116.6634
0 0 8			-0.02		-0.69		49.8		0.094	2.1948	30.8548203523	183.9052
6 4 6			0.0		-0.69		49.59		0.09403	0.9247	71.9614498967	41.9809
1 5 11			-0.0		-0.69		49.71		0.09396	1.8219	64.7342781598	204.7444
0 4 10			0.0		-0.69		49.51		0.09381	0.9893	53.7871001638	44.1425
7 3 1			-0.0		-0.69		49.64		0.09384	0.5095	71.5359286583	22.1332