HKL Value		Reward		TotalReward	Chi Squared	Z Appr. 	Error	Two-Thetas	Sfs2
5 1 7			0.0		0.0		0.0		0.48353	0.2609	54.1000446603	4.252
0 4 0			0.0		0.0		504.52		0.48023	6.137	35.7152072575	818.959
4 6 0			1.0		1.0		252.28		0.48023	0.7863	67.1083315067	59.4729
6 4 0			0.5		1.5		168.19		0.48023	1.8287	67.0910631577	58.6803
1 1 7			0.33		1.83		126.14		0.48056	0.2012	29.7561292971	6.5386
3 1 7			0.25		2.08		100.92		0.48053	0.257	39.2655360855	5.205
1 5 7			0.2		2.28		84.1		0.48046	0.6035	54.1236034243	4.2528
5 3 7			0.17		2.45		72.09		0.48023	0.2523	60.5057581853	5.4388
7 1 7			0.14		2.59		63.08		0.48002	0.3505	72.2660298289	5.0526
3 5 7			0.12		2.72		56.08		0.47987	0.2309	60.5203777188	5.6046
3 1 11			-0.19		2.52		69.44		0.47389	2.3814	52.0481274199	292.2152
2 6 4			0.1		2.62		63.19		0.47378	0.8772	60.3635846112	78.02
1 3 7			0.09		2.71		58.09		0.47429	0.1893	39.2755843192	5.3372
0 2 16			0.07		2.78		54.14		0.47396	1.8687	67.2407114996	13.8307
3 3 7			0.07		2.86		50.56		0.47472	0.1558	47.1418707618	3.5073
1 7 7			0.07		2.93		47.21		0.47486	0.4353	72.3061031614	6.1143
0 6 8			0.06		2.99		44.33		0.47505	0.7694	64.1950429677	5.6946
0 2 14			0.06		3.05		41.73		0.47514	0.2479	58.6982494177	6.3292
4 6 2			0.04		3.09		40.21		0.475	0.2349	67.657370766	5.5969
6 4 2			0.03		3.12		39.05		0.47484	0.2211	67.6401768609	4.8049
6 0 8			0.05		3.17		37.14		0.47499	2.9234	64.163237895	5.3359
0 2 20			-0.04		3.14		38.56		0.47499	0.4494	86.0769303832	2.8517
2 0 14			0.05		3.18		36.8		0.47499	0.2634	58.6945218607	7.3942
3 1 15			0.07		3.26		34.32		0.48283	0.2871	67.3554895111	7.7692
3 3 15			0.04		3.3		32.91		0.48318	0.3402	73.0835579415	3.8877
3 1 9			0.04		3.33		31.78		0.48325	0.36	45.2950695798	8.7768
1 1 9			0.04		3.37		30.58		0.48312	0.2216	37.1193146943	1.1702
2 0 16			0.03		3.41		29.62		0.48355	0.5935	67.2372591268	11.8907
3 3 9			0.03		3.43		28.82		0.4836	0.3816	52.4524123761	12.0632
1 3 9			0.03		3.46		27.95		0.48369	0.2622	45.3040218183	7.1674
0 4 4			0.03		3.5		27.1		0.48358	0.8482	39.0545896029	78.0016
1 5 9			0.02		3.52		26.59		0.48348	0.4394	58.984264935	17.7365
0 0 8			-0.08		3.43		28.96		0.48466	2.1948	30.8548203523	183.9052
1 3 15			0.03		3.46		28.13		0.48421	0.2862	67.3623786269	8.1809
2 4 2			0.03		3.49		27.41		0.48418	0.3828	40.8766170199	13.2501
0 2 10			0.03		3.52		26.65		0.4844	0.4317	42.9590557724	21.0204
4 4 6			-0.13		3.39		30.48		0.48563	4.3817	57.0116572758	400.3855
4 2 8			0.03		3.42		29.71		0.48525	0.7605	51.4203212226	2.5419
0 2 6			0.01		3.43		29.37		0.48574	1.1672	29.1471999487	131.5155
0 0 4			0.02		3.45		28.71		0.48562	0.8482	15.2869714585	59.1035
9 1 1			0.02		3.47		28.26		0.48561	0.8793	87.9915459652	19.6393
6 0 0			0.02		3.49		27.68		0.48561	0.7256	54.7363985401	55.434
4 2 14			0.01		3.5		27.28		0.4864	1.2576	70.6282605877	19.9713
5 3 3			-0.03		3.47		28.26		0.48648	0.9351	54.4936931553	89.9375
2 4 8			0.02		3.49		27.67		0.48592	0.1687	51.4325245866	2.4593
0 6 18			0.02		3.51		27.25		0.48382	0.7949	98.0280769063	1.8601
4 2 2			0.02		3.52		26.76		0.48381	0.457	40.8620305525	12.2524
5 5 7			0.02		3.55		26.19		0.4838	0.6639	72.2860687267	4.3062
2 4 0			0.01		3.56		25.94		0.4838	1.4359	40.0960076051	88.2765
5 3 9			0.01		3.57		25.69		0.4838	0.4833	65.0662013285	20.8409
0 4 2			0.0		3.57		25.69		0.48383	3.2657	36.5744795411	137.7475
2 2 16			0.0		3.57		25.62		0.48471	1.1693	70.1293332912	108.6018
2 4 6			0.02		3.59		25.15		0.48476	0.785	46.7364348384	64.2552
6 0 10			0.01		3.6		24.78		0.48442	1.0728	69.1331306246	8.9056
1 1 15			0.01		3.61		24.54		0.48423	0.656	61.3839959686	20.6242
1 3 13			0.02		3.63		24.1		0.48414	0.3907	59.4200243294	11.5335
3 5 9			0.01		3.64		23.9		0.48416	0.4755	65.0802252419	19.5165
4 6 6			0.01		3.65		23.59		0.48401	1.1903	71.9781772466	41.9784
3 1 13			0.02		3.67		23.19		0.48393	0.3869	59.4126405656	11.7895
0 2 12			0.01		3.68		22.87		0.48355	0.3827	50.6142203783	17.5707
0 6 10			0.01		3.7		22.56		0.48329	0.8527	69.1637693973	8.5049
5 1 9			0.01		3.7		22.39		0.48325	0.4583	58.9619928854	19.0838
0 6 2			-0.01		3.69		22.62		0.4832	0.2356	55.3895592761	6.1752
0 6 0			0.01		3.71		22.37		0.4832	1.4277	54.7714555341	59.4019
4 0 10			0.01		3.72		22.06		0.48299	0.6243	53.7713327333	45.2096
2 4 10			0.02		3.73		21.73		0.48292	0.607	57.0555982332	12.0937
6 4 6			0.01		3.75		21.48		0.48281	0.9247	71.9614498967	41.9809
2 0 8			0.02		3.76		21.16		0.48281	0.1665	35.7565424018	1.5727
0 6 16			0.01		3.77		20.89		0.48292	0.4825	89.3859051251	7.6515
6 0 6			0.01		3.79		20.59		0.48292	1.0815	60.1501886982	39.9969
0 0 22			-0.04		3.75		21.46		0.48369	2.2765	94.0325860765	137.6091
2 0 12			0.01		3.76		21.22		0.48332	0.8079	50.6101057273	16.6151
3 3 13			0.01		3.77		20.93		0.48336	0.5636	65.4922780779	9.1158
0 6 6			0.01		3.79		20.64		0.48336	1.0147	60.183190367	40.9583
1 5 11			-0.08		3.71		22.39		0.48293	1.8219	64.7342781598	204.7444
0 2 18			0.01		3.72		22.12		0.48264	0.3755	76.3208597895	3.7538
4 2 10			0.01		3.73		21.84		0.48257	1.1102	57.0442200735	11.3144
5 1 13			0.01		3.75		21.56		0.48259	0.4567	71.2764535317	11.3258
0 0 16			-0.01		3.74		21.7		0.48312	1.3342	64.286058028	116.6634
5 3 5			-0.05		3.69		22.74		0.48308	2.2247	56.9473208346	134.0256
2 4 12			0.0		3.7		22.65		0.48253	0.2205	63.4791913795	4.8908
1 7 1			0.0		3.7		22.57		0.48253	0.5219	65.7901743415	26.2984
1 1 5			-0.08		3.62		24.65		0.48245	1.9661	22.8949597146	247.5537
6 0 12			-0.0		3.61		24.73		0.48145	0.5892	74.995462768	0.9301
1 7 5			-0.02		3.59		25.34		0.48142	1.0841	69.0835930101	99.7513