Number of epochs: 200e-01
-3.092284079064948621e-01
1.360361803602508010e-02
-8.518228264911371916e-02
-5.312675254968257654e-01
4.577652448290027258e-03
-2.549494535165291453e-01
-4.332114305866406889e-01
-6.988710427102843084e-03
-2.896106873628448986e-01
3.119806460051349761e-01
-3.498067630628271495e-03
-3.519753307157429956e-01
4.715475001316457027e-01
-1.213135131494667146e-02
3.690206026233506381e-03
-8.766441550974390928e-03
-1.452701888485157140e-02
2.283524985492160417e-03
-2.830680544179276642e-02
-7.072893270954049016e-02
-1.753790012605005097e-02
-4.169325585729842867e-03
-2.458226317059291136e-02
-3.253960957047295766e-03
-1.065522429758526679e-02
2.659523098894568758e-03
-1.628619315299020603e-03
-1.461090602408174621e-01
-1.314175879392318579e-02
-1.647289622392004160e-01
-3.290100407328357124e-02
-5.756518955624296413e-02
-1.163459563291318888e-01
2.048097777544627060e-02
-1.229848651360040818e-01
-1.144639960875251106e-01
1.949438639741748677e-02
-1.569702256995469392e-01
4.002575687492703621e-02
-2.075787003717465516e-03
-1.838807508626533888e-02
4.087456903177412448e-02
-3.112834740260596398e-03
-8.291439365710485954e-02
-7.063741542845958232e-02
-7.278820057985714576e-02
-9.143310298338966358e-02
-1.800692940311518220e-01
-1.530513339510454207e-01
-1.684584844265250292e-01
-2.023388513732435334e-02
-5.107461748915716887e-02
-9.752978856272449815e-02
-5.093099788898690361e-02
-5.562374208823248761e-02
-7.918155731771529815e-02
-1.976455418922556662e-01
-8.394241129916556188e-02
-4.255431983049003108e-02
-1.242384422384118919e-01
-4.089337169708743419e-02
-6.313437366913812743e-02
-5.176739491195547077e-02
-7.172400378814354494e-02
-4.316289716826715583e-02
-4.289082776782116024e-02
-5.668424512098294010e-02
-6.702017249531011522e-02
-3.830037994388213463e-02
-1.859270025850301433e-02
-1.714525445183019969e-01
-1.736363651476783843e-01
-7.019019639446434644e-02
-2.524818638939369669e-02
-1.997495654980600832e-01
-6.389050881753964573e-02
-6.710915340606102286e-02
-2.086856684984241678e-02
-1.610187826580597170e-01
-9.214581882219811948e-02
-2.414124803372578662e-02
-1.116104787125937053e-01
2.580628831933950290e-04
-4.031846470967552776e-01
-1.224349584419663628e-01
-4.329137346488520222e-01
1.466347245182911263e-02
-4.617040908801953863e-02
-4.187280811924722346e-01
5.526625992337367080e-03
-2.969703368251567777e-01
-3.939700015242629250e-01
9.796454415955301032e-03
-3.561439203059966752e-01
1.428747277755762143e-02
1.236559882975899957e-02
-2.748534539801884558e-01
1.538590437018537947e-02
6.559252604921955720e-02
7.432956965503426106e-02
7.028022806413984913e-01
6.438313378789466135e-02
3.203633858974110071e-02
4.851397777448179099e-02
2.069471963257150937e-02
6.364540593412210123e-02
4.721445803049726525e-02
-1.978105235202092665e-02
2.931146803118182126e-02
-1.785592079501504836e-01
-5.215741880942423477e-03
-2.550825894232535140e-01
3.453701773647641776e-02
-7.286158174114626407e-03
-2.277141279268458662e-01
1.996136588411068571e-02
-8.104357759775629444e-02
-2.554146717806018430e-01
1.327337386323796699e-02
-1.362470834377957352e-01
4.921951415165484733e-02
-2.019328652946267288e-01
3.263989012130202177e-02
2.397632533217326431e-02
1.426716645491332008e-02
1.930037153377053838e-02
2.819124833796810004e-02
3.600067235318395176e-03
-1.324161966822348137e-02
9.869135635787781163e-03
-6.082927977031164779e-02
-1.901978419041738116e-02
3.730537654567081009e-03
9.276603259641960295e-03
2.150276145231239458e-02
-8.056094478979269197e-03
3.845408970382722339e-03
-9.506491787833215926e-03
4.358590321385157822e-04
7.233923052661632609e-03
-8.102898453230999998e-02
9.651490304340485521e-03
-1.203051755512052519e-02
-2.743084354570437533e-01
-2.509488877537351947e-01
-1.389615617687189331e-01
-3.232986111681968033e-01
-2.683381106564914909e-01
-8.303029922520269168e-02
-2.382453173684082326e-01
-1.155570649879193168e-01
-2.315584609519362180e-01
1.019325826661511211e-02
-7.233553504106265963e-02
1.331430775413827185e-02
3.043591392851217534e-02
-6.999629193982348507e-02
8.154558472960139054e-03
-6.775153618251374132e-02
3.421966401220096453e-03
-5.613162635253112626e-02
-4.358432173688499105e-03
6.312688809678044556e-03
1.097230733529232574e-02
9.445811178542380671e-03
1.101436952532973586e-02
4.475322924869656882e-03
-5.135735174820196119e-02
-4.770025149264672804e-02
3.055104323023306173e-02
-1.093361807784382217e-01
4.195001666575035038e-02
-7.931289286305663599e-02
1.688489679018528866e-02
-4.111797762620549718e-02
-1.323186426955979753e-02
8.264121580907720505e-03
1.493824579707656031e-02
4.484515972893787089e-02
1.140887942686129829e-02
2.896068324182338866e-02
1.367286676337761513e-03
1.955154355102997968e-02
1.210958498154823988e-02
-1.867508278077617892e-02
-1.173436099843046081e-03
7.828572321580705429e-03
-2.070854594997360021e-01
5.942550917824746329e-03
-5.122487664344999372e-03
-3.540304891355741668e-02
3.669374506340067343e-02
-3.125549089835257671e-02
4.163298300711415489e-02
-1.239466060535714120e-02
-6.757731416211940068e-02
-3.890701901740091506e-02
