HKL Value		Reward		TotalReward	Chi Squared	Z Appr. 	Error	Two-Thetas	Sfs2
4 0 3			0.0		0.0		0.0		0.5	0.29	62.1413926063	0.0
2 0 1			0.0		0.0		0.0		0.5	0.15	29.01034049	0.0
3 0 0			0.97		0.97		0.0		0.5	0.45	42.9814560157	0.0
3 0 2			-0.65		0.32		0.0		0.5	0.46	45.0164041053	0.0
3 2 2			-1.0		-0.68		0.0		0.56163	0.0	71.9603042663	6.6617
1 0 0			0.25		-0.43		0.0		0.56163	0.0	14.0285801003	0.0
1 0 4			0.2		-0.23		0.0		0.56163	0.08	29.3672081998	0.0
2 0 6			-1.0		-1.23		0.03		0.5945	0.73	48.8015573959	6.3028
0 0 3			0.14		-1.08		0.03		0.5945	0.03	19.1797885945	0.0
4 0 1			0.13		-0.96		0.02		0.5945	0.27	58.8934376912	0.0
2 0 3			0.11		-0.85		0.02		0.5945	0.09	34.3920319457	0.0
3 0 6			0.1		-0.75		0.02		0.5945	0.11	59.366558438	0.0
3 0 4			0.09		-0.66		0.02		0.5945	0.64	50.7360354343	0.0
4 0 5			0.08		-0.57		0.02		0.5945	0.26	68.3700248267	0.0
1 0 8			0.08		-0.5		0.02		0.5945	0.24	54.8685935926	0.0
2 0 0			-0.86		-1.36		0.11		0.5945	0.07	28.2731138415	46.4355
1 1 4			0.05		-1.31		0.11		0.59467	0.3	39.4492672371	0.9567
2 0 7			0.06		-1.25		0.1		0.59467	4.16	54.6555056564	0.0
2 0 5			0.06		-1.19		0.1		0.59467	5.26	43.4052500519	0.0
3 0 8			0.06		-1.13		0.09		0.59467	0.3	70.3147352648	0.0
0 0 7			0.05		-1.08		0.09		0.59467	0.2	45.7499157105	0.0
1 0 6			0.05		-1.03		0.08		0.59467	0.25	41.5701214249	0.0
3 0 7			0.03		-1.0		0.08		0.59339	0.18	64.5726747292	2.8781
3 1 0			0.04		-0.96		0.08		0.59339	0.86	50.7823995615	0.002
3 1 4			0.03		-0.93		0.07		0.59353	0.33	57.7518627408	0.9567
4 1 1			0.04		-0.9		0.07		0.59353	0.21	65.3342299592	0.4263
3 0 1			-0.68		-1.57		0.22		0.58396	0.76	43.4972935008	0.0644
2 1 7			0.04		-1.54		0.22		0.58419	0.57	61.3678684761	8.4036
2 1 1			0.03		-1.5		0.21		0.58419	0.13	39.1745550983	0.4263
1 0 7			0.03		-1.47		0.2		0.58473	0.54	48.0896902272	2.8781
-1 -1 -2			-0.27		-1.74		0.28		0.58399	0.31	32.1995090242	11.6912
0 1 5			-0.14		-1.88		0.32		0.58721	0.34	41.7114803244	7.6693
4 1 5			-0.11		-1.99		0.36		0.59181	1.53	74.3771604481	7.6693