HKL Value		Reward		TotalReward	Chi Squared	Z Appr. 	Error	Two-Thetas	Sfs2
4 0 3			0.0		0.0		0.0		0.5	0.29	62.1413926063	0.0
2 0 1			0.0		0.0		0.0		0.5	0.15	29.01034049	0.0
3 0 0			0.97		0.97		0.0		0.5	0.45	42.9814560157	0.0
1 0 0			-0.59		0.38		0.0		0.5	0.0	14.0285801003	0.0
3 0 2			-0.29		0.09		0.0		0.5	0.46	45.0164041053	0.0
0 0 3			-0.74		-0.65		0.0		0.50001	0.03	19.1797885945	0.0
2 1 2			-1.0		-1.65		0.0		0.47844	0.36	40.8238903893	0.1747
3 0 4			0.17		-1.49		0.0		0.47844	0.64	50.7360354343	0.0
1 1 3			-0.92		-2.4		0.03		0.51913	0.54	35.3770121777	12.6586
3 0 6			0.13		-2.28		0.03		0.51913	0.11	59.366558438	0.0
4 0 1			0.11		-2.17		0.02		0.51913	0.27	58.8934376912	0.0
2 0 3			0.1		-2.07		0.02		0.51913	0.09	34.3920319457	0.0
1 0 4			0.09		-1.98		0.02		0.51913	0.08	29.3672081998	0.0
0 0 7			0.08		-1.89		0.02		0.51913	0.2	45.7499157105	0.0
4 0 5			0.08		-1.82		0.02		0.51913	0.26	68.3700248267	0.0
3 1 7			-0.27		-2.08		0.02		0.528	0.32	70.7276559911	1.1017
3 1 4			-0.19		-2.27		0.03		0.52798	0.33	57.7518627408	0.9567
2 0 7			0.06		-2.21		0.03		0.52798	4.16	54.6555056564	0.0
-2 0 4			-0.73		-2.94		0.1		0.51664	0.22	38.5541558059	1.7476
3 0 8			0.06		-2.89		0.09		0.51664	0.3	70.3147352648	0.0
2 2 4			-0.16		-3.05		0.11		0.51811	0.5	67.3692384702	10.6939
2 0 5			0.05		-3.0		0.1		0.51811	5.26	43.4052500519	0.0
4 0 0			-0.38		-3.38		0.17		0.51811	0.08	58.4798162983	46.4355
1 0 6			0.05		-3.34		0.16		0.51811	0.25	41.5701214249	0.0
1 0 8			0.04		-3.29		0.15		0.51811	0.24	54.8685935926	0.0
3 1 0			0.04		-3.25		0.15		0.51811	0.86	50.7823995615	0.002
4 1 1			0.04		-3.21		0.14		0.51811	0.21	65.3342299592	0.4263
2 1 1			0.03		-3.18		0.14		0.51811	0.13	39.1745550983	0.4263
1 1 2			-0.17		-3.35		0.17		0.516	0.52	32.1995090242	11.6912
1 0 7			0.31		-3.04		0.13		0.43505	0.54	48.0896902272	2.8781
2 1 7			0.02		-3.02		0.12		0.43615	0.57	61.3678684761	8.4036
3 0 7			0.01		-3.02		0.12		0.43758	0.18	64.5726747292	2.8781
1 2 6			0.01		-3.01		0.12		0.43903	0.11	69.4566609057	1.2895
2 2 3			0.03		-2.98		0.12		0.4391	0.31	64.6616050849	6.6891
4 1 3			0.03		-2.95		0.12		0.4391	0.15	68.408649436	0.0043
0 1 5			0.03		-2.92		0.11		0.43907	0.34	41.7114803244	7.6693
-1 -1 -2			0.02		-2.9		0.11		0.43926	0.31	32.1995090242	11.6912
-1 -1 2			0.02		-2.88		0.11		0.43945	0.13	32.1995090242	11.6912
1 -1 2			0.02		-2.86		0.11		0.43963	0.39	32.1995090242	11.6912
3 1 2			0.02		-2.84		0.1		0.43982	0.11	52.5840292854	11.6912
1 2 7			-0.02		-2.86		0.11		0.4403	0.71	74.291810142	3.5836
4 1 5			0.02		-2.84		0.1		0.44022	1.53	74.3771604481	7.6693
3 2 4			0.02		-2.82		0.1		0.43984	0.0	76.369138646	3.3351
3 2 2			-0.01		-2.83		0.1		0.43965	0.0	71.9603042663	6.6617
0 2 7			-0.05		-2.88		0.11		0.44242	0.0	72.5085769296	0.0094
1 1 4			0.02		-2.86		0.11		0.44242	0.3	39.4492672371	0.9567
3 2 0			-0.01		-2.87		0.11		0.44242	0.67	70.467230504	2.2538
3 0 3			-0.03		-2.9		0.11		0.44335	0.33	47.4629609511	3.2424
2 2 6			-0.04		-2.94		0.11		0.44315	0.0	74.8444416707	3.2648