HKL Value		Reward		TotalReward	Chi Squared	Z Appr. 	Error	Two-Thetas	Sfs2
4 0 3			0.0		0.0		0.0		0.5	0.29	62.1413926063	0.0
2 0 1			0.0		0.0		0.0		0.5	0.15	29.01034049	0.0
3 0 0			0.97		0.97		0.0		0.5	0.45	42.9814560157	0.0
0 0 7			-0.85		0.12		0.0		0.5	0.2	45.7499157105	0.0
3 0 2			-0.69		-0.57		0.0		0.5	0.46	45.0164041053	0.0
1 0 0			0.18		-0.39		0.0		0.5	0.0	14.0285801003	0.0
2 0 7			-0.91		-1.3		0.0		0.5	4.16	54.6555056564	0.0
3 0 4			-0.64		-1.94		0.0		0.50003	0.64	50.7360354343	0.0
3 0 6			0.11		-1.83		0.0		0.50003	0.11	59.366558438	0.0
4 0 1			-0.06		-1.89		0.0		0.50003	0.27	58.8934376912	0.0
1 0 8			-0.61		-2.49		0.0		0.50005	0.24	54.8685935926	0.0
1 0 4			0.08		-2.41		0.0		0.50005	0.08	29.3672081998	0.0
0 0 3			0.08		-2.33		0.0		0.50005	0.03	19.1797885945	0.0
2 0 3			0.14		-2.19		0.0		0.50009	0.09	34.3920319457	0.0
3 0 8			-0.71		-2.9		0.0		0.50009	0.3	70.3147352648	0.0
4 0 5			-0.02		-2.92		0.0		0.50009	0.26	68.3700248267	0.0
2 0 5			-0.15		-3.06		0.0		0.50009	5.26	43.4052500519	0.0