HKL Value		Reward		TotalReward	Chi Squared	Z Appr. 	Error	Two-Thetas	Sfs2
4 0 3			0.0		0.0		0.0		0.5	0.29	62.1413926063	0.0
2 0 1			0.0		0.0		0.0		0.5	0.15	29.01034049	0.0
3 0 0			0.97		0.97		0.0		0.5	0.45	42.9814560157	0.0
3 0 2			-0.65		0.32		0.0		0.5	0.46	45.0164041053	0.0
1 0 0			-0.18		0.14		0.0		0.5	0.0	14.0285801003	0.0
3 0 6			-0.57		-0.43		0.0		0.5	0.11	59.366558438	0.0
0 0 3			-0.63		-1.06		0.0		0.5	0.03	19.1797885945	0.0
1 0 4			-0.51		-1.57		0.0		0.5	0.08	29.3672081998	0.0
4 0 1			-0.82		-2.39		0.0		0.5	0.27	58.8934376912	0.0
2 0 3			0.95		-1.43		0.0		0.5	0.09	34.3920319457	0.0
4 0 5			-0.69		-2.12		0.0		0.5	0.26	68.3700248267	0.0
3 0 4			0.05		-2.08		0.0		0.5	0.64	50.7360354343	0.0
3 0 8			-0.65		-2.73		0.0		0.49998	0.3	70.3147352648	0.0
1 0 8			-0.08		-2.81		0.0		0.49998	0.24	54.8685935926	0.0
1 1 2			-1.0		-3.81		0.0		0.45207	0.52	32.1995090242	11.6912