HKL Value		Reward		TotalReward	Chi Squared	Z Appr. 	Error	Two-Thetas	Sfs2
4 0 3			0.0		0.0		0.0		0.5	0.29	62.1413926063	0.0
2 0 1			0.0		0.0		0.0		0.5	0.15	29.01034049	0.0
3 0 0			0.97		0.97		0.0		0.5	0.45	42.9814560157	0.0
3 0 2			-0.65		0.32		0.0		0.5	0.46	45.0164041053	0.0
2 0 3			-0.98		-0.66		0.0		0.50003	0.09	34.3920319457	0.0
1 0 4			-0.42		-1.07		0.0		0.50003	0.08	29.3672081998	0.0
1 0 0			0.19		-0.88		0.0		0.50003	0.0	14.0285801003	0.0
0 0 3			0.41		-0.47		0.0		0.50003	0.03	19.1797885945	0.0
2 0 7			-0.58		-1.05		0.0		0.50008	4.16	54.6555056564	0.0
4 0 1			-0.39		-1.43		0.0		0.50008	0.27	58.8934376912	0.0
3 0 6			-0.23		-1.66		0.0		0.50009	0.11	59.366558438	0.0
3 0 4			0.04		-1.62		0.0		0.50009	0.64	50.7360354343	0.0
0 0 7			-0.06		-1.69		0.0		0.50009	0.2	45.7499157105	0.0
1 0 8			-0.23		-1.92		0.0		0.50009	0.24	54.8685935926	0.0
4 0 5			-0.2		-2.12		0.0		0.50009	0.26	68.3700248267	0.0