HKL Value		Reward		TotalReward	Chi Squared	Z Appr. 	Error	Two-Thetas	Sfs2
3 3 7			0.0		0.0		0.0		0.3	0.1558	47.1418707618	3.5073
6 2 10			0.0		0.0		14.21		0.33049	0.7103	71.9901825081	43.9921
6 0 8			3.51		3.51		7.18		0.33015	2.9234	64.163237895	5.3359
7 3 1			0.6		4.11		5.99		0.32994	0.5095	71.5359286583	22.1332
4 6 0			0.74		4.85		4.5		0.32994	0.7863	67.1083315067	59.4729
7 1 7			0.3		5.16		3.89		0.3313	0.3505	72.2660298289	5.0526
0 6 8			0.29		5.45		3.31		0.33093	0.7694	64.1950429677	5.6946
6 4 0			0.24		5.69		2.84		0.33093	1.8287	67.0910631577	58.6803
4 6 2			0.08		5.76		2.69		0.33082	0.2349	67.657370766	5.5969
6 4 2			0.08		5.85		2.52		0.33073	0.2211	67.6401768609	4.8049
2 0 14			0.12		5.96		2.28		0.33114	0.2634	58.6945218607	7.3942
0 2 14			0.09		6.05		2.1		0.33159	0.2479	58.6982494177	6.3292
0 6 2			-0.08		5.97		2.18		0.33157	0.2356	55.3895592761	6.1752
1 7 7			0.07		6.04		2.04		0.3318	0.4353	72.3061031614	6.1143
6 0 2			-0.04		6.0		2.08		0.33178	0.2214	55.354768557	5.4487
3 5 7			0.04		6.05		2.0		0.33213	0.2309	60.5203777188	5.6046
5 3 7			0.04		6.08		1.92		0.33245	0.2523	60.5057581853	5.4388
1 5 7			0.03		6.11		1.86		0.33278	0.6035	54.1236034243	4.2528
5 1 7			0.03		6.14		1.81		0.33308	0.2609	54.1000446603	4.252
4 2 8			0.03		6.17		1.74		0.33334	0.7605	51.4203212226	2.5419
2 4 8			0.03		6.2		1.69		0.33358	0.1687	51.4325245866	2.4593
3 3 13			0.01		6.21		1.67		0.33323	0.5636	65.4922780779	9.1158
1 5 13			-0.05		6.16		1.72		0.33279	1.1973	71.2966048402	12.6128
4 2 6			0.04		6.2		1.64		0.33279	1.6049	46.7233273538	62.1975
0 2 16			-0.29		5.91		1.93		0.33269	1.8687	67.2407114996	13.8307
1 1 13			0.01		5.92		1.92		0.33231	0.3722	52.9310122384	10.9703
1 3 13			0.01		5.93		1.9		0.33197	0.3907	59.4200243294	11.5335
5 1 13			0.01		5.94		1.87		0.3317	0.4567	71.2764535317	11.3258
3 1 13			0.01		5.95		1.85		0.33144	0.3869	59.4126405656	11.7895
0 6 0			-0.16		5.79		2.01		0.33144	1.4277	54.7714555341	59.4019
0 6 6			0.0		5.8		2.0		0.33142	1.0147	60.183190367	40.9583
6 0 6			-0.01		5.79		2.01		0.33141	1.0815	60.1501886982	39.9969
4 0 4			-0.99		4.8		3.0		0.33112	1.2165	39.0343929222	79.1487
3 1 7			0.01		4.81		2.97		0.33136	0.257	39.2655360855	5.205
1 3 7			0.02		4.83		2.94		0.33158	0.1893	39.2755843192	5.3372
0 6 16			-0.03		4.8		2.96		0.33148	0.4825	89.3859051251	7.6515
2 4 6			0.04		4.84		2.88		0.33148	0.785	46.7364348384	64.2552
9 1 1			0.0		4.85		2.87		0.33145	0.8793	87.9915459652	19.6393
1 1 15			0.02		4.87		2.84		0.33137	0.656	61.3839959686	20.6242
5 5 1			-0.01		4.85		2.85		0.33133	0.5073	65.769247456	23.9531
0 0 16			-0.87		3.98		3.72		0.33003	1.3342	64.286058028	116.6634
0 6 10			0.0		3.98		3.72		0.32993	0.8527	69.1637693973	8.5049
6 0 10			-0.0		3.98		3.72		0.32984	1.0728	69.1331306246	8.9056
2 0 16			-0.04		3.94		3.76		0.32963	0.5935	67.2372591268	11.8907
6 0 0			-0.02		3.92		3.78		0.32963	0.7256	54.7363985401	55.434