HKL Value		Reward		TotalReward	Chi Squared	Z Appr. 	Error	Two-Thetas	Sfs2
1 5 9			0.0		0.0		0.0		0.3	0.4394	58.984264935	17.7365
6 0 6			0.0		0.0		0.09		0.31365	1.0815	60.1501886982	39.9969
0 0 18			0.4		0.4		0.06		0.31412	0.6609	73.530655613	37.988
0 6 18			0.24		0.64		0.05		0.31399	0.7949	98.0280769063	1.8601
4 6 0			0.04		0.68		0.05		0.31399	0.7863	67.1083315067	59.4729
2 0 4			-1.0		-0.32		18.25		0.31401	1.3874	23.4143586184	109.347
6 4 0			0.2		-0.12		15.21		0.31401	1.8287	67.0910631577	58.6803
0 6 6			0.17		0.05		13.06		0.31409	1.0147	60.183190367	40.9583
3 7 3			-0.06		-0.01		13.91		0.31426	0.8954	72.6346668965	71.6226
6 4 2			0.12		0.11		12.4		0.31424	0.2211	67.6401768609	4.8049
4 6 2			0.11		0.22		11.22		0.3142	0.2349	67.657370766	5.5969
3 5 9			0.09		0.31		10.26		0.31447	0.4755	65.0802252419	19.5165
2 6 2			-0.43		-0.12		18.02		0.31462	1.2892	58.5985395934	134.3564
3 3 15			0.08		-0.04		16.65		0.31478	0.3402	73.0835579415	3.8877
9 1 1			0.07		0.03		15.56		0.31475	0.8793	87.9915459652	19.6393
0 2 10			0.07		0.1		14.54		0.3146	0.4317	42.9590557724	21.0204
0 2 14			0.05		0.15		13.81		0.31398	0.2479	58.6982494177	6.3292
5 1 9			0.06		0.22		13.0		0.31398	0.4583	58.9619928854	19.0838
7 1 3			-0.05		0.16		13.71		0.31412	1.4031	66.8553232335	91.2915
3 3 7			-0.22		-0.06		17.64		0.31702	0.1558	47.1418707618	3.5073
5 3 9			0.05		-0.01		16.76		0.31705	0.4833	65.0662013285	20.8409
5 5 1			0.04		0.04		16.07		0.31703	0.5073	65.769247456	23.9531
4 2 10			0.05		0.08		15.37		0.31713	1.1102	57.0442200735	11.3144
3 1 15			0.04		0.13		14.72		0.3172	0.2871	67.3554895111	7.7692
1 3 15			0.04		0.17		14.12		0.31728	0.2862	67.3623786269	8.1809
3 3 9			0.04		0.21		13.62		0.31718	0.3816	52.4524123761	12.0632
0 6 2			0.03		0.24		13.19		0.31718	0.2356	55.3895592761	6.1752
3 7 1			0.03		0.27		12.8		0.31716	1.2822	71.5694631273	22.2453
5 3 7			-0.08		0.19		13.85		0.31794	0.2523	60.5057581853	5.4388
7 3 1			0.03		0.22		13.46		0.31793	0.5095	71.5359286583	22.1332
6 0 10			0.03		0.25		13.07		0.31803	1.0728	69.1331306246	8.9056
2 0 10			0.03		0.28		12.71		0.31796	0.6169	42.9543880851	20.236
6 0 2			0.03		0.31		12.37		0.31795	0.2214	55.354768557	5.4487
2 4 10			0.03		0.34		12.0		0.31798	0.607	57.0555982332	12.0937
6 0 12			-0.1		0.24		13.33		0.31642	0.5892	74.995462768	0.9301
0 4 8			-0.29		-0.05		18.69		0.31645	4.1351	47.9021960727	235.0989
0 4 20			0.02		-0.02		18.26		0.31629	1.027	94.1654323607	18.6345
0 0 16			0.03		0.0		17.77		0.3163	1.3342	64.286058028	116.6634
2 2 16			0.03		0.03		17.32		0.31634	1.1693	70.1293332912	108.6018
0 6 10			0.02		0.05		16.99		0.3165	0.8527	69.1637693973	8.5049
0 6 8			0.02		0.07		16.62		0.31652	0.7694	64.1950429677	5.6946
6 0 8			0.02		0.09		16.29		0.31655	2.9234	64.163237895	5.3359
1 3 1			0.0		0.1		16.21		0.31653	0.5324	28.3265170018	42.1271
4 4 0			-0.31		-0.21		23.42		0.31653	4.9852	51.3853572345	648.027
0 6 12			-0.0		-0.21		23.45		0.3158	0.3425	75.0250979777	1.887
0 4 16			0.02		-0.19		23.03		0.31589	1.5557	75.7704700384	94.8658
1 3 9			0.02		-0.18		22.6		0.31577	0.2622	45.3040218183	7.1674
2 0 14			0.02		-0.16		22.19		0.31568	0.2634	58.6945218607	7.3942
2 6 8			-0.13		-0.29		25.59		0.31569	4.3291	67.1483383839	218.3417
0 0 20			0.02		-0.27		25.07		0.31578	0.4542	83.3712939521	4.3689
0 2 18			0.02		-0.25		24.6		0.31565	0.3755	76.3208597895	3.7538
2 0 12			0.02		-0.23		24.17		0.31553	0.8079	50.6101057273	16.6151
5 3 1			0.01		-0.22		23.86		0.31553	0.5252	53.2386121167	32.835
4 2 2			0.01		-0.2		23.51		0.31552	0.457	40.8620305525	12.2524
1 1 9			0.01		-0.19		23.19		0.31538	0.2216	37.1193146943	1.1702
6 0 0			0.01		-0.18		22.85		0.31538	0.7256	54.7363985401	55.434
0 2 12			0.02		-0.16		22.47		0.31529	0.3827	50.6142203783	17.5707
2 4 14			0.01		-0.14		22.15		0.31534	0.5221	70.6383718296	19.4111
2 2 10			0.01		-0.13		21.85		0.31545	0.6429	46.7739448495	44.8949
7 1 1			0.01		-0.12		21.57		0.31544	0.5207	65.7483230412	25.2044
2 0 16			0.0		-0.11		21.47		0.31558	0.5935	67.2372591268	11.8907
4 2 14			0.01		-0.1		21.19		0.31562	1.2576	70.6282605877	19.9713
6 2 2			-0.06		-0.16		22.52		0.31564	3.3001	58.5687226088	135.1206
0 6 0			0.01		-0.15		22.26		0.31564	1.4277	54.7714555341	59.4019
4 2 6			0.01		-0.13		21.94		0.31566	1.6049	46.7233273538	62.1975
3 1 9			0.01		-0.12		21.63		0.31561	0.36	45.2950695798	8.7768
5 1 1			0.01		-0.11		21.4		0.3156	0.5346	46.1701152	26.7419
0 4 10			0.01		-0.1		21.17		0.31572	0.9893	53.7871001638	44.1425
4 2 12			0.01		-0.09		21.05		0.31543	0.2244	63.468523569	4.7972
3 1 5			-0.08		-0.17		22.9		0.31546	2.8985	34.1781376955	186.2389
1 1 15			0.01		-0.17		22.75		0.31552	0.656	61.3839959686	20.6242
0 2 20			0.01		-0.15		22.46		0.31537	0.4494	86.0769303832	2.8517
2 4 6			0.01		-0.14		22.18		0.31539	0.785	46.7364348384	64.2552
4 4 12			0.01		-0.13		21.98		0.31552	1.9475	72.2035773977	130.2426
2 2 0			-0.28		-0.41		30.46		0.31552	11.1953	25.0390113278	1035.9387
0 0 22			0.01		-0.4		30.1		0.31558	2.2765	94.0325860765	137.6091
3 1 1			0.01		-0.39		29.87		0.31557	0.5239	28.3131072915	41.7464
3 3 1			0.01		-0.38		29.59		0.31557	0.5106	38.1558496662	33.1617
2 6 10			0.01		-0.37		29.28		0.31566	0.7069	72.0169435829	44.7171
3 5 1			0.01		-0.36		29.01		0.31565	0.5283	53.2544885252	31.9012
0 4 18			0.01		-0.35		28.79		0.31538	0.8369	84.5238780681	17.4513
0 6 14			0.01		-0.34		28.57		0.31542	0.9096	81.7552219026	27.2955
4 2 8			0.0		-0.34		28.52		0.31545	0.7605	51.4203212226	2.5419
1 5 1			0.01		-0.33		28.26		0.31545	0.4978	46.196563203	27.3004
4 0 4			0.0		-0.33		28.15		0.3154	1.2165	39.0343929222	79.1487
2 4 12			0.01		-0.32		27.95		0.3152	0.2205	63.4791913795	4.8908
0 6 4			-0.0		-0.32		27.99		0.31519	0.6675	57.2171401797	42.9768
0 0 10			0.01		-0.31		27.74		0.31528	0.8316	38.8438017949	41.7013
4 0 12			0.0		-0.31		27.74		0.31545	2.7435	60.4154589103	161.2613
0 2 22			0.0		-0.31		27.67		0.31554	1.8317	96.7387030121	97.213
2 4 8			0.0		-0.31		27.64		0.31557	0.1687	51.4325245866	2.4593
4 4 10			0.01		-0.3		27.37		0.31563	0.6886	66.23802526	47.6672
0 2 6			0.0		-0.3		27.29		0.31568	1.1672	29.1471999487	131.5155
4 4 8			-0.06		-0.36		29.02		0.31568	3.9407	61.1479986878	218.5721
1 3 7			-0.01		-0.37		29.36		0.316	0.1893	39.2755843192	5.3372
1 1 1			0.0		-0.37		29.23		0.316	0.5749	13.0194761966	56.7652
2 4 2			0.01		-0.36		28.98		0.316	0.3828	40.8766170199	13.2501
6 2 4			0.0		-0.35		28.87		0.31595	0.8727	60.3342977717	77.9073
1 7 1			0.01		-0.34		28.64		0.31595	0.5219	65.7901743415	26.2984
0 6 16			0.0		-0.34		28.61		0.31608	0.4825	89.3859051251	7.6515
4 2 0			0.01		-0.34		28.45		0.31608	0.9287	40.0811891304	86.5118
2 4 0			0.01		-0.33		28.3		0.31608	1.4359	40.0960076051	88.2765