HKL Value		Reward		TotalReward	Chi Squared	Z Appr. 	Error	Two-Thetas	Sfs2
1 5 9			0.0		0.0		0.0		0.3	0.4394	58.984264935	17.7365
6 0 6			0.0		0.0		0.09		0.31365	1.0815	60.1501886982	39.9969
0 0 18			0.4		0.4		0.06		0.31412	0.6609	73.530655613	37.988
0 6 18			0.24		0.64		0.05		0.31399	0.7949	98.0280769063	1.8601
4 6 0			0.04		0.68		0.05		0.31399	0.7863	67.1083315067	59.4729
6 4 0			0.17		0.85		0.04		0.31399	1.8287	67.0910631577	58.6803
0 6 6			-0.21		0.64		0.05		0.31407	1.0147	60.183190367	40.9583
6 4 2			-0.39		0.25		0.09		0.31404	0.2211	67.6401768609	4.8049
3 3 15			-0.29		-0.05		0.12		0.3143	0.3402	73.0835579415	3.8877
4 6 2			-0.29		-0.33		0.17		0.31427	0.2349	67.657370766	5.5969
2 2 4			-0.91		-1.25		1.96		0.31359	0.7551	29.4672289371	73.6026
3 5 9			0.05		-1.2		1.87		0.31397	0.4755	65.0802252419	19.5165
9 1 1			0.02		-1.17		1.82		0.31393	0.8793	87.9915459652	19.6393
4 0 0			-0.95		-2.13		38.3		0.31393	8.3901	35.6934066618	787.9925
0 2 14			0.07		-2.05		35.7		0.31314	0.2479	58.6982494177	6.3292
0 2 10			0.07		-1.98		33.32		0.31308	0.4317	42.9590557724	21.0204
5 3 9			0.06		-1.92		31.35		0.31349	0.4833	65.0662013285	20.8409
5 5 1			0.06		-1.86		29.62		0.31345	0.5073	65.769247456	23.9531
1 3 15			0.05		-1.81		28.14		0.31386	0.2862	67.3623786269	8.1809
6 0 4			-0.01		-1.81		28.3		0.31373	0.7069	57.1830782131	42.6751
5 1 9			0.05		-1.76		26.88		0.31376	0.4583	58.9619928854	19.0838
4 2 10			0.04		-1.72		25.78		0.31438	1.1102	57.0442200735	11.3144
3 1 15			0.04		-1.68		24.71		0.31466	0.2871	67.3554895111	7.7692
3 3 9			0.05		-1.63		23.65		0.31457	0.3816	52.4524123761	12.0632
7 3 1			0.04		-1.59		22.76		0.31454	0.5095	71.5359286583	22.1332
2 4 14			0.03		-1.56		22.03		0.3148	0.5221	70.6383718296	19.4111
4 6 4			-0.0		-1.56		22.11		0.31478	1.0731	69.291881243	33.3045
0 6 2			0.03		-1.53		21.38		0.31476	0.2356	55.3895592761	6.1752
0 2 2			0.0		-1.52		21.3		0.3147	0.4614	19.2417464495	36.8131
5 1 13			-0.07		-1.6		22.93		0.31682	0.4567	71.2764535317	11.3258
3 7 1			0.03		-1.57		22.25		0.31681	1.2822	71.5694631273	22.2453
6 0 10			0.03		-1.54		21.63		0.31702	1.0728	69.1331306246	8.9056
6 0 2			0.03		-1.51		21.02		0.31701	0.2214	55.354768557	5.4487
1 3 9			0.02		-1.48		20.54		0.31677	0.2622	45.3040218183	7.1674
0 6 8			0.03		-1.46		20.0		0.31681	0.7694	64.1950429677	5.6946
0 4 20			0.02		-1.43		19.54		0.31656	1.027	94.1654323607	18.6345
2 0 10			0.03		-1.41		19.02		0.31648	0.6169	42.9543880851	20.236
2 4 10			0.03		-1.38		18.52		0.31657	0.607	57.0555982332	12.0937
0 4 0			-0.41		-1.79		31.31		0.31657	6.137	35.7152072575	818.959
0 0 16			0.03		-1.76		30.51		0.31658	1.3342	64.286058028	116.6634
2 2 16			0.03		-1.74		29.76		0.31664	1.1693	70.1293332912	108.6018
0 6 10			0.02		-1.71		29.13		0.31685	0.8527	69.1637693973	8.5049
6 0 8			0.02		-1.69		28.5		0.31689	2.9234	64.163237895	5.3359
2 0 14			0.02		-1.67		27.94		0.31674	0.2634	58.6945218607	7.3942
0 2 0			-0.02		-1.69		28.39		0.31674	1.4407	17.6394681947	177.2483
0 0 20			0.02		-1.67		27.76		0.31675	0.4542	83.3712939521	4.3689
0 4 16			0.02		-1.65		27.22		0.31689	1.5557	75.7704700384	94.8658
6 0 0			0.02		-1.63		26.74		0.31689	0.7256	54.7363985401	55.434
2 0 16			0.01		-1.62		26.43		0.31719	0.5935	67.2372591268	11.8907
0 6 0			0.02		-1.6		26.02		0.31719	1.4277	54.7714555341	59.4019
5 3 1			0.01		-1.59		25.67		0.31718	0.5252	53.2386121167	32.835
4 4 8			-0.11		-1.7		28.85		0.3172	3.9407	61.1479986878	218.5721
2 0 12			0.02		-1.68		28.4		0.31691	0.8079	50.6101057273	16.6151
0 2 18			0.02		-1.66		27.94		0.31656	0.3755	76.3208597895	3.7538
1 1 9			0.01		-1.65		27.58		0.31631	0.2216	37.1193146943	1.1702
6 4 4			0.0		-1.65		27.53		0.31631	0.6669	69.2748711385	33.991
4 2 2			0.01		-1.64		27.13		0.3163	0.457	40.8620305525	12.2524
2 2 10			0.02		-1.62		26.71		0.31643	0.6429	46.7739448495	44.8949
5 1 1			0.01		-1.61		26.37		0.31643	0.5346	46.1701152	26.7419
0 2 12			0.02		-1.59		25.97		0.31625	0.3827	50.6142203783	17.5707
0 2 4			-0.04		-1.63		27.07		0.31625	1.326	23.4223631322	110.0283
3 5 1			0.01		-1.62		26.75		0.31625	0.5283	53.2544885252	31.9012
2 4 6			0.02		-1.6		26.35		0.31628	0.785	46.7364348384	64.2552
7 1 1			0.01		-1.59		26.02		0.31627	0.5207	65.7483230412	25.2044
4 2 14			0.01		-1.58		25.67		0.31633	1.2576	70.6282605877	19.9713
4 2 6			0.01		-1.56		25.3		0.31636	1.6049	46.7233273538	62.1975
5 5 3			0.0		-1.56		25.22		0.31638	0.8107	66.8760743485	64.1048
5 3 3			-0.0		-1.56		25.33		0.31639	0.9351	54.4936931553	89.9375
1 1 17			-0.09		-1.65		27.69		0.31602	2.447	70.2810461715	248.4175
0 6 14			0.01		-1.64		27.45		0.3161	0.9096	81.7552219026	27.2955
1 1 15			0.01		-1.63		27.22		0.31622	0.656	61.3839959686	20.6242
0 0 22			0.01		-1.62		26.88		0.31629	2.2765	94.0325860765	137.6091
0 4 10			0.01		-1.61		26.57		0.31644	0.9893	53.7871001638	44.1425
4 2 8			0.0		-1.61		26.52		0.31654	0.7605	51.4203212226	2.5419
5 3 7			-0.01		-1.62		26.8		0.31709	0.2523	60.5057581853	5.4388
0 2 20			0.01		-1.61		26.55		0.31671	0.4494	86.0769303832	2.8517
3 1 9			0.01		-1.6		26.24		0.31664	0.36	45.2950695798	8.7768
4 4 12			0.01		-1.59		25.96		0.31676	1.9475	72.2035773977	130.2426
3 1 1			0.01		-1.58		25.79		0.31676	0.5239	28.3131072915	41.7464
0 4 14			-0.04		-1.61		26.75		0.31674	1.2337	67.7597167724	121.3788
0 4 18			0.0		-1.61		26.64		0.31622	0.8369	84.5238780681	17.4513
0 6 4			-0.0		-1.61		26.7		0.31621	0.6675	57.2171401797	42.9768
3 3 1			0.01		-1.6		26.47		0.3162	0.5106	38.1558496662	33.1617
3 3 11			-0.08		-1.68		28.68		0.31618	2.1204	58.6030846927	249.5822
0 0 10			0.01		-1.67		28.39		0.31629	0.8316	38.8438017949	41.7013
6 2 4			0.0		-1.67		28.27		0.31623	0.8727	60.3342977717	77.9073
2 6 10			0.01		-1.66		27.99		0.31632	0.7069	72.0169435829	44.7171
2 0 6			0.0		-1.65		27.87		0.31638	1.6278	29.1406672869	128.8477
1 5 1			0.01		-1.64		27.64		0.31638	0.4978	46.196563203	27.3004
2 4 12			0.0		-1.64		27.5		0.31606	0.2205	63.4791913795	4.8908
4 4 10			0.01		-1.63		27.23		0.31613	0.6886	66.23802526	47.6672
0 2 8			-0.03		-1.66		28.02		0.3163	0.1155	35.7619852008	1.7384
0 2 22			0.0		-1.65		27.94		0.31638	1.8317	96.7387030121	97.213
0 6 16			0.0		-1.65		27.89		0.31658	0.4825	89.3859051251	7.6515
1 1 1			0.0		-1.65		27.77		0.31657	0.5749	13.0194761966	56.7652
2 4 8			0.0		-1.65		27.74		0.31662	0.1687	51.4325245866	2.4593
0 2 6			0.0		-1.64		27.65		0.31668	1.1672	29.1471999487	131.5155
1 1 3			0.01		-1.64		27.5		0.31668	0.4514	16.9416048235	36.8187
4 4 4			0.0		-1.64		27.43		0.31664	0.8476	53.9354251327	76.9211
2 6 4			0.0		-1.63		27.33		0.31659	0.8772	60.3635846112	78.02
0 4 8			-0.06		-1.69		29.07		0.3166	4.1351	47.9021960727	235.0989
2 4 0			0.01		-1.69		28.92		0.3166	1.4359	40.0960076051	88.2765