Number of epochs: 100e-02
-3.807737676910483149e-01
2.496326169818917362e-02
-1.145771010993044958e-01
-4.201460084275659423e-01
-3.273987829072264044e-02
-3.223442998033161366e-01
-4.325100746953337572e-01
-1.636990978613369133e-02
-2.207594151113403402e-01
6.341288471235917434e-02
1.434377389890884209e-02
-2.397611446395594981e-01
1.058864785690098731e-01
4.521505335964750259e-03
9.010199889238125828e-03
1.153528077516313526e-02
1.927630903178318214e-02
1.029278029546131512e-01
5.096395907926459801e-03
1.094019176123965827e-02
1.751342039168002351e-02
2.647048478593865689e-02
-4.733544970912482476e-03
1.457438305909719740e-02
3.647689728910821771e-02
-1.299772798051109825e-03
3.783976723044973900e-02
-9.815195753149982827e-02
-9.414243420706083776e-02
-1.120682208009087244e-01
2.015946872698377509e-02
-3.980500530559596961e-02
-1.520032180536188271e-01
1.259475223613979594e-02
-9.375667777730932462e-02
-1.776677881540951187e-01
4.132848014825685548e-03
-2.241070855072116452e-01
9.086694583483916066e-02
2.470803088964861755e-02
-1.114205601712920657e-01
7.685642686965367398e-02
6.494690456590544031e-04
2.692944868667906445e-04
-1.032289119336758515e-01
-1.703467574577720300e-02
-4.183162283534259257e-02
-1.145017575994601577e-01
-4.075452038087155893e-02
-1.729866508077970710e-02
-6.105578918248575487e-02
-1.691141826718325913e-02
-9.014675991159164237e-02
-1.457540456326511871e-02
-6.322647697011991863e-02
2.520613137488144024e-04
-5.511550247746053316e-02
-7.430704578295332929e-02
-6.182854035899387063e-02
-1.022346882844447358e-01
-5.403718443836898200e-02
-1.798880543142119259e-01
3.365188731574052499e-03
-6.661735443622382111e-03
-9.282781828045658101e-02
-2.034046034413810461e-02
-7.780201284174051435e-02
-2.062571822249829444e-03
2.441479855788297737e-03
-1.029992164989743282e-02
-2.243068841188837204e-01
-2.248995403850219399e-01
-5.257536153246759880e-02
-7.193426218576993991e-02
-1.955150812251301717e-01
-1.898252460773555694e-01
-1.306067305913506671e-01
-1.450269247485839741e-01
-1.101117086249338295e-01
-7.270201551317195809e-02
-2.869420779559379853e-02
-1.409272564654872884e-01
-9.829762145044904087e-02
-3.011808752516849652e-01
-3.222313709539019640e-03
-3.045688733936625092e-01
4.592220093592903618e-01
-5.471946327600760857e-03
-4.295155619626108701e-01
1.397916311805023383e-02
-2.803999383698360659e-01
-2.011872638537113567e-01
1.103198616169818840e-02
-2.129680952135375172e-01
-3.283966533192250476e-03
3.987727878774555840e-02
-2.200154177209000805e-01
1.362747253793765434e-02
-2.171862336940128327e-02
-7.948235931914578167e-02
-6.845966257608968042e-02
-5.818770169090567435e-02
-1.074361645926136116e-01
-3.841598641336207293e-02
-3.666128343131486861e-02
-1.261427729914303131e-01
-2.762114303907237112e-01
-2.749701733094715717e-02
-2.212869439178728748e-01
-1.488106765217674932e-01
-9.717880768834009919e-02
-3.097207869334095420e-01
1.814702358836560100e-02
-3.130270774848852022e-02
-3.172428088774807420e-01
3.709972393918291398e-03
-2.687946048949610423e-01
-9.885413731747942634e-02
-1.732384298857757299e-02
-2.094910180301321478e-01
1.956009783657635878e-02
-2.678129739586092573e-01
2.378441631582923002e-02
7.349794217247732596e-03
3.092106228503576845e-02
2.566438994649053451e-02
2.054829534936367108e-02
4.814408945964929881e-02
5.449584977973983557e-01
7.024780949746407821e-02
-1.231230422753803316e-02
1.664923263033145015e-02
-1.666104453083452550e-02
2.668429567451747683e-02
3.551440781273463437e-02
1.421946274219370449e-02
4.149123446228732831e-02
-1.299060347386592901e-02
1.721893989851017159e-02
1.788789452614016409e-02
1.620169562201656185e-02
1.545936365528106753e-02
1.245410084602965352e-02
-1.574823231323429495e-01
-1.655010578669655896e-01
-1.659668096804562121e-01
-2.671144935743606230e-01
-3.550022332171765549e-01
-1.632083382484522394e-01
-1.694461833786605753e-01
-1.141300595602355444e-01
-2.260013386883502062e-01
1.035257977874903638e-02
1.574093277505739458e-03
-7.454721440908747276e-02
1.901359602033714366e-03
-1.432200694351002390e-01
-6.070364116182266206e-02
-5.071328365312275516e-02
1.628739744541622507e-03
-1.155553495071571374e-02
-3.614972611274364089e-02
-1.464716041362293941e-01
-1.083264213443573959e-01
-3.552369010462052418e-02
-1.121164766671767649e-01
-6.549216314760614166e-02
-2.502509994275969873e-02
-9.799987073469915502e-03
1.804239736996779420e-02
-1.209276283503790822e-01
1.701534680442683828e-02
-1.099416094556666251e-01
1.283122654180235585e-02
-2.563315026615006764e-01
3.281691304789015329e-02
8.629083738766731015e-03
8.946187651825331100e-03
4.367499921962323534e-02
3.361749580508714003e-02
8.213791731301700594e-02
2.032758494932086768e-02
9.166178909664169164e-03
-5.761030244358383845e-02
1.688760144019881004e-02
2.104183171500889626e-02
6.267371718028760461e-03
-1.758613388749058759e-01
3.598665207096370389e-01
1.307267267494240451e-02
-4.569293102669749426e-04
1.786612626737564546e-01
1.593339329239601074e-02
8.594691051905266332e-03
8.954773108759904801e-03
1.632725151418795706e-02
3.477929152974364776e-03
