HKL Value		Reward		TotalReward	Chi Squared	Z Appr. 	Error	Two-Thetas	Sfs2
1 0 8			0.0		0.0		0.0		0.5	0.24	54.8685935926	0.0
2 0 5			0.0		0.0		0.0		0.49996	5.26	43.4052500519	0.0
3 0 4			0.94		0.94		0.0		0.49996	0.64	50.7360354343	0.0
2 0 7			0.21		1.15		0.0		0.49994	4.16	54.6555056564	0.0
2 0 3			0.36		1.51		0.0		0.4999	0.09	34.3920319457	0.0
2 0 1			0.25		1.76		0.0		0.4999	0.15	29.01034049	0.0
0 0 2			-1.0		0.76		0.0		0.58213	0.15	12.7532192506	5.5981
4 0 1			0.17		0.93		0.0		0.58213	0.27	58.8934376912	0.0
1 0 0			0.14		1.07		0.0		0.58213	0.0	14.0285801003	0.0
0 0 7			0.12		1.19		0.0		0.58213	0.2	45.7499157105	0.0
3 0 8			0.11		1.3		0.0		0.58213	0.3	70.3147352648	0.0
3 0 6			0.1		1.4		0.0		0.58213	0.11	59.366558438	0.0
1 0 7			-1.0		0.4		0.0		0.58654	0.54	48.0896902272	2.8781
1 0 4			0.08		0.49		0.0		0.58654	0.08	29.3672081998	0.0
3 1 2			-0.99		-0.5		0.18		0.58293	0.11	52.5840292854	11.6912
0 0 3			0.07		-0.43		0.16		0.58293	0.03	19.1797885945	0.0
3 0 0			0.07		-0.37		0.15		0.58293	0.45	42.9814560157	0.0
4 0 5			0.06		-0.3		0.14		0.58293	0.26	68.3700248267	0.0
4 0 3			0.06		-0.24		0.14		0.58293	0.29	62.1413926063	0.0
1 0 6			0.06		-0.19		0.13		0.58293	0.25	41.5701214249	0.0
3 0 2			0.05		-0.14		0.12		0.58293	0.46	45.0164041053	0.0
3 1 0			0.05		-0.09		0.12		0.58293	0.86	50.7823995615	0.002
-1 -1 2			-0.47		-0.56		0.22		0.58053	0.13	32.1995090242	11.6912
0 2 7			0.01		-0.55		0.22		0.58997	0.0	72.5085769296	0.0094
2 1 6			-0.37		-0.92		0.35		0.60686	0.16	55.9883197776	2.0239
1 1 4			0.04		-0.88		0.33		0.60686	0.3	39.4492672371	0.9567
4 1 1			0.04		-0.84		0.32		0.60687	0.21	65.3342299592	0.4263
3 1 4			0.04		-0.8		0.31		0.60689	0.33	57.7518627408	0.9567
4 1 5			-0.05		-0.85		0.33		0.60782	1.53	74.3771604481	7.6693
1 -1 2			-0.19		-1.04		0.4		0.60791	0.39	32.1995090242	11.6912
2 2 3			-0.05		-1.09		0.42		0.60876	0.31	64.6616050849	6.6891