HKL Value		Reward		TotalReward	Chi Squared	Z Appr. 	Error	Two-Thetas	Sfs2
0 2 7			0.0		0.0		0.0		0.5	0.0	72.5085769296	0.0094
1 0 8			0.0		0.0		0.0		0.45479	0.24	54.8685935926	0.0
2 0 5			1.0		1.0		0.0		0.45479	5.26	43.4052500519	0.0
0 1 5			-0.97		0.03		0.02		0.44946	0.34	41.7114803244	7.6693
3 0 4			0.33		0.37		0.02		0.44946	0.64	50.7360354343	0.0
2 0 7			0.25		0.62		0.01		0.44946	4.16	54.6555056564	0.0
2 0 3			0.2		0.82		0.01		0.44946	0.09	34.3920319457	0.0
2 0 1			0.17		0.98		0.01		0.44946	0.15	29.01034049	0.0
1 2 6			-0.16		0.83		0.01		0.44744	0.11	69.4566609057	1.2895
1 0 0			0.12		0.95		0.01		0.44744	0.0	14.0285801003	0.0
4 0 1			0.11		1.06		0.01		0.44744	0.27	58.8934376912	0.0
0 0 7			0.1		1.16		0.01		0.44744	0.2	45.7499157105	0.0
1 0 6			0.09		1.25		0.01		0.44744	0.25	41.5701214249	0.0
3 0 8			0.08		1.34		0.01		0.44744	0.3	70.3147352648	0.0
3 0 6			0.08		1.41		0.01		0.44744	0.11	59.366558438	0.0
2 1 0			-0.7		0.71		0.02		0.44744	0.16	38.6117414796	0.0084
1 0 4			0.07		0.78		0.02		0.44744	0.08	29.3672081998	0.0
0 0 3			0.06		0.84		0.02		0.44744	0.03	19.1797885945	0.0
3 0 0			0.06		0.9		0.02		0.44744	0.45	42.9814560157	0.0
4 0 5			0.06		0.96		0.02		0.44744	0.26	68.3700248267	0.0
4 0 3			0.05		1.01		0.02		0.44744	0.29	62.1413926063	0.0
1 -1 2			0.04		1.05		0.02		0.44763	0.39	32.1995090242	11.6912
1 0 5			-0.16		0.88		0.02		0.45113	0.22	35.3149362404	7.049
3 0 2			0.05		0.93		0.02		0.45113	0.46	45.0164041053	0.0
3 1 0			0.04		0.97		0.02		0.45113	0.86	50.7823995615	0.002
0 1 4			-0.4		0.57		0.03		0.45113	0.09	36.6772811508	0.4076
3 1 7			-0.45		0.12		0.05		0.44664	0.32	70.7276559911	1.1017
3 1 4			0.03		0.15		0.05		0.4466	0.33	57.7518627408	0.9567
1 1 4			0.03		0.18		0.05		0.4466	0.3	39.4492672371	0.9567
2 0 0			-0.49		-0.31		0.1		0.4466	0.07	28.2731138415	46.4355
4 1 1			0.03		-0.28		0.1		0.44659	0.21	65.3342299592	0.4263
4 1 4			-0.07		-0.35		0.11		0.44688	0.37	71.0458443611	0.4076
2 2 3			0.03		-0.33		0.1		0.4467	0.31	64.6616050849	6.6891
1 1 7			-0.09		-0.42		0.11		0.44469	0.15	55.34320722	1.1017
2 1 1			0.03		-0.39		0.11		0.44469	0.13	39.1745550983	0.4263
2 1 7			0.03		-0.36		0.11		0.44457	0.57	61.3678684761	8.4036
4 1 3			0.03		-0.33		0.1		0.44457	0.15	68.408649436	0.0043
3 1 1			-0.1		-0.44		0.12		0.44468	0.22	51.2370468789	1.4731
1 1 6			0.02		-0.42		0.11		0.44491	0.38	49.5460147793	8.8974
3 1 3			-0.17		-0.59		0.14		0.4446	0.4	54.7770496801	12.6586
4 1 0			-0.02		-0.61		0.14		0.4446	0.2	64.9447604845	0.0084
2 1 6			-0.14		-0.75		0.16		0.44758	0.16	55.9883197776	2.0239