HKL Value		Reward		TotalReward	Chi Squared	Z Appr. 	Error	Two-Thetas	Sfs2
1 1 4			0.0		0.0		0.0		0.5	0.3	39.4492672371	0.9567
0 2 7			0.0		0.0		0.02		0.45321	0.0	72.5085769296	0.0094
1 0 8			1.0		1.0		0.01		0.45321	0.24	54.8685935926	0.0
2 0 5			0.5		1.5		0.01		0.45321	5.26	43.4052500519	0.0
3 0 4			0.33		1.83		0.0		0.45321	0.64	50.7360354343	0.0
2 0 7			0.25		2.08		0.0		0.45321	4.16	54.6555056564	0.0
2 0 3			0.2		2.28		0.0		0.45321	0.09	34.3920319457	0.0
2 0 1			0.17		2.45		0.0		0.45321	0.15	29.01034049	0.0
1 0 0			0.14		2.59		0.0		0.45321	0.0	14.0285801003	0.0
4 0 1			0.13		2.72		0.0		0.45321	0.27	58.8934376912	0.0
3 0 8			0.11		2.83		0.0		0.45321	0.3	70.3147352648	0.0
3 0 6			0.1		2.93		0.0		0.45321	0.11	59.366558438	0.0
0 0 7			0.09		3.02		0.0		0.45321	0.2	45.7499157105	0.0
3 0 7			-0.61		2.41		0.0		0.44968	0.18	64.5726747292	2.8781
0 0 3			0.08		2.49		0.0		0.44968	0.03	19.1797885945	0.0
1 0 4			0.07		2.56		0.0		0.44968	0.08	29.3672081998	0.0
2 1 1			-0.22		2.34		0.0		0.44968	0.13	39.1745550983	0.4263
3 0 0			0.06		2.4		0.0		0.44968	0.45	42.9814560157	0.0
4 0 5			0.06		2.46		0.0		0.44968	0.26	68.3700248267	0.0
1 0 6			0.06		2.51		0.0		0.44968	0.25	41.5701214249	0.0
4 0 3			0.05		2.57		0.0		0.44968	0.29	62.1413926063	0.0
4 1 1			-0.17		2.39		0.0		0.44968	0.21	65.3342299592	0.4263
3 0 2			0.05		2.44		0.0		0.44968	0.46	45.0164041053	0.0
3 1 0			0.03		2.47		0.0		0.44968	0.86	50.7823995615	0.002
4 1 3			0.04		2.5		0.0		0.44968	0.15	68.408649436	0.0043
3 1 4			-0.09		2.42		0.0		0.44955	0.33	57.7518627408	0.9567
1 -1 2			0.03		2.44		0.0		0.44971	0.39	32.1995090242	11.6912
-1 -1 2			0.03		2.47		0.0		0.44987	0.13	32.1995090242	11.6912
1 1 6			0.04		2.51		0.0		0.44989	0.38	49.5460147793	8.8974
2 1 7			-0.28		2.22		0.01		0.44876	0.57	61.3678684761	8.4036
2 2 3			-0.11		2.11		0.01		0.44813	0.31	64.6616050849	6.6891
-1 -1 -2			0.01		2.13		0.01		0.44826	0.31	32.1995090242	11.6912
1 0 1			-0.4		1.72		0.01		0.44815	0.06	15.4189733366	0.0644
1 2 7			-0.17		1.55		0.01		0.44898	0.71	74.291810142	3.5836
1 0 7			-0.02		1.54		0.01		0.44863	0.54	48.0896902272	2.8781