HKL Value		Reward		TotalReward	Chi Squared	Z Appr. 	Error	Two-Thetas	Sfs2
0 2 7			0.0		0.0		0.0		0.5	0.0	72.5085769296	0.0094
1 0 8			0.0		0.0		0.0		0.45479	0.24	54.8685935926	0.0
2 0 5			1.0		1.0		0.0		0.45479	5.26	43.4052500519	0.0
3 0 4			0.5		1.5		0.0		0.45479	0.64	50.7360354343	0.0
2 0 7			0.33		1.83		0.0		0.45479	4.16	54.6555056564	0.0
2 0 3			0.25		2.08		0.0		0.45479	0.09	34.3920319457	0.0
2 0 1			0.2		2.28		0.0		0.45479	0.15	29.01034049	0.0
1 0 0			0.17		2.45		0.0		0.45479	0.0	14.0285801003	0.0
3 1 5			-1.0		1.45		0.12		0.44285	0.09	61.4399691436	8.5457
4 0 1			0.12		1.58		0.1		0.44285	0.27	58.8934376912	0.0
3 0 8			0.11		1.69		0.09		0.44285	0.3	70.3147352648	0.0
3 1 4			0.09		1.78		0.08		0.44283	0.33	57.7518627408	0.9567
3 0 6			0.09		1.87		0.08		0.44283	0.11	59.366558438	0.0
0 0 7			0.08		1.95		0.07		0.44283	0.2	45.7499157105	0.0
0 0 3			0.08		2.03		0.07		0.44283	0.03	19.1797885945	0.0
1 0 4			0.07		2.1		0.06		0.44283	0.08	29.3672081998	0.0
3 0 0			0.07		2.17		0.06		0.44283	0.45	42.9814560157	0.0
4 0 5			0.06		2.23		0.05		0.44283	0.26	68.3700248267	0.0
1 0 6			0.06		2.29		0.05		0.44283	0.25	41.5701214249	0.0
4 0 3			0.06		2.34		0.05		0.44283	0.29	62.1413926063	0.0
3 0 2			0.05		2.4		0.05		0.44283	0.46	45.0164041053	0.0
3 1 0			0.05		2.45		0.04		0.44283	0.86	50.7823995615	0.002
1 1 4			0.04		2.48		0.04		0.44278	0.3	39.4492672371	0.9567
0 1 4			-0.25		2.23		0.06		0.44373	0.09	36.6772811508	0.4076
4 1 3			0.04		2.28		0.05		0.44373	0.15	68.408649436	0.0043
2 2 4			-0.38		1.9		0.09		0.44286	0.5	67.3692384702	10.6939
4 1 1			0.03		1.93		0.09		0.44286	0.21	65.3342299592	0.4263
2 1 1			0.03		1.96		0.08		0.44286	0.13	39.1745550983	0.4263
1 -1 2			0.03		1.99		0.08		0.44307	0.39	32.1995090242	11.6912
-1 -1 2			0.03		2.02		0.08		0.44326	0.13	32.1995090242	11.6912
0 0 2			-0.29		1.72		0.11		0.44263	0.15	12.7532192506	5.5981
2 1 7			0.03		1.75		0.11		0.44257	0.57	61.3678684761	8.4036
2 2 3			0.03		1.79		0.1		0.44252	0.31	64.6616050849	6.6891
0 1 6			-0.23		1.56		0.14		0.44927	0.0	47.2608104201	2.0239
1 1 6			0.03		1.59		0.13		0.44936	0.38	49.5460147793	8.8974
2 1 0			-0.02		1.56		0.13		0.44936	0.16	38.6117414796	0.0084
3 0 7			0.02		1.59		0.13		0.4491	0.18	64.5726747292	2.8781
2 2 5			0.01		1.6		0.13		0.45004	0.26	70.7747179536	2.8196
1 2 7			0.01		1.61		0.13		0.45042	0.71	74.291810142	3.5836
-1 -1 -2			0.03		1.64		0.12		0.45045	0.31	32.1995090242	11.6912
1 0 7			0.02		1.66		0.12		0.45016	0.54	48.0896902272	2.8781
4 1 5			0.01		1.67		0.12		0.44985	1.53	74.3771604481	7.6693
1 1 2			0.02		1.7		0.12		0.44987	0.52	32.1995090242	11.6912
0 1 5			0.01		1.71		0.12		0.44959	0.34	41.7114803244	7.6693
3 2 4			-0.01		1.7		0.12		0.44887	0.0	76.369138646	3.3351
2 1 2			0.01		1.7		0.12		0.44906	0.36	40.8238903893	0.1747
0 1 8			-0.01		1.69		0.12		0.45074	2.05	59.6041295708	7.5134
2 1 8			0.0		1.7		0.12		0.45174	0.22	67.2524657177	7.5134
1 1 5			-0.17		1.53		0.14		0.45032	3.06	44.2189644299	8.5457
-2 0 4			-0.03		1.5		0.15		0.45	0.22	38.5541558059	1.7476
2 2 6			-0.03		1.47		0.15		0.44995	0.0	74.8444416707	3.2648