HKL Value		Reward		TotalReward	Chi Squared	Z Appr. 	Error	Two-Thetas	Sfs2
2 0 1			0.0		0.0		0.0		0.5	0.15	29.01034049	0.0
4 1 5			0.0		0.0		0.0		0.50146	1.53	74.3771604481	7.6693
1 0 8			1.0		1.0		0.0		0.50146	0.24	54.8685935926	0.0
2 1 6			-1.0		-0.0		0.08		0.4694	0.16	55.9883197776	2.0239
3 0 3			0.13		0.13		0.07		0.46317	0.33	47.4629609511	3.2424
3 1 4			0.15		0.28		0.06		0.46282	0.33	57.7518627408	0.9567
0 1 5			-0.19		0.08		0.08		0.46131	0.34	41.7114803244	7.6693
1 2 7			0.17		0.25		0.07		0.46154	0.71	74.291810142	3.5836
3 1 3			-0.67		-0.42		0.2		0.46288	0.4	54.7770496801	12.6586
1 1 7			-0.37		-0.79		0.31		0.44983	0.15	55.34320722	1.1017
1 0 7			0.1		-0.68		0.29		0.44947	0.54	48.0896902272	2.8781
3 1 1			-0.07		-0.75		0.31		0.44972	0.22	51.2370468789	1.4731
0 0 8			-0.1		-0.85		0.34		0.44431	0.5	52.7511004195	15.5355
2 0 0			-0.2		-1.06		0.43		0.44431	0.07	28.2731138415	46.4355
-1 -1 2			0.07		-0.98		0.4		0.44441	0.13	32.1995090242	11.6912
3 1 2			0.07		-0.92		0.37		0.44449	0.11	52.5840292854	11.6912
2 1 4			0.0		-0.91		0.37		0.44482	2.11	46.9440445598	0.4076
-2 0 4			0.02		-0.89		0.36		0.44435	0.22	38.5541558059	1.7476
1 0 4			0.06		-0.83		0.34		0.44435	0.08	29.3672081998	0.0
2 0 5			0.06		-0.77		0.33		0.44435	5.26	43.4052500519	0.0
2 1 0			0.01		-0.76		0.32		0.44435	0.16	38.6117414796	0.0084
4 0 3			0.05		-0.71		0.31		0.44435	0.29	62.1413926063	0.0
2 0 2			-0.1		-0.81		0.34		0.44406	0.1	31.1263267788	5.5981
0 0 4			0.02		-0.8		0.34		0.44361	0.08	25.6679215219	1.7476
3 1 0			0.04		-0.75		0.32		0.44361	0.86	50.7823995615	0.002
0 0 -8			0.01		-0.74		0.32		0.44182	0.38	52.7511004195	15.5355
2 0 -4			0.02		-0.73		0.31		0.44151	0.31	38.5541558059	1.7476
0 0 7			0.04		-0.69		0.3		0.44151	0.2	45.7499157105	0.0
1 1 2			0.03		-0.65		0.29		0.44157	0.52	32.1995090242	11.6912
3 2 0			0.02		-0.64		0.29		0.44157	0.67	70.467230504	2.2538
4 1 3			0.03		-0.6		0.28		0.44157	0.15	68.408649436	0.0043
4 0 1			0.03		-0.57		0.27		0.44157	0.27	58.8934376912	0.0
2 0 6			-0.01		-0.58		0.27		0.4406	0.73	48.8015573959	6.3028
3 0 0			0.03		-0.55		0.26		0.4406	0.45	42.9814560157	0.0
0 0 3			0.03		-0.52		0.26		0.4406	0.03	19.1797885945	0.0
1 0 5			-0.04		-0.56		0.27		0.44194	0.22	35.3149362404	7.049
0 1 6			-0.12		-0.68		0.3		0.44422	0.0	47.2608104201	2.0239
4 0 6			-0.02		-0.71		0.31		0.44329	0.38	72.4962488704	6.3028