Number of epochs: 725e-01
7.858144366124998614e-02
-1.965737369300223636e-01
-2.477772607587644116e-01
8.543130316730523921e-02
-3.020814268506331057e-01
-2.533773679198418893e-01
-6.075264253670035856e-03
-3.198649815600397850e-01
-1.090475468550282379e-01
-6.191137300777693753e-02
2.998242206130175003e+00
1.347787988983960850e-01
-1.939471528598860350e-01
7.143186722492608776e-02
-1.052313168101633861e-01
5.670999898905099146e-02
-2.796172133165168651e-04
8.555379927957186270e-01
1.685119351677148020e-02
-4.308164683500871339e-01
5.693676638061090020e-03
-3.383590000364107286e-01
8.084633341999462527e-03
-2.474095208065492102e-01
-9.208817792189888385e-02
-3.159599926494986721e-02
-5.324238082598697908e-01
1.603477153594259630e-01
-4.737045630565321352e-01
2.003394551985982208e-01
-1.792494163685255382e-01
7.199664158246920076e-01
-2.858139277556634439e-01
2.618081818940719008e-01
-1.970382528793937771e-01
3.065997935477903467e-03
-3.314201240575527507e-02
-1.621270760614245687e-01
-3.389670160090846318e-01
-7.047168265516165833e-03
-6.050643495316739701e-02
-6.995945048323372805e-04
-4.378294833924969987e-01
-3.358435925725561377e-02
-1.548773322586443069e-01
6.650435593871191486e-02
-2.070662180698961130e-01
5.475408587346999867e-02
-7.963705907650663052e-02
3.888850916813853531e-01
-3.731156911029522016e-02
9.074584630929467821e-02
-3.295524639840113380e-03
1.033865504533196256e-01
2.489312948758646421e-02
-2.891549138388919138e-01
1.450878773067749636e-02
-4.286784934377145806e-01
2.731378676962955328e-03
-4.173322889265748126e-01
-3.279518543972884670e-01
-1.737464667082388725e-01
-3.380436165474478560e-01
-2.883130335110112297e-01
-2.871729029281991918e-01
-4.756362463698164678e-02
-4.995833841416900123e-01
1.145070470656560646e-01
-4.664811590718854206e-01
5.239085989958659068e-02
-2.075007970132289603e-01
6.291354613596640555e-02
-2.999802166744356402e-01
-2.396731135756431652e-01
3.234259167909140763e-03
2.718405701347519424e-02
-2.800926770265004251e-01
-1.326060819517674468e-02
-3.248215483123375047e-01
2.233045389637302106e-02
2.150901972553317248e-02
2.153912520940758427e-02
-1.497117136308558638e-01
-2.556256122518886231e-01
