Number of epochs: 650e-01
7.884584381472169168e-02
-1.906184898569874830e-01
-2.497128469773913784e-01
8.548495616221703230e-02
-2.731070542884024843e-01
-2.623884593929751707e-01
-3.034260501963283868e-03
-3.237005077492745020e-01
-1.132992642234593034e-01
-6.277532339437254250e-02
3.092352758205577867e+00
1.346727932932250404e-01
-2.040061287958240543e-01
7.153223827709913329e-02
-1.089227164192161507e-01
5.678867146944742428e-02
-2.505882313222808442e-03
8.524966658913526452e-01
1.469762125799282601e-02
-4.162534884235247201e-01
5.941666485158958975e-03
-3.380360556915121828e-01
1.054135096365914695e-02
-2.435309752234157132e-01
-8.669467348473333668e-02
-2.899477742097484809e-02
-5.165394655516895028e-01
1.601734201465356278e-01
-4.760667265483990440e-01
2.000727644581003495e-01
-1.750192792687867982e-01
7.146499494100502226e-01
-2.779816894648154402e-01
2.605696297341950629e-01
-2.004328255527188518e-01
6.258206856343782008e-03
-3.190268815933795798e-02
-1.605971962695919020e-01
-3.280509055787180772e-01
-8.929853254295495868e-03
-6.160844986364946707e-02
-9.826982936114332916e-04
-4.050748970509506774e-01
-3.861063463848248695e-02
-1.391490076704827161e-01
6.515989164656570132e-02
-2.041426268430986402e-01
5.465783079518567872e-02
-7.640388703268315151e-02
3.888459328280840510e-01
-4.196356546900641832e-02
9.058613068625831488e-02
-5.996271250519157568e-03
1.034531024148177270e-01
2.285768102357949721e-02
-2.914459092267400186e-01
1.234593733482756452e-02
-4.282915355882726538e-01
4.533823901162499850e-03
-4.119032296820476780e-01
-3.272355816339714285e-01
-1.816252498701879103e-01
-3.252264092472259005e-01
-2.734341485426946550e-01
-2.705901807628024458e-01
-4.581436046765963860e-02
-4.888212163396220000e-01
1.142278275677803129e-01
-4.639492248215613679e-01
5.250132818071821805e-02
-1.973481145214782961e-01
6.240270344515059381e-02
-2.950639400610859386e-01
-2.336671187456473564e-01
3.839716003891442252e-03
2.558079188985771732e-02
-2.784427895825170030e-01
-1.113529012996936247e-02
-3.159575052904361470e-01
2.108557421354434469e-02
1.991021319828581784e-02
2.096274691685158162e-02
-1.314909550396496374e-01
-2.526693245562685597e-01
