HKL Value		Reward		TotalReward	Chi Squared	Z Appr. 	Error	Two-Thetas	Sfs2
1 0 6			0.0		0.0		0.0		0.5	0.25	41.5701214249	0.0
2 0 3			0.0		0.0		0.0		0.5	0.09	34.3920319457	0.0
3 0 6			0.99		0.99		0.0		0.5	0.11	59.366558438	0.0
2 0 1			0.5		1.49		0.0		0.5	0.15	29.01034049	0.0
4 0 5			0.32		1.82		0.0		0.50013	0.26	68.3700248267	0.0
2 0 7			0.22		2.03		0.0		0.50013	4.16	54.6555056564	0.0
3 0 2			0.2		2.23		0.0		0.50013	0.46	45.0164041053	0.0
0 0 3			0.17		2.4		0.0		0.50013	0.03	19.1797885945	0.0
2 1 7			-1.0		1.4		0.0		0.48632	0.57	61.3678684761	8.4036
2 2 3			-1.0		0.4		0.0		0.44186	0.31	64.6616050849	6.6891
3 0 4			0.11		0.51		0.0		0.44186	0.64	50.7360354343	0.0
4 0 1			0.1		0.61		0.0		0.44186	0.27	58.8934376912	0.0
3 0 0			0.09		0.7		0.0		0.44186	0.45	42.9814560157	0.0
1 0 4			0.08		0.78		0.0		0.44186	0.08	29.3672081998	0.0
1 0 0			0.08		0.86		0.0		0.44186	0.0	14.0285801003	0.0
1 0 8			0.07		0.93		0.0		0.44186	0.24	54.8685935926	0.0
4 0 3			0.07		1.0		0.0		0.44186	0.29	62.1413926063	0.0
0 0 7			0.06		1.06		0.0		0.44186	0.2	45.7499157105	0.0
2 0 5			0.06		1.12		0.0		0.44186	5.26	43.4052500519	0.0
3 0 8			0.06		1.18		0.0		0.44186	0.3	70.3147352648	0.0
1 0 7			-0.98		0.19		0.0		0.443	0.54	48.0896902272	2.8781
0 0 2			-0.98		-0.79		0.05		0.44076	0.15	12.7532192506	5.5981
3 1 0			0.05		-0.74		0.05		0.44075	0.86	50.7823995615	0.002
2 1 1			0.03		-0.71		0.05		0.44075	0.13	39.1745550983	0.4263
4 1 1			0.03		-0.69		0.05		0.44075	0.21	65.3342299592	0.4263
0 1 7			0.04		-0.65		0.04		0.44115	0.26	53.2385720724	8.4036
3 1 4			0.03		-0.61		0.04		0.44108	0.33	57.7518627408	0.9567
1 1 4			0.03		-0.58		0.04		0.44103	0.3	39.4492672371	0.9567
4 1 3			0.04		-0.55		0.04		0.44105	0.15	68.408649436	0.0043
3 0 7			0.01		-0.53		0.04		0.44178	0.18	64.5726747292	2.8781
1 -1 2			0.02		-0.52		0.04		0.44219	0.39	32.1995090242	11.6912
-1 -1 2			0.02		-0.5		0.04		0.44258	0.13	32.1995090242	11.6912
-1 -1 -2			0.02		-0.48		0.04		0.44297	0.31	32.1995090242	11.6912
3 1 2			0.02		-0.47		0.04		0.44334	0.11	52.5840292854	11.6912
4 1 5			0.02		-0.45		0.04		0.44288	1.53	74.3771604481	7.6693
1 2 6			0.03		-0.42		0.04		0.4434	0.11	69.4566609057	1.2895
1 1 6			-0.0		-0.42		0.04		0.44416	0.38	49.5460147793	8.8974
1 1 2			0.02		-0.41		0.03		0.44437	0.52	32.1995090242	11.6912
0 1 5			0.01		-0.39		0.03		0.44402	0.34	41.7114803244	7.6693
1 2 7			-0.06		-0.45		0.04		0.44474	0.71	74.291810142	3.5836
0 2 7			-0.03		-0.48		0.04		0.4464	0.0	72.5085769296	0.0094
3 2 4			-0.05		-0.53		0.04		0.44566	0.0	76.369138646	3.3351