HKL Value		Reward		TotalReward	Chi Squared	Z Appr. 	Error	Two-Thetas	Sfs2
0 0 3			0.0		0.0		0.0		0.5	0.03	19.1797885945	0.0
2 2 6			0.0		0.0		0.0		0.50468	0.0	74.8444416707	3.2648
1 0 6			1.0		1.0		0.0		0.50468	0.25	41.5701214249	0.0
3 0 7			-1.0		-0.0		0.11		0.44085	0.18	64.5726747292	2.8781
3 0 6			0.33		0.33		0.09		0.44085	0.11	59.366558438	0.0
3 1 0			0.25		0.58		0.07		0.44085	0.86	50.7823995615	0.002
2 0 3			0.2		0.78		0.06		0.44085	0.09	34.3920319457	0.0
2 0 1			0.17		0.95		0.05		0.44085	0.15	29.01034049	0.0
4 0 5			0.14		1.09		0.04		0.44085	0.26	68.3700248267	0.0
2 0 7			0.12		1.21		0.04		0.44085	4.16	54.6555056564	0.0
2 2 5			-0.15		1.07		0.04		0.45182	0.26	70.7747179536	2.8196
2 0 5			0.1		1.17		0.04		0.45182	5.26	43.4052500519	0.0
0 2 7			0.08		1.25		0.04		0.4521	0.0	72.5085769296	0.0094
3 0 2			0.08		1.33		0.03		0.4521	0.46	45.0164041053	0.0
3 0 4			0.08		1.41		0.03		0.4521	0.64	50.7360354343	0.0
4 0 1			0.07		1.48		0.03		0.4521	0.27	58.8934376912	0.0
4 1 4			-0.37		1.11		0.05		0.45192	0.37	71.0458443611	0.4076
3 0 0			0.06		1.17		0.05		0.45192	0.45	42.9814560157	0.0
1 0 4			0.06		1.23		0.04		0.45192	0.08	29.3672081998	0.0
1 0 0			0.06		1.29		0.04		0.45192	0.0	14.0285801003	0.0
3 0 8			0.05		1.34		0.04		0.45192	0.3	70.3147352648	0.0
1 0 7			0.0		1.34		0.04		0.4509	0.54	48.0896902272	2.8781
2 1 6			-0.33		1.01		0.06		0.45427	0.16	55.9883197776	2.0239
1 0 8			0.05		1.05		0.06		0.45427	0.24	54.8685935926	0.0
-1 -1 2			0.04		1.09		0.05		0.45427	0.13	32.1995090242	11.6912
4 1 5			-0.03		1.06		0.05		0.45393	1.53	74.3771604481	7.6693
0 0 7			0.04		1.1		0.05		0.45393	0.2	45.7499157105	0.0
4 0 3			0.04		1.14		0.05		0.45393	0.29	62.1413926063	0.0
4 1 3			0.04		1.18		0.05		0.45393	0.15	68.408649436	0.0043
2 1 2			-0.0		1.18		0.05		0.45407	0.36	40.8238903893	0.1747
3 1 4			0.02		1.2		0.05		0.45404	0.33	57.7518627408	0.9567
1 1 2			0.03		1.23		0.05		0.45401	0.52	32.1995090242	11.6912
-1 -1 -2			0.03		1.26		0.04		0.45399	0.31	32.1995090242	11.6912
3 1 2			0.03		1.29		0.04		0.45394	0.11	52.5840292854	11.6912
1 -1 2			0.03		1.32		0.04		0.45394	0.39	32.1995090242	11.6912
2 2 3			-0.02		1.3		0.04		0.45348	0.31	64.6616050849	6.6891
2 1 7			-0.03		1.27		0.04		0.45309	0.57	61.3678684761	8.4036
2 2 4			-0.37		0.9		0.07		0.4527	0.5	67.3692384702	10.6939