HKL Value		Reward		TotalReward	Chi Squared	Z Appr. 	Error	Two-Thetas	Sfs2
1 0 6			0.0		0.0		0.0		0.5	0.25	41.5701214249	0.0
2 0 3			0.0		0.0		0.0		0.5	0.09	34.3920319457	0.0
2 2 4			-1.0		-1.0		0.0		0.57402	0.5	67.3692384702	10.6939
3 0 6			0.5		-0.5		0.0		0.57402	0.11	59.366558438	0.0
2 0 1			0.33		-0.17		0.0		0.57402	0.15	29.01034049	0.0
4 0 5			0.25		0.08		0.0		0.57402	0.26	68.3700248267	0.0
2 1 4			-1.0		-0.92		0.21		0.19353	2.11	46.9440445598	0.4076
2 0 7			0.17		-0.75		0.18		0.19353	4.16	54.6555056564	0.0
0 0 3			0.14		-0.61		0.16		0.19353	0.03	19.1797885945	0.0
3 1 4			0.12		-0.49		0.14		0.19323	0.33	57.7518627408	0.9567
3 0 2			0.11		-0.38		0.13		0.1932	0.46	45.0164041053	0.0
1 1 7			-0.61		-0.99		0.33		0.1689	0.15	55.34320722	1.1017
3 0 4			0.09		-0.9		0.3		0.1689	0.64	50.7360354343	0.0
4 0 1			0.08		-0.82		0.28		0.1689	0.27	58.8934376912	0.0
3 0 0			0.08		-0.74		0.26		0.1689	0.45	42.9814560157	0.0
1 0 4			0.07		-0.67		0.24		0.1689	0.08	29.3672081998	0.0
1 0 0			0.07		-0.6		0.23		0.1689	0.0	14.0285801003	0.0
1 0 8			0.06		-0.54		0.21		0.1689	0.24	54.8685935926	0.0
4 0 3			0.06		-0.48		0.2		0.1689	0.29	62.1413926063	0.0
0 0 7			0.06		-0.43		0.19		0.1689	0.2	45.7499157105	0.0
2 0 5			0.05		-0.37		0.18		0.1689	5.26	43.4052500519	0.0
0 1 6			-0.28		-0.65		0.25		0.15941	0.0	47.2608104201	2.0239
1 2 6			0.05		-0.6		0.24		0.15937	0.11	69.4566609057	1.2895
-2 0 4			-0.05		-0.65		0.25		0.16123	0.22	38.5541558059	1.7476
3 0 8			0.04		-0.61		0.24		0.16123	0.3	70.3147352648	0.0
1 0 7			0.04		-0.57		0.23		0.1612	0.54	48.0896902272	2.8781
3 1 0			0.04		-0.53		0.22		0.1612	0.86	50.7823995615	0.002
4 1 1			0.04		-0.49		0.21		0.16119	0.21	65.3342299592	0.4263
4 0 6			-0.08		-0.57		0.23		0.16319	0.38	72.4962488704	6.3028
2 1 1			0.03		-0.54		0.23		0.16319	0.13	39.1745550983	0.4263
0 1 7			0.03		-0.51		0.22		0.16296	0.26	53.2385720724	8.4036
1 1 4			0.03		-0.48		0.21		0.16295	0.3	39.4492672371	0.9567
3 0 1			-0.77		-1.25		0.91		0.16797	0.76	43.4972935008	0.0644
1 -1 2			-0.02		-1.26		0.93		0.16851	0.39	32.1995090242	11.6912
2 1 7			0.03		-1.23		0.9		0.16827	0.57	61.3678684761	8.4036
0 1 5			-0.03		-1.27		0.93		0.16819	0.34	41.7114803244	7.6693
-1 -1 2			-0.01		-1.28		0.95		0.16877	0.13	32.1995090242	11.6912
4 1 3			0.02		-1.26		0.92		0.16854	0.15	68.408649436	0.0043
3 1 2			-0.01		-1.27		0.94		0.16912	0.11	52.5840292854	11.6912
2 2 3			-0.02		-1.29		0.96		0.16811	0.31	64.6616050849	6.6891
-1 -1 -2			-0.01		-1.3		0.97		0.16867	0.31	32.1995090242	11.6912