Number of epochs: 500e-01
1.366472976297943565e-01
-2.142983821065812255e-01
-2.356260612982414293e-01
5.637452565027025603e-02
-2.863657143884789091e-01
-3.432076912987418460e-01
-3.853541883916773020e-02
-2.910166412911450728e-01
-1.393489804786011629e-02
-2.214785674018414086e-01
-1.071737096988528842e-01
7.313949141511981444e-02
-2.628718481920337413e-01
8.184942937648698180e-02
-2.107665339004764771e-01
8.112623067674914479e-01
-1.696741967751472929e-02
6.622594191412155273e-02
-3.201481301063695273e-02
-4.319891404839999449e-01
-2.008939251847469479e-02
-3.455725142375424830e-01
-2.820274459305937773e-02
-1.777011903241831337e-01
-2.471953479366022915e-02
-5.032762800407324794e-02
-4.708062909529320272e-01
3.314007747082377553e-01
-4.239713064311366741e-01
7.011767343421805299e-01
-1.342577432509855229e-01
5.587060339169008794e-02
-2.735557698169803209e-01
1.628796938837853425e-01
-2.553363954226591792e-01
-1.622220901379642366e-02
-1.270023735419072985e-01
-2.363500789816134762e-01
-5.261935869771989793e-01
-2.104563913135449119e-02
-2.777249191197622702e-01
1.053092512530711539e-02
-4.058175200392654114e-01
-1.456474336145377746e-01
-2.370569535405384343e-01
9.455471444334387354e-02
-1.701760458908872786e-01
1.445311718852445859e-01
-7.722816226981048249e-02
1.199584047873740317e-01
-2.266921511237007802e-01
7.000644767591667206e-01
-2.223454756010515010e-02
4.622297330570650925e-02
-1.278072702536005821e-02
-2.836503401947890746e-01
-1.853359715582668030e-02
-3.984082371039719961e-01
-1.624166814221087926e-02
-3.138312772949681806e-01
-2.703642713623120586e-01
-9.287770964735311829e-02
-3.267137026282611600e-01
-1.626498021884608125e-01
-3.681180250088605388e-01
-8.025502024161874914e-02
-5.166284388555812956e-01
9.659393457112122605e-02
-3.193280464740418934e-01
5.786891901662393617e-02
-1.390646548088466383e-01
2.030312245865595056e-01
-2.470285011490936378e-01
-2.282115592038304885e-01
-1.655049429815708822e-02
-2.057834954219434076e-02
-2.097869345290205856e-01
-2.633154810500714163e-02
-2.401229046765904762e-01
-1.537691687881933243e-02
-2.065146932558136958e-02
-1.623472636251413123e-02
-9.233311733130832033e-02
-2.380717963479470067e-01
