HKL Value		Reward		TotalReward	Chi Squared	Z Appr. 	Error	Two-Thetas	Sfs2
1 0 8			0.0		0.0		0.0		0.5	0.24	54.8685935926	0.0
3 2 2			0.0		0.0		0.0		0.56163	0.0	71.9603042663	6.6617
4 0 1			1.0		1.0		0.0		0.56163	0.27	58.8934376912	0.0
3 2 3			-1.0		-0.0		0.25		0.43474	1.08	73.8091166097	1.7896
2 0 -4			0.32		0.32		0.19		0.42858	0.31	38.5541558059	1.7476
4 0 5			0.25		0.57		0.15		0.42858	0.26	68.3700248267	0.0
2 0 1			0.2		0.77		0.12		0.42858	0.15	29.01034049	0.0
3 0 4			0.17		0.93		0.11		0.42858	0.64	50.7360354343	0.0
0 0 7			0.14		1.08		0.09		0.42858	0.2	45.7499157105	0.0
1 0 4			0.12		1.2		0.08		0.42858	0.08	29.3672081998	0.0
1 0 0			0.11		1.31		0.07		0.42858	0.0	14.0285801003	0.0
2 1 6			-0.38		0.93		0.12		0.47347	0.16	55.9883197776	2.0239
4 0 3			0.09		1.02		0.11		0.47347	0.29	62.1413926063	0.0
2 0 3			0.08		1.1		0.1		0.47347	0.09	34.3920319457	0.0
0 0 3			0.08		1.18		0.09		0.47347	0.03	19.1797885945	0.0
2 0 7			0.07		1.25		0.09		0.47347	4.16	54.6555056564	0.0
3 0 6			0.07		1.32		0.08		0.47347	0.11	59.366558438	0.0
2 0 5			0.06		1.38		0.08		0.47347	5.26	43.4052500519	0.0
1 0 6			0.06		1.44		0.07		0.47347	0.25	41.5701214249	0.0
3 0 0			0.06		1.5		0.07		0.47347	0.45	42.9814560157	0.0
3 0 2			0.05		1.55		0.07		0.47347	0.46	45.0164041053	0.0
0 2 7			-0.02		1.53		0.07		0.46108	0.0	72.5085769296	0.0094
3 0 8			0.05		1.58		0.06		0.46108	0.3	70.3147352648	0.0
4 1 1			0.03		1.61		0.06		0.46108	0.21	65.3342299592	0.4263
2 1 1			0.03		1.64		0.06		0.46108	0.13	39.1745550983	0.4263
3 1 0			0.04		1.69		0.06		0.46108	0.86	50.7823995615	0.002
1 1 4			0.02		1.71		0.06		0.46092	0.3	39.4492672371	0.9567
2 2 4			-0.4		1.31		0.09		0.46002	0.5	67.3692384702	10.6939
3 1 4			0.03		1.34		0.09		0.45979	0.33	57.7518627408	0.9567
2 1 7			-0.02		1.32		0.09		0.45814	0.57	61.3678684761	8.4036
1 0 7			-0.01		1.31		0.09		0.45336	0.54	48.0896902272	2.8781
0 1 7			0.0		1.31		0.09		0.45244	0.26	53.2385720724	8.4036
4 1 5			0.01		1.32		0.09		0.45179	1.53	74.3771604481	7.6693
1 1 6			0.03		1.35		0.09		0.45154	0.38	49.5460147793	8.8974
1 0 5			0.02		1.37		0.09		0.45244	0.22	35.3149362404	7.049
-1 -1 -2			0.03		1.4		0.09		0.45244	0.31	32.1995090242	11.6912
4 1 3			0.03		1.43		0.08		0.45244	0.15	68.408649436	0.0043
3 0 7			0.01		1.44		0.08		0.45184	0.18	64.5726747292	2.8781
3 1 5			-0.27		1.17		0.11		0.4493	0.09	61.4399691436	8.5457
1 1 2			0.03		1.2		0.11		0.44935	0.52	32.1995090242	11.6912
1 1 3			-0.18		1.02		0.14		0.44905	0.54	35.3770121777	12.6586
1 2 7			0.01		1.03		0.13		0.44939	0.71	74.291810142	3.5836
2 0 4			-0.03		1.0		0.14		0.44884	0.23	38.5541558059	1.7476
4 0 4			-0.03		0.97		0.14		0.44827	0.13	64.9051128666	1.7476
2 2 5			0.01		0.98		0.14		0.44908	0.26	70.7747179536	2.8196
1 -1 2			0.02		1.0		0.14		0.44912	0.39	32.1995090242	11.6912
-2 0 4			-0.03		0.98		0.14		0.4486	0.22	38.5541558059	1.7476
0 1 5			0.01		0.99		0.14		0.44835	0.34	41.7114803244	7.6693
4 0 6			-0.1		0.9		0.15		0.44599	0.38	72.4962488704	6.3028
2 1 2			0.01		0.9		0.15		0.44616	0.36	40.8238903893	0.1747
3 1 2			0.02		0.92		0.15		0.44623	0.11	52.5840292854	11.6912
1 0 1			0.0		0.93		0.15		0.4462	0.06	15.4189733366	0.0644
3 2 0			-0.0		0.92		0.15		0.4462	0.67	70.467230504	2.2538
3 0 1			0.0		0.93		0.15		0.44617	0.76	43.4972935008	0.0644
2 2 3			0.02		0.94		0.15		0.44606	0.31	64.6616050849	6.6891
4 1 0			-0.01		0.93		0.15		0.44606	0.2	64.9447604845	0.0084
2 1 0			-0.01		0.92		0.15		0.44606	0.16	38.6117414796	0.0084
3 2 4			0.0		0.93		0.15		0.44565	0.0	76.369138646	3.3351
3 1 1			-0.04		0.88		0.16		0.44575	0.22	51.2370468789	1.4731
3 1 7			-0.03		0.86		0.16		0.4444	0.32	70.7276559911	1.1017
0 1 4			-0.02		0.84		0.16		0.44463	0.09	36.6772811508	0.4076