HKL Value		Reward		TotalReward	Chi Squared	Z Appr. 	Error	Two-Thetas	Sfs2
4 0 1			0.0		0.0		0.0		0.5	0.27	58.8934376912	0.0
4 0 5			0.0		0.0		0.0		0.49996	0.26	68.3700248267	0.0
2 0 1			1.0		1.0		0.0		0.49996	0.15	29.01034049	0.0
3 0 4			0.24		1.24		0.0		0.49996	0.64	50.7360354343	0.0
1 0 4			0.25		1.49		0.0		0.49996	0.08	29.3672081998	0.0
1 0 0			0.25		1.73		0.0		0.49996	0.0	14.0285801003	0.0
4 0 3			0.15		1.89		0.0		0.49996	0.29	62.1413926063	0.0
1 1 6			-1.0		0.89		0.0		0.22322	0.38	49.5460147793	8.8974
0 0 7			0.14		1.03		0.0		0.22322	0.2	45.7499157105	0.0
2 0 3			0.12		1.16		0.0		0.22322	0.09	34.3920319457	0.0
3 2 0			-1.0		0.16		0.02		0.22322	0.67	70.467230504	2.2538
0 0 3			0.1		0.26		0.01		0.22322	0.03	19.1797885945	0.0
0 1 8			-0.63		-0.38		0.04		0.20947	2.05	59.6041295708	7.5134
1 0 8			0.08		-0.29		0.04		0.20947	0.24	54.8685935926	0.0
3 0 6			0.08		-0.22		0.03		0.20947	0.11	59.366558438	0.0
3 0 2			0.07		-0.15		0.03		0.20947	0.46	45.0164041053	0.0
3 0 0			0.07		-0.08		0.03		0.20947	0.45	42.9814560157	0.0
2 0 7			0.06		-0.02		0.03		0.20947	4.16	54.6555056564	0.0
2 0 5			0.06		0.04		0.03		0.20947	5.26	43.4052500519	0.0
1 0 6			0.06		0.1		0.03		0.20947	0.25	41.5701214249	0.0
3 0 8			0.05		0.15		0.02		0.20947	0.3	70.3147352648	0.0
3 1 0			0.05		0.2		0.02		0.20947	0.86	50.7823995615	0.002
3 1 4			0.0		0.2		0.02		0.20937	0.33	57.7518627408	0.9567
2 1 7			-0.11		0.09		0.03		0.20762	0.57	61.3678684761	8.4036
2 2 3			-0.83		-0.74		0.15		0.20687	0.31	64.6616050849	6.6891
0 1 7			0.03		-0.71		0.15		0.20583	0.26	53.2385720724	8.4036
1 0 7			0.29		-0.42		0.11		0.14526	0.54	48.0896902272	2.8781
2 1 1			0.04		-0.38		0.11		0.14526	0.13	39.1745550983	0.4263
3 2 2			-0.29		-0.67		0.15		0.1444	0.0	71.9603042663	6.6617
1 1 4			0.04		-0.64		0.15		0.14439	0.3	39.4492672371	0.9567
2 0 6			-0.3		-0.93		0.21		0.14588	0.73	48.8015573959	6.3028
4 1 1			0.03		-0.9		0.21		0.14588	0.21	65.3342299592	0.4263
0 0 8			-0.24		-1.14		0.27		0.14038	0.5	52.7511004195	15.5355
3 0 7			-0.06		-1.19		0.29		0.14419	0.18	64.5726747292	2.8781
4 1 5			-0.09		-1.29		0.31		0.14314	1.53	74.3771604481	7.6693