HKL Value		Reward		TotalReward	Chi Squared	Z Appr. 	Error	Two-Thetas	Sfs2
0 6 8			0.0		0.0		0.0		0.3	0.7694	64.1950429677	5.6946
6 0 8			0.0		0.0		0.01		0.29714	2.9234	64.163237895	5.3359
5 5 1			8.0		8.0		0.37		0.29671	0.5073	65.769247456	23.9531
5 3 7			3.25		11.25		1.79		0.33172	0.2523	60.5057581853	5.4388
6 2 4			0.68		11.94		9.17		0.32888	0.8727	60.3342977717	77.9073
0 6 10			1.99		13.93		7.86		0.32749	0.8527	69.1637693973	8.5049
4 0 10			2.0		15.93		7.12		0.32536	0.6243	53.7713327333	45.2096
4 4 10			2.08		18.01		6.49		0.32414	0.6886	66.23802526	47.6672
0 6 16			2.24		20.25		5.7		0.32454	0.4825	89.3859051251	7.6515
1 3 9			1.56		21.8		7.4		0.32314	0.2622	45.3040218183	7.1674
2 4 8			1.69		23.5		7.92		0.3241	0.1687	51.4325245866	2.4593
1 5 1			1.77		25.27		7.93		0.32404	0.4978	46.196563203	27.3004
2 6 4			1.42		26.69		9.38		0.32353	0.8772	60.3635846112	78.02
5 1 7			1.55		28.24		9.74		0.3251	0.2609	54.1000446603	4.252
4 6 0			1.77		30.01		9.04		0.3251	0.7863	67.1083315067	59.4729
4 2 8			1.67		31.67		9.03		0.32598	0.7605	51.4203212226	2.5419
3 3 1			1.66		33.34		9.04		0.3259	0.5106	38.1558496662	33.1617
6 4 2			1.78		35.12		8.56		0.32588	0.2211	67.6401768609	4.8049
3 1 15			1.62		36.74		8.92		0.32389	0.2871	67.3554895111	7.7692
3 1 13			1.71		38.45		8.76		0.32478	0.3869	59.4126405656	11.7895
3 1 9			1.6		40.05		9.13		0.32425	0.36	45.2950695798	8.7768
0 0 10			1.75		41.8		8.74		0.32407	0.8316	38.8438017949	41.7013
3 3 13			1.67		43.48		8.81		0.32504	0.5636	65.4922780779	9.1158
1 5 13			1.75		45.23		8.55		0.32545	1.1973	71.2966048402	12.6128
0 2 16			1.79		47.02		8.25		0.32527	1.8687	67.2407114996	13.8307
5 1 13			1.79		48.81		8.07		0.32566	0.4567	71.2764535317	11.3258
0 4 10			1.82		50.63		7.84		0.3255	0.9893	53.7871001638	44.1425
6 0 10			1.85		52.48		7.6		0.32542	1.0728	69.1331306246	8.9056
6 2 10			1.87		54.36		7.39		0.32528	0.7103	71.9901825081	43.9921
2 0 10			1.82		56.18		7.45		0.32514	0.6169	42.9543880851	20.236
5 1 1			1.83		58.01		7.46		0.32512	0.5346	46.1701152	26.7419
7 1 3			1.69		59.7		7.98		0.32514	1.4031	66.8553232335	91.2915