HKL Value		Reward		TotalReward	Chi Squared	Z Appr. 	Error	Two-Thetas	Sfs2
0 6 8			0.0		0.0		0.0		0.3	0.7694	64.1950429677	5.6946
5 5 1			0.0		0.0		0.73		0.29657	0.5073	65.769247456	23.9531
6 0 8			8.55		8.55		0.37		0.29671	2.9234	64.163237895	5.3359
5 1 9			2.43		10.97		2.67		0.31591	0.4583	58.9619928854	19.0838
6 2 4			2.28		13.26		3.83		0.29606	0.8727	60.3342977717	77.9073
4 4 10			2.93		16.19		3.24		0.2783	0.6886	66.23802526	47.6672
4 0 10			3.19		19.38		2.7		0.27854	0.6243	53.7713327333	45.2096
0 6 10			3.4		22.78		2.32		0.27844	0.8527	69.1637693973	8.5049
1 3 9			3.48		26.25		2.14		0.27842	0.2622	45.3040218183	7.1674
2 4 8			3.58		29.84		2.0		0.27834	0.1687	51.4325245866	2.4593
1 5 1			3.44		33.28		2.08		0.2782	0.4978	46.196563203	27.3004
3 3 1			3.36		36.64		2.18		0.27806	0.5106	38.1558496662	33.1617
2 6 4			3.56		40.19		2.03		0.27824	0.8772	60.3635846112	78.02
4 2 8			3.62		43.81		1.94		0.27814	0.7605	51.4203212226	2.5419
4 6 0			3.77		47.58		1.81		0.27814	0.7863	67.1083315067	59.4729
6 4 2			3.84		51.42		1.72		0.27818	0.2211	67.6401768609	4.8049
3 1 13			3.53		54.95		1.93		0.27899	0.3869	59.4126405656	11.7895
3 1 9			3.62		58.56		1.91		0.27894	0.36	45.2950695798	8.7768
0 0 10			3.75		62.32		1.81		0.27881	0.8316	38.8438017949	41.7013
0 6 16			3.76		66.08		1.78		0.27899	0.4825	89.3859051251	7.6515
3 3 13			3.67		69.74		1.84		0.27951	0.5636	65.4922780779	9.1158
1 5 13			3.51		73.25		1.98		0.28019	1.1973	71.2966048402	12.6128
5 1 13			3.47		76.72		2.05		0.28088	0.4567	71.2764535317	11.3258