HKL Value		Reward		TotalReward	Chi Squared	Z Appr. 	Error	Two-Thetas	Sfs2
3 1 5			0.0		0.0		0.0		0.3	2.8985	34.1781376955	186.2389
0 6 8			0.0		0.0		152.67		0.29532	0.7694	64.1950429677	5.6946
5 5 1			1.14		1.14		76.63		0.29255	0.5073	65.769247456	23.9531
6 0 8			1.39		2.53		51.13		0.29579	2.9234	64.163237895	5.3359
1 1 1			1.32		3.85		41.47		0.29349	0.5749	13.0194761966	56.7652
6 2 4			3.05		6.9		10.67		0.20538	0.8727	60.3342977717	77.9073
4 0 10			1.52		8.42		10.73		0.21858	0.6243	53.7713327333	45.2096
4 4 10			1.87		10.29		9.23		0.21943	0.6886	66.23802526	47.6672
3 3 13			1.39		11.68		10.38		0.21298	0.5636	65.4922780779	9.1158
0 6 10			1.56		13.24		10.33		0.2145	0.8527	69.1637693973	8.5049
1 3 9			1.28		14.53		11.68		0.21311	0.2622	45.3040218183	7.1674
2 4 8			1.68		16.21		10.63		0.21306	0.1687	51.4325245866	2.4593
1 5 1			1.72		17.93		9.78		0.21308	0.4978	46.196563203	27.3004
3 3 1			1.77		19.7		9.05		0.21311	0.5106	38.1558496662	33.1617
4 2 8			1.82		21.52		8.41		0.21305	0.7605	51.4203212226	2.5419
2 6 4			1.87		23.4		7.87		0.21311	0.8772	60.3635846112	78.02
4 6 0			1.92		25.32		7.38		0.21311	0.7863	67.1083315067	59.4729
6 4 2			1.97		27.29		6.95		0.21309	0.2211	67.6401768609	4.8049
4 2 12			1.98		29.27		6.69		0.21307	0.2244	63.468523569	4.7972
3 1 13			2.01		31.28		6.46		0.21223	0.3869	59.4126405656	11.7895
4 6 6			1.9		33.18		6.66		0.2118	1.1903	71.9781772466	41.9784
3 1 9			1.86		35.04		6.92		0.21092	0.36	45.2950695798	8.7768
0 0 8			0.63		35.67		13.5		0.21148	2.1948	30.8548203523	183.9052