HKL Value		Reward		TotalReward	Chi Squared	Z Appr. 	Error	Two-Thetas	Sfs2
5 3 1			0.0		0.0		0.0		0.3	0.5252	53.2386121167	32.835
2 0 6			0.0		0.0		20.49		0.33078	1.6278	29.1406672869	128.8477
0 0 6			0.0		0.0		178.7		0.3328	7.4326	23.0169618987	709.6598
0 6 8			0.92		0.92		119.36		0.33184	0.7694	64.1950429677	5.6946
6 0 8			1.05		1.97		89.61		0.33121	2.9234	64.163237895	5.3359
2 4 0			1.09		3.06		74.45		0.33121	1.4359	40.0960076051	88.2765
5 5 1			1.13		4.19		62.6		0.33094	0.5073	65.769247456	23.9531
4 0 10			1.09		5.29		54.67		0.32726	0.6243	53.7713327333	45.2096
4 4 10			1.09		6.38		48.38		0.32504	0.6886	66.23802526	47.6672
6 2 4			0.9		7.28		45.88		0.32379	0.8727	60.3342977717	77.9073
1 3 9			0.96		8.24		42.98		0.32087	0.2622	45.3040218183	7.1674
0 6 10			1.07		9.31		39.08		0.32106	0.8527	69.1637693973	8.5049
3 1 15			1.07		10.38		35.95		0.32017	0.2871	67.3554895111	7.7692
2 4 8			0.96		11.33		34.58		0.32104	0.1687	51.4325245866	2.4593
1 5 1			1.03		12.36		32.65		0.32098	0.4978	46.196563203	27.3004
3 3 1			1.03		13.39		31.05		0.32091	0.5106	38.1558496662	33.1617
3 1 13			0.99		14.38		30.06		0.32308	0.3869	59.4126405656	11.7895
4 2 8			1.02		15.4		29.03		0.32372	0.7605	51.4203212226	2.5419
3 1 9			1.01		16.41		28.18		0.32302	0.36	45.2950695798	8.7768
3 3 13			1.02		17.43		27.42		0.32462	0.5636	65.4922780779	9.1158
0 0 10			1.09		18.53		26.11		0.32441	0.8316	38.8438017949	41.7013
0 2 16			1.11		19.64		24.89		0.32425	1.8687	67.2407114996	13.8307
0 6 16			1.13		20.77		23.77		0.32437	0.4825	89.3859051251	7.6515
0 4 10			1.14		21.91		22.78		0.32424	0.9893	53.7871001638	44.1425
4 2 2			1.13		23.04		22.09		0.32421	0.457	40.8620305525	12.2524
6 0 10			1.17		24.21		21.23		0.32413	1.0728	69.1331306246	8.9056
0 0 22			1.14		25.35		20.8		0.32356	2.2765	94.0325860765	137.6091
6 4 2			1.19		26.54		20.06		0.32355	0.2211	67.6401768609	4.8049
0 2 14			1.17		27.71		19.68		0.32369	0.2479	58.6982494177	6.3292
5 1 9			1.18		28.89		19.25		0.32349	0.4583	58.9619928854	19.0838
6 4 4			1.12		30.01		19.42		0.32351	0.6669	69.2748711385	33.991
1 3 1			1.16		31.17		19.25		0.32349	0.5324	28.3265170018	42.1271
2 4 2			1.19		32.36		18.86		0.32347	0.3828	40.8766170199	13.2501
0 6 4			1.1		33.46		19.27		0.32347	0.6675	57.2171401797	42.9768
6 0 2			1.21		34.66		18.77		0.32347	0.2214	55.354768557	5.4487
6 4 0			1.23		35.89		18.24		0.32347	1.8287	67.0910631577	58.6803
1 3 15			1.21		37.11		17.93		0.32297	0.2862	67.3623786269	8.1809
2 4 14			1.24		38.35		17.51		0.32295	0.5221	70.6383718296	19.4111
0 6 0			1.24		39.58		17.22		0.32295	1.4277	54.7714555341	59.4019
4 2 10			1.27		40.85		16.8		0.32288	1.1102	57.0442200735	11.3144
0 6 14			1.25		42.1		16.61		0.32285	0.9096	81.7552219026	27.2955
1 1 1			1.22		43.32		16.64		0.32282	0.5749	13.0194761966	56.7652
4 2 0			1.24		44.56		16.54		0.32282	0.9287	40.0811891304	86.5118
4 2 12			1.05		45.61		17.79		0.32136	0.2244	63.468523569	4.7972
1 5 9			1.22		46.84		17.52		0.3212	0.4394	58.984264935	17.7365
4 2 4			1.09		47.93		18.26		0.3212	0.7624	43.1345383828	64.2766
0 4 20			1.2		49.12		18.07		0.32112	1.027	94.1654323607	18.6345
1 3 13			1.17		50.29		18.1		0.32179	0.3907	59.4200243294	11.5335
4 6 0			1.23		51.52		17.73		0.32179	0.7863	67.1083315067	59.4729
3 7 1			1.23		52.75		17.43		0.32178	1.2822	71.5694631273	22.2453
0 4 16			1.25		54.0		17.08		0.32175	1.5557	75.7704700384	94.8658
1 3 3			1.2		55.2		17.13		0.32176	0.7045	30.3940112777	66.1614
1 7 1			1.24		56.44		16.93		0.32175	0.5219	65.7901743415	26.2984
0 2 20			1.14		57.58		17.48		0.32076	0.4494	86.0769303832	2.8517
5 5 3			1.19		58.77		17.51		0.32078	0.8107	66.8760743485	64.1048
3 3 9			1.23		60.0		17.29		0.32065	0.3816	52.4524123761	12.0632
1 7 3			1.19		61.18		17.4		0.32066	0.9932	66.8968211493	90.2271
4 6 2			1.24		62.42		17.11		0.32066	0.2349	67.657370766	5.5969
0 2 2			1.2		63.62		17.16		0.32063	0.4614	19.2417464495	36.8131
7 1 3			1.19		64.81		17.28		0.32065	1.4031	66.8553232335	91.2915
0 4 4			1.19		66.0		17.37		0.32055	0.8482	39.0545896029	78.0016