HKL Value		Reward		TotalReward	Chi Squared	Z Appr. 	Error	Two-Thetas	Sfs2
0 6 8			0.0		0.0		0.0		0.3	0.7694	64.1950429677	5.6946
5 5 1			0.0		0.0		0.73		0.29657	0.5073	65.769247456	23.9531
6 0 8			8.55		8.55		0.37		0.29671	2.9234	64.163237895	5.3359
6 2 4			4.64		13.19		1.03		0.29366	0.8727	60.3342977717	77.9073
4 4 10			4.45		17.64		1.22		0.27837	0.6886	66.23802526	47.6672
0 4 4			5.04		22.68		1.02		0.27882	0.8482	39.0545896029	78.0016
4 0 10			5.51		28.19		0.85		0.27878	0.6243	53.7713327333	45.2096
0 6 10			5.91		34.1		0.73		0.2786	0.8527	69.1637693973	8.5049
0 2 16			4.11		38.21		1.32		0.27895	1.8687	67.2407114996	13.8307
1 3 9			4.45		42.65		1.28		0.27892	0.2622	45.3040218183	7.1674
2 4 8			4.51		47.16		1.24		0.27888	0.1687	51.4325245866	2.4593
1 5 1			4.19		51.35		1.39		0.27877	0.4978	46.196563203	27.3004
3 3 1			3.97		55.32		1.54		0.27864	0.5106	38.1558496662	33.1617
4 2 8			4.11		59.43		1.49		0.27858	0.7605	51.4203212226	2.5419
2 6 4			4.24		63.67		1.41		0.27873	0.8772	60.3635846112	78.02
4 6 0			4.39		68.06		1.32		0.27872	0.7863	67.1083315067	59.4729
6 4 2			4.46		72.53		1.27		0.27877	0.2211	67.6401768609	4.8049
3 1 13			4.04		76.57		1.47		0.27951	0.3869	59.4126405656	11.7895
3 1 9			4.1		80.67		1.48		0.27945	0.36	45.2950695798	8.7768
0 0 10			4.24		84.9		1.41		0.2792	0.8316	38.8438017949	41.7013
0 6 16			4.23		89.13		1.4		0.27933	0.4825	89.3859051251	7.6515
3 3 13			4.1		93.24		1.47		0.2798	0.5636	65.4922780779	9.1158
0 4 10			4.23		97.47		1.41		0.27951	0.9893	53.7871001638	44.1425
1 5 13			3.95		101.41		1.56		0.27998	1.1973	71.2966048402	12.6128
6 0 10			4.09		105.51		1.51		0.27976	1.0728	69.1331306246	8.9056
5 1 13			3.92		109.42		1.6		0.28016	0.4567	71.2764535317	11.3258
4 2 2			3.91		113.33		1.63		0.28013	0.457	40.8620305525	12.2524
6 2 10			3.99		117.31		1.59		0.27984	0.7103	71.9901825081	43.9921
0 2 14			4.06		121.37		1.53		0.27978	0.2479	58.6982494177	6.3292
5 5 5			1.96		123.33		3.97		0.27947	1.5862	69.0631626084	104.8873
2 0 2			2.36		125.7		4.25		0.27941	0.6502	19.2320929378	35.9547
0 0 22			2.32		128.02		4.46		0.27779	2.2765	94.0325860765	137.6091