HKL Value		Reward		TotalReward	Chi Squared	Z Appr. 	Error	Two-Thetas	Sfs2
3 1 3			0.0		0.0		0.0		0.5	0.4	54.7770496801	12.6586
2 1 4			0.0		0.0		1.4		0.44418	2.11	46.9440445598	0.4076
0 1 4			0.62		0.62		0.87		0.44857	0.09	36.6772811508	0.4076
2 0 3			0.5		1.12		0.58		0.44857	0.09	34.3920319457	0.0
3 0 4			0.33		1.45		0.43		0.44857	0.64	50.7360354343	0.0
4 1 4			0.06		1.51		0.41		0.44959	0.37	71.0458443611	0.4076
2 2 5			0.18		1.68		0.35		0.45244	0.26	70.7747179536	2.8196
2 0 1			0.17		1.85		0.3		0.45244	0.15	29.01034049	0.0
2 1 2			0.11		1.96		0.27		0.45298	0.36	40.8238903893	0.1747
2 0 5			0.13		2.09		0.24		0.45298	5.26	43.4052500519	0.0
3 0 7			0.09		2.17		0.22		0.45147	0.18	64.5726747292	2.8781
1 0 6			0.1		2.27		0.2		0.45147	0.25	41.5701214249	0.0
1 0 4			0.09		2.36		0.18		0.45147	0.08	29.3672081998	0.0
0 0 3			0.08		2.45		0.17		0.45147	0.03	19.1797885945	0.0
4 1 3			0.08		2.52		0.16		0.45147	0.15	68.408649436	0.0043
1 1 3			-0.29		2.24		0.22		0.45087	0.54	35.3770121777	12.6586
3 0 0			0.07		2.3		0.21		0.45085	0.45	42.9814560157	0.0
3 1 0			0.06		2.36		0.2		0.45085	0.86	50.7823995615	0.002
1 0 7			0.05		2.41		0.19		0.45009	0.54	48.0896902272	2.8781
3 0 6			0.06		2.47		0.18		0.45009	0.11	59.366558438	0.0
3 0 8			0.05		2.52		0.17		0.45009	0.3	70.3147352648	0.0
2 0 7			0.05		2.57		0.16		0.45009	4.16	54.6555056564	0.0
3 0 3			0.03		2.6		0.15		0.45109	0.33	47.4629609511	3.2424
1 0 0			0.05		2.65		0.15		0.45109	0.0	14.0285801003	0.0
0 0 7			0.04		2.69		0.14		0.45109	0.2	45.7499157105	0.0
2 0 -4			-0.05		2.64		0.15		0.45016	0.31	38.5541558059	1.7476
4 0 5			0.04		2.68		0.14		0.45016	0.26	68.3700248267	0.0
4 1 0			-0.03		2.66		0.15		0.45016	0.2	64.9447604845	0.0084
4 0 1			0.04		2.69		0.14		0.45016	0.27	58.8934376912	0.0
0 0 2			-0.19		2.5		0.18		0.44944	0.15	12.7532192506	5.5981
2 1 8			0.01		2.51		0.17		0.45199	0.22	67.2524657177	7.5134
3 0 2			0.03		2.55		0.17		0.45199	0.46	45.0164041053	0.0
4 0 3			0.03		2.58		0.16		0.45199	0.29	62.1413926063	0.0
1 1 4			0.03		2.61		0.16		0.45195	0.3	39.4492672371	0.9567
2 2 4			-0.14		2.47		0.18		0.45155	0.5	67.3692384702	10.6939
1 0 8			0.03		2.5		0.18		0.45154	0.24	54.8685935926	0.0
2 1 1			0.03		2.53		0.17		0.45154	0.13	39.1745550983	0.4263
1 -1 2			0.03		2.55		0.17		0.45155	0.39	32.1995090242	11.6912
-1 -1 -2			0.03		2.58		0.16		0.45155	0.31	32.1995090242	11.6912
1 1 6			0.03		2.61		0.16		0.45142	0.38	49.5460147793	8.8974
-2 0 4			-0.03		2.58		0.16		0.45091	0.22	38.5541558059	1.7476
3 2 0			0.0		2.58		0.16		0.45091	0.67	70.467230504	2.2538
3 1 2			0.02		2.61		0.16		0.45093	0.11	52.5840292854	11.6912
4 0 6			-0.11		2.49		0.18		0.44745	0.38	72.4962488704	6.3028
-1 -1 2			0.02		2.52		0.18		0.44752	0.13	32.1995090242	11.6912
3 2 4			0.01		2.52		0.18		0.44674	0.0	76.369138646	3.3351
1 2 6			0.02		2.54		0.17		0.44645	0.11	69.4566609057	1.2895
3 1 5			-0.08		2.46		0.19		0.44407	0.09	61.4399691436	8.5457
1 2 7			0.01		2.47		0.19		0.44446	0.71	74.291810142	3.5836
4 1 5			0.02		2.49		0.18		0.44428	1.53	74.3771604481	7.6693
4 1 1			0.02		2.51		0.18		0.44428	0.21	65.3342299592	0.4263
0 2 7			0.01		2.52		0.18		0.44539	0.0	72.5085769296	0.0094
3 2 2			-0.0		2.51		0.18		0.44525	0.0	71.9603042663	6.6617
2 2 3			0.02		2.53		0.17		0.44516	0.31	64.6616050849	6.6891
3 0 5			-0.01		2.52		0.18		0.44661	0.2	54.7330754518	7.0489
2 0 6			-0.05		2.47		0.19		0.44493	0.73	48.8015573959	6.3028
0 1 6			-0.08		2.39		0.2		0.44738	0.0	47.2608104201	2.0239