Number of epochs: 475e-01
1.552015145602201607e-01
-8.248261059403957929e-02
-2.213940405443439730e-01
8.054687237479048190e-02
-1.731918914141406252e-01
-9.735229111972629190e-02
-5.772369497451526610e-02
-3.107616533374392698e-01
-1.428733634661878867e-02
-1.502712662283139378e-01
-7.406065446579503282e-03
9.014930044286310895e-02
-9.137959900457862106e-02
1.816273361713065804e-01
-1.061625893533438281e-01
5.096024208324286681e-02
3.098466974970049206e-02
5.496460930869330463e-02
-1.882402406563498526e-02
-2.782976558723478377e-01
-6.704930529904326586e-03
-2.390000797888374717e-01
-1.567948407132541480e-02
-1.524622663670969769e-01
-3.663641360123254254e-02
-4.970005324077913372e-02
-4.457685972898910998e-01
6.481146076001982337e-01
-2.999652438069998484e-01
6.982643049974618377e-01
-1.629891612459598016e-01
5.062388188017656609e-02
-2.000543988344318513e-01
5.111166117899756250e-02
-1.604209024730022526e-01
-8.309174518682793664e-03
-5.310058805633442042e-02
-4.732664738117844244e-02
-3.362286248930452803e-01
-3.167145707385183445e-02
-1.310371037614856959e-01
-3.126489822508435323e-02
-3.080636809429638800e-01
-3.940698816936719778e-02
-1.626454823482679224e-01
2.578590893345875101e-01
-1.021754651292356708e-01
5.316011905709464719e-02
-4.377878608855876458e-02
4.101366620283806719e-01
-1.382641230987181058e-01
1.090468176965954938e-01
-9.305390902366060535e-03
4.908098192623352313e-02
-9.200605324293146745e-03
-1.842005618651214593e-01
-9.155743117066081696e-03
-2.771532157312017186e-01
-2.372233327334579908e-02
-2.069614010874453180e-01
-1.876229765730580146e-01
-4.902233476762082875e-02
-2.279605932721258943e-01
-6.533391778763170121e-02
-3.026476331295963607e-01
-3.835013178619500751e-02
-4.157547506689370231e-01
5.116202050156688080e-02
-3.532345587354928096e-01
5.382726613793544640e-02
-1.015452042513464992e-01
4.955433288685270193e-02
-1.683887621008803848e-01
-8.157998706556382484e-02
-5.815766159721175513e-03
-1.426568947691797713e-02
-2.819410554011268499e-01
-5.178970608016412319e-02
-1.638575355358111163e-01
-2.986320696805584707e-02
-8.934269798741319504e-03
-1.467361848873690623e-02
-1.768861729625865187e-01
-1.999089520906713324e-01
