HKL Value		Reward		TotalReward	Chi Squared	Z Appr. 	Error	Two-Thetas	Sfs2
0 0 3			0.0		0.0		0.0		0.4	0.03	19.1797885945	0.0
2 0 3			0.0		0.0		0.0		0.40022	0.09	34.3920319457	0.0
2 0 1			8.12		8.12		0.0		0.40022	0.15	29.01034049	0.0
1 0 4			-0.89		7.23		0.0		0.40022	0.08	29.3672081998	0.0
3 0 6			-0.34		6.9		0.0		0.40027	0.11	59.366558438	0.0
4 0 2			-1.0		5.9		0.0		0.35968	0.26	60.1237214722	5.5981
3 0 4			0.2		6.1		0.0		0.35968	0.64	50.7360354343	0.0
1 0 8			0.17		6.26		0.0		0.35968	0.24	54.8685935926	0.0
4 1 1			-1.0		5.26		0.0		0.35964	0.21	65.3342299592	0.4263
3 0 0			0.13		5.39		0.0		0.35964	0.45	42.9814560157	0.0
2 0 7			0.11		5.5		0.0		0.35964	4.16	54.6555056564	0.0
0 0 7			0.1		5.6		0.0		0.35964	0.2	45.7499157105	0.0
2 0 5			0.09		5.69		0.0		0.35964	5.26	43.4052500519	0.0
1 0 0			0.08		5.77		0.0		0.35964	0.0	14.0285801003	0.0
4 0 1			0.08		5.85		0.0		0.35964	0.27	58.8934376912	0.0
1 0 6			0.07		5.92		0.0		0.35964	0.25	41.5701214249	0.0
4 0 3			0.07		5.99		0.0		0.35964	0.29	62.1413926063	0.0
3 0 2			0.06		6.05		0.0		0.35964	0.46	45.0164041053	0.0
4 1 5			-0.97		5.08		0.04		0.31613	1.53	74.3771604481	7.6693
3 0 8			0.06		5.13		0.04		0.31613	0.3	70.3147352648	0.0
4 0 5			0.05		5.19		0.03		0.31613	0.26	68.3700248267	0.0
2 1 6			-0.14		5.05		0.04		0.30957	0.16	55.9883197776	2.0239
3 1 0			0.05		5.09		0.04		0.30957	0.86	50.7823995615	0.002
3 1 2			-0.33		4.76		0.06		0.307	0.11	52.5840292854	11.6912
3 1 4			-0.02		4.74		0.06		0.30738	0.33	57.7518627408	0.9567
0 2 7			0.04		4.78		0.06		0.30828	0.0	72.5085769296	0.0094
1 1 4			-0.02		4.76		0.06		0.30854	0.3	39.4492672371	0.9567
0 1 7			-0.0		4.76		0.06		0.3068	0.26	53.2385720724	8.4036
-1 -1 -2			-0.19		4.57		0.07		0.30547	0.31	32.1995090242	11.6912