HKL Value		Reward		TotalReward	Chi Squared	Z Appr. 	Error	Two-Thetas	Sfs2
2 0 1			0.0		0.0		0.0		0.4	0.15	29.01034049	0.0
3 0 7			0.0		0.0		0.01		0.44564	0.18	64.5726747292	2.8781
0 0 3			1.0		1.0		0.01		0.44564	0.03	19.1797885945	0.0
2 1 6			-0.96		0.04		0.15		0.45602	0.16	55.9883197776	2.0239
4 0 4			-0.29		-0.25		0.21		0.45547	0.13	64.9051128666	1.7476
0 0 2			-0.48		-0.73		0.4		0.45494	0.15	12.7532192506	5.5981
2 0 3			0.2		-0.53		0.33		0.45493	0.09	34.3920319457	0.0
1 0 0			0.17		-0.36		0.29		0.45493	0.0	14.0285801003	0.0
3 2 4			-0.0		-0.36		0.29		0.453	0.0	76.369138646	3.3351
3 0 0			0.12		-0.24		0.26		0.453	0.45	42.9814560157	0.0
1 0 8			0.11		-0.13		0.23		0.453	0.24	54.8685935926	0.0
3 0 4			0.1		-0.03		0.21		0.453	0.64	50.7360354343	0.0
1 0 4			0.09		0.06		0.19		0.453	0.08	29.3672081998	0.0
3 0 6			0.08		0.15		0.18		0.453	0.11	59.366558438	0.0
4 0 1			0.08		0.22		0.16		0.453	0.27	58.8934376912	0.0
2 0 7			0.07		0.3		0.15		0.453	4.16	54.6555056564	0.0
4 0 3			0.07		0.36		0.14		0.453	0.29	62.1413926063	0.0
0 0 7			0.06		0.42		0.14		0.453	0.2	45.7499157105	0.0
2 0 5			0.06		0.48		0.13		0.453	5.26	43.4052500519	0.0
3 1 4			0.05		0.53		0.12		0.45293	0.33	57.7518627408	0.9567
1 0 6			0.05		0.58		0.12		0.45293	0.25	41.5701214249	0.0
2 0 -4			-0.09		0.5		0.13		0.45186	0.31	38.5541558059	1.7476
3 0 2			0.05		0.54		0.12		0.45186	0.46	45.0164041053	0.0
3 0 8			0.05		0.59		0.12		0.45186	0.3	70.3147352648	0.0
4 0 5			0.04		0.63		0.11		0.45186	0.26	68.3700248267	0.0
3 1 0			0.04		0.67		0.11		0.45186	0.86	50.7823995615	0.002
1 1 4			0.03		0.71		0.1		0.45177	0.3	39.4492672371	0.9567
3 1 2			0.04		0.75		0.1		0.4518	0.11	52.5840292854	11.6912
2 1 7			0.01		0.76		0.1		0.45083	0.57	61.3678684761	8.4036
-1 -1 2			0.04		0.79		0.09		0.45087	0.13	32.1995090242	11.6912
2 1 1			0.03		0.82		0.09		0.45087	0.13	39.1745550983	0.4263
4 1 3			0.03		0.85		0.09		0.45087	0.15	68.408649436	0.0043
1 1 2			0.03		0.89		0.09		0.45091	0.52	32.1995090242	11.6912
3 0 5			0.02		0.91		0.08		0.45219	0.2	54.7330754518	7.0489
3 2 2			-0.05		0.86		0.09		0.45194	0.0	71.9603042663	6.6617
0 1 7			0.01		0.86		0.09		0.45134	0.26	53.2385720724	8.4036
1 0 7			0.02		0.88		0.09		0.45085	0.54	48.0896902272	2.8781
-1 -1 -2			0.03		0.91		0.08		0.45085	0.31	32.1995090242	11.6912
4 0 2			-0.25		0.66		0.11		0.45048	0.26	60.1237214722	5.5981
1 1 6			0.03		0.69		0.11		0.45043	0.38	49.5460147793	8.8974
1 1 5			-0.19		0.5		0.13		0.44773	3.06	44.2189644299	8.5457
3 2 3			-0.07		0.43		0.15		0.44777	1.08	73.8091166097	1.7896
1 -1 2			0.02		0.45		0.14		0.44784	0.39	32.1995090242	11.6912
3 0 3			0.01		0.46		0.14		0.44858	0.33	47.4629609511	3.2424
4 1 1			0.02		0.48		0.14		0.44858	0.21	65.3342299592	0.4263
4 1 5			0.01		0.5		0.14		0.44831	1.53	74.3771604481	7.6693
1 2 7			0.01		0.51		0.13		0.44865	0.71	74.291810142	3.5836
0 1 6			-0.08		0.43		0.15		0.4513	0.0	47.2608104201	2.0239
1 1 3			-0.12		0.31		0.17		0.45112	0.54	35.3770121777	12.6586
3 2 1			-0.05		0.26		0.17		0.45114	0.17	70.8417473216	1.0468