Number of epochs: 125e-01
3.970404471088522236e-01
-1.268945398500117248e-02
-1.860445714775621762e-01
7.901555625037907926e-02
-1.806690187454383367e-01
-7.214552118499834021e-02
-2.112078657393851380e-02
-1.988647519330509761e-01
2.288456674571049884e-02
6.789372785883611428e-02
-1.338650640528133567e-02
5.008486131672554992e-02
-4.943050771821853005e-03
1.018044082644390946e-01
1.936893608856570664e-02
1.103948750682318403e-01
7.498410501242730453e-02
6.104708428056011826e-02
2.667314470627230039e-02
-2.512609455850773332e-01
3.870023133075951860e-02
-2.591187573544818101e-01
2.123345075457922990e-02
-1.874905190347319894e-01
1.190903843910161037e-03
4.950551604465693034e-02
-2.873624444014152846e-01
6.784467443452313340e-02
-3.815123606291414005e-01
7.786467712298552613e-01
-2.274648914025151694e-02
8.655994836211799992e-02
-2.699614262595089187e-01
1.461172560475474946e-01
-1.086821321949615893e-01
2.440033170220446898e-02
4.476346631582166745e-03
-4.510795127323603132e-02
-1.697556763167610283e-01
1.170596336452506790e-03
-8.504862245912946442e-03
1.021185495905835641e-02
-2.261152863804129498e-01
2.130219666830901817e-02
-1.263414605571047677e-01
4.904756954959359205e-02
-4.958877355150521611e-04
3.456163929250308242e-02
2.008132944842614884e-02
1.414469428656962846e-01
-3.477771425649045511e-02
7.488920611173587039e-02
5.897534999138493578e-03
5.889088956656606672e-02
4.803735265424533690e-02
-1.344258838093252417e-01
2.849208533451780961e-02
-2.705184080582140882e-01
8.547539467573751770e-02
-2.883216085218860969e-01
-2.401801003885723484e-01
-4.925247650257522092e-02
-1.816015122148146588e-01
-4.962771933632556531e-02
-2.440005453898236309e-01
-1.901325853619608222e-02
-2.816112700932400514e-01
3.852453401046634918e-02
-2.365396885113740244e-01
4.449061411769271446e-02
-1.079927044840768569e-01
3.308482295540192408e-02
-1.478786907379637805e-01
-6.643978874231114273e-02
2.550773225879208669e-02
1.747631151864739371e-02
-3.834736491054446111e-02
-1.604304378628377647e-04
-2.959419311285202414e-01
2.487226181535503317e-02
2.410738360267179053e-02
2.609557773889564780e-02
-1.118580250204951887e-01
-6.666383092743910499e-02
