HKL Value		Reward		TotalReward	Chi Squared	Z Appr. 	Error	Two-Thetas	Sfs2
3 0 2			0.0		0.0		0.0		0.5	0.46	45.0164041053	0.0
2 0 1			0.0		0.0		0.0		0.5	0.15	29.01034049	0.0
1 0 0			0.38		0.38		0.0		0.5	0.0	14.0285801003	0.0
1 -1 2			-1.0		-0.62		0.0		0.45207	0.39	32.1995090242	11.6912
0 0 3			0.33		-0.29		0.0		0.45207	0.03	19.1797885945	0.0
3 0 0			0.25		-0.04		0.0		0.45207	0.45	42.9814560157	0.0
4 0 3			0.2		0.16		0.0		0.45207	0.29	62.1413926063	0.0
3 0 4			0.17		0.33		0.0		0.45207	0.64	50.7360354343	0.0
2 2 6			-1.0		-0.67		0.03		0.42063	0.0	74.8444416707	3.2648
1 0 8			0.12		-0.55		0.03		0.42063	0.24	54.8685935926	0.0
0 0 7			0.11		-0.44		0.03		0.42063	0.2	45.7499157105	0.0
2 0 3			0.1		-0.34		0.02		0.42063	0.09	34.3920319457	0.0
3 0 6			0.09		-0.25		0.02		0.42063	0.11	59.366558438	0.0
1 0 4			0.08		-0.16		0.02		0.42063	0.08	29.3672081998	0.0
-1 -1 2			-0.2		-0.36		0.03		0.44244	0.13	32.1995090242	11.6912
4 0 1			0.07		-0.29		0.02		0.44244	0.27	58.8934376912	0.0
0 0 8			0.06		-0.23		0.02		0.4374	0.5	52.7511004195	15.5355
2 0 7			0.06		-0.17		0.02		0.43739	4.16	54.6555056564	0.0
4 0 5			0.06		-0.11		0.02		0.43739	0.26	68.3700248267	0.0
3 0 8			0.06		-0.05		0.02		0.43739	0.3	70.3147352648	0.0
3 2 4			0.02		-0.03		0.02		0.43709	0.0	76.369138646	3.3351
1 0 6			0.05		0.02		0.02		0.43709	0.25	41.5701214249	0.0
2 0 5			0.05		0.07		0.02		0.43709	5.26	43.4052500519	0.0
2 2 5			-0.52		-0.45		0.04		0.439	0.26	70.7747179536	2.8196
3 1 0			0.04		-0.41		0.03		0.439	0.86	50.7823995615	0.002
3 0 7			-0.01		-0.42		0.04		0.43966	0.18	64.5726747292	2.8781
2 1 1			0.02		-0.4		0.03		0.43966	0.13	39.1745550983	0.4263
4 1 1			0.02		-0.39		0.03		0.43966	0.21	65.3342299592	0.4263
0 1 7			0.03		-0.36		0.03		0.4399	0.26	53.2385720724	8.4036
4 1 3			0.03		-0.32		0.03		0.43991	0.15	68.408649436	0.0043
2 0 6			-0.2		-0.52		0.04		0.43806	0.73	48.8015573959	6.3028
3 1 4			0.03		-0.49		0.04		0.43806	0.33	57.7518627408	0.9567
0 0 -8			0.03		-0.46		0.04		0.4378	0.38	52.7511004195	15.5355
3 1 3			-0.42		-0.88		0.06		0.43744	0.4	54.7770496801	12.6586
1 0 7			-0.01		-0.89		0.06		0.43787	0.54	48.0896902272	2.8781
1 1 4			0.03		-0.86		0.06		0.43786	0.3	39.4492672371	0.9567
0 1 5			0.03		-0.83		0.06		0.43787	0.34	41.7114803244	7.6693
2 2 3			0.03		-0.81		0.06		0.43791	0.31	64.6616050849	6.6891
-1 -1 -2			0.01		-0.8		0.06		0.43801	0.31	32.1995090242	11.6912
1 2 7			-0.06		-0.85		0.06		0.4382	0.71	74.291810142	3.5836
3 1 2			0.01		-0.84		0.06		0.43829	0.11	52.5840292854	11.6912
1 1 2			0.01		-0.83		0.06		0.43839	0.52	32.1995090242	11.6912
3 2 1			-0.17		-1.01		0.07		0.43841	0.17	70.8417473216	1.0468
2 1 7			0.02		-0.99		0.07		0.43857	0.57	61.3678684761	8.4036
1 2 6			-0.0		-0.99		0.07		0.43905	0.11	69.4566609057	1.2895
4 1 5			0.02		-0.97		0.07		0.43904	1.53	74.3771604481	7.6693
3 0 3			-0.09		-1.06		0.08		0.43972	0.33	47.4629609511	3.2424
3 0 1			-0.01		-1.07		0.08		0.43972	0.76	43.4972935008	0.0644
3 2 0			-0.02		-1.09		0.08		0.43972	0.67	70.467230504	2.2538