HKL Value		Reward		TotalReward	Chi Squared	Z Appr. 	Error	Two-Thetas	Sfs2
0 1 8			0.0		0.0		0.0		0.5	2.05	59.6041295708	7.5134
3 0 2			0.0		0.0		0.0		0.51305	0.46	45.0164041053	0.0
0 2 7			-1.0		-1.0		0.0		0.45558	0.0	72.5085769296	0.0094
1 0 4			0.5		-0.5		0.0		0.45558	0.08	29.3672081998	0.0
1 0 0			0.33		-0.17		0.0		0.45558	0.0	14.0285801003	0.0
2 0 1			0.25		0.08		0.0		0.45558	0.15	29.01034049	0.0
2 0 3			0.2		0.28		0.0		0.45558	0.09	34.3920319457	0.0
2 0 7			0.17		0.45		0.0		0.45558	4.16	54.6555056564	0.0
3 0 5			-0.48		-0.03		0.0		0.45522	0.2	54.7330754518	7.0489
3 0 8			0.13		0.1		0.0		0.45522	0.3	70.3147352648	0.0
2 1 4			-0.99		-0.89		0.03		0.45481	2.11	46.9440445598	0.4076
0 1 7			-0.16		-1.05		0.04		0.45423	0.26	53.2385720724	8.4036
3 0 4			0.09		-0.96		0.04		0.45423	0.64	50.7360354343	0.0
2 2 6			-0.42		-1.38		0.06		0.45427	0.0	74.8444416707	3.2648
3 1 7			-0.51		-1.89		0.13		0.44962	0.32	70.7276559911	1.1017
1 0 6			0.07		-1.82		0.12		0.44962	0.25	41.5701214249	0.0
3 0 6			0.07		-1.75		0.11		0.44962	0.11	59.366558438	0.0
0 0 3			0.06		-1.69		0.1		0.44962	0.03	19.1797885945	0.0
1 1 7			-0.22		-1.91		0.13		0.4469	0.15	55.34320722	1.1017
2 0 5			0.06		-1.85		0.13		0.4469	5.26	43.4052500519	0.0
2 1 1			0.04		-1.81		0.12		0.4469	0.13	39.1745550983	0.4263
3 1 0			0.05		-1.76		0.12		0.4469	0.86	50.7823995615	0.002
4 1 1			0.04		-1.72		0.11		0.4469	0.21	65.3342299592	0.4263
3 1 1			-0.14		-1.86		0.13		0.44704	0.22	51.2370468789	1.4731
3 0 7			0.04		-1.82		0.12		0.44699	0.18	64.5726747292	2.8781
4 0 1			0.04		-1.78		0.12		0.44699	0.27	58.8934376912	0.0
1 0 8			0.04		-1.74		0.11		0.44699	0.24	54.8685935926	0.0
1 1 5			-0.21		-1.94		0.14		0.44524	3.06	44.2189644299	8.5457
0 0 7			0.04		-1.91		0.14		0.44524	0.2	45.7499157105	0.0
4 1 0			-0.03		-1.93		0.14		0.44524	0.2	64.9447604845	0.0084
3 0 0			0.03		-1.9		0.14		0.44524	0.45	42.9814560157	0.0
2 1 7			0.03		-1.87		0.13		0.44509	0.57	61.3678684761	8.4036
4 0 3			0.03		-1.83		0.13		0.44509	0.29	62.1413926063	0.0
-1 -1 2			0.03		-1.81		0.13		0.44516	0.13	32.1995090242	11.6912
3 1 3			-0.18		-1.98		0.15		0.44486	0.4	54.7770496801	12.6586
3 2 3			-0.07		-2.05		0.17		0.44492	1.08	73.8091166097	1.7896
1 1 4			0.03		-2.03		0.16		0.4449	0.3	39.4492672371	0.9567
-2 0 4			-0.01		-2.04		0.16		0.44447	0.22	38.5541558059	1.7476
3 0 3			-0.0		-2.04		0.16		0.44515	0.33	47.4629609511	3.2424
-1 -1 -2			0.02		-2.02		0.16		0.44521	0.31	32.1995090242	11.6912
0 1 5			0.02		-1.99		0.16		0.44508	0.34	41.7114803244	7.6693
4 1 5			0.02		-1.97		0.15		0.44494	1.53	74.3771604481	7.6693
4 0 4			-0.01		-1.98		0.15		0.44455	0.13	64.9051128666	1.7476
4 0 5			0.02		-1.96		0.15		0.44455	0.26	68.3700248267	0.0
3 1 2			0.02		-1.94		0.15		0.44462	0.11	52.5840292854	11.6912
1 2 6			0.02		-1.92		0.14		0.44462	0.11	69.4566609057	1.2895
2 0 6			-0.06		-1.98		0.15		0.44327	0.73	48.8015573959	6.3028
1 2 7			0.0		-1.98		0.15		0.44346	0.71	74.291810142	3.5836
1 1 6			0.02		-1.96		0.15		0.44367	0.38	49.5460147793	8.8974
2 0 4			-0.01		-1.97		0.15		0.44336	0.23	38.5541558059	1.7476
2 2 3			0.02		-1.95		0.15		0.44332	0.31	64.6616050849	6.6891
3 1 4			0.02		-1.93		0.15		0.44331	0.33	57.7518627408	0.9567
2 0 2			-0.11		-2.04		0.16		0.44313	0.1	31.1263267788	5.5981
1 1 2			0.02		-2.02		0.16		0.44318	0.52	32.1995090242	11.6912
3 2 2			-0.0		-2.02		0.16		0.44309	0.0	71.9603042663	6.6617
2 2 5			-0.01		-2.03		0.16		0.44364	0.26	70.7747179536	2.8196
0 1 4			-0.02		-2.05		0.17		0.44386	0.09	36.6772811508	0.4076