HKL Value		Reward		TotalReward	Chi Squared	Z Appr. 	Error	Two-Thetas	Sfs2
3 0 8			0.0		0.0		0.0		0.5	0.3	70.3147352648	0.0
2 0 1			0.0		0.0		0.0		0.5	0.15	29.01034049	0.0
3 0 2			14.91		14.91		0.0		0.49997	0.46	45.0164041053	0.0
1 0 0			75.16		90.07		0.0		0.49997	0.0	14.0285801003	0.0
0 0 3			0.32		90.39		0.0		0.49997	0.03	19.1797885945	0.0
3 1 7			-1.0		89.39		0.0		0.53189	0.32	70.7276559911	1.1017
3 0 0			0.2		89.59		0.0		0.53189	0.45	42.9814560157	0.0
3 0 6			0.17		89.76		0.0		0.53189	0.11	59.366558438	0.0
4 0 3			0.14		89.9		0.0		0.53189	0.29	62.1413926063	0.0
2 1 0			-1.0		88.9		0.03		0.53189	0.16	38.6117414796	0.0084
3 0 4			0.11		89.01		0.02		0.53189	0.64	50.7360354343	0.0
4 1 5			-0.65		88.36		0.07		0.52443	1.53	74.3771604481	7.6693
1 0 8			0.09		88.45		0.06		0.52443	0.24	54.8685935926	0.0
1 0 4			0.08		88.54		0.06		0.52443	0.08	29.3672081998	0.0
2 0 3			0.08		88.61		0.05		0.52443	0.09	34.3920319457	0.0
4 0 1			0.07		88.68		0.05		0.52443	0.27	58.8934376912	0.0
3 2 2			-0.1		88.58		0.06		0.52527	0.0	71.9603042663	6.6617
2 0 7			0.06		88.65		0.05		0.52527	4.16	54.6555056564	0.0
0 0 7			0.06		88.71		0.05		0.52527	0.2	45.7499157105	0.0
4 0 5			0.06		88.76		0.05		0.52527	0.26	68.3700248267	0.0
2 0 5			0.05		88.81		0.05		0.52527	5.26	43.4052500519	0.0
3 2 3			-0.61		88.21		0.12		0.52143	1.08	73.8091166097	1.7896
3 2 4			-0.14		88.07		0.14		0.52505	0.0	76.369138646	3.3351
1 0 6			0.05		88.11		0.13		0.52505	0.25	41.5701214249	0.0
1 1 2			-0.24		87.87		0.17		0.5216	0.52	32.1995090242	11.6912
1 0 7			-0.5		87.37		0.34		0.57593	0.54	48.0896902272	2.8781
3 1 0			0.04		87.41		0.33		0.57593	0.86	50.7823995615	0.002
1 1 4			0.03		87.44		0.32		0.57605	0.3	39.4492672371	0.9567
-1 -1 -2			-0.18		87.26		0.39		0.57507	0.31	32.1995090242	11.6912
3 1 4			0.03		87.29		0.38		0.57518	0.33	57.7518627408	0.9567
0 1 5			-0.12		87.17		0.43		0.57628	0.34	41.7114803244	7.6693
4 1 4			-0.66		86.5		1.28		0.61783	0.37	71.0458443611	0.4076
4 1 1			0.03		86.53		1.24		0.61783	0.21	65.3342299592	0.4263
2 1 1			0.03		86.57		1.2		0.61783	0.13	39.1745550983	0.4263
3 0 7			-0.03		86.54		1.23		0.60818	0.18	64.5726747292	2.8781
0 1 7			0.03		86.57		1.2		0.60818	0.26	53.2385720724	8.4036
4 1 3			-0.04		86.53		1.25		0.60801	0.15	68.408649436	0.0043
-1 -1 2			-0.03		86.5		1.28		0.60813	0.13	32.1995090242	11.6912
2 2 3			0.0		86.51		1.28		0.60925	0.31	64.6616050849	6.6891
3 1 2			-0.02		86.48		1.31		0.60939	0.11	52.5840292854	11.6912
2 1 7			0.02		86.51		1.28		0.60944	0.57	61.3678684761	8.4036
1 2 6			0.02		86.53		1.25		0.60964	0.11	69.4566609057	1.2895
1 2 7			0.02		86.56		1.22		0.60959	0.71	74.291810142	3.5836
2 2 5			0.01		86.56		1.21		0.60907	0.26	70.7747179536	2.8196
3 2 0			0.02		86.58		1.19		0.60907	0.67	70.467230504	2.2538
3 0 3			-0.08		86.51		1.28		0.60399	0.33	47.4629609511	3.2424
2 0 -4			-0.11		86.4		1.44		0.60809	0.31	38.5541558059	1.7476
2 0 4			-0.09		86.31		1.58		0.61198	0.23	38.5541558059	1.7476