HKL Value		Reward		TotalReward	Chi Squared	Z Appr. 	Error	Two-Thetas	Sfs2
1 1 2			0.0		0.0		0.0		0.4	0.52	32.1995090242	11.6912
3 0 6			0.0		0.0		0.0		0.45207	0.11	59.366558438	0.0
1 0 6			1.0		1.0		0.0		0.45207	0.25	41.5701214249	0.0
2 0 3			0.5		1.5		0.0		0.45207	0.09	34.3920319457	0.0
3 0 0			0.33		1.83		0.0		0.45207	0.45	42.9814560157	0.0
0 0 3			0.25		2.08		0.0		0.45207	0.03	19.1797885945	0.0
3 0 2			0.2		2.28		0.0		0.45207	0.46	45.0164041053	0.0
2 1 7			-1.0		1.28		0.0		0.44372	0.57	61.3678684761	8.4036
1 0 0			0.14		1.43		0.0		0.44372	0.0	14.0285801003	0.0
2 0 1			0.13		1.55		0.0		0.44372	0.15	29.01034049	0.0
4 0 1			0.11		1.66		0.0		0.44372	0.27	58.8934376912	0.0
2 0 7			0.1		1.76		0.0		0.44372	4.16	54.6555056564	0.0
3 0 4			0.09		1.85		0.0		0.44372	0.64	50.7360354343	0.0
0 0 7			0.08		1.94		0.0		0.44372	0.2	45.7499157105	0.0
4 1 0			-0.93		1.01		0.02		0.44372	0.2	64.9447604845	0.0084
3 1 1			-0.65		0.36		0.05		0.44602	0.22	51.2370468789	1.4731
2 2 6			-0.25		0.1		0.07		0.44256	0.0	74.8444416707	3.2648