HKL Value		Reward		TotalReward	Chi Squared	Z Appr. 	Error	Two-Thetas	Sfs2
1 1 2			0.0		0.0		0.0		0.4	0.52	32.1995090242	11.6912
3 0 6			0.0		0.0		0.0		0.45207	0.11	59.366558438	0.0
2 0 3			1.0		1.0		0.0		0.45207	0.09	34.3920319457	0.0
3 0 0			0.5		1.5		0.0		0.45207	0.45	42.9814560157	0.0
0 0 3			0.33		1.83		0.0		0.45207	0.03	19.1797885945	0.0
3 2 2			-1.0		0.83		0.04		0.43686	0.0	71.9603042663	6.6617
3 0 2			0.2		1.03		0.03		0.43686	0.46	45.0164041053	0.0
1 0 0			0.17		1.2		0.03		0.43686	0.0	14.0285801003	0.0
2 0 1			0.14		1.34		0.02		0.43686	0.15	29.01034049	0.0
4 1 4			-0.6		0.74		0.06		0.44898	0.37	71.0458443611	0.4076
4 0 1			0.11		0.86		0.05		0.44898	0.27	58.8934376912	0.0
2 0 7			0.1		0.96		0.05		0.44898	4.16	54.6555056564	0.0
3 0 4			0.09		1.05		0.04		0.44898	0.64	50.7360354343	0.0
0 0 7			0.08		1.13		0.04		0.44898	0.2	45.7499157105	0.0
1 0 8			0.08		1.21		0.04		0.44898	0.24	54.8685935926	0.0
3 1 5			-0.46		0.75		0.07		0.4344	0.09	61.4399691436	8.5457
1 0 4			0.07		0.81		0.07		0.43441	0.08	29.3672081998	0.0
1 1 3			-0.41		0.41		0.11		0.43159	0.54	35.3770121777	12.6586
4 0 5			0.06		0.46		0.11		0.43159	0.26	68.3700248267	0.0
4 0 3			0.06		0.52		0.1		0.43159	0.29	62.1413926063	0.0
3 2 1			-0.21		0.31		0.13		0.43182	0.17	70.8417473216	1.0468
1 1 5			0.01		0.32		0.12		0.42904	3.06	44.2189644299	8.5457
1 0 6			0.05		0.37		0.12		0.42906	0.25	41.5701214249	0.0
1 2 7			-0.06		0.31		0.13		0.42965	0.71	74.291810142	3.5836
2 0 5			0.04		0.36		0.12		0.42965	5.26	43.4052500519	0.0
3 0 8			0.04		0.4		0.12		0.42965	0.3	70.3147352648	0.0
3 1 0			0.04		0.44		0.11		0.42965	0.86	50.7823995615	0.002
2 1 1			0.03		0.47		0.11		0.42965	0.13	39.1745550983	0.4263
4 1 0			-0.04		0.43		0.11		0.42965	0.2	64.9447604845	0.0084
2 2 3			0.02		0.45		0.11		0.43034	0.31	64.6616050849	6.6891
1 1 4			0.03		0.48		0.11		0.43034	0.3	39.4492672371	0.9567
4 1 1			0.03		0.51		0.1		0.43034	0.21	65.3342299592	0.4263
1 0 1			-0.01		0.5		0.1		0.43036	0.06	15.4189733366	0.0644
-1 -1 -2			0.0		0.51		0.1		0.43099	0.31	32.1995090242	11.6912
4 1 5			0.02		0.53		0.1		0.43173	1.53	74.3771604481	7.6693
2 2 6			-0.03		0.5		0.11		0.43089	0.0	74.8444416707	3.2648
0 1 7			-0.01		0.49		0.11		0.43296	0.26	53.2385720724	8.4036
3 0 7			-0.02		0.47		0.11		0.43555	0.18	64.5726747292	2.8781