Number of epochs: 600e-01
2.633713861250029931e-01
-8.224534060194423069e-02
-2.432328270911014167e-01
7.842905506736579102e-02
-1.948032051802606190e-01
-2.127607758751558498e-01
-2.842944398738391637e-02
-3.656610694592353772e-01
-1.695946880985332861e-02
-2.237857199597289570e-01
-1.547194503782210219e-02
1.182798193251526908e-01
-2.768951302455343044e-01
6.502925968685129010e-02
-1.108949445104455700e-01
5.102879267707668282e-02
-1.884281265391070728e-02
7.353388596286269951e-02
-2.197589951566924354e-02
-2.750339474993424571e-01
7.959051924784897938e-03
-2.207373924413249255e-01
-2.579572631608702607e-02
-2.052652356519469035e-01
-1.819051525287211646e-02
-2.694337401924452174e-02
-4.090574591341516464e-01
9.501873440109184776e-02
-3.577763879024011273e-01
6.986208873275385756e-01
-6.591803848348808115e-02
4.271989745073676015e-02
-2.671431974603785675e-01
8.374410805704270155e-02
-1.324075243981107652e-01
1.175259979194435284e-02
-1.819682885473486444e-01
-1.326203455352673588e-01
-3.366576928960819393e-01
-3.448054117402801766e-02
-1.227873975300688564e-01
-1.729214351669208782e-02
-2.403690235591721125e-01
-9.992643251736811616e-02
-1.370991305906020530e-01
4.865357154501778747e-01
-1.657354830268686074e-01
1.303803683448364337e-01
-3.248586397829778677e-02
7.728103722954843269e-02
-1.687219408268177956e-01
7.849423080566547695e-01
-5.711652332110916247e-03
3.153829048815925268e-02
1.890364866170112304e-02
-2.550661476839536923e-01
-5.131198595123240280e-02
-3.326117917911099453e-01
-1.374272404178544515e-01
-2.762760948912946213e-01
-6.771855844100453659e-02
-1.610245499018672088e-01
-3.287305444389451159e-01
-1.705023446197868331e-01
-3.626410107086062151e-01
-5.502691408863993189e-02
-4.311136235997721222e-01
1.020518614122334494e-01
-3.077411391956714759e-01
5.713125094545005306e-02
-3.296803773076733418e-02
6.483936549563590335e-02
-2.160069601853260302e-01
-1.597461123911011471e-01
-1.158295327553257766e-02
-1.810412175542889038e-02
-2.105456810082129981e-01
-1.301856445977207961e-02
-2.070386797421391034e-01
-2.200101703502415143e-02
-1.727365060344475747e-02
-4.547964114856638956e-02
-2.010318763924657803e-01
-1.772454771960370601e-01
