HKL Value		Reward		TotalReward	Chi Squared	Z Appr. 	Error	Two-Thetas	Sfs2
3 0 7			0.0		0.0		0.0		0.4	0.18	64.5726747292	2.8781
3 0 0			0.0		0.0		0.01		0.44564	0.45	42.9814560157	0.0
2 2 5			-0.7		-0.7		0.04		0.45197	0.26	70.7747179536	2.8196
2 0 1			0.5		-0.2		0.03		0.45197	0.15	29.01034049	0.0
1 0 0			0.33		0.13		0.02		0.45197	0.0	14.0285801003	0.0
4 0 2			-0.92		-0.79		0.24		0.45069	0.26	60.1237214722	5.5981
3 0 6			0.2		-0.59		0.2		0.45069	0.11	59.366558438	0.0
3 0 2			0.17		-0.43		0.17		0.45069	0.46	45.0164041053	0.0
3 1 0			0.14		-0.28		0.15		0.45069	0.86	50.7823995615	0.002
1 0 4			0.12		-0.16		0.14		0.45069	0.08	29.3672081998	0.0
2 0 3			0.11		-0.05		0.12		0.45069	0.09	34.3920319457	0.0
4 0 3			0.1		0.05		0.11		0.45069	0.29	62.1413926063	0.0
0 0 4			-0.13		-0.07		0.13		0.44642	0.08	25.6679215219	1.7476
2 0 0			-0.45		-0.53		0.23		0.44642	0.07	28.2731138415	46.4355
3 0 4			0.08		-0.45		0.22		0.44642	0.64	50.7360354343	0.0
1 0 8			0.07		-0.38		0.2		0.44642	0.24	54.8685935926	0.0
0 0 3			0.07		-0.31		0.19		0.44642	0.03	19.1797885945	0.0
4 1 5			0.05		-0.26		0.18		0.444	1.53	74.3771604481	7.6693
2 0 7			0.06		-0.2		0.17		0.444	4.16	54.6555056564	0.0
4 0 5			0.06		-0.14		0.16		0.444	0.26	68.3700248267	0.0
4 1 4			-0.05		-0.2		0.17		0.44684	0.37	71.0458443611	0.4076
2 0 6			-0.07		-0.27		0.18		0.43852	0.73	48.8015573959	6.3028
4 0 1			0.05		-0.22		0.17		0.43852	0.27	58.8934376912	0.0
2 0 5			0.05		-0.17		0.17		0.43852	5.26	43.4052500519	0.0
2 1 6			-0.23		-0.4		0.22		0.44925	0.16	55.9883197776	2.0239
2 1 4			-0.02		-0.42		0.22		0.44944	2.11	46.9440445598	0.4076
0 1 5			0.03		-0.39		0.21		0.44902	0.34	41.7114803244	7.6693
1 0 6			0.04		-0.35		0.21		0.44902	0.25	41.5701214249	0.0
0 0 7			0.04		-0.32		0.2		0.44902	0.2	45.7499157105	0.0
3 0 8			0.04		-0.28		0.19		0.44902	0.3	70.3147352648	0.0
0 1 4			-0.02		-0.3		0.2		0.44921	0.09	36.6772811508	0.4076
1 2 7			0.02		-0.28		0.19		0.44967	0.71	74.291810142	3.5836
1 0 7			0.03		-0.25		0.19		0.44939	0.54	48.0896902272	2.8781
1 1 4			0.03		-0.22		0.18		0.44936	0.3	39.4492672371	0.9567
4 1 1			0.03		-0.2		0.18		0.44935	0.21	65.3342299592	0.4263
2 1 2			0.02		-0.18		0.17		0.44958	0.36	40.8238903893	0.1747
3 1 4			0.03		-0.15		0.17		0.44958	0.33	57.7518627408	0.9567
2 2 3			0.02		-0.13		0.16		0.44922	0.31	64.6616050849	6.6891
0 1 7			0.02		-0.11		0.16		0.44881	0.26	53.2385720724	8.4036
2 1 1			0.02		-0.09		0.16		0.44881	0.13	39.1745550983	0.4263
3 2 1			-0.06		-0.15		0.17		0.44885	0.17	70.8417473216	1.0468
1 1 6			0.02		-0.13		0.16		0.44895	0.38	49.5460147793	8.8974
1 2 6			0.02		-0.11		0.16		0.44846	0.11	69.4566609057	1.2895
3 1 2			0.02		-0.08		0.16		0.44852	0.11	52.5840292854	11.6912
1 1 2			0.02		-0.06		0.15		0.44857	0.52	32.1995090242	11.6912
4 1 3			0.02		-0.04		0.15		0.44857	0.15	68.408649436	0.0043
1 0 1			0.0		-0.04		0.15		0.44853	0.06	15.4189733366	0.0644
-2 0 4			-0.02		-0.06		0.15		0.44801	0.22	38.5541558059	1.7476
2 0 -4			-0.02		-0.07		0.16		0.44744	0.31	38.5541558059	1.7476
2 2 6			-0.03		-0.1		0.16		0.4473	0.0	74.8444416707	3.2648