Number of epochs: 275e-01
6.706476695736915405e-02
-3.831528945163640426e-02
-1.640102214856283269e-01
4.925053027225344271e-02
-1.606956239633896555e-01
-2.085288038131052624e-01
-1.093092095756911242e-01
-4.121201164639174408e-01
-4.706956353710736903e-03
-2.112655673178570892e-01
-9.093264570969059046e-02
1.141160402831009196e-01
-4.518834803288648144e-02
9.134218477621637577e-02
-2.022837742424013208e-01
3.673558016193484432e-02
1.112495628467546904e-02
9.362434312764331135e-02
-2.864555590835311805e-02
-3.029391808690782839e-01
2.524781693351819262e-02
-2.084544909524212175e-01
-7.504330400998612816e-02
-1.928642164338379983e-01
-1.222881107634661568e-02
-7.183760516602649693e-02
-4.193310179014648198e-01
1.801400455772416365e+00
-3.896163776682021740e-01
9.345204782919264153e-02
-2.095286198910330244e-01
5.237617391429713609e-02
-2.420821989611344205e-01
6.171658582865353904e-02
-1.095744743950617800e-01
-1.224047249026860226e-02
-3.078266580509158093e-02
-2.607647824100632894e-01
-3.519822488420363271e-01
-1.282158091326114357e-01
-2.656481062824960770e-01
7.253941012966939016e-03
-3.482894104030494487e-01
-2.473507557214468522e-01
-6.971165907178900056e-02
2.287496134193112596e+00
-1.084791431956972085e-01
9.338770893265113671e-02
-1.877929123760644359e-01
7.977517617258239602e-02
-1.164880361397627184e-01
9.116397839961384864e-02
-5.278826532364005314e-02
2.996698586612688009e-02
2.455649478545236450e-02
-3.117986294426001725e-01
-1.194499884899884873e-02
-3.191519939046624788e-01
4.239455906732057756e-04
-1.785042742714491870e-01
-2.166124911287428956e-01
-7.738622256475893857e-02
-3.273105924865895577e-01
-1.747193722487090095e-01
-3.428127061306270318e-01
-1.286025852491131105e-01
-4.825505627895529948e-01
5.638016207147561465e-02
-3.123194472388513554e-01
9.580262833261908584e-02
-1.162135465494342906e-01
5.983699103819162951e-02
-2.177908574691277965e-01
-2.095053953022138482e-01
1.056226444242353187e-02
-2.477171444361618916e-02
-2.403786778501092458e-01
4.691230382825815545e-03
-1.572739424160684851e-01
-1.045349612707304615e-01
-9.503920006327998271e-02
-1.394774427574628495e-01
-6.600556864660923895e-02
-8.894960806333609971e-02
