HKL Value		Reward		TotalReward	Chi Squared	Z Appr. 	Error	Two-Thetas	Sfs2
2 0 12			0.0		0.0		0.0		0.3	0.8079	50.6101057273	16.6151
4 2 8			0.0		0.0		0.0		0.2709	0.7605	51.4203212226	2.5419
5 5 1			72.49		72.49		0.0		0.27092	0.5073	65.769247456	23.9531
6 4 0			57.7		130.19		0.01		0.27092	1.8287	67.0910631577	58.6803
1 5 5			0.03		130.22		23.32		0.26928	1.8923	50.2743192378	127.3636
3 7 1			1.62		131.84		18.66		0.26928	1.2822	71.5694631273	22.2453
3 3 13			1.49		133.33		16.39		0.26928	0.5636	65.4922780779	9.1158
1 5 13			1.43		134.76		15.13		0.26928	1.1973	71.2966048402	12.6128
4 2 14			1.35		136.11		14.72		0.27197	1.2576	70.6282605877	19.9713
5 1 9			1.36		137.47		14.39		0.27306	0.4583	58.9619928854	19.0838
0 2 8			1.56		139.03		13.01		0.27283	0.1155	35.7619852008	1.7384
1 3 9			1.65		140.68		11.64		0.28376	0.2622	45.3040218183	7.1674
0 0 4			1.67		142.34		10.67		0.28377	0.8482	15.2869714585	59.1035
4 0 4			1.71		144.05		9.85		0.28365	1.2165	39.0343929222	79.1487
4 2 12			1.72		145.77		9.31		0.28356	0.2244	63.468523569	4.7972
7 3 1			1.79		147.56		8.71		0.28347	0.5095	71.5359286583	22.1332
4 4 10			1.82		149.38		8.23		0.28122	0.6886	66.23802526	47.6672
9 1 1			1.88		151.26		7.74		0.2812	0.8793	87.9915459652	19.6393
2 6 10			1.91		153.17		7.34		0.27971	0.7069	72.0169435829	44.7171
6 2 10			1.96		155.13		6.96		0.27916	0.7103	71.9901825081	43.9921
2 0 8			2.0		157.13		6.62		0.27925	0.1665	35.7565424018	1.5727
1 3 13			1.98		159.11		6.51		0.28003	0.3907	59.4200243294	11.5335
0 0 10			2.06		161.17		6.23		0.27962	0.8316	38.8438017949	41.7013
4 2 2			2.06		163.23		6.06		0.27957	0.457	40.8620305525	12.2524
3 1 11			0.9		164.14		10.79		0.27763	2.3814	52.0481274199	292.2152
2 4 10			1.61		165.74		10.4		0.27802	0.607	57.0555982332	12.0937
6 2 4			1.64		167.38		10.02		0.27811	0.8727	60.3342977717	77.9073
2 4 8			1.66		169.03		9.68		0.27806	0.1687	51.4325245866	2.4593
1 5 1			1.66		170.7		9.43		0.27799	0.4978	46.196563203	27.3004
0 4 4			1.7		172.4		9.12		0.27807	0.8482	39.0545896029	78.0016
2 6 0			0.39		172.79		18.0		0.27807	4.3567	58.0028534629	558.9791
3 1 9			1.25		174.05		17.47		0.27807	0.36	45.2950695798	8.7768
0 2 16			1.25		175.3		17.1		0.2783	1.8687	67.2407114996	13.8307
6 0 2			1.28		176.58		16.59		0.27828	0.2214	55.354768557	5.4487
0 2 14			1.3		177.88		16.11		0.27833	0.2479	58.6982494177	6.3292
2 2 10			1.32		179.2		15.65		0.27843	0.6429	46.7739448495	44.8949
0 4 10			1.33		180.53		15.21		0.27843	0.9893	53.7871001638	44.1425
6 0 8			1.34		181.87		14.86		0.27832	2.9234	64.163237895	5.3359
3 1 13			1.34		183.21		14.6		0.27856	0.3869	59.4126405656	11.7895
0 6 10			1.37		184.58		14.23		0.27852	0.8527	69.1637693973	8.5049
2 4 14			1.37		185.95		13.94		0.2788	0.5221	70.6383718296	19.4111
0 6 16			1.39		187.35		13.63		0.27887	0.4825	89.3859051251	7.6515
4 6 0			1.41		188.76		13.31		0.27887	0.7863	67.1083315067	59.4729
3 1 15			1.42		190.17		13.04		0.27939	0.2871	67.3554895111	7.7692
3 3 9			1.42		191.6		12.84		0.27938	0.3816	52.4524123761	12.0632
2 0 16			1.43		193.03		12.64		0.27943	0.5935	67.2372591268	11.8907
2 2 8			0.94		193.96		15.58		0.27868	1.8488	40.1384116224	216.1995
4 2 10			1.32		195.28		15.26		0.27877	1.1102	57.0442200735	11.3144
0 6 12			1.33		196.61		14.95		0.27873	0.3425	75.0250979777	1.887
2 4 2			1.33		197.94		14.7		0.27872	0.3828	40.8766170199	13.2501
7 1 1			1.35		199.29		14.44		0.27869	0.5207	65.7483230412	25.2044
6 0 0			1.35		200.64		14.25		0.27869	0.7256	54.7363985401	55.434
0 6 2			1.37		202.01		13.99		0.27869	0.2356	55.3895592761	6.1752
3 5 1			1.37		203.38		13.79		0.27866	0.5283	53.2544885252	31.9012
2 4 12			1.39		204.76		13.55		0.27856	0.2205	63.4791913795	4.8908
5 1 13			1.39		206.15		13.39		0.27871	0.4567	71.2764535317	11.3258
0 0 20			1.4		207.55		13.18		0.27878	0.4542	83.3712939521	4.3689
4 4 4			1.42		208.97		12.95		0.27879	0.8476	53.9354251327	76.9211
4 6 2			1.43		210.4		12.73		0.2788	0.2349	67.657370766	5.5969
7 3 5			1.26		211.66		13.54		0.27864	1.0496	74.7140851895	88.0788
2 2 4			1.4		213.06		13.31		0.27864	0.7551	29.4672289371	73.6026
2 0 2			1.37		214.43		13.29		0.27861	0.6502	19.2320929378	35.9547
0 2 12			1.39		215.83		13.18		0.27835	0.3827	50.6142203783	17.5707
0 2 20			1.31		217.14		13.55		0.28088	0.4494	86.0769303832	2.8517
4 2 6			1.29		218.43		13.92		0.28108	1.6049	46.7233273538	62.1975
0 6 8			1.37		219.8		13.75		0.28106	0.7694	64.1950429677	5.6946
1 3 15			1.38		221.19		13.54		0.28109	0.2862	67.3623786269	8.1809
1 1 13			1.39		222.57		13.38		0.28123	0.3722	52.9310122384	10.9703
0 4 20			1.38		223.96		13.28		0.28147	1.027	94.1654323607	18.6345
2 0 14			1.41		225.36		13.09		0.28146	0.2634	58.6945218607	7.3942
2 6 4			1.42		226.78		12.91		0.28147	0.8772	60.3635846112	78.02
4 6 4			1.39		228.17		12.9		0.2814	1.0731	69.291881243	33.3045
0 2 2			1.39		229.56		12.91		0.28138	0.4614	19.2417464495	36.8131
1 1 1			1.4		230.96		12.87		0.28134	0.5749	13.0194761966	56.7652
1 1 9			1.39		232.35		12.9		0.28151	0.2216	37.1193146943	1.1702
3 3 1			1.41		233.77		12.77		0.2815	0.5106	38.1558496662	33.1617
0 2 10			1.42		235.19		12.64		0.28164	0.4317	42.9590557724	21.0204
6 4 6			1.4		236.59		12.69		0.28181	0.9247	71.9614498967	41.9809
0 0 14			1.4		237.99		12.72		0.28197	0.8389	55.4890953336	74.9432
1 5 11			1.27		239.25		13.48		0.28152	1.8219	64.7342781598	204.7444