HKL Value		Reward		TotalReward	Chi Squared	Z Appr. 	Error	Two-Thetas	Sfs2
2 0 12			0.0		0.0		0.0		0.3	0.8079	50.6101057273	16.6151
5 5 1			0.0		0.0		1.76		0.31218	0.5073	65.769247456	23.9531
7 1 7			0.05		0.05		22.69		0.3202	0.3505	72.2660298289	5.0526
4 2 8			1.3		1.34		20.71		0.32192	0.7605	51.4203212226	2.5419
6 4 0			1.83		3.17		15.53		0.32192	1.8287	67.0910631577	58.6803
3 7 1			1.7		4.87		13.01		0.32183	1.2822	71.5694631273	22.2453
3 3 13			1.44		6.31		12.72		0.32632	0.5636	65.4922780779	9.1158
4 2 14			1.66		7.96		11.41		0.32588	1.2576	70.6282605877	19.9713
1 5 13			1.75		9.71		10.14		0.32665	1.1973	71.2966048402	12.6128
0 2 8			4.99		14.7		2.56		0.35814	0.1155	35.7619852008	1.7384
4 2 12			3.37		18.07		2.31		0.35797	0.2244	63.468523569	4.7972
1 3 9			3.51		21.58		2.11		0.35763	0.2622	45.3040218183	7.1674
7 3 1			3.1		24.68		2.44		0.35749	0.5095	71.5359286583	22.1332
4 0 4			1.37		26.05		6.11		0.35699	1.2165	39.0343929222	79.1487
4 4 10			1.57		27.62		7.61		0.35824	0.6886	66.23802526	47.6672