HKL Value		Reward		TotalReward	Chi Squared	Z Appr. 	Error	Two-Thetas	Sfs2
4 2 8			0.0		0.0		0.0		0.3	0.7605	51.4203212226	2.5419
6 4 0			0.0		0.0		0.01		0.28851	1.8287	67.0910631577	58.6803
5 5 1			12.19		12.19		0.16		0.28806	0.5073	65.769247456	23.9531
4 2 14			8.26		20.44		0.35		0.28687	1.2576	70.6282605877	19.9713
3 7 1			8.13		28.58		0.38		0.28649	1.2822	71.5694631273	22.2453
3 3 13			8.96		37.54		0.31		0.28546	0.5636	65.4922780779	9.1158
2 6 0			0.0		37.54		46.19		0.28546	4.3567	58.0028534629	558.9791
1 5 13			1.22		38.76		39.63		0.28607	1.1973	71.2966048402	12.6128
0 2 8			1.19		39.95		34.88		0.28514	0.1155	35.7619852008	1.7384
4 2 12			1.18		41.13		31.26		0.28516	0.2244	63.468523569	4.7972
7 3 1			1.2		42.33		28.17		0.28511	0.5095	71.5359286583	22.1332
1 3 9			1.2		43.53		25.74		0.28491	0.2622	45.3040218183	7.1674
4 0 4			1.23		44.75		23.61		0.2848	1.2165	39.0343929222	79.1487
4 4 10			1.22		45.98		22.0		0.2832	0.6886	66.23802526	47.6672
6 2 10			1.24		47.22		20.62		0.28142	0.7103	71.9901825081	43.9921
2 6 10			1.27		48.49		19.3		0.28053	0.7069	72.0169435829	44.7171
9 1 1			1.3		49.79		18.1		0.28053	0.8793	87.9915459652	19.6393
1 3 13			1.3		51.09		17.23		0.28127	0.3907	59.4200243294	11.5335
2 0 8			1.35		52.44		16.28		0.28122	0.1665	35.7565424018	1.5727
4 2 2			1.35		53.79		15.54		0.28117	0.457	40.8620305525	12.2524
6 2 4			1.39		55.18		14.77		0.28122	0.8727	60.3342977717	77.9073
2 4 10			1.42		56.6		14.07		0.28119	0.607	57.0555982332	12.0937
1 5 1			1.42		58.02		13.57		0.28112	0.4978	46.196563203	27.3004
0 4 4			1.46		59.48		12.98		0.28114	0.8482	39.0545896029	78.0016
3 1 9			1.47		60.96		12.51		0.28108	0.36	45.2950695798	8.7768
0 2 16			1.47		62.43		12.22		0.28109	1.8687	67.2407114996	13.8307
0 4 10			1.51		63.94		11.78		0.28061	0.9893	53.7871001638	44.1425
5 5 7			0.21		64.15		23.64		0.26258	0.6639	72.2860687267	4.3062
2 2 10			1.04		65.2		23.5		0.26363	0.6429	46.7739448495	44.8949
0 2 14			1.12		66.32		22.71		0.26326	0.2479	58.6982494177	6.3292
3 1 13			1.11		67.44		22.16		0.26307	0.3869	59.4126405656	11.7895
2 6 4			1.13		68.57		21.57		0.26324	0.8772	60.3635846112	78.02
0 6 10			1.14		69.71		21.04		0.26316	0.8527	69.1637693973	8.5049
2 4 14			1.13		70.84		20.72		0.26232	0.5221	70.6383718296	19.4111
6 0 2			1.18		72.02		20.12		0.26232	0.2214	55.354768557	5.4487
3 1 15			1.1		73.12		20.21		0.25704	0.2871	67.3554895111	7.7692
0 6 16			1.16		74.28		19.84		0.25938	0.4825	89.3859051251	7.6515
2 0 16			1.19		75.47		19.32		0.25983	0.5935	67.2372591268	11.8907
3 3 9			1.18		76.66		19.0		0.25983	0.3816	52.4524123761	12.0632
0 0 12			1.1		77.75		19.38		0.25865	3.2426	47.0346015839	274.3783
0 6 12			0.9		78.65		21.25		0.2655	0.3425	75.0250979777	1.887
7 1 1			1.15		79.8		20.75		0.2655	0.5207	65.7483230412	25.2044
4 2 10			1.14		80.94		20.42		0.2655	1.1102	57.0442200735	11.3144
2 4 2			1.16		82.1		20.0		0.2655	0.3828	40.8766170199	13.2501
6 0 0			1.16		83.27		19.65		0.2655	0.7256	54.7363985401	55.434
3 5 1			1.18		84.45		19.25		0.26546	0.5283	53.2544885252	31.9012
4 4 4			1.19		85.64		18.88		0.26555	0.8476	53.9354251327	76.9211
0 2 20			1.2		86.84		18.51		0.2647	0.4494	86.0769303832	2.8517
2 4 12			1.15		87.98		18.63		0.2667	0.2205	63.4791913795	4.8908
2 4 8			1.21		89.19		18.27		0.26681	0.1687	51.4325245866	2.4593
3 5 9			1.19		90.38		18.14		0.26688	0.4755	65.0802252419	19.5165
5 1 13			1.21		91.59		17.91		0.26688	0.4567	71.2764535317	11.3258
0 2 12			1.22		92.81		17.62		0.26732	0.3827	50.6142203783	17.5707
4 6 4			1.22		94.03		17.44		0.26727	1.0731	69.291881243	33.3045
0 0 20			1.24		95.27		17.11		0.26723	0.4542	83.3712939521	4.3689
2 0 14			1.25		96.52		16.86		0.26713	0.2634	58.6945218607	7.3942
1 3 15			1.14		97.66		17.39		0.26731	0.2862	67.3623786269	8.1809
0 4 20			1.23		98.89		17.16		0.26682	1.027	94.1654323607	18.6345
1 1 13			1.23		100.12		16.97		0.26681	0.3722	52.9310122384	10.9703
0 6 2			1.26		101.38		16.69		0.26681	0.2356	55.3895592761	6.1752
3 3 5			1.02		102.4		18.15		0.26648	1.3995	42.8396693434	151.0913
1 1 1			1.2		103.6		17.97		0.26644	0.5749	13.0194761966	56.7652
0 2 2			1.19		104.79		17.87		0.26642	0.4614	19.2417464495	36.8131
0 6 8			1.22		106.01		17.59		0.26647	0.7694	64.1950429677	5.6946
1 1 9			1.22		107.23		17.39		0.2662	0.2216	37.1193146943	1.1702
0 6 6			1.17		108.4		17.59		0.2662	1.0147	60.183190367	40.9583
0 0 14			1.12		109.52		18.12		0.26673	0.8389	55.4890953336	74.9432
0 4 0			0.42		109.94		25.38		0.26673	6.137	35.7152072575	818.959