HKL Value		Reward		TotalReward	Chi Squared	Z Appr. 	Error	Two-Thetas	Sfs2
2 0 12			0.0		0.0		0.0		0.3	0.8079	50.6101057273	16.6151
4 2 8			0.0		0.0		0.0		0.2709	0.7605	51.4203212226	2.5419
5 5 1			72.49		72.49		0.0		0.27092	0.5073	65.769247456	23.9531
5 1 9			1.64		74.13		3.97		0.27124	0.4583	58.9619928854	19.0838
6 4 0			3.16		77.29		2.98		0.27124	1.8287	67.0910631577	58.6803
3 7 1			3.41		80.7		2.39		0.27122	1.2822	71.5694631273	22.2453
4 6 2			3.6		84.3		2.05		0.27127	0.2349	67.657370766	5.5969
3 3 13			3.06		87.36		2.47		0.27137	0.5636	65.4922780779	9.1158
1 5 13			2.68		90.03		3.1		0.27149	1.1973	71.2966048402	12.6128
4 2 14			3.19		93.22		2.66		0.28563	1.2576	70.6282605877	19.9713
0 2 8			3.19		96.41		2.52		0.28462	0.1155	35.7619852008	1.7384
1 3 9			3.24		99.66		2.42		0.28438	0.2622	45.3040218183	7.1674
7 3 1			3.39		103.05		2.24		0.28432	0.5095	71.5359286583	22.1332
4 0 4			3.52		106.57		2.08		0.28421	1.2165	39.0343929222	79.1487
4 2 12			3.45		110.02		2.09		0.28418	0.2244	63.468523569	4.7972
4 4 10			3.48		113.5		2.07		0.28218	0.6886	66.23802526	47.6672
9 1 1			3.63		117.13		1.94		0.28216	0.8793	87.9915459652	19.6393
2 6 10			3.65		120.78		1.89		0.28042	0.7069	72.0169435829	44.7171
6 2 6			0.21		120.99		15.19		0.28383	3.9921	63.2107357729	344.5633
0 6 16			1.4		122.39		14.46		0.28365	0.4825	89.3859051251	7.6515
6 2 10			1.41		123.8		13.91		0.28225	0.7103	71.9901825081	43.9921
2 0 8			1.46		125.25		13.26		0.2821	0.1665	35.7565424018	1.5727
0 0 10			1.47		126.72		12.73		0.28133	0.8316	38.8438017949	41.7013
1 3 13			1.48		128.2		12.3		0.28186	0.3907	59.4200243294	11.5335
4 4 12			1.15		129.35		13.88		0.27931	1.9475	72.2035773977	130.2426
4 4 2			0.8		130.16		17.58		0.27936	1.2125	52.0311030722	128.6454
4 2 2			1.28		131.44		17.0		0.27932	0.457	40.8620305525	12.2524
2 4 10			1.31		132.74		16.38		0.27961	0.607	57.0555982332	12.0937
0 0 22			1.27		134.01		16.14		0.27721	2.2765	94.0325860765	137.6091
6 2 4			1.33		135.34		15.6		0.27729	0.8727	60.3342977717	77.9073
2 4 8			1.34		136.69		15.1		0.27724	0.1687	51.4325245866	2.4593
4 0 14			1.17		137.85		15.87		0.27864	1.986	67.7459682929	124.3248
3 3 11			0.93		138.79		18.14		0.27782	2.1204	58.6030846927	249.5822
1 5 1			1.24		140.03		17.68		0.27778	0.4978	46.196563203	27.3004
0 4 4			1.26		141.29		17.17		0.27783	0.8482	39.0545896029	78.0016
6 2 2			0.86		142.15		19.83		0.27787	3.3001	58.5687226088	135.1206
3 1 9			1.19		143.34		19.32		0.27787	0.36	45.2950695798	8.7768
6 0 8			1.2		144.54		18.85		0.27776	2.9234	64.163237895	5.3359
0 2 16			1.2		145.74		18.5		0.27791	1.8687	67.2407114996	13.8307
4 4 0			0.37		146.11		26.39		0.27791	4.9852	51.3853572345	648.027
6 0 2			1.04		147.15		25.74		0.27791	0.2214	55.354768557	5.4487
0 2 14			1.05		148.21		25.12		0.27795	0.2479	58.6982494177	6.3292
2 2 10			1.06		149.27		24.52		0.27805	0.6429	46.7739448495	44.8949
0 4 10			1.07		150.35		23.95		0.27808	0.9893	53.7871001638	44.1425
3 1 13			1.07		151.42		23.53		0.27824	0.3869	59.4126405656	11.7895
0 6 10			1.09		152.51		23.01		0.27824	0.8527	69.1637693973	8.5049
2 4 14			1.09		153.6		22.57		0.27844	0.5221	70.6383718296	19.4111
4 6 0			1.11		154.71		22.09		0.27844	0.7863	67.1083315067	59.4729
3 1 15			1.11		155.83		21.69		0.27892	0.2871	67.3554895111	7.7692
0 4 16			0.99		156.82		22.39		0.27872	1.5557	75.7704700384	94.8658
3 3 9			1.1		157.92		22.03		0.27871	0.3816	52.4524123761	12.0632
2 0 16			1.11		159.02		21.68		0.27877	0.5935	67.2372591268	11.8907
4 2 10			1.12		160.15		21.27		0.27885	1.1102	57.0442200735	11.3144
2 0 14			1.13		161.28		20.87		0.27888	0.2634	58.6945218607	7.3942
0 6 12			1.14		162.43		20.49		0.27885	0.3425	75.0250979777	1.887
2 4 2			1.15		163.57		20.17		0.27883	0.3828	40.8766170199	13.2501
7 1 1			1.16		164.73		19.84		0.27882	0.5207	65.7483230412	25.2044
6 0 0			1.16		165.89		19.57		0.27882	0.7256	54.7363985401	55.434
0 6 2			1.17		167.06		19.25		0.27881	0.2356	55.3895592761	6.1752
6 4 2			1.18		168.24		18.93		0.27882	0.2211	67.6401768609	4.8049
3 5 1			1.18		169.43		18.67		0.2788	0.5283	53.2544885252	31.9012
0 0 20			1.2		170.62		18.39		0.27885	0.4542	83.3712939521	4.3689
2 4 12			1.2		171.83		18.11		0.27877	0.2205	63.4791913795	4.8908
0 0 18			0.82		172.65		20.89		0.28236	0.6609	73.530655613	37.988
3 7 5			1.01		173.66		21.56		0.2822	1.0548	74.7470539899	89.5814
4 4 4			1.12		174.78		21.23		0.28218	0.8476	53.9354251327	76.9211
5 1 13			1.12		175.9		20.94		0.28246	0.4567	71.2764535317	11.3258
4 0 0			0.43		176.33		27.73		0.28246	8.3901	35.6934066618	787.9925
2 0 2			0.97		177.3		27.51		0.28244	0.6502	19.2320929378	35.9547
2 2 4			0.99		178.3		27.11		0.28241	0.7551	29.4672289371	73.6026
0 2 12			0.99		179.28		26.86		0.2822	0.3827	50.6142203783	17.5707
0 2 20			0.99		180.27		26.6		0.28359	0.4494	86.0769303832	2.8517
1 3 15			1.01		181.28		26.24		0.28347	0.2862	67.3623786269	8.1809
1 1 13			1.01		182.3		25.9		0.28358	0.3722	52.9310122384	10.9703
0 4 20			1.02		183.31		25.59		0.28384	1.027	94.1654323607	18.6345
2 6 4			1.03		184.34		25.25		0.28384	0.8772	60.3635846112	78.02
4 6 4			1.01		185.35		25.1		0.28377	1.0731	69.291881243	33.3045
0 6 8			1.03		186.38		24.81		0.28378	0.7694	64.1950429677	5.6946
0 0 4			1.04		187.42		24.49		0.28378	0.8482	15.2869714585	59.1035
0 2 2			1.03		188.45		24.35		0.28377	0.4614	19.2417464495	36.8131
1 1 1			1.03		189.48		24.18		0.28374	0.5749	13.0194761966	56.7652
1 1 9			1.03		190.51		24.03		0.28394	0.2216	37.1193146943	1.1702
3 3 1			1.05		191.56		23.78		0.28392	0.5106	38.1558496662	33.1617
1 7 1			1.05		192.62		23.53		0.28391	0.5219	65.7901743415	26.2984
0 2 10			1.06		193.68		23.26		0.28398	0.4317	42.9590557724	21.0204
1 3 5			0.87		194.54		24.78		0.28392	3.1323	34.189462707	190.138
0 0 14			1.02		195.56		24.65		0.28398	0.8389	55.4890953336	74.9432
6 0 10			1.03		196.6		24.41		0.28375	1.0728	69.1331306246	8.9056
3 7 3			1.0		197.6		24.51		0.28382	0.8954	72.6346668965	71.6226
3 1 1			1.03		198.63		24.32		0.28381	0.5239	28.3131072915	41.7464
0 6 14			1.04		199.67		24.07		0.28383	0.9096	81.7552219026	27.2955
5 1 3			1.0		200.67		24.22		0.28392	0.9592	47.5591860667	88.1873
2 4 0			1.03		201.7		24.1		0.28392	1.4359	40.0960076051	88.2765
5 3 1			1.04		202.75		23.89		0.28391	0.5252	53.2386121167	32.835
4 2 0			1.04		203.78		23.77		0.28391	0.9287	40.0811891304	86.5118
0 4 14			1.02		204.8		23.8		0.28398	1.2337	67.7597167724	121.3788
3 5 3			1.0		205.8		24.03		0.28406	0.9259	54.5093201099	87.7589
6 0 12			1.05		206.85		23.78		0.28406	0.5892	74.995462768	0.9301
5 1 1			1.05		207.9		23.57		0.28406	0.5346	46.1701152	26.7419
2 2 6			0.59		208.49		27.96		0.28447	8.3224	34.2684003079	615.2447
1 1 15			0.96		209.45		27.8		0.28435	0.656	61.3839959686	20.6242
2 0 10			0.98		210.43		27.53		0.2844	0.6169	42.9543880851	20.236