HKL Value		Reward		TotalReward	Chi Squared	Z Appr. 	Error	Two-Thetas	Sfs2
3 3 7			0.0		0.0		0.0		0.3	0.1558	47.1418707618	3.5073
6 2 10			0.0		0.0		14.21		0.33049	0.7103	71.9901825081	43.9921
6 0 8			3.51		3.51		7.18		0.33015	2.9234	64.163237895	5.3359
4 6 0			1.19		4.7		4.8		0.33015	0.7863	67.1083315067	59.4729
7 1 7			0.43		5.14		3.93		0.33148	0.3505	72.2660298289	5.0526
0 6 8			0.35		5.49		3.23		0.33108	0.7694	64.1950429677	5.6946
6 4 0			0.27		5.76		2.7		0.33109	1.8287	67.0910631577	58.6803
4 6 2			0.08		5.83		2.54		0.33097	0.2349	67.657370766	5.5969
6 4 2			0.08		5.92		2.37		0.33087	0.2211	67.6401768609	4.8049
2 0 14			0.12		6.04		2.13		0.33124	0.2634	58.6945218607	7.3942
0 6 2			-0.09		5.95		2.22		0.33122	0.2356	55.3895592761	6.1752
0 2 14			0.09		6.04		2.04		0.33165	0.2479	58.6982494177	6.3292
1 7 7			0.07		6.11		1.9		0.33187	0.4353	72.3061031614	6.1143
6 0 2			-0.05		6.06		1.95		0.33185	0.2214	55.354768557	5.4487
3 5 7			0.04		6.1		1.87		0.3322	0.2309	60.5203777188	5.6046
1 5 7			0.03		6.12		1.82		0.33258	0.6035	54.1236034243	4.2528
5 3 7			0.04		6.16		1.74		0.33285	0.2523	60.5057581853	5.4388
5 1 7			0.03		6.19		1.68		0.33314	0.2609	54.1000446603	4.252
1 3 11			-7.25		-1.06		8.93		0.36451	2.4293	52.0561920156	298.4303
2 4 8			0.11		-0.94		8.7		0.36298	0.1687	51.4325245866	2.4593
4 2 8			0.14		-0.8		8.43		0.36174	0.7605	51.4203212226	2.5419
3 3 13			0.2		-0.6		8.03		0.36188	0.5636	65.4922780779	9.1158
4 2 6			-0.01		-0.61		8.03		0.36091	1.6049	46.7233273538	62.1975
0 6 6			0.12		-0.5		7.8		0.36028	1.0147	60.183190367	40.9583
6 0 6			0.12		-0.38		7.56		0.35971	1.0815	60.1501886982	39.9969
5 1 13			0.12		-0.25		7.32		0.36048	0.4567	71.2764535317	11.3258
1 3 13			0.12		-0.13		7.08		0.36106	0.3907	59.4200243294	11.5335
3 1 13			0.12		-0.02		6.85		0.36148	0.3869	59.4126405656	11.7895
1 5 13			0.11		0.09		6.63		0.36184	1.1973	71.2966048402	12.6128
0 6 16			0.11		0.2		6.41		0.36191	0.4825	89.3859051251	7.6515
1 1 13			0.1		0.3		6.2		0.36206	0.3722	52.9310122384	10.9703
2 0 16			0.09		0.39		6.02		0.36228	0.5935	67.2372591268	11.8907
7 3 1			-0.02		0.38		6.04		0.36226	0.5095	71.5359286583	22.1332
3 1 7			0.07		0.45		5.9		0.36227	0.257	39.2655360855	5.205
9 1 1			0.01		0.46		5.88		0.36225	0.8793	87.9915459652	19.6393
1 1 15			-0.12		0.34		5.99		0.3624	0.656	61.3839959686	20.6242
0 6 10			0.02		0.36		5.95		0.36236	0.8527	69.1637693973	8.5049
4 2 14			0.06		0.42		5.84		0.36223	1.2576	70.6282605877	19.9713
2 4 6			-0.11		0.31		5.94		0.36194	0.785	46.7364348384	64.2552
6 0 10			0.02		0.33		5.91		0.36189	1.0728	69.1331306246	8.9056
6 0 0			0.02		0.34		5.88		0.36189	0.7256	54.7363985401	55.434
0 2 16			0.05		0.4		5.77		0.36217	1.8687	67.2407114996	13.8307
5 3 9			-0.09		0.31		5.86		0.36194	0.4833	65.0662013285	20.8409
2 4 14			0.05		0.36		5.76		0.36183	0.5221	70.6383718296	19.4111
4 2 10			-0.01		0.35		5.77		0.36177	1.1102	57.0442200735	11.3144
5 5 1			-0.01		0.34		5.78		0.36175	0.5073	65.769247456	23.9531
3 7 1			-0.02		0.32		5.8		0.36172	1.2822	71.5694631273	22.2453