HKL Value		Reward		TotalReward	Chi Squared	Z Appr. 	Error	Two-Thetas	Sfs2
0 2 14			0.0		0.0		0.0		0.3	0.2479	58.6982494177	6.3292
6 0 2			0.0		0.0		0.43		0.27874	0.2214	55.354768557	5.4487
4 4 4			10.62		10.62		0.23		0.27899	0.8476	53.9354251327	76.9211
1 3 9			7.34		17.96		0.45		0.27884	0.2622	45.3040218183	7.1674
4 2 12			6.59		24.55		0.56		0.27696	0.2244	63.468523569	4.7972
3 1 9			5.57		30.13		0.77		0.27705	0.36	45.2950695798	8.7768
2 4 8			5.72		35.85		0.76		0.27655	0.1687	51.4325245866	2.4593
0 0 4			5.79		41.64		0.75		0.27727	0.8482	15.2869714585	59.1035
2 2 10			6.11		47.75		0.68		0.27832	0.6429	46.7739448495	44.8949
3 3 1			4.98		52.73		0.96		0.27809	0.5106	38.1558496662	33.1617
2 0 6			0.63		53.36		8.93		0.28232	1.6278	29.1406672869	128.8477
0 2 12			1.68		55.04		8.89		0.2796	0.3827	50.6142203783	17.5707
2 4 2			1.81		56.85		8.39		0.27939	0.3828	40.8766170199	13.2501
0 0 10			1.9		58.75		7.75		0.27893	0.8316	38.8438017949	41.7013
2 4 10			1.95		60.7		7.22		0.27945	0.607	57.0555982332	12.0937
3 5 1			1.94		62.64		6.95		0.27931	0.5283	53.2544885252	31.9012
4 2 2			1.99		64.63		6.66		0.27924	0.457	40.8620305525	12.2524
7 3 1			2.06		66.7		6.28		0.2792	0.5095	71.5359286583	22.1332
3 1 1			1.98		68.68		6.31		0.27901	0.5239	28.3131072915	41.7464
4 2 14			2.06		70.74		6.11		0.27977	1.2576	70.6282605877	19.9713
7 1 1			2.1		72.84		5.9		0.27969	0.5207	65.7483230412	25.2044
2 4 0			1.93		74.77		6.27		0.27969	1.4359	40.0960076051	88.2765
6 0 0			2.02		76.79		6.2		0.27969	0.7256	54.7363985401	55.434
5 3 9			1.94		78.73		6.41		0.2796	0.4833	65.0662013285	20.8409
5 3 1			2.01		80.74		6.3		0.27948	0.5252	53.2386121167	32.835
6 4 0			2.08		82.82		6.05		0.27948	1.8287	67.0910631577	58.6803
6 4 2			2.11		84.93		5.83		0.27952	0.2211	67.6401768609	4.8049
3 1 13			2.09		87.02		5.78		0.28027	0.3869	59.4126405656	11.7895
0 2 2			1.99		89.01		6.04		0.28015	0.4614	19.2417464495	36.8131
0 4 20			2.02		91.03		6.08		0.28189	1.027	94.1654323607	18.6345
5 1 13			2.08		93.1		5.95		0.2829	0.4567	71.2764535317	11.3258
2 0 16			2.07		95.17		5.89		0.28271	0.5935	67.2372591268	11.8907
0 6 16			2.12		97.29		5.74		0.2826	0.4825	89.3859051251	7.6515
0 2 8			2.15		99.44		5.57		0.28242	0.1155	35.7619852008	1.7384
0 2 16			2.12		101.57		5.55		0.2823	1.8687	67.2407114996	13.8307
4 2 10			2.18		103.75		5.41		0.28199	1.1102	57.0442200735	11.3144
1 5 9			2.1		105.84		5.55		0.28191	0.4394	58.984264935	17.7365
2 4 6			1.82		107.66		6.42		0.28263	0.785	46.7364348384	64.2552
1 3 15			2.03		109.69		6.25		0.28235	0.2862	67.3623786269	8.1809
5 5 1			2.05		111.74		6.1		0.28234	0.5073	65.769247456	23.9531
1 5 13			2.06		113.8		6.01		0.2828	1.1973	71.2966048402	12.6128
0 6 0			2.04		115.83		6.02		0.2828	1.4277	54.7714555341	59.4019
1 1 15			2.01		117.84		6.1		0.28199	0.656	61.3839959686	20.6242
4 2 8			2.07		119.91		5.98		0.28204	0.7605	51.4203212226	2.5419
6 0 4			1.96		121.87		6.21		0.28175	0.7069	57.1830782131	42.6751
6 0 6			1.88		123.75		6.59		0.28219	1.0815	60.1501886982	39.9969
0 4 4			1.99		125.75		6.45		0.28219	0.8482	39.0545896029	78.0016
5 1 9			1.93		127.68		6.56		0.28214	0.4583	58.9619928854	19.0838
3 3 7			0.53		128.21		14.2		0.26156	0.1558	47.1418707618	3.5073
6 2 10			1.31		129.52		14.32		0.26181	0.7103	71.9901825081	43.9921