HKL Value		Reward		TotalReward	Chi Squared	Z Appr. 	Error	Two-Thetas	Sfs2
0 2 14			0.0		0.0		0.0		0.3	0.2479	58.6982494177	6.3292
4 4 4			0.0		0.0		0.02		0.27914	0.8476	53.9354251327	76.9211
1 5 5			0.0		0.0		42.32		0.25711	1.8923	50.2743192378	127.3636
6 0 2			1.75		1.75		28.27		0.25709	0.2214	55.354768557	5.4487
1 3 9			2.44		4.19		14.37		0.23844	0.2622	45.3040218183	7.1674
4 2 12			3.56		7.76		5.48		0.20341	0.2244	63.468523569	4.7972
3 1 9			2.49		10.24		4.66		0.20236	0.36	45.2950695798	8.7768
2 4 8			2.3		12.55		4.69		0.20425	0.1687	51.4325245866	2.4593
2 2 10			1.35		13.9		7.56		0.20681	0.6429	46.7739448495	44.8949
0 0 4			2.03		15.93		6.87		0.20725	0.8482	15.2869714585	59.1035
3 3 1			2.11		18.04		6.25		0.20734	0.5106	38.1558496662	33.1617
0 2 12			1.85		19.9		6.7		0.20732	0.3827	50.6142203783	17.5707
0 2 4			0.63		20.53		13.31		0.20803	1.326	23.4223631322	110.0283
2 4 2			1.5		22.03		12.57		0.20814	0.3828	40.8766170199	13.2501
0 0 10			1.35		23.39		12.89		0.21488	0.8316	38.8438017949	41.7013
2 4 10			1.55		24.93		12.06		0.21846	0.607	57.0555982332	12.0937
3 5 1			1.59		26.52		11.32		0.2186	0.5283	53.2544885252	31.9012
7 3 1			1.57		28.09		10.91		0.21985	0.5095	71.5359286583	22.1332
4 2 2			1.62		29.71		10.43		0.22026	0.457	40.8620305525	12.2524
0 6 12			1.66		31.37		9.91		0.22192	0.3425	75.0250979777	1.887
3 1 1			1.7		33.07		9.44		0.22141	0.5239	28.3131072915	41.7464
7 1 1			1.73		34.8		9.01		0.22199	0.5207	65.7483230412	25.2044
4 2 14			1.75		36.54		8.69		0.21836	1.2576	70.6282605877	19.9713
6 0 0			1.74		38.29		8.51		0.21836	0.7256	54.7363985401	55.434
2 4 0			1.66		39.94		8.73		0.21836	1.4359	40.0960076051	88.2765
5 1 13			1.69		41.63		8.75		0.21299	0.4567	71.2764535317	11.3258
5 3 9			1.76		43.39		8.47		0.21265	0.4833	65.0662013285	20.8409
6 4 0			1.8		45.19		8.16		0.21265	1.8287	67.0910631577	58.6803
5 3 1			1.83		47.02		7.87		0.21266	0.5252	53.2386121167	32.835
5 1 9			1.79		48.81		7.85		0.21184	0.4583	58.9619928854	19.0838
6 4 2			1.86		50.67		7.59		0.21182	0.2211	67.6401768609	4.8049
2 0 12			1.79		52.46		7.68		0.21188	0.8079	50.6101057273	16.6151
3 1 13			1.87		54.32		7.47		0.21131	0.3869	59.4126405656	11.7895
0 4 20			1.88		56.2		7.29		0.21213	1.027	94.1654323607	18.6345
0 2 16			1.85		58.05		7.3		0.21227	1.8687	67.2407114996	13.8307
2 6 10			1.81		59.86		7.44		0.21294	0.7069	72.0169435829	44.7171
5 5 5			1.88		61.74		7.29		0.21288	1.5862	69.0631626084	104.8873
2 4 14			1.91		63.65		7.11		0.2129	0.5221	70.6383718296	19.4111
3 3 13			1.89		65.54		7.06		0.21224	0.5636	65.4922780779	9.1158
2 0 16			1.89		67.43		7.03		0.21234	0.5935	67.2372591268	11.8907
0 2 8			1.91		69.33		6.96		0.21263	0.1155	35.7619852008	1.7384
0 2 2			1.84		71.18		7.13		0.21266	0.4614	19.2417464495	36.8131
4 2 10			1.88		73.06		7.1		0.21297	1.1102	57.0442200735	11.3144
0 6 2			1.92		74.98		6.96		0.21297	0.2356	55.3895592761	6.1752
1 5 9			1.88		76.86		7.02		0.21271	0.4394	58.984264935	17.7365
5 5 1			1.89		78.74		7.02		0.21276	0.5073	65.769247456	23.9531
0 6 16			1.92		80.66		6.92		0.21284	0.4825	89.3859051251	7.6515
1 5 13			1.93		82.59		6.81		0.21257	1.1973	71.2966048402	12.6128
4 2 8			1.96		84.56		6.67		0.21256	0.7605	51.4203212226	2.5419
2 2 4			1.97		86.53		6.55		0.21259	0.7551	29.4672289371	73.6026
0 0 16			1.61		88.14		7.73		0.21214	1.3342	64.286058028	116.6634
1 3 15			1.83		89.97		7.62		0.2124	0.2862	67.3623786269	8.1809
1 1 15			1.83		91.8		7.55		0.21219	0.656	61.3839959686	20.6242
0 6 0			1.83		93.62		7.53		0.21219	1.4277	54.7714555341	59.4019
2 4 6			1.7		95.32		7.96		0.21201	0.785	46.7364348384	64.2552
1 3 1			1.81		97.14		7.82		0.21201	0.5324	28.3265170018	42.1271
0 2 0			1.6		98.74		8.53		0.212	1.4407	17.6394681947	177.2483
0 4 16			1.54		100.28		9.22		0.21159	1.5557	75.7704700384	94.8658
9 1 1			1.65		101.93		9.21		0.21163	0.8793	87.9915459652	19.6393
6 2 10			1.62		103.55		9.31		0.21205	0.7103	71.9901825081	43.9921
3 5 9			1.67		105.22		9.19		0.21196	0.4755	65.0802252419	19.5165
3 3 15			1.64		106.86		9.23		0.21271	0.3402	73.0835579415	3.8877
6 0 6			1.61		108.47		9.38		0.2126	1.0815	60.1501886982	39.9969
0 6 6			1.59		110.07		9.54		0.21248	1.0147	60.183190367	40.9583