HKL Value		Reward		TotalReward	Chi Squared	Z Appr. 	Error	Two-Thetas	Sfs2
0 2 14			0.0		0.0		0.0		0.3	0.2479	58.6982494177	6.3292
6 0 2			0.0		0.0		0.43		0.27874	0.2214	55.354768557	5.4487
4 4 4			10.62		10.62		0.23		0.27899	0.8476	53.9354251327	76.9211
1 3 9			7.34		17.96		0.45		0.27884	0.2622	45.3040218183	7.1674
4 2 12			6.59		24.55		0.56		0.27696	0.2244	63.468523569	4.7972
3 1 9			5.57		30.13		0.77		0.27705	0.36	45.2950695798	8.7768
2 4 8			5.72		35.85		0.76		0.27655	0.1687	51.4325245866	2.4593
0 0 4			5.79		41.64		0.75		0.27727	0.8482	15.2869714585	59.1035
2 2 10			6.11		47.75		0.68		0.27832	0.6429	46.7739448495	44.8949
3 3 1			4.98		52.73		0.96		0.27809	0.5106	38.1558496662	33.1617
0 2 12			4.14		56.86		1.36		0.276	0.3827	50.6142203783	17.5707
2 4 2			4.07		60.93		1.48		0.27592	0.3828	40.8766170199	13.2501
0 0 10			4.24		65.18		1.41		0.27683	0.8316	38.8438017949	41.7013
2 4 10			4.23		69.41		1.4		0.27762	0.607	57.0555982332	12.0937
3 5 1			4.01		73.42		1.52		0.2775	0.5283	53.2544885252	31.9012
4 2 2			3.98		77.4		1.57		0.27744	0.457	40.8620305525	12.2524
7 3 1			4.15		81.55		1.47		0.27741	0.5095	71.5359286583	22.1332
3 1 1			3.65		85.2		1.78		0.27723	0.5239	28.3131072915	41.7464
7 1 1			3.76		88.96		1.77		0.27713	0.5207	65.7483230412	25.2044
4 2 14			3.62		92.58		1.88		0.27813	1.2576	70.6282605877	19.9713
2 4 0			3.01		95.58		2.47		0.27813	1.4359	40.0960076051	88.2765
6 0 0			3.09		98.67		2.58		0.27813	0.7256	54.7363985401	55.434