HKL Value		Reward		TotalReward	Chi Squared	Z Appr. 	Error	Two-Thetas	Sfs2
0 2 14			0.0		0.0		0.0		0.3	0.2479	58.6982494177	6.3292
6 0 2			0.0		0.0		0.43		0.27874	0.2214	55.354768557	5.4487
4 4 4			10.62		10.62		0.23		0.27899	0.8476	53.9354251327	76.9211
1 3 9			7.34		17.96		0.45		0.27884	0.2622	45.3040218183	7.1674
2 2 12			1.28		19.24		5.25		0.25637	1.9766	54.0147953295	208.0279
4 2 12			0.54		19.79		12.99		0.26787	0.2244	63.468523569	4.7972
2 2 10			1.43		21.22		12.74		0.26938	0.6429	46.7739448495	44.8949
3 1 9			1.68		22.9		11.29		0.26964	0.36	45.2950695798	8.7768
0 0 4			1.73		24.63		10.16		0.26991	0.8482	15.2869714585	59.1035
2 4 8			1.83		26.47		9.04		0.26999	0.1687	51.4325245866	2.4593
6 0 12			1.71		28.18		8.83		0.27282	0.5892	74.995462768	0.9301
0 6 12			1.87		30.05		8.12		0.27335	0.3425	75.0250979777	1.887
3 3 1			1.88		31.93		7.67		0.27329	0.5106	38.1558496662	33.1617
7 3 1			1.98		33.91		7.08		0.27329	0.5095	71.5359286583	22.1332
0 2 12			2.01		35.92		6.65		0.27295	0.3827	50.6142203783	17.5707
2 4 2			2.03		37.95		6.38		0.27293	0.3828	40.8766170199	13.2501
0 0 10			2.04		39.99		6.21		0.27345	0.8316	38.8438017949	41.7013
2 4 10			2.05		42.04		6.07		0.27379	0.607	57.0555982332	12.0937
3 5 1			2.1		44.14		5.89		0.27374	0.5283	53.2544885252	31.9012
4 2 2			2.14		46.27		5.68		0.27372	0.457	40.8620305525	12.2524
3 1 1			2.09		48.36		5.7		0.27365	0.5239	28.3131072915	41.7464
7 1 1			2.17		50.54		5.5		0.27362	0.5207	65.7483230412	25.2044
4 2 14			2.09		52.63		5.61		0.27423	1.2576	70.6282605877	19.9713
4 6 0			2.21		54.83		5.37		0.27423	0.7863	67.1083315067	59.4729
6 0 0			2.17		57.0		5.34		0.27423	0.7256	54.7363985401	55.434
4 2 10			2.2		59.21		5.24		0.27462	1.1102	57.0442200735	11.3144
0 6 10			2.25		61.46		5.08		0.27493	0.8527	69.1637693973	8.5049
1 5 1			2.26		63.72		4.98		0.27488	0.4978	46.196563203	27.3004
6 0 8			2.3		66.02		4.83		0.27471	2.9234	64.163237895	5.3359
2 0 12			2.32		68.34		4.73		0.27424	0.8079	50.6101057273	16.6151
2 0 8			2.36		70.71		4.59		0.27424	0.1665	35.7565424018	1.5727
2 4 0			2.2		72.91		4.89		0.27424	1.4359	40.0960076051	88.2765
0 6 2			2.32		75.23		4.75		0.27424	0.2356	55.3895592761	6.1752
5 1 13			2.27		77.5		4.8		0.27432	0.4567	71.2764535317	11.3258
5 1 9			2.2		79.7		5.0		0.27437	0.4583	58.9619928854	19.0838
1 7 1			2.28		81.98		4.91		0.27433	0.5219	65.7901743415	26.2984
6 4 2			2.31		84.29		4.79		0.27435	0.2211	67.6401768609	4.8049
5 5 1			2.34		86.63		4.66		0.27435	0.5073	65.769247456	23.9531
1 1 9			2.19		88.82		4.93		0.27385	0.2216	37.1193146943	1.1702
2 6 10			2.28		91.1		4.88		0.27442	0.7069	72.0169435829	44.7171
3 1 13			2.25		93.35		4.92		0.27451	0.3869	59.4126405656	11.7895
6 4 0			2.31		95.65		4.8		0.27451	1.8287	67.0910631577	58.6803
5 3 9			2.22		97.87		4.95		0.2746	0.4833	65.0662013285	20.8409
5 3 1			2.27		100.14		4.91		0.27454	0.5252	53.2386121167	32.835
0 2 16			2.23		102.37		4.96		0.27485	1.8687	67.2407114996	13.8307
0 2 8			2.29		104.65		4.87		0.27487	0.1155	35.7619852008	1.7384
2 0 16			2.26		106.91		4.89		0.27521	0.5935	67.2372591268	11.8907
0 4 4			2.3		109.21		4.8		0.27533	0.8482	39.0545896029	78.0016
4 2 8			2.32		111.54		4.71		0.27522	0.7605	51.4203212226	2.5419
0 4 10			2.34		113.87		4.64		0.27572	0.9893	53.7871001638	44.1425
4 0 10			2.35		116.23		4.57		0.27619	0.6243	53.7713327333	45.2096
0 6 8			2.37		118.6		4.51		0.27602	0.7694	64.1950429677	5.6946
9 1 1			2.4		120.99		4.42		0.27602	0.8793	87.9915459652	19.6393
2 4 14			2.38		123.37		4.43		0.2766	0.5221	70.6383718296	19.4111
0 4 20			2.32		125.69		4.54		0.27674	1.027	94.1654323607	18.6345
1 3 15			2.34		128.03		4.55		0.27817	0.2862	67.3623786269	8.1809