HKL Value		Reward		TotalReward	Chi Squared	Z Appr. 	Error	Two-Thetas	Sfs2
0 2 14			0.0		0.0		0.0		0.3	0.2479	58.6982494177	6.3292
4 4 4			0.0		0.0		0.02		0.27914	0.8476	53.9354251327	76.9211
6 0 2			10.23		10.23		0.23		0.27899	0.2214	55.354768557	5.4487
1 3 9			7.34		17.57		0.45		0.27884	0.2622	45.3040218183	7.1674
4 2 12			6.59		24.16		0.56		0.27696	0.2244	63.468523569	4.7972
2 2 10			7.08		31.24		0.5		0.27819	0.6429	46.7739448495	44.8949
3 1 9			5.92		37.17		0.69		0.27817	0.36	45.2950695798	8.7768
0 0 4			6.22		43.39		0.65		0.27846	0.8482	15.2869714585	59.1035
6 0 12			6.64		50.02		0.58		0.27833	0.5892	74.995462768	0.9301
2 4 8			6.4		56.42		0.61		0.27819	0.1687	51.4325245866	2.4593
0 6 12			6.62		63.04		0.57		0.27787	0.3425	75.0250979777	1.887
3 3 1			5.44		68.48		0.81		0.27768	0.5106	38.1558496662	33.1617
7 3 1			5.8		74.29		0.75		0.27764	0.5095	71.5359286583	22.1332
0 2 12			4.72		79.01		1.06		0.27621	0.3827	50.6142203783	17.5707
2 4 2			4.56		83.57		1.18		0.27616	0.3828	40.8766170199	13.2501
0 0 10			4.7		88.28		1.14		0.27675	0.8316	38.8438017949	41.7013
1 1 3			2.74		91.02		2.54		0.27702	0.4514	16.9416048235	36.8187
2 4 10			3.21		94.23		2.46		0.27768	0.607	57.0555982332	12.0937
3 5 1			3.16		97.38		2.5		0.27756	0.5283	53.2544885252	31.9012
4 2 2			3.18		100.56		2.48		0.27751	0.457	40.8620305525	12.2524
3 1 1			2.99		103.56		2.69		0.27736	0.5239	28.3131072915	41.7464
3 5 9			2.78		106.34		3.03		0.27737	0.4755	65.0802252419	19.5165
7 1 1			2.92		109.25		2.97		0.2773	0.5207	65.7483230412	25.2044
4 6 0			3.0		112.25		2.84		0.2773	0.7863	67.1083315067	59.4729
0 6 2			3.04		115.29		2.75		0.27727	0.2356	55.3895592761	6.1752
4 2 10			3.08		118.37		2.68		0.27775	1.1102	57.0442200735	11.3144
4 2 14			3.03		121.4		2.7		0.2785	1.2576	70.6282605877	19.9713
9 1 1			3.13		124.53		2.6		0.2785	0.8793	87.9915459652	19.6393
0 6 10			3.18		127.71		2.51		0.27845	0.8527	69.1637693973	8.5049
6 0 0			3.09		130.8		2.58		0.27845	0.7256	54.7363985401	55.434
6 0 8			3.13		133.93		2.56		0.27827	2.9234	64.163237895	5.3359
1 5 1			3.12		137.05		2.57		0.2782	0.4978	46.196563203	27.3004
2 0 12			3.05		140.09		2.65		0.2775	0.8079	50.6101057273	16.6151
2 0 8			3.13		143.23		2.58		0.27758	0.1665	35.7565424018	1.5727
5 5 1			3.18		146.41		2.5		0.27757	0.5073	65.769247456	23.9531
0 2 8			3.22		149.63		2.44		0.27766	0.1155	35.7619852008	1.7384
2 6 10			3.26		152.89		2.38		0.27782	0.7069	72.0169435829	44.7171
6 4 2			3.29		156.19		2.33		0.27783	0.2211	67.6401768609	4.8049
1 7 1			3.28		159.47		2.32		0.27779	0.5219	65.7901743415	26.2984
2 4 0			3.01		162.48		2.62		0.27779	1.4359	40.0960076051	88.2765
5 1 13			3.04		165.51		2.68		0.27809	0.4567	71.2764535317	11.3258
0 0 2			1.93		167.44		4.6		0.27809	1.161	7.62646333295	98.931