HKL Value		Reward		TotalReward	Chi Squared	Z Appr. 	Error	Two-Thetas	Sfs2
0 2 14			0.0		0.0		0.0		0.3	0.2479	58.6982494177	6.3292
6 0 2			0.0		0.0		0.43		0.27874	0.2214	55.354768557	5.4487
4 4 4			10.62		10.62		0.23		0.27899	0.8476	53.9354251327	76.9211
1 3 9			7.34		17.96		0.45		0.27884	0.2622	45.3040218183	7.1674
4 2 12			6.59		24.55		0.56		0.27696	0.2244	63.468523569	4.7972
4 6 6			2.33		26.88		2.89		0.29357	1.1903	71.9781772466	41.9784
2 2 10			2.47		29.35		3.59		0.28035	0.6429	46.7739448495	44.8949
3 1 9			2.81		32.16		3.32		0.28015	0.36	45.2950695798	8.7768
2 4 8			2.96		35.12		3.02		0.28022	0.1687	51.4325245866	2.4593
3 5 1			2.85		37.97		3.06		0.2799	0.5283	53.2544885252	31.9012
0 0 4			3.08		41.05		2.77		0.28018	0.8482	15.2869714585	59.1035
4 2 10			3.22		44.28		2.52		0.2803	1.1102	57.0442200735	11.3144
0 6 12			3.31		47.58		2.36		0.28015	0.3425	75.0250979777	1.887
6 0 12			3.43		51.01		2.19		0.28003	0.5892	74.995462768	0.9301
1 1 7			0.05		51.06		22.77		0.27065	0.2012	29.7561292971	6.5386
3 3 1			1.21		52.28		21.41		0.27062	0.5106	38.1558496662	33.1617
7 3 1			1.25		53.53		20.07		0.27062	0.5095	71.5359286583	22.1332
0 2 12			1.27		54.8		18.89		0.27061	0.3827	50.6142203783	17.5707
2 4 2			1.28		56.08		17.98		0.27061	0.3828	40.8766170199	13.2501
0 0 10			1.26		57.34		17.4		0.27101	0.8316	38.8438017949	41.7013
0 0 12			0.76		58.09		20.91		0.26951	3.2426	47.0346015839	274.3783
2 4 10			1.18		59.28		20.21		0.2696	0.607	57.0555982332	12.0937
4 2 2			1.22		60.5		19.38		0.2696	0.457	40.8620305525	12.2524
3 1 1			1.22		61.72		18.78		0.26957	0.5239	28.3131072915	41.7464
7 1 1			1.26		62.97		18.04		0.26955	0.5207	65.7483230412	25.2044
1 1 13			1.24		64.22		17.57		0.26955	0.3722	52.9310122384	10.9703
4 2 14			1.22		65.44		17.38		0.26971	1.2576	70.6282605877	19.9713
6 0 0			1.27		66.71		16.9		0.26971	0.7256	54.7363985401	55.434
1 1 17			0.5		67.21		23.18		0.27047	2.447	70.2810461715	248.4175
2 0 8			1.13		68.34		22.4		0.27045	0.1665	35.7565424018	1.5727
1 5 1			1.14		69.48		21.72		0.27042	0.4978	46.196563203	27.3004
2 0 12			1.16		70.64		21.02		0.27048	0.8079	50.6101057273	16.6151
2 4 0			1.12		71.76		20.79		0.27048	1.4359	40.0960076051	88.2765
5 1 13			1.15		72.91		20.36		0.27048	0.4567	71.2764535317	11.3258
5 1 9			1.14		74.05		20.12		0.27052	0.4583	58.9619928854	19.0838
1 1 9			1.15		75.2		19.84		0.27013	0.2216	37.1193146943	1.1702
3 1 13			1.17		76.37		19.48		0.27013	0.3869	59.4126405656	11.7895
5 5 1			1.2		77.57		18.95		0.27013	0.5073	65.769247456	23.9531
6 2 2			0.85		78.42		21.37		0.27015	3.3001	58.5687226088	135.1206
0 6 10			1.14		79.56		20.91		0.27027	0.8527	69.1637693973	8.5049
6 4 0			1.16		80.72		20.39		0.27027	1.8287	67.0910631577	58.6803
6 4 2			1.17		81.89		19.91		0.27027	0.2211	67.6401768609	4.8049
5 3 9			1.15		83.03		19.72		0.27036	0.4833	65.0662013285	20.8409
6 2 8			0.87		83.91		21.78		0.26957	3.3751	67.1207225085	222.106
5 3 1			1.13		85.03		21.35		0.26955	0.5252	53.2386121167	32.835
0 6 2			1.14		86.17		20.88		0.26954	0.2356	55.3895592761	6.1752
0 2 16			1.13		87.3		20.61		0.26945	1.8687	67.2407114996	13.8307
0 2 8			1.16		88.46		20.18		0.26942	0.1155	35.7619852008	1.7384
6 0 8			1.17		89.62		19.76		0.26943	2.9234	64.163237895	5.3359
2 6 10			1.15		90.78		19.54		0.26981	0.7069	72.0169435829	44.7171
2 0 16			1.16		91.94		19.29		0.26973	0.5935	67.2372591268	11.8907
9 1 1			1.19		93.13		18.91		0.26973	0.8793	87.9915459652	19.6393
1 7 1			1.2		94.33		18.58		0.26972	0.5219	65.7901743415	26.2984
2 4 14			1.18		95.51		18.45		0.26993	0.5221	70.6383718296	19.4111
0 4 20			1.19		96.7		18.26		0.26959	1.027	94.1654323607	18.6345
4 2 8			1.22		97.91		17.93		0.26959	0.7605	51.4203212226	2.5419
0 6 8			1.23		99.14		17.61		0.26959	0.7694	64.1950429677	5.6946
1 3 15			1.14		100.28		17.96		0.2714	0.2862	67.3623786269	8.1809
0 2 2			1.19		101.47		17.86		0.27137	0.4614	19.2417464495	36.8131
0 6 0			1.21		102.68		17.67		0.27137	1.4277	54.7714555341	59.4019
4 0 10			1.22		103.9		17.48		0.27237	0.6243	53.7713327333	45.2096
0 6 16			1.23		105.13		17.25		0.27266	0.4825	89.3859051251	7.6515
1 5 13			1.23		106.36		17.09		0.27277	1.1973	71.2966048402	12.6128
1 5 9			1.22		107.58		16.99		0.27288	0.4394	58.984264935	17.7365
0 2 6			1.05		108.63		18.16		0.27416	1.1672	29.1471999487	131.5155
1 1 15			1.21		109.84		17.88		0.27406	0.656	61.3839959686	20.6242
4 6 0			1.22		111.06		17.61		0.27406	0.7863	67.1083315067	59.4729
3 7 1			1.23		112.29		17.35		0.27405	1.2822	71.5694631273	22.2453
1 3 1			1.22		113.52		17.18		0.27391	0.5324	28.3265170018	42.1271
2 2 4			1.24		114.76		16.94		0.27396	0.7551	29.4672289371	73.6026
3 3 9			1.24		116.0		16.76		0.27409	0.3816	52.4524123761	12.0632
6 2 10			1.25		117.25		16.55		0.27492	0.7103	71.9901825081	43.9921
2 0 10			1.25		118.5		16.44		0.27575	0.6169	42.9543880851	20.236
0 2 10			1.25		119.75		16.32		0.27669	0.4317	42.9590557724	21.0204
0 4 4			1.27		121.02		16.11		0.27681	0.8482	39.0545896029	78.0016
3 5 9			1.26		122.28		16.03		0.27684	0.4755	65.0802252419	19.5165
2 4 6			1.2		123.47		16.37		0.27752	0.785	46.7364348384	64.2552
0 4 10			1.27		124.74		16.16		0.27772	0.9893	53.7871001638	44.1425
3 1 15			1.27		126.01		16.0		0.27899	0.2871	67.3554895111	7.7692
2 2 14			1.23		127.24		16.14		0.27987	1.0835	61.7979105177	101.9829
6 0 6			1.23		128.47		16.25		0.28012	1.0815	60.1501886982	39.9969
6 0 4			1.24		129.71		16.24		0.27995	0.7069	57.1830782131	42.6751
0 0 20			1.27		130.98		16.05		0.28009	0.4542	83.3712939521	4.3689
0 6 6			1.23		132.21		16.16		0.28036	1.0147	60.183190367	40.9583
5 1 1			1.27		133.48		16.0		0.28034	0.5346	46.1701152	26.7419
4 2 4			1.22		134.69		16.23		0.2801	0.7624	43.1345383828	64.2766
2 0 2			1.25		135.94		16.18		0.28006	0.6502	19.2320929378	35.9547
6 4 4			1.25		137.19		16.14		0.27988	0.6669	69.2748711385	33.991
4 4 10			1.27		138.46		15.96		0.27987	0.6886	66.23802526	47.6672
0 6 14			1.27		139.74		15.82		0.28013	0.9096	81.7552219026	27.2955
1 7 5			1.16		140.89		16.47		0.27997	1.0841	69.0835930101	99.7513
2 4 12			1.26		142.15		16.31		0.27987	0.2205	63.4791913795	4.8908
6 4 6			1.23		143.39		16.33		0.28019	0.9247	71.9614498967	41.9809
3 3 15			1.26		144.64		16.21		0.28111	0.3402	73.0835579415	3.8877
2 2 16			1.16		145.8		16.76		0.28111	1.1693	70.1293332912	108.6018
4 0 4			1.25		147.05		16.58		0.28111	1.2165	39.0343929222	79.1487
5 1 3			1.19		148.24		16.82		0.28128	0.9592	47.5591860667	88.1873
1 5 7			0.74		148.98		20.57		0.27874	0.6035	54.1236034243	4.2528
4 0 12			1.04		150.02		21.09		0.27731	2.7435	60.4154589103	161.2613