HKL Value		Reward		TotalReward	Chi Squared	Z Appr. 	Error	Two-Thetas	Sfs2
4 2 12			0.0		0.0		0.0		0.3	0.2244	63.468523569	4.7972
2 6 10			0.0		0.0		2.13		0.37838	0.7069	72.0169435829	44.7171
6 0 12			0.99		0.99		1.07		0.37834	0.5892	74.995462768	0.9301
3 3 3			-0.9		0.09		11.25		0.37665	0.8081	39.7679129272	70.9373
0 6 12			0.33		0.41		8.48		0.37656	0.3425	75.0250979777	1.887
3 7 1			0.02		0.43		8.34		0.3763	1.2822	71.5694631273	22.2453
3 1 9			0.1		0.53		7.55		0.37722	0.36	45.2950695798	8.7768
4 2 0			-0.09		0.44		8.3		0.37722	0.9287	40.0811891304	86.5118
7 3 1			0.01		0.45		8.24		0.37697	0.5095	71.5359286583	22.1332
0 0 16			0.12		0.57		7.36		0.37761	1.3342	64.286058028	116.6634
6 0 8			-0.02		0.55		7.54		0.37892	2.9234	64.163237895	5.3359
2 0 14			0.09		0.63		6.94		0.38011	0.2634	58.6945218607	7.3942
1 3 7			0.09		0.72		6.39		0.37974	0.1893	39.2755843192	5.3372
0 0 12			-0.65		0.07		18.48		0.38296	3.2426	47.0346015839	274.3783
3 3 9			0.06		0.12		17.5		0.38319	0.3816	52.4524123761	12.0632
5 3 9			0.02		0.14		17.11		0.38342	0.4833	65.0662013285	20.8409
4 6 2			0.06		0.2		16.13		0.38352	0.2349	67.657370766	5.5969
5 5 1			0.03		0.24		15.66		0.38343	0.5073	65.769247456	23.9531
5 1 1			0.01		0.24		15.54		0.38335	0.5346	46.1701152	26.7419
0 6 2			0.05		0.3		14.74		0.38342	0.2356	55.3895592761	6.1752
0 2 20			0.04		0.34		14.13		0.38514	0.4494	86.0769303832	2.8517
4 6 0			0.05		0.39		13.46		0.38514	0.7863	67.1083315067	59.4729
2 4 10			0.04		0.43		12.93		0.38476	0.607	57.0555982332	12.0937
1 1 17			-0.38		0.05		20.99		0.3853	2.447	70.2810461715	248.4175
6 4 0			0.04		0.09		20.11		0.3853	1.8287	67.0910631577	58.6803
0 4 2			-0.09		-0.0		22.19		0.38564	3.2657	36.5744795411	137.7475
4 2 14			0.03		0.03		21.54		0.38611	1.2576	70.6282605877	19.9713
1 5 1			0.01		0.04		21.26		0.38609	0.4978	46.196563203	27.3004
1 7 1			0.01		0.05		20.97		0.38604	0.5219	65.7901743415	26.2984
4 0 10			0.02		0.08		20.5		0.38507	0.6243	53.7713327333	45.2096
6 0 10			0.02		0.1		20.01		0.38439	1.0728	69.1331306246	8.9056
3 3 15			0.03		0.13		19.39		0.38406	0.3402	73.0835579415	3.8877
0 4 20			0.03		0.16		18.85		0.38443	1.027	94.1654323607	18.6345
0 6 0			0.02		0.18		18.48		0.38443	1.4277	54.7714555341	59.4019
1 3 15			0.03		0.21		17.94		0.3845	0.2862	67.3623786269	8.1809
4 6 6			0.0		0.21		17.89		0.3843	1.1903	71.9781772466	41.9784
3 1 15			0.03		0.24		17.4		0.38436	0.2871	67.3554895111	7.7692
3 3 1			0.0		0.25		17.36		0.38435	0.5106	38.1558496662	33.1617
4 4 10			0.02		0.27		16.98		0.3841	0.6886	66.23802526	47.6672
0 4 16			0.03		0.29		16.55		0.38405	1.5557	75.7704700384	94.8658
0 0 10			0.02		0.31		16.25		0.38376	0.8316	38.8438017949	41.7013
6 2 2			-0.07		0.24		17.55		0.38387	3.3001	58.5687226088	135.1206
6 0 2			0.02		0.26		17.14		0.38387	0.2214	55.354768557	5.4487
4 2 6			-0.02		0.24		17.56		0.3837	1.6049	46.7233273538	62.1975
1 3 9			0.02		0.26		17.19		0.38371	0.2622	45.3040218183	7.1674
2 2 4			-0.04		0.22		17.94		0.38374	0.7551	29.4672289371	73.6026
4 0 2			-0.06		0.15		19.15		0.38385	1.7854	36.5531212028	138.5255
6 0 6			-0.0		0.15		19.23		0.38372	1.0815	60.1501886982	39.9969