HKL Value		Reward		TotalReward	Chi Squared	Z Appr. 	Error	Two-Thetas	Sfs2
6 0 12			0.0		0.0		0.0		0.3	0.5892	74.995462768	0.9301
0 6 12			0.0		0.0		0.15		0.29166	0.3425	75.0250979777	1.887
4 2 12			-0.86		-0.86		1.09		0.29166	0.2244	63.468523569	4.7972
4 6 0			0.47		-0.39		0.74		0.29166	0.7863	67.1083315067	59.4729
4 6 2			0.33		-0.06		0.56		0.29174	0.2349	67.657370766	5.5969
6 4 0			0.24		0.19		0.45		0.29174	1.8287	67.0910631577	58.6803
0 4 12			-0.95		-0.76		9.13		0.31073	1.4889	60.4300914167	161.7651
0 2 14			0.17		-0.6		7.83		0.31065	0.2479	58.6982494177	6.3292
3 7 1			0.1		-0.5		7.1		0.31062	1.2822	71.5694631273	22.2453
0 0 16			0.12		-0.38		6.37		0.31055	1.3342	64.286058028	116.6634
1 5 5			-0.6		-0.98		16.02		0.31063	1.8923	50.2743192378	127.3636
2 4 12			0.1		-0.88		14.61		0.31041	0.2205	63.4791913795	4.8908
6 2 6			-0.44		-1.33		26.22		0.31124	3.9921	63.2107357729	344.5633
3 1 9			0.08		-1.24		24.21		0.31126	0.36	45.2950695798	8.7768
1 1 9			0.07		-1.17		22.53		0.31112	0.2216	37.1193146943	1.1702
5 5 1			0.07		-1.1		21.14		0.3111	0.5073	65.769247456	23.9531
7 3 1			0.06		-1.04		19.94		0.31108	0.5095	71.5359286583	22.1332
0 6 2			0.06		-0.99		18.89		0.31106	0.2356	55.3895592761	6.1752
1 3 15			0.04		-0.94		18.09		0.31112	0.2862	67.3623786269	8.1809
2 6 6			-0.28		-1.23		25.23		0.31177	5.383	63.2392339525	346.2148
5 1 1			0.04		-1.19		24.28		0.31174	0.5346	46.1701152	26.7419
2 4 10			0.04		-1.15		23.42		0.31211	0.607	57.0555982332	12.0937
2 0 14			0.05		-1.1		22.36		0.31203	0.2634	58.6945218607	7.3942
7 1 7			-0.1		-1.2		24.77		0.31357	0.3505	72.2660298289	5.0526
3 3 9			0.04		-1.16		23.73		0.31356	0.3816	52.4524123761	12.0632
3 1 15			0.04		-1.12		22.9		0.31365	0.2871	67.3554895111	7.7692
2 0 10			0.04		-1.08		22.02		0.31364	0.6169	42.9543880851	20.236
1 5 9			0.04		-1.04		21.21		0.31363	0.4394	58.984264935	17.7365
2 0 4			-0.11		-1.15		23.7		0.31363	1.3874	23.4143586184	109.347
1 5 1			0.03		-1.12		23.12		0.31362	0.4978	46.196563203	27.3004
0 2 20			0.03		-1.09		22.35		0.31359	0.4494	86.0769303832	2.8517
1 7 1			0.02		-1.06		21.82		0.31357	0.5219	65.7901743415	26.2984
6 0 8			0.03		-1.04		21.25		0.31358	2.9234	64.163237895	5.3359
4 4 10			0.02		-1.02		20.8		0.3138	0.6886	66.23802526	47.6672
6 4 2			0.03		-0.99		20.19		0.3138	0.2211	67.6401768609	4.8049
5 3 9			0.03		-0.96		19.66		0.31386	0.4833	65.0662013285	20.8409
0 4 20			0.03		-0.93		19.11		0.31382	1.027	94.1654323607	18.6345
6 0 2			0.02		-0.91		18.65		0.31382	0.2214	55.354768557	5.4487
1 3 9			0.02		-0.88		18.19		0.31373	0.2622	45.3040218183	7.1674
6 0 10			0.01		-0.87		17.95		0.31396	1.0728	69.1331306246	8.9056
6 2 8			-0.19		-1.06		22.23		0.31397	3.3751	67.1207225085	222.106
4 2 14			0.02		-1.04		21.82		0.31405	1.2576	70.6282605877	19.9713
0 6 18			0.02		-1.02		21.3		0.31404	0.7949	98.0280769063	1.8601
5 1 5			-0.08		-1.1		23.18		0.31407	1.1901	50.2495039981	127.1383
3 3 1			0.02		-1.08		22.82		0.31406	0.5106	38.1558496662	33.1617
9 1 1			0.02		-1.06		22.35		0.31405	0.8793	87.9915459652	19.6393
2 2 0			-0.38		-1.44		35.99		0.31405	11.1953	25.0390113278	1035.9387
0 2 10			0.02		-1.42		35.22		0.31403	0.4317	42.9590557724	21.0204
3 1 1			0.01		-1.4		34.75		0.31401	0.5239	28.3131072915	41.7464
0 2 12			0.02		-1.38		34.04		0.31397	0.3827	50.6142203783	17.5707
4 0 10			0.02		-1.37		33.53		0.31415	0.6243	53.7713327333	45.2096
0 0 22			0.02		-1.35		32.98		0.31431	2.2765	94.0325860765	137.6091
1 1 13			-0.03		-1.38		33.89		0.315	0.3722	52.9310122384	10.9703
4 6 6			0.02		-1.36		33.33		0.31495	1.1903	71.9781772466	41.9784
4 2 10			0.02		-1.34		32.76		0.31504	1.1102	57.0442200735	11.3144
2 6 8			-0.08		-1.42		35.54		0.31504	4.3291	67.1483383839	218.3417
2 6 4			0.01		-1.41		35.2		0.31498	0.8772	60.3635846112	78.02
0 6 14			0.01		-1.4		34.79		0.31504	0.9096	81.7552219026	27.2955
2 2 10			0.01		-1.39		34.28		0.31516	0.6429	46.7739448495	44.8949
1 1 1			0.01		-1.38		33.98		0.31515	0.5749	13.0194761966	56.7652
2 4 14			0.01		-1.36		33.49		0.3152	0.5221	70.6383718296	19.4111
2 0 6			0.01		-1.36		33.25		0.31527	1.6278	29.1406672869	128.8477
0 2 22			0.01		-1.35		33.06		0.31541	1.8317	96.7387030121	97.213
2 4 2			0.01		-1.34		32.63		0.31541	0.3828	40.8766170199	13.2501
5 1 9			0.02		-1.32		32.12		0.31539	0.4583	58.9619928854	19.0838
6 0 6			0.02		-1.31		31.63		0.31539	1.0815	60.1501886982	39.9969
2 0 12			0.01		-1.29		31.18		0.3153	0.8079	50.6101057273	16.6151
6 4 6			0.01		-1.28		30.78		0.31526	0.9247	71.9614498967	41.9809
2 2 4			0.01		-1.27		30.61		0.3152	0.7551	29.4672289371	73.6026
2 4 6			0.01		-1.26		30.2		0.31523	0.785	46.7364348384	64.2552
4 0 6			-0.1		-1.36		33.53		0.31538	5.3963	42.900258124	488.2208
3 5 1			0.01		-1.35		33.17		0.31538	0.5283	53.2544885252	31.9012
4 2 2			0.01		-1.34		32.78		0.31536	0.457	40.8620305525	12.2524
0 6 10			0.01		-1.32		32.42		0.31548	0.8527	69.1637693973	8.5049
0 4 4			0.01		-1.32		32.22		0.31543	0.8482	39.0545896029	78.0016
4 4 4			0.01		-1.31		32.04		0.31538	0.8476	53.9354251327	76.9211
3 3 15			0.01		-1.3		31.62		0.31538	0.3402	73.0835579415	3.8877
6 2 10			0.01		-1.29		31.3		0.31549	0.7103	71.9901825081	43.9921
0 2 16			0.01		-1.28		31.03		0.31558	1.8687	67.2407114996	13.8307
1 1 5			-0.06		-1.34		33.1		0.31562	1.9661	22.8949597146	247.5537
2 4 8			0.0		-1.34		33.0		0.31567	0.1687	51.4325245866	2.4593
0 2 0			-0.01		-1.34		33.18		0.31567	1.4407	17.6394681947	177.2483
2 0 16			0.01		-1.34		32.95		0.31579	0.5935	67.2372591268	11.8907
2 0 8			-0.03		-1.36		33.86		0.31595	0.1665	35.7565424018	1.5727
4 2 4			-0.01		-1.37		34.06		0.31594	0.7624	43.1345383828	64.2766
4 2 8			0.0		-1.37		33.94		0.31599	0.7605	51.4203212226	2.5419
0 6 0			0.01		-1.36		33.62		0.31599	1.4277	54.7714555341	59.4019
2 6 2			-0.02		-1.38		34.42		0.31601	1.2892	58.5985395934	134.3564
5 3 1			0.01		-1.37		34.12		0.31601	0.5252	53.2386121167	32.835
1 5 3			0.0		-1.37		33.97		0.31601	0.9511	47.585042181	85.8034
0 2 2			0.0		-1.36		33.81		0.31601	0.4614	19.2417464495	36.8131
2 4 0			0.01		-1.36		33.59		0.31601	1.4359	40.0960076051	88.2765
4 6 4			0.0		-1.35		33.49		0.31601	1.0731	69.291881243	33.3045
2 0 2			0.0		-1.35		33.33		0.31599	0.6502	19.2320929378	35.9547
0 0 4			0.01		-1.34		33.14		0.31594	0.8482	15.2869714585	59.1035
0 6 4			0.0		-1.34		33.13		0.31593	0.6675	57.2171401797	42.9768
4 4 12			0.01		-1.33		32.85		0.31606	1.9475	72.2035773977	130.2426
0 4 10			0.01		-1.33		32.56		0.31615	0.9893	53.7871001638	44.1425
7 1 1			0.01		-1.32		32.28		0.31615	0.5207	65.7483230412	25.2044
4 4 0			-0.08		-1.4		35.25		0.31615	4.9852	51.3853572345	648.027
0 2 6			0.0		-1.4		35.1		0.3162	1.1672	29.1471999487	131.5155
6 2 4			0.0		-1.39		34.93		0.31615	0.8727	60.3342977717	77.9073