HKL Value		Reward		TotalReward	Chi Squared	Z Appr. 	Error	Two-Thetas	Sfs2
6 0 12			0.0		0.0		0.0		0.3	0.5892	74.995462768	0.9301
7 1 3			0.0		0.0		28.26		0.35896	1.4031	66.8553232335	91.2915
5 5 3			0.12		0.12		25.23		0.35826	0.8107	66.8760743485	64.1048
6 4 0			0.5		0.62		16.82		0.35826	1.8287	67.0910631577	58.6803
3 5 11			-0.37		0.25		26.57		0.36117	1.8915	70.5555824797	206.4699
4 6 2			0.22		0.47		21.8		0.3612	0.2349	67.657370766	5.5969
0 2 14			0.2		0.67		18.22		0.36175	0.2479	58.6982494177	6.3292
3 3 3			-0.05		0.62		19.1		0.36093	0.8081	39.7679129272	70.9373
2 0 14			0.14		0.76		16.73		0.36117	0.2634	58.6945218607	7.3942
4 6 0			0.12		0.89		14.87		0.36117	0.7863	67.1083315067	59.4729
6 4 2			0.09		0.98		13.61		0.36119	0.2211	67.6401768609	4.8049
0 6 12			0.1		1.08		12.39		0.36086	0.3425	75.0250979777	1.887
7 3 1			0.04		1.12		11.89		0.36069	0.5095	71.5359286583	22.1332
3 7 1			0.04		1.16		11.48		0.36052	1.2822	71.5694631273	22.2453
6 2 6			-0.48		0.67		22.21		0.35724	3.9921	63.2107357729	344.5633
5 5 1			0.05		0.73		21.11		0.35717	0.5073	65.769247456	23.9531
0 6 2			0.06		0.78		19.95		0.35721	0.2356	55.3895592761	6.1752
3 1 9			0.06		0.85		18.79		0.35703	0.36	45.2950695798	8.7768
4 2 12			0.06		0.91		17.75		0.35715	0.2244	63.468523569	4.7972
0 2 12			0.05		0.96		16.9		0.35675	0.3827	50.6142203783	17.5707
2 4 12			0.05		1.01		16.06		0.35686	0.2205	63.4791913795	4.8908
1 7 5			-0.05		0.96		16.9		0.35746	1.0841	69.0835930101	99.7513
1 3 9			0.05		1.01		16.14		0.3574	0.2622	45.3040218183	7.1674
0 2 2			-0.03		0.98		16.58		0.35735	0.4614	19.2417464495	36.8131
3 1 3			-0.02		0.96		16.87		0.35724	1.2003	30.3814370344	67.5761
0 4 20			0.0		0.96		16.83		0.36051	1.027	94.1654323607	18.6345
3 7 5			0.0		0.96		16.82		0.36094	1.0548	74.7470539899	89.5814
2 0 2			-0.02		0.94		17.16		0.36092	0.6502	19.2320929378	35.9547
9 1 1			0.03		0.97		16.73		0.36089	0.8793	87.9915459652	19.6393
2 0 10			0.01		0.98		16.59		0.36076	0.6169	42.9543880851	20.236
3 5 7			0.03		1.01		16.1		0.36078	0.2309	60.5203777188	5.6046
6 0 8			0.03		1.04		15.63		0.36058	2.9234	64.163237895	5.3359
3 3 9			0.03		1.07		15.23		0.36035	0.3816	52.4524123761	12.0632
6 0 2			0.03		1.09		14.82		0.36037	0.2214	55.354768557	5.4487
0 2 10			0.0		1.1		14.77		0.36026	0.4317	42.9590557724	21.0204
2 6 6			-0.23		0.87		19.11		0.35933	5.383	63.2392339525	346.2148
2 4 10			0.02		0.89		18.75		0.35925	0.607	57.0555982332	12.0937
1 3 13			0.02		0.91		18.3		0.35948	0.3907	59.4200243294	11.5335
5 1 1			0.01		0.92		18.12		0.35946	0.5346	46.1701152	26.7419
0 2 20			0.02		0.95		17.69		0.35944	0.4494	86.0769303832	2.8517
4 2 14			0.02		0.97		17.27		0.35939	1.2576	70.6282605877	19.9713
1 7 1			0.01		0.98		17.11		0.35936	0.5219	65.7901743415	26.2984
1 5 1			0.01		0.99		16.99		0.35933	0.4978	46.196563203	27.3004
1 1 9			0.02		1.01		16.59		0.35931	0.2216	37.1193146943	1.1702
3 5 1			0.0		1.02		16.51		0.35928	0.5283	53.2544885252	31.9012
3 1 15			0.02		1.03		16.23		0.35937	0.2871	67.3554895111	7.7692
5 5 7			0.02		1.06		15.9		0.35937	0.6639	72.2860687267	4.3062
2 4 2			0.01		1.07		15.73		0.35938	0.3828	40.8766170199	13.2501
1 3 15			0.02		1.08		15.49		0.35948	0.2862	67.3623786269	8.1809
0 6 8			0.02		1.1		15.18		0.35938	0.7694	64.1950429677	5.6946
2 4 14			0.02		1.12		14.89		0.35933	0.5221	70.6383718296	19.4111
0 4 10			-0.01		1.11		15.04		0.35961	0.9893	53.7871001638	44.1425
4 2 10			0.01		1.12		14.86		0.35953	1.1102	57.0442200735	11.3144
4 0 10			-0.01		1.11		15.02		0.35984	0.6243	53.7713327333	45.2096
3 1 7			0.02		1.13		14.77		0.35984	0.257	39.2655360855	5.205
2 2 4			-0.04		1.09		15.4		0.35977	0.7551	29.4672289371	73.6026
5 3 9			0.01		1.1		15.26		0.35944	0.4833	65.0662013285	20.8409
1 5 9			0.01		1.11		15.04		0.35919	0.4394	58.984264935	17.7365
3 3 1			0.0		1.11		15.01		0.35915	0.5106	38.1558496662	33.1617
2 2 10			-0.01		1.1		15.16		0.35942	0.6429	46.7739448495	44.8949
2 0 12			0.01		1.12		14.96		0.35911	0.8079	50.6101057273	16.6151
7 1 1			0.01		1.12		14.88		0.35908	0.5207	65.7483230412	25.2044
4 2 8			0.02		1.14		14.66		0.35894	0.7605	51.4203212226	2.5419
6 4 6			0.02		1.15		14.43		0.35901	0.9247	71.9614498967	41.9809
6 0 10			0.01		1.17		14.27		0.35895	1.0728	69.1331306246	8.9056
2 2 16			-0.01		1.16		14.36		0.36029	1.1693	70.1293332912	108.6018
7 1 7			0.01		1.17		14.18		0.36029	0.3505	72.2660298289	5.0526
2 4 0			0.0		1.17		14.17		0.36029	1.4359	40.0960076051	88.2765
0 0 8			-0.08		1.09		15.42		0.36097	2.1948	30.8548203523	183.9052
4 4 10			-0.01		1.08		15.54		0.36134	0.6886	66.23802526	47.6672
6 2 4			-0.03		1.05		16.03		0.36126	0.8727	60.3342977717	77.9073