HKL Value		Reward		TotalReward	Chi Squared	Z Appr. 	Error	Two-Thetas	Sfs2
4 2 4			0.0		0.0		0.0		0.3	0.7624	43.1345383828	64.2766
6 0 12			0.0		0.0		32.69		0.22467	0.5892	74.995462768	0.9301
2 2 16			-0.24		-0.24		43.15		0.22898	1.1693	70.1293332912	108.6018
4 6 0			0.5		0.26		28.78		0.22898	0.7863	67.1083315067	59.4729
6 4 0			0.33		0.59		21.59		0.22898	1.8287	67.0910631577	58.6803
0 6 12			0.21		0.8		17.86		0.22761	0.3425	75.0250979777	1.887
4 2 6			-0.19		0.6		22.19		0.22721	1.6049	46.7233273538	62.1975
2 0 6			-0.3		0.3		31.81		0.22599	1.6278	29.1406672869	128.8477
4 6 2			0.14		0.44		27.87		0.22596	0.2349	67.657370766	5.5969
2 4 12			0.12		0.57		24.78		0.22585	0.2205	63.4791913795	4.8908
4 2 12			0.11		0.68		22.3		0.22577	0.2244	63.468523569	4.7972
3 1 9			-0.01		0.67		22.49		0.22672	0.36	45.2950695798	8.7768
3 7 1			0.08		0.75		20.86		0.22682	1.2822	71.5694631273	22.2453
3 5 11			-0.36		0.39		32.41		0.22678	1.8915	70.5555824797	206.4699
5 5 1			0.07		0.46		30.36		0.2269	0.5073	65.769247456	23.9531
7 3 1			0.06		0.52		28.54		0.22699	0.5095	71.5359286583	22.1332
6 4 2			0.06		0.59		26.8		0.22698	0.2211	67.6401768609	4.8049
4 6 4			0.04		0.63		25.77		0.22716	1.0731	69.291881243	33.3045
2 0 14			0.05		0.68		24.5		0.22681	0.2634	58.6945218607	7.3942
2 6 6			0.25		0.93		19.58		0.18934	5.383	63.2392339525	346.2148
0 6 2			0.05		0.98		18.71		0.18935	0.2356	55.3895592761	6.1752
0 2 14			0.05		1.03		17.82		0.18941	0.2479	58.6982494177	6.3292
3 3 9			0.03		1.06		17.29		0.18952	0.3816	52.4524123761	12.0632
3 3 3			-0.08		0.98		18.84		0.18948	0.8081	39.7679129272	70.9373
2 0 10			0.04		1.02		18.07		0.18938	0.6169	42.9543880851	20.236
9 1 1			0.0		1.02		18.01		0.18949	0.8793	87.9915459652	19.6393
6 0 8			0.03		1.05		17.44		0.18953	2.9234	64.163237895	5.3359
1 5 1			0.03		1.09		16.9		0.18958	0.4978	46.196563203	27.3004
1 5 9			0.02		1.11		16.58		0.18981	0.4394	58.984264935	17.7365
6 0 2			0.03		1.14		16.07		0.18981	0.2214	55.354768557	5.4487
1 3 9			0.03		1.16		15.64		0.18992	0.2622	45.3040218183	7.1674
1 1 9			0.03		1.2		15.14		0.18989	0.2216	37.1193146943	1.1702
2 4 10			0.01		1.21		14.95		0.18932	0.607	57.0555982332	12.0937
0 4 20			0.02		1.23		14.61		0.18856	1.027	94.1654323607	18.6345
4 2 10			0.01		1.25		14.42		0.18825	1.1102	57.0442200735	11.3144
2 2 6			-0.4		0.85		24.0		0.18775	8.3224	34.2684003079	615.2447
0 2 20			0.03		0.88		23.34		0.18769	0.4494	86.0769303832	2.8517
0 2 12			0.03		0.9		22.71		0.18766	0.3827	50.6142203783	17.5707
4 2 14			0.02		0.92		22.3		0.18752	1.2576	70.6282605877	19.9713
6 2 0			-0.23		0.69		28.97		0.18752	4.3933	57.9728440251	566.5186
1 3 15			0.02		0.72		28.28		0.18735	0.2862	67.3623786269	8.1809
3 1 15			0.02		0.74		27.63		0.18718	0.2871	67.3554895111	7.7692
0 2 6			0.0		0.74		27.53		0.18706	1.1672	29.1471999487	131.5155
0 2 10			0.02		0.77		26.89		0.18706	0.4317	42.9590557724	21.0204
5 1 1			0.02		0.79		26.35		0.18708	0.5346	46.1701152	26.7419
5 3 9			0.01		0.8		26.07		0.18711	0.4833	65.0662013285	20.8409
2 2 2			-0.06		0.74		27.71		0.18709	1.1162	26.2109248846	125.5642
0 2 2			0.01		0.75		27.51		0.18711	0.4614	19.2417464495	36.8131
0 4 10			0.01		0.76		27.18		0.18686	0.9893	53.7871001638	44.1425
2 0 4			-0.05		0.71		28.49		0.18686	1.3874	23.4143586184	109.347
3 3 1			0.02		0.73		27.97		0.18687	0.5106	38.1558496662	33.1617
3 5 3			-0.03		0.7		28.77		0.18687	0.9259	54.5093201099	87.7589
1 7 1			0.02		0.72		28.29		0.18688	0.5219	65.7901743415	26.2984
3 1 3			-0.01		0.71		28.66		0.18686	1.2003	30.3814370344	67.5761
6 0 10			0.01		0.72		28.32		0.18662	1.0728	69.1331306246	8.9056
6 2 4			0.01		0.73		28.08		0.1867	0.8727	60.3342977717	77.9073
2 4 2			0.01		0.74		27.68		0.18671	0.3828	40.8766170199	13.2501
2 6 2			-0.05		0.7		29.02		0.18669	1.2892	58.5985395934	134.3564
0 6 10			0.01		0.71		28.7		0.18644	0.8527	69.1637693973	8.5049
4 0 10			0.01		0.72		28.37		0.18624	0.6243	53.7713327333	45.2096
2 0 12			0.02		0.74		27.9		0.1863	0.8079	50.6101057273	16.6151
6 4 6			0.01		0.75		27.5		0.18635	0.9247	71.9614498967	41.9809
6 0 6			0.02		0.77		27.06		0.18635	1.0815	60.1501886982	39.9969
2 0 16			0.01		0.77		26.91		0.18626	0.5935	67.2372591268	11.8907
0 0 16			0.02		0.79		26.5		0.18625	1.3342	64.286058028	116.6634
4 0 0			-0.21		0.58		33.42		0.18625	8.3901	35.6934066618	787.9925
2 2 4			0.01		0.59		33.18		0.18634	0.7551	29.4672289371	73.6026
0 6 14			0.01		0.6		32.88		0.18624	0.9096	81.7552219026	27.2955
2 2 10			0.01		0.61		32.51		0.18606	0.6429	46.7739448495	44.8949
7 1 1			0.01		0.62		32.11		0.18608	0.5207	65.7483230412	25.2044
0 6 0			0.01		0.63		31.75		0.18608	1.4277	54.7714555341	59.4019
2 6 10			0.01		0.64		31.42		0.18589	0.7069	72.0169435829	44.7171
2 4 14			0.01		0.65		31.06		0.18582	0.5221	70.6383718296	19.4111
0 6 16			0.0		0.65		31.06		0.18565	0.4825	89.3859051251	7.6515
3 3 15			0.01		0.67		30.68		0.18544	0.3402	73.0835579415	3.8877
0 0 10			0.01		0.68		30.37		0.18528	0.8316	38.8438017949	41.7013
3 5 1			0.01		0.69		30.01		0.18529	0.5283	53.2544885252	31.9012
5 3 1			0.01		0.7		29.65		0.1853	0.5252	53.2386121167	32.835
2 6 4			0.01		0.71		29.48		0.18537	0.8772	60.3635846112	78.02
0 4 16			0.01		0.72		29.18		0.18532	1.5557	75.7704700384	94.8658
2 4 6			0.01		0.73		28.85		0.18528	0.785	46.7364348384	64.2552
4 4 10			0.01		0.74		28.55		0.18517	0.6886	66.23802526	47.6672
0 4 4			0.0		0.74		28.41		0.18523	0.8482	39.0545896029	78.0016
2 4 8			0.0		0.75		28.37		0.18518	0.1687	51.4325245866	2.4593
0 2 18			0.01		0.76		28.04		0.18524	0.3755	76.3208597895	3.7538
1 3 3			-0.01		0.75		28.26		0.18522	0.7045	30.3940112777	66.1614
6 2 10			0.01		0.76		28.02		0.18508	0.7103	71.9901825081	43.9921
0 0 4			0.01		0.76		27.87		0.18513	0.8482	15.2869714585	59.1035
7 3 3			-0.01		0.75		28.14		0.18513	1.9283	72.601334037	69.5466
3 1 1			0.01		0.76		27.83		0.18513	0.5239	28.3131072915	41.7464
4 2 8			0.0		0.77		27.8		0.18509	0.7605	51.4203212226	2.5419
0 6 8			0.01		0.78		27.52		0.18507	0.7694	64.1950429677	5.6946
1 5 13			0.01		0.78		27.3		0.18505	1.1973	71.2966048402	12.6128
4 6 6			0.01		0.79		27.05		0.18509	1.1903	71.9781772466	41.9784
6 0 0			0.01		0.8		26.81		0.18509	0.7256	54.7363985401	55.434
5 1 9			0.01		0.81		26.65		0.18512	0.4583	58.9619928854	19.0838
0 0 22			0.01		0.82		26.42		0.18502	2.2765	94.0325860765	137.6091
2 4 0			0.0		0.82		26.29		0.18502	1.4359	40.0960076051	88.2765
4 2 2			0.01		0.83		26.07		0.18503	0.457	40.8620305525	12.2524
5 5 3			-0.01		0.82		26.25		0.18502	0.8107	66.8760743485	64.1048
4 4 4			0.0		0.83		26.18		0.18508	0.8476	53.9354251327	76.9211
0 4 18			0.01		0.83		25.99		0.18536	0.8369	84.5238780681	17.4513