HKL Value		Reward		TotalReward	Chi Squared	Z Appr. 	Error	Two-Thetas	Sfs2
6 0 12			0.0		0.0		0.0		0.3	0.5892	74.995462768	0.9301
1 3 13			0.0		0.0		0.05		0.28658	0.3907	59.4200243294	11.5335
6 4 0			0.57		0.57		0.03		0.28658	1.8287	67.0910631577	58.6803
4 6 2			-0.11		0.46		0.03		0.28661	0.2349	67.657370766	5.5969
5 1 5			-1.0		-0.53		25.52		0.28588	1.1901	50.2495039981	127.1383
0 2 14			0.24		-0.3		20.63		0.28595	0.2479	58.6982494177	6.3292
2 0 14			0.19		-0.1		17.27		0.28604	0.2634	58.6945218607	7.3942
4 6 0			0.17		0.06		14.81		0.28604	0.7863	67.1083315067	59.4729
6 4 2			0.14		0.2		12.99		0.2862	0.2211	67.6401768609	4.8049
0 6 12			0.12		0.33		11.58		0.28653	0.3425	75.0250979777	1.887
7 3 1			0.11		0.43		10.47		0.28636	0.5095	71.5359286583	22.1332
3 5 3			-0.22		0.21		13.5		0.28792	0.9259	54.5093201099	87.7589
0 6 2			0.08		0.29		12.46		0.28785	0.2356	55.3895592761	6.1752
3 7 1			0.08		0.37		11.54		0.28775	1.2822	71.5694631273	22.2453
2 4 12			0.06		0.43		10.88		0.28785	0.2205	63.4791913795	4.8908
5 5 1			0.07		0.5		10.17		0.28778	0.5073	65.769247456	23.9531
4 2 12			0.05		0.55		9.67		0.28788	0.2244	63.468523569	4.7972
1 3 9			0.05		0.6		9.22		0.28739	0.2622	45.3040218183	7.1674
3 1 9			0.04		0.64		8.87		0.28673	0.36	45.2950695798	8.7768
5 3 9			-0.02		0.62		9.05		0.28554	0.4833	65.0662013285	20.8409
9 1 1			0.05		0.67		8.6		0.28542	0.8793	87.9915459652	19.6393
2 0 10			0.05		0.72		8.19		0.28608	0.6169	42.9543880851	20.236
0 0 2			-0.29		0.43		11.53		0.28606	1.161	7.62646333295	98.931
6 0 8			0.04		0.47		11.13		0.28656	2.9234	64.163237895	5.3359
3 3 9			0.02		0.49		10.88		0.28587	0.3816	52.4524123761	12.0632
6 0 2			0.04		0.53		10.47		0.28577	0.2214	55.354768557	5.4487
0 2 10			0.04		0.57		10.08		0.28625	0.4317	42.9590557724	21.0204
5 1 1			0.03		0.6		9.83		0.28606	0.5346	46.1701152	26.7419
0 2 12			-0.0		0.59		9.86		0.28552	0.3827	50.6142203783	17.5707
4 2 14			0.03		0.63		9.54		0.28554	1.2576	70.6282605877	19.9713
0 4 20			0.03		0.66		9.23		0.28624	1.027	94.1654323607	18.6345
1 7 1			0.02		0.68		9.03		0.28618	0.5219	65.7901743415	26.2984
1 5 1			0.02		0.7		8.86		0.2861	0.4978	46.196563203	27.3004
2 4 10			0.02		0.72		8.67		0.28523	0.607	57.0555982332	12.0937
0 2 20			0.03		0.75		8.43		0.28579	0.4494	86.0769303832	2.8517
2 4 2			0.02		0.77		8.28		0.28577	0.3828	40.8766170199	13.2501
3 1 15			0.02		0.79		8.12		0.28548	0.2871	67.3554895111	7.7692
1 1 9			-0.0		0.79		8.16		0.28605	0.2216	37.1193146943	1.1702
0 6 8			0.02		0.8		8.01		0.28614	0.7694	64.1950429677	5.6946
2 2 4			0.02		0.83		7.82		0.28606	0.7551	29.4672289371	73.6026
1 3 15			0.02		0.84		7.69		0.28575	0.2862	67.3623786269	8.1809
2 4 14			0.02		0.87		7.52		0.28575	0.5221	70.6383718296	19.4111
4 0 10			0.0		0.87		7.5		0.28499	0.6243	53.7713327333	45.2096
1 5 9			-0.01		0.86		7.58		0.28494	0.4394	58.984264935	17.7365
1 3 11			-0.29		0.57		10.68		0.28358	2.4293	52.0561920156	298.4303
2 0 12			0.0		0.57		10.65		0.28346	0.8079	50.6101057273	16.6151
0 4 10			0.01		0.59		10.5		0.28301	0.9893	53.7871001638	44.1425
2 2 10			0.02		0.6		10.32		0.28269	0.6429	46.7739448495	44.8949
4 2 10			0.02		0.62		10.12		0.28256	1.1102	57.0442200735	11.3144
6 2 4			0.02		0.64		9.92		0.28256	0.8727	60.3342977717	77.9073
0 2 18			-0.22		0.43		12.7		0.289	0.3755	76.3208597895	3.7538
6 0 10			-0.01		0.42		12.76		0.28864	1.0728	69.1331306246	8.9056
4 4 10			0.0		0.42		12.73		0.28839	0.6886	66.23802526	47.6672
6 4 6			0.0		0.43		12.68		0.2885	0.9247	71.9614498967	41.9809
3 3 1			0.01		0.44		12.52		0.28849	0.5106	38.1558496662	33.1617
0 6 0			0.01		0.45		12.41		0.28849	1.4277	54.7714555341	59.4019
7 1 1			0.01		0.46		12.24		0.28847	0.5207	65.7483230412	25.2044
6 2 10			-0.0		0.46		12.3		0.28815	0.7103	71.9901825081	43.9921
0 4 4			0.02		0.47		12.09		0.28813	0.8482	39.0545896029	78.0016
2 2 16			-0.06		0.41		12.87		0.28849	1.1693	70.1293332912	108.6018
1 1 15			-0.0		0.41		12.89		0.2885	0.656	61.3839959686	20.6242
2 4 8			0.02		0.43		12.68		0.2885	0.1687	51.4325245866	2.4593
5 1 9			0.0		0.43		12.67		0.2885	0.4583	58.9619928854	19.0838
5 3 1			0.01		0.44		12.55		0.28847	0.5252	53.2386121167	32.835
5 1 11			-0.09		0.35		13.85		0.28795	3.2753	64.7131722767	203.727
0 6 14			0.01		0.36		13.67		0.28792	0.9096	81.7552219026	27.2955
4 2 2			0.01		0.37		13.5		0.28792	0.457	40.8620305525	12.2524
2 6 6			-0.19		0.18		16.68		0.28827	5.383	63.2392339525	346.2148
3 3 15			0.01		0.19		16.45		0.28824	0.3402	73.0835579415	3.8877
0 6 10			0.0		0.2		16.43		0.28786	0.8527	69.1637693973	8.5049
4 2 8			0.01		0.21		16.2		0.28786	0.7605	51.4203212226	2.5419
4 4 4			0.01		0.22		15.98		0.28784	0.8476	53.9354251327	76.9211
0 0 4			0.01		0.24		15.77		0.28782	0.8482	15.2869714585	59.1035
0 2 8			0.01		0.25		15.61		0.28764	0.1155	35.7619852008	1.7384
6 0 0			0.01		0.26		15.46		0.28764	0.7256	54.7363985401	55.434
1 1 1			0.0		0.26		15.4		0.28762	0.5749	13.0194761966	56.7652
0 6 16			0.01		0.27		15.23		0.28756	0.4825	89.3859051251	7.6515
3 5 9			0.0		0.27		15.19		0.28753	0.4755	65.0802252419	19.5165
2 6 10			0.0		0.28		15.15		0.28724	0.7069	72.0169435829	44.7171
0 0 10			0.0		0.28		15.1		0.28695	0.8316	38.8438017949	41.7013
0 0 18			-0.04		0.24		15.7		0.2886	0.6609	73.530655613	37.988
3 5 1			0.01		0.25		15.56		0.28859	0.5283	53.2544885252	31.9012
6 0 6			-0.0		0.25		15.59		0.28867	1.0815	60.1501886982	39.9969
1 5 13			0.01		0.26		15.41		0.2886	1.1973	71.2966048402	12.6128
4 4 12			-0.04		0.22		16.01		0.28852	1.9475	72.2035773977	130.2426
2 6 4			0.01		0.24		15.83		0.2885	0.8772	60.3635846112	78.02
4 0 4			0.01		0.25		15.65		0.28848	1.2165	39.0343929222	79.1487
0 2 2			0.0		0.25		15.64		0.28847	0.4614	19.2417464495	36.8131
2 0 8			0.01		0.25		15.53		0.2883	0.1665	35.7565424018	1.5727
2 4 0			0.0		0.26		15.51		0.2883	1.4359	40.0960076051	88.2765
0 6 6			-0.0		0.25		15.54		0.28838	1.0147	60.183190367	40.9583
4 6 6			0.0		0.26		15.48		0.28846	1.1903	71.9781772466	41.9784
4 2 6			-0.01		0.25		15.63		0.28857	1.6049	46.7233273538	62.1975
6 0 4			-0.0		0.25		15.67		0.28852	0.7069	57.1830782131	42.6751
2 0 16			0.01		0.25		15.57		0.28848	0.5935	67.2372591268	11.8907
2 4 6			-0.01		0.24		15.73		0.28859	0.785	46.7364348384	64.2552
5 1 13			0.01		0.25		15.58		0.28849	0.4567	71.2764535317	11.3258
0 0 22			-0.04		0.21		16.19		0.28798	2.2765	94.0325860765	137.6091
3 1 1			0.01		0.22		16.1		0.28797	0.5239	28.3131072915	41.7464
3 1 13			0.01		0.23		15.95		0.28791	0.3869	59.4126405656	11.7895
0 0 16			-0.03		0.2		16.43		0.28816	1.3342	64.286058028	116.6634
0 4 18			-0.05		0.15		17.36		0.29017	0.8369	84.5238780681	17.4513