HKL Value		Reward		TotalReward	Chi Squared	Z Appr. 	Error	Two-Thetas	Sfs2
2 6 8			0.0		0.0		0.0		0.3	4.3291	67.1483383839	218.3417
3 5 9			0.0		0.0		76.78		0.24535	0.4755	65.0802252419	19.5165
6 0 12			0.26		0.26		60.92		0.22842	0.5892	74.995462768	0.9301
2 0 8			0.49		0.76		40.76		0.22847	0.1665	35.7565424018	1.5727
6 2 4			0.32		1.07		30.99		0.2283	0.8727	60.3342977717	77.9073
6 4 0			0.25		1.32		24.79		0.2283	1.8287	67.0910631577	58.6803
4 6 2			0.2		1.52		20.72		0.22828	0.2349	67.657370766	5.5969
0 2 14			0.14		1.66		18.14		0.22794	0.2479	58.6982494177	6.3292
2 0 14			0.12		1.77		16.27		0.22744	0.2634	58.6945218607	7.3942
4 6 0			0.12		1.9		14.47		0.22744	0.7863	67.1083315067	59.4729
6 4 2			0.1		2.0		13.09		0.2274	0.2211	67.6401768609	4.8049
6 4 4			0.02		2.03		12.77		0.22774	0.6669	69.2748711385	33.991
2 4 12			0.09		2.12		11.76		0.22713	0.2205	63.4791913795	4.8908
0 0 8			-0.41		1.71		19.85		0.2287	2.1948	30.8548203523	183.9052
0 6 12			0.06		1.77		18.64		0.22779	0.3425	75.0250979777	1.887
7 3 1			0.06		1.83		17.6		0.22786	0.5095	71.5359286583	22.1332
0 6 2			0.06		1.9		16.53		0.22787	0.2356	55.3895592761	6.1752
0 6 16			0.05		1.94		15.78		0.22772	0.4825	89.3859051251	7.6515
1 7 1			0.06		2.0		14.91		0.22773	0.5219	65.7901743415	26.2984
3 7 1			0.04		2.05		14.28		0.22781	1.2822	71.5694631273	22.2453
5 5 1			0.04		2.09		13.74		0.22788	0.5073	65.769247456	23.9531
4 2 12			0.05		2.13		13.13		0.22752	0.2244	63.468523569	4.7972
1 3 9			-0.06		2.08		13.9		0.22827	0.2622	45.3040218183	7.1674
3 1 9			-0.02		2.05		14.21		0.22885	0.36	45.2950695798	8.7768
9 1 1			0.03		2.08		13.8		0.22891	0.8793	87.9915459652	19.6393
2 0 10			0.01		2.09		13.72		0.2287	0.6169	42.9543880851	20.236
6 0 8			0.04		2.13		13.2		0.22874	2.9234	64.163237895	5.3359
3 5 3			-0.14		1.99		15.35		0.22878	0.9259	54.5093201099	87.7589
3 3 9			0.0		1.99		15.29		0.22922	0.3816	52.4524123761	12.0632
2 2 10			0.02		2.01		15.03		0.22873	0.6429	46.7739448495	44.8949
2 0 12			0.03		2.05		14.53		0.22876	0.8079	50.6101057273	16.6151
6 0 2			0.03		2.08		14.07		0.22876	0.2214	55.354768557	5.4487
0 2 10			0.0		2.08		14.02		0.22857	0.4317	42.9590557724	21.0204
5 1 1			0.03		2.11		13.59		0.22857	0.5346	46.1701152	26.7419
0 2 12			0.03		2.14		13.2		0.22866	0.3827	50.6142203783	17.5707
4 2 14			0.01		2.15		13.13		0.22835	1.2576	70.6282605877	19.9713
4 6 4			0.01		2.16		13.01		0.22844	1.0731	69.291881243	33.3045
1 5 9			-0.0		2.16		13.04		0.22883	0.4394	58.984264935	17.7365
0 4 20			0.01		2.16		12.94		0.22906	1.027	94.1654323607	18.6345
1 5 1			0.03		2.19		12.61		0.22906	0.4978	46.196563203	27.3004
2 4 10			0.01		2.2		12.44		0.22889	0.607	57.0555982332	12.0937
0 2 20			-0.04		2.17		12.92		0.23101	0.4494	86.0769303832	2.8517
2 4 2			0.02		2.19		12.67		0.23101	0.3828	40.8766170199	13.2501
3 1 15			0.02		2.2		12.43		0.23104	0.2871	67.3554895111	7.7692
7 1 5			-0.01		2.19		12.55		0.23088	1.5264	69.0427278305	98.726
3 3 11			-0.26		1.94		16.92		0.23096	2.1204	58.6030846927	249.5822
0 6 8			0.02		1.96		16.55		0.23096	0.7694	64.1950429677	5.6946
1 1 9			-0.03		1.93		17.02		0.23159	0.2216	37.1193146943	1.1702
1 3 15			0.02		1.95		16.72		0.23161	0.2862	67.3623786269	8.1809
2 4 14			0.01		1.95		16.64		0.23157	0.5221	70.6383718296	19.4111
1 1 13			-0.11		1.84		18.69		0.23182	0.3722	52.9310122384	10.9703
4 0 10			0.01		1.85		18.55		0.23156	0.6243	53.7713327333	45.2096
5 5 5			0.01		1.86		18.44		0.23137	1.5862	69.0631626084	104.8873
5 3 9			0.02		1.88		18.12		0.23145	0.4833	65.0662013285	20.8409
2 2 4			0.02		1.89		17.81		0.23144	0.7551	29.4672289371	73.6026
0 4 10			0.01		1.9		17.67		0.23113	0.9893	53.7871001638	44.1425
0 0 12			-0.06		1.84		18.71		0.23213	3.2426	47.0346015839	274.3783
4 2 10			0.01		1.86		18.5		0.2321	1.1102	57.0442200735	11.3144
6 0 10			0.01		1.87		18.26		0.23207	1.0728	69.1331306246	8.9056
4 4 10			0.0		1.87		18.18		0.23179	0.6886	66.23802526	47.6672
6 4 6			-0.01		1.87		18.32		0.23172	0.9247	71.9614498967	41.9809
1 3 7			0.02		1.88		18.02		0.23173	0.1893	39.2755843192	5.3372
3 3 1			0.02		1.9		17.73		0.23173	0.5106	38.1558496662	33.1617
0 6 0			0.01		1.91		17.55		0.23173	1.4277	54.7714555341	59.4019
7 1 1			0.02		1.93		17.28		0.23173	0.5207	65.7483230412	25.2044
6 2 10			0.01		1.93		17.17		0.23146	0.7103	71.9901825081	43.9921
0 4 4			0.01		1.94		16.95		0.23142	0.8482	39.0545896029	78.0016
0 0 4			0.01		1.96		16.73		0.23137	0.8482	15.2869714585	59.1035
2 4 8			0.01		1.97		16.49		0.23134	0.1687	51.4325245866	2.4593
3 7 5			0.01		1.98		16.38		0.23118	1.0548	74.7470539899	89.5814
2 2 16			-0.02		1.96		16.64		0.23198	1.1693	70.1293332912	108.6018
7 3 5			0.01		1.97		16.52		0.23186	1.0496	74.7140851895	88.0788
5 1 9			0.01		1.98		16.4		0.23204	0.4583	58.9619928854	19.0838
0 6 14			-0.0		1.98		16.42		0.23196	0.9096	81.7552219026	27.2955
4 2 2			0.01		1.99		16.23		0.23196	0.457	40.8620305525	12.2524
3 3 15			0.01		2.0		16.02		0.23196	0.3402	73.0835579415	3.8877
0 6 10			0.01		2.01		15.86		0.23193	0.8527	69.1637693973	8.5049
4 2 8			0.01		2.02		15.66		0.23189	0.7605	51.4203212226	2.5419
4 4 4			0.01		2.04		15.48		0.23186	0.8476	53.9354251327	76.9211
5 3 1			0.01		2.05		15.28		0.23185	0.5252	53.2386121167	32.835
2 0 0			-0.02		2.02		15.67		0.23185	2.02	17.6289686615	175.6782
4 0 6			-0.23		1.79		20.46		0.23159	5.3963	42.900258124	488.2208
4 0 0			-0.21		1.58		26.01		0.23159	8.3901	35.6934066618	787.9925