HKL Value		Reward		TotalReward	Chi Squared	Z Appr. 	Error	Two-Thetas	Sfs2
6 0 12			0.0		0.0		0.0		0.3	0.5892	74.995462768	0.9301
6 4 0			0.0		0.0		0.01		0.29049	1.8287	67.0910631577	58.6803
2 2 8			-1.0		-1.0		44.03		0.125	1.8488	40.1384116224	216.1995
4 6 2			0.46		-0.54		30.08		0.12464	0.2349	67.657370766	5.5969
2 2 4			-0.15		-0.69		35.45		0.12461	0.7551	29.4672289371	73.6026
1 3 9			0.21		-0.48		29.24		0.13016	0.2622	45.3040218183	7.1674
0 2 14			0.19		-0.29		24.67		0.13143	0.2479	58.6982494177	6.3292
4 6 0			0.17		-0.12		21.15		0.13143	0.7863	67.1083315067	59.4729
6 4 2			0.13		0.0		18.76		0.13135	0.2211	67.6401768609	4.8049
2 0 14			0.11		0.12		16.86		0.1326	0.2634	58.6945218607	7.3942
0 6 12			0.11		0.22		15.23		0.13246	0.3425	75.0250979777	1.887
5 5 1			-0.14		0.09		17.67		0.13358	0.5073	65.769247456	23.9531
1 3 11			-0.53		-0.44		37.32		0.13228	2.4293	52.0561920156	298.4303
7 3 1			-0.0		-0.44		37.45		0.13391	0.5095	71.5359286583	22.1332
3 7 1			-0.0		-0.44		37.46		0.13553	1.2822	71.5694631273	22.2453