HKL Value		Reward		TotalReward	Chi Squared	Z Appr. 	Error	Two-Thetas	Sfs2
1 1 9			0.0		0.0		0.0		0.3	0.2216	37.1193146943	1.1702
6 0 12			0.0		0.0		0.06		0.29697	0.5892	74.995462768	0.9301
2 2 16			0.14		0.14		0.05		0.30638	1.1693	70.1293332912	108.6018
2 2 8			-1.0		-0.86		62.47		0.30586	1.8488	40.1384116224	216.1995
0 6 12			0.33		-0.53		46.89		0.30622	0.3425	75.0250979777	1.887
6 2 0			-0.5		-1.03		93.95		0.30622	4.3933	57.9728440251	566.5186
4 6 0			0.2		-0.83		78.3		0.30622	0.7863	67.1083315067	59.4729
3 3 1			0.15		-0.68		68.06		0.30594	0.5106	38.1558496662	33.1617
6 4 0			0.14		-0.54		59.56		0.30594	1.8287	67.0910631577	58.6803
4 6 2			0.12		-0.41		52.96		0.30586	0.2349	67.657370766	5.5969
4 2 12			0.11		-0.3		47.73		0.3066	0.2244	63.468523569	4.7972
3 7 1			0.1		-0.21		43.54		0.30647	1.2822	71.5694631273	22.2453
2 4 12			0.09		-0.12		39.95		0.30701	0.2205	63.4791913795	4.8908
3 1 9			0.08		-0.04		36.97		0.30756	0.36	45.2950695798	8.7768
5 3 11			-0.04		-0.08		38.52		0.27174	1.8677	70.5420870211	204.0714
5 5 1			0.07		-0.01		35.95		0.27174	0.5073	65.769247456	23.9531
0 4 20			0.05		0.04		34.32		0.27157	1.027	94.1654323607	18.6345
7 3 1			0.06		0.1		32.3		0.27157	0.5095	71.5359286583	22.1332
0 0 14			-0.01		0.1		32.57		0.27261	0.8389	55.4890953336	74.9432
0 6 2			0.05		0.15		30.89		0.2726	0.2356	55.3895592761	6.1752
0 6 18			-0.16		-0.01		36.84		0.26683	0.7949	98.0280769063	1.8601
2 0 14			0.05		0.03		35.24		0.2668	0.2634	58.6945218607	7.3942
6 4 2			0.05		0.08		33.68		0.2668	0.2211	67.6401768609	4.8049
6 2 4			0.04		0.12		32.34		0.26682	0.8727	60.3342977717	77.9073
0 2 16			0.03		0.16		31.25		0.26673	1.8687	67.2407114996	13.8307
0 4 10			0.02		0.18		30.52		0.26685	0.9893	53.7871001638	44.1425
3 3 9			0.03		0.21		29.58		0.26687	0.3816	52.4524123761	12.0632
2 0 10			0.02		0.23		28.98		0.26688	0.6169	42.9543880851	20.236
5 1 1			0.03		0.27		28.0		0.26688	0.5346	46.1701152	26.7419
1 5 1			0.03		0.3		27.1		0.26688	0.4978	46.196563203	27.3004
1 5 9			0.02		0.32		26.58		0.26688	0.4394	58.984264935	17.7365
3 1 15			-0.03		0.29		27.32		0.2669	0.2871	67.3554895111	7.7692
6 0 8			0.03		0.33		26.48		0.26692	2.9234	64.163237895	5.3359
0 2 12			0.03		0.35		25.77		0.26708	0.3827	50.6142203783	17.5707
2 4 10			0.02		0.37		25.22		0.26709	0.607	57.0555982332	12.0937
9 1 1			0.03		0.4		24.5		0.26709	0.8793	87.9915459652	19.6393
0 2 20			0.02		0.42		24.04		0.26669	0.4494	86.0769303832	2.8517
1 3 15			-0.02		0.4		24.65		0.26669	0.2862	67.3623786269	8.1809
1 7 1			0.03		0.42		24.03		0.26669	0.5219	65.7901743415	26.2984
6 0 2			0.03		0.45		23.42		0.26669	0.2214	55.354768557	5.4487
5 3 9			0.01		0.46		23.16		0.26671	0.4833	65.0662013285	20.8409
4 4 10			0.01		0.47		22.99		0.26684	0.6886	66.23802526	47.6672
1 3 9			0.02		0.49		22.49		0.26685	0.2622	45.3040218183	7.1674
0 2 14			0.02		0.51		22.03		0.26682	0.2479	58.6982494177	6.3292
0 2 10			0.01		0.52		21.85		0.26683	0.4317	42.9590557724	21.0204
1 3 13			0.02		0.54		21.51		0.26683	0.3907	59.4200243294	11.5335
0 0 16			-0.01		0.53		21.7		0.26644	1.3342	64.286058028	116.6634
2 4 6			-0.03		0.5		22.27		0.26647	0.785	46.7364348384	64.2552
4 2 14			0.01		0.51		22.08		0.26646	1.2576	70.6282605877	19.9713
4 6 6			-0.0		0.51		22.19		0.26648	1.1903	71.9781772466	41.9784
0 0 4			0.02		0.52		21.8		0.2665	0.8482	15.2869714585	59.1035
4 2 2			0.02		0.54		21.41		0.2665	0.457	40.8620305525	12.2524
2 6 10			0.01		0.55		21.27		0.26663	0.7069	72.0169435829	44.7171
6 0 10			0.01		0.56		20.96		0.26663	1.0728	69.1331306246	8.9056
2 4 2			0.02		0.58		20.61		0.26663	0.3828	40.8766170199	13.2501
2 4 14			0.01		0.59		20.47		0.26663	0.5221	70.6383718296	19.4111
2 0 2			0.01		0.59		20.31		0.26662	0.6502	19.2320929378	35.9547
6 0 6			-0.01		0.59		20.47		0.26662	1.0815	60.1501886982	39.9969
4 0 10			0.01		0.59		20.36		0.26676	0.6243	53.7713327333	45.2096
2 2 10			0.01		0.6		20.25		0.26689	0.6429	46.7739448495	44.8949
2 0 12			0.01		0.61		19.98		0.26707	0.8079	50.6101057273	16.6151
0 6 14			0.0		0.61		19.97		0.2671	0.9096	81.7552219026	27.2955
6 4 6			-0.01		0.61		20.08		0.26713	0.9247	71.9614498967	41.9809
3 1 1			0.01		0.62		19.84		0.26712	0.5239	28.3131072915	41.7464
2 0 6			-0.06		0.56		21.02		0.26718	1.6278	29.1406672869	128.8477
3 3 15			-0.06		0.5		22.45		0.26735	0.3402	73.0835579415	3.8877
0 6 10			0.01		0.51		22.18		0.26737	0.8527	69.1637693973	8.5049
0 2 8			0.02		0.53		21.85		0.26737	0.1155	35.7619852008	1.7384
2 2 4			0.01		0.54		21.55		0.26737	0.7551	29.4672289371	73.6026
4 0 12			-0.0		0.54		21.59		0.26698	2.7435	60.4154589103	161.2613
3 5 1			0.01		0.55		21.31		0.26698	0.5283	53.2544885252	31.9012
0 4 14			-0.04		0.51		22.12		0.26737	1.2337	67.7597167724	121.3788
7 1 1			0.01		0.53		21.82		0.26737	0.5207	65.7483230412	25.2044
0 6 0			0.01		0.54		21.61		0.26737	1.4277	54.7714555341	59.4019
4 0 4			0.01		0.55		21.35		0.26737	1.2165	39.0343929222	79.1487
2 0 16			0.01		0.56		21.14		0.26729	0.5935	67.2372591268	11.8907
2 6 4			0.01		0.57		20.89		0.26729	0.8772	60.3635846112	78.02
6 2 10			0.01		0.58		20.78		0.26747	0.7103	71.9901825081	43.9921
0 4 4			0.01		0.59		20.54		0.26752	0.8482	39.0545896029	78.0016
2 6 6			-0.13		0.45		23.73		0.26768	5.383	63.2392339525	346.2148
5 3 1			0.01		0.47		23.46		0.26767	0.5252	53.2386121167	32.835
0 6 8			0.01		0.48		23.18		0.26767	0.7694	64.1950429677	5.6946
4 2 6			-0.01		0.47		23.45		0.26772	1.6049	46.7233273538	62.1975
3 5 7			-0.07		0.39		25.28		0.26627	0.2309	60.5203777188	5.6046
0 2 2			0.01		0.4		25.12		0.26627	0.4614	19.2417464495	36.8131
2 2 6			-0.18		0.22		30.76		0.26644	8.3224	34.2684003079	615.2447
4 2 8			0.01		0.23		30.41		0.26647	0.7605	51.4203212226	2.5419
2 4 8			0.01		0.24		30.08		0.26652	0.1687	51.4325245866	2.4593
1 7 3			-0.01		0.23		30.32		0.26659	0.9932	66.8968211493	90.2271
4 2 10			0.01		0.24		30.06		0.2666	1.1102	57.0442200735	11.3144
1 5 3			-0.01		0.23		30.25		0.26667	0.9511	47.585042181	85.8034
7 3 3			-0.0		0.23		30.37		0.26674	1.9283	72.601334037	69.5466
5 1 9			0.01		0.24		30.17		0.26674	0.4583	58.9619928854	19.0838
5 5 5			-0.01		0.23		30.5		0.26663	1.5862	69.0631626084	104.8873
4 4 12			0.01		0.23		30.23		0.26644	1.9475	72.2035773977	130.2426
2 4 0			0.01		0.24		30.05		0.26644	1.4359	40.0960076051	88.2765
0 0 10			0.01		0.25		29.88		0.26658	0.8316	38.8438017949	41.7013
1 5 13			0.01		0.25		29.65		0.26658	1.1973	71.2966048402	12.6128
2 2 12			-0.0		0.25		29.74		0.26614	1.9766	54.0147953295	208.0279
3 1 13			0.01		0.26		29.51		0.26613	0.3869	59.4126405656	11.7895
1 1 1			0.01		0.27		29.29		0.26612	0.5749	13.0194761966	56.7652
4 6 4			0.01		0.27		29.07		0.2661	1.0731	69.291881243	33.3045