Number of epochs: 525e-02
-3.801448682320549555e-01
-4.649939881298770466e-04
-9.583447673528579236e-02
-4.461386388925211999e-01
-4.874006491249750078e-02
-2.658792306724389043e-01
-4.012574870686540507e-01
1.363959007946637255e-04
-3.223545187688663938e-01
3.891052718275548328e-01
7.900711889975240571e-03
-2.919386117777347245e-01
6.488546302955092160e-02
-1.434704788459466827e-02
-1.882521607885595180e-02
2.106447557776804091e-02
8.555001368309524817e-03
3.246721048820344624e-02
-4.105334084745280304e-02
1.269299948832300351e-02
4.689059469178329630e-03
4.030256901405560727e-02
1.815755741334650064e-02
2.149600159120758879e-03
4.095749574884294947e-02
1.993950296633600905e-02
4.083209207555931614e-02
-1.076998278603576720e-01
-1.224852985532064176e-02
-1.395617173296858082e-01
2.505195774899663524e-02
-1.297389131218862086e-03
-1.537389484455204958e-01
3.900469443052917429e-03
-1.741338349159662902e-01
-1.830027255780759254e-01
1.783026346191050535e-02
-1.473383184418529945e-01
6.230501636729240955e-02
4.116493135110579904e-02
-1.137800118122478665e-01
3.088329097430108638e-01
-4.605695224648270053e-02
-1.157130085245785533e-01
-5.209854004387320242e-02
-9.596382428491444239e-02
-1.249477687071046811e-01
-8.406739004352382916e-02
-1.209126353392717401e-01
-3.959187257215419226e-02
-2.693270731324693551e-02
-5.849477948667891614e-02
-2.613915580311925585e-02
-7.861033845788438501e-02
-1.127920264312341075e-01
1.462890711678712600e-03
-1.813477690957139843e-01
2.977294763387671340e-03
-6.316125390305526999e-02
-2.218281412494509386e-01
1.131476391786213724e-02
-8.465972023445944572e-02
8.433484916694515207e-03
8.354232438507549346e-03
-6.130803390888171084e-02
1.493887533288919430e-04
-5.209493503799002972e-02
-5.652010714907101940e-02
2.050841173794000320e-03
-2.108206841519987343e-02
-2.091331616818392081e-01
-1.677838819689822514e-01
-1.060834424508922263e-01
-9.703794783437723337e-02
-2.114135356279213118e-01
-1.346538463160789900e-01
-1.665265553368778795e-01
-6.088866982104310793e-02
-1.220622685701479720e-01
-1.518198116362253769e-01
-9.949533580420594214e-02
-9.887733214405949878e-02
-1.058742403744364069e-01
-4.024483412186774522e-01
-1.472256888851225798e-01
-2.396982272004165304e-01
6.416662745505381663e-04
-1.076862296682639802e-01
-3.914976431169627791e-01
-3.317038096169435063e-04
-2.942568539271067651e-01
-3.104414591836651693e-01
-9.600112510929114176e-03
-2.560145854877162175e-01
9.245700425006626172e-03
-7.663374008525631297e-03
-2.224635562468555705e-01
-5.736037528963919795e-03
-1.497406986314571975e-01
-2.029826091864943560e-01
-1.209671017353000227e-01
-1.314152439945808770e-01
-1.475398682973296238e-01
-2.017782620359566403e-01
-1.371010914398322067e-01
-1.398035786388834856e-01
-9.485599797014257484e-02
-1.352349781824701003e-01
-1.075003624163610866e-01
-2.337838740122902825e-01
-1.536278134875265116e-04
-2.391176706321542778e-01
2.807612960280753481e-02
-4.507561626828799489e-02
-2.733109943918528573e-01
3.793738771693276612e-03
-2.478370309316878517e-01
-2.289323387405174104e-01
6.085422084108135440e-03
-1.880706407640114763e-01
1.283547535474534665e-02
-2.336031549511506933e-01
1.707117374561076609e-02
3.986765624643713590e-02
5.509803687360211033e-03
3.362819108102935162e-02
2.760745591165153154e-02
1.138841053820038862e-02
1.067123592319425308e-02
2.931213016232512951e-03
-4.541376288419070057e-04
3.208418528439099110e-02
1.238188405905093527e-02
8.837461598451770359e-03
2.331403797844287459e-02
9.526057801766057292e-03
8.223149047160861064e-03
6.500220321626002870e-03
1.295287288148509568e-02
2.153722893321080925e-02
7.540400314994736945e-03
2.283153344194419065e-03
6.724070846308362326e-03
-2.863407414760492098e-01
-2.722600340714159128e-01
-1.692380464263442963e-01
-2.051195221136563329e-01
-2.172221696353874576e-01
-1.059996707411374334e-01
-1.298323043063281113e-01
-1.738202260853217163e-01
-1.744590325539649711e-01
8.708232193824799738e-03
-8.258176537145017759e-02
4.108704512296242339e-01
1.990445668365923432e-02
-1.275517305868156259e-01
3.974494963468305775e-02
-8.882235015502414066e-02
3.753109888500080066e-02
-3.368554296598891273e-02
4.256151980398045070e-02
-3.704722230519604670e-02
-9.855298332649311058e-03
-3.691146575669446844e-02
-6.434085368113641457e-02
-4.873372398728868793e-02
1.576405063915895920e-04
-8.235900819003970363e-02
5.946920522791884073e-02
-1.269969559564948780e-01
8.794451474278856817e-02
-1.024162206970582190e-01
1.926333594270715141e-02
-1.464650222170512661e-01
1.328855211249975292e-02
5.204878702168551190e-03
-2.908894524787878841e-02
1.645286443065102633e-02
1.402098692052779379e-02
7.191420302872171370e-03
-5.728767237300361713e-03
-2.657302904588008507e-03
-7.110940236940005432e-02
1.008191637739995657e-02
-4.239082993048948200e-02
3.687461206341235281e-03
-1.989485609839425628e-01
-5.614593437489317357e-02
-2.453289896518371163e-02
-1.549238194251807872e-02
-6.713271609401069706e-02
-8.948279055643611202e-02
2.065815481343049112e-02
2.068098079741037543e-02
-1.645008806959832523e-02
-5.868327613787002739e-02
