HKL Value		Reward		TotalReward	Chi Squared	Z Appr. 	Error	Two-Thetas	Sfs2
2 6 10			0.0		0.0		0.0		0.3	0.7069	72.0169435829	44.7171
4 4 10			0.0		0.0		0.11		0.42088	0.6886	66.23802526	47.6672
2 2 10			21.33		21.33		0.06		0.42091	0.6429	46.7739448495	44.8949
4 6 2			11.63		32.96		0.18		0.42081	0.2349	67.657370766	5.5969
6 0 8			13.23		46.2		0.14		0.42088	2.9234	64.163237895	5.3359
0 6 8			13.92		60.11		0.13		0.42098	0.7694	64.1950429677	5.6946
0 6 2			5.29		65.41		0.79		0.42067	0.2356	55.3895592761	6.1752
1 1 7			2.51		67.92		2.71		0.38016	0.2012	29.7561292971	6.5386
0 4 18			1.23		69.15		6.81		0.37015	0.8369	84.5238780681	17.4513
1 3 15			2.06		71.21		6.37		0.37	0.2862	67.3623786269	8.1809
4 2 10			2.01		73.22		6.29		0.37029	1.1102	57.0442200735	11.3144
2 0 14			2.1		75.32		5.98		0.36994	0.2634	58.6945218607	7.3942
0 2 10			1.84		77.17		6.58		0.37029	0.4317	42.9590557724	21.0204
5 1 9			1.83		78.99		6.97		0.37	0.4583	58.9619928854	19.0838
2 0 16			1.9		80.89		6.95		0.36713	0.5935	67.2372591268	11.8907
0 2 16			2.02		82.92		6.56		0.36599	1.8687	67.2407114996	13.8307
2 4 2			1.93		84.85		6.62		0.36605	0.3828	40.8766170199	13.2501
6 4 0			2.07		86.92		6.23		0.36605	1.8287	67.0910631577	58.6803
4 2 14			2.04		88.96		6.12		0.36523	1.2576	70.6282605877	19.9713
0 4 10			1.87		90.84		6.56		0.36644	0.9893	53.7871001638	44.1425
1 3 9			2.01		92.84		6.4		0.36623	0.2622	45.3040218183	7.1674
7 1 3			1.62		94.46		7.58		0.36581	1.4031	66.8553232335	91.2915
3 3 9			1.84		96.3		7.51		0.36539	0.3816	52.4524123761	12.0632
5 1 1			1.77		98.07		7.7		0.36531	0.5346	46.1701152	26.7419
0 0 20			1.89		99.96		7.4		0.36599	0.4542	83.3712939521	4.3689
0 2 14			1.92		101.88		7.12		0.36586	0.2479	58.6982494177	6.3292
2 6 4			1.43		103.31		8.81		0.36579	0.8772	60.3635846112	78.02
6 2 10			1.64		104.95		9.0		0.36649	0.7103	71.9901825081	43.9921
6 0 2			1.73		106.68		8.73		0.36654	0.2214	55.354768557	5.4487
3 3 1			1.65		108.33		8.91		0.36649	0.5106	38.1558496662	33.1617
1 1 1			1.54		109.87		9.46		0.36641	0.5749	13.0194761966	56.7652
9 1 1			1.66		111.53		9.33		0.36637	0.8793	87.9915459652	19.6393
4 2 8			1.66		113.19		9.25		0.36591	0.7605	51.4203212226	2.5419
4 2 2			1.66		114.85		9.17		0.36593	0.457	40.8620305525	12.2524
6 0 10			1.68		116.53		9.05		0.36598	1.0728	69.1331306246	8.9056
0 0 10			1.63		118.16		9.18		0.36678	0.8316	38.8438017949	41.7013
0 0 22			1.69		119.85		9.03		0.36618	2.2765	94.0325860765	137.6091
1 3 7			1.72		121.56		8.82		0.36621	0.1893	39.2755843192	5.3372
3 7 1			1.7		123.26		8.77		0.36619	1.2822	71.5694631273	22.2453
2 6 8			1.29		124.55		10.54		0.36681	4.3291	67.1483383839	218.3417
1 5 9			1.55		126.1		10.5		0.36653	0.4394	58.984264935	17.7365
0 2 12			1.55		127.65		10.48		0.36633	0.3827	50.6142203783	17.5707
7 3 1			1.56		129.21		10.39		0.3663	0.5095	71.5359286583	22.1332
5 5 1			1.57		130.78		10.3		0.36627	0.5073	65.769247456	23.9531
2 6 0			0.62		131.4		16.33		0.36627	4.3567	58.0028534629	558.9791
0 2 20			1.28		132.68		16.04		0.36535	0.4494	86.0769303832	2.8517
1 5 1			1.26		133.94		15.96		0.36533	0.4978	46.196563203	27.3004
1 3 1			1.24		135.18		16.04		0.3653	0.5324	28.3265170018	42.1271
0 6 12			1.3		136.48		15.72		0.3653	0.3425	75.0250979777	1.887
1 1 15			1.28		137.76		15.58		0.36534	0.656	61.3839959686	20.6242
0 4 20			1.31		139.07		15.3		0.36507	1.027	94.1654323607	18.6345
1 1 9			1.33		140.4		15.0		0.36507	0.2216	37.1193146943	1.1702
6 0 12			1.34		141.74		14.72		0.36507	0.5892	74.995462768	0.9301
4 6 0			1.35		143.09		14.44		0.36507	0.7863	67.1083315067	59.4729
2 0 10			1.32		144.4		14.42		0.36506	0.6169	42.9543880851	20.236
4 2 12			1.35		145.76		14.2		0.36503	0.2244	63.468523569	4.7972
0 0 4			1.25		147.0		14.69		0.36501	0.8482	15.2869714585	59.1035
5 3 9			1.31		148.32		14.64		0.36488	0.4833	65.0662013285	20.8409
2 4 12			1.34		149.66		14.42		0.36484	0.2205	63.4791913795	4.8908
0 2 18			1.35		151.01		14.2		0.36488	0.3755	76.3208597895	3.7538
0 6 14			1.35		152.36		14.05		0.36466	0.9096	81.7552219026	27.2955
1 7 1			1.34		153.71		14.01		0.36464	0.5219	65.7901743415	26.2984
3 5 9			1.35		155.05		13.95		0.36451	0.4755	65.0802252419	19.5165
1 3 13			1.38		156.43		13.74		0.36441	0.3907	59.4200243294	11.5335
3 3 15			1.38		157.81		13.53		0.36442	0.3402	73.0835579415	3.8877
5 5 5			1.35		159.16		13.59		0.36463	1.5862	69.0631626084	104.8873
7 1 5			1.33		160.49		13.73		0.36485	1.5264	69.0427278305	98.726
0 4 2			1.17		161.67		14.79		0.36496	3.2657	36.5744795411	137.7475