HKL Value		Reward		TotalReward	Chi Squared	Z Appr. 	Error	Two-Thetas	Sfs2
0 4 16			0.0		0.0		0.0		0.3	1.5557	75.7704700384	94.8658
0 6 8			0.0		0.0		1.06		0.30335	0.7694	64.1950429677	5.6946
0 2 12			1.84		1.84		4.01		0.30546	0.3827	50.6142203783	17.5707
6 0 8			2.95		4.79		3.27		0.30443	2.9234	64.163237895	5.3359
5 1 9			2.9		7.69		3.08		0.31481	0.4583	58.9619928854	19.0838
1 3 15			3.09		10.79		2.76		0.31639	0.2862	67.3623786269	8.1809
2 4 2			2.62		13.4		3.3		0.31626	0.3828	40.8766170199	13.2501
2 2 10			2.83		16.23		3.19		0.31746	0.6429	46.7739448495	44.8949
2 6 10			2.89		19.12		3.06		0.31816	0.7069	72.0169435829	44.7171
1 3 9			2.6		21.72		3.45		0.31722	0.2622	45.3040218183	7.1674
4 4 10			2.84		24.56		3.22		0.31762	0.6886	66.23802526	47.6672
0 2 10			2.88		27.44		3.09		0.31732	0.4317	42.9590557724	21.0204
3 3 1			2.57		30.0		3.51		0.31726	0.5106	38.1558496662	33.1617
7 1 7			1.59		31.59		5.99		0.31925	0.3505	72.2660298289	5.0526
3 5 7			1.57		33.16		7.54		0.32052	0.2309	60.5203777188	5.6046