HKL Value		Reward		TotalReward	Chi Squared	Z Appr. 	Error	Two-Thetas	Sfs2
2 6 10			0.0		0.0		0.0		0.3	0.7069	72.0169435829	44.7171
2 2 10			0.0		0.0		0.02		0.42121	0.6429	46.7739448495	44.8949
4 4 10			21.16		21.16		0.06		0.42091	0.6886	66.23802526	47.6672
4 6 2			11.63		32.79		0.18		0.42081	0.2349	67.657370766	5.5969
6 0 8			13.23		46.02		0.14		0.42088	2.9234	64.163237895	5.3359
0 4 18			14.74		60.76		0.12		0.42085	0.8369	84.5238780681	17.4513
0 6 8			15.15		75.9		0.11		0.42093	0.7694	64.1950429677	5.6946
0 2 6			0.16		76.07		14.87		0.42105	1.1672	29.1471999487	131.5155
0 6 2			1.53		77.59		13.52		0.42079	0.2356	55.3895592761	6.1752
4 2 10			1.64		79.23		12.04		0.4206	1.1102	57.0442200735	11.3144
1 3 15			1.61		80.84		11.19		0.42014	0.2862	67.3623786269	8.1809
2 0 14			1.7		82.54		10.22		0.42041	0.2634	58.6945218607	7.3942
0 2 10			1.68		84.22		9.7		0.41968	0.4317	42.9590557724	21.0204
5 1 9			1.74		85.97		9.12		0.4202	0.4583	58.9619928854	19.0838
2 0 16			1.73		87.7		8.82		0.42093	0.5935	67.2372591268	11.8907
0 2 16			1.74		89.44		8.59		0.42181	1.8687	67.2407114996	13.8307
2 4 2			1.84		91.28		8.09		0.42187	0.3828	40.8766170199	13.2501
6 4 0			1.89		93.17		7.61		0.42187	1.8287	67.0910631577	58.6803
4 2 14			1.89		95.06		7.33		0.42229	1.2576	70.6282605877	19.9713
1 3 9			1.96		97.03		6.95		0.42219	0.2622	45.3040218183	7.1674
0 4 10			2.01		99.03		6.6		0.42211	0.9893	53.7871001638	44.1425
3 3 9			2.05		101.08		6.3		0.42224	0.3816	52.4524123761	12.0632
0 4 8			0.46		101.53		14.8		0.42169	4.1351	47.9021960727	235.0989
0 0 20			1.39		102.93		14.23		0.42159	0.4542	83.3712939521	4.3689
5 1 1			1.32		104.24		14.29		0.42156	0.5346	46.1701152	26.7419
0 2 14			1.42		105.66		13.72		0.42156	0.2479	58.6982494177	6.3292
6 2 10			1.44		107.11		13.19		0.42158	0.7103	71.9901825081	43.9921
2 6 4			1.27		108.38		13.79		0.42197	0.8772	60.3635846112	78.02
6 0 2			1.4		109.77		13.51		0.42181	0.2214	55.354768557	5.4487
3 3 1			1.33		111.1		13.69		0.42179	0.5106	38.1558496662	33.1617
1 1 1			1.25		112.35		14.29		0.42175	0.5749	13.0194761966	56.7652
4 2 8			1.38		113.73		13.97		0.42125	0.7605	51.4203212226	2.5419
4 2 2			1.41		115.14		13.55		0.42127	0.457	40.8620305525	12.2524
9 1 1			1.38		116.52		13.41		0.42126	0.8793	87.9915459652	19.6393
6 0 10			1.44		117.96		13.01		0.42126	1.0728	69.1331306246	8.9056
0 6 18			1.45		119.41		12.66		0.42131	0.7949	98.0280769063	1.8601
0 0 10			1.47		120.88		12.3		0.42133	0.8316	38.8438017949	41.7013
6 4 6			1.34		122.22		12.77		0.42136	0.9247	71.9614498967	41.9809
3 7 1			1.41		123.63		12.72		0.42135	1.2822	71.5694631273	22.2453
7 3 1			1.41		125.04		12.66		0.42133	0.5095	71.5359286583	22.1332
2 2 12			1.43		126.47		12.54		0.42104	1.9766	54.0147953295	208.0279
0 4 20			1.43		127.9		12.47		0.42077	1.027	94.1654323607	18.6345
0 6 16			1.46		129.36		12.23		0.42105	0.4825	89.3859051251	7.6515
0 4 6			0.34		129.7		21.47		0.42118	3.7688	42.9189471786	481.9509
0 2 12			0.99		130.68		22.24		0.4228	0.3827	50.6142203783	17.5707
4 6 0			1.12		131.8		21.75		0.4228	0.7863	67.1083315067	59.4729
5 3 9			1.12		132.92		21.34		0.42304	0.4833	65.0662013285	20.8409
0 2 20			1.02		133.95		21.81		0.41883	0.4494	86.0769303832	2.8517
1 1 15			1.09		135.04		21.62		0.41852	0.656	61.3839959686	20.6242
1 5 1			1.09		136.13		21.51		0.4185	0.4978	46.196563203	27.3004
1 3 1			1.07		137.2		21.58		0.41848	0.5324	28.3265170018	42.1271
3 5 9			1.11		138.32		21.27		0.41883	0.4755	65.0802252419	19.5165
1 1 9			1.14		139.45		20.86		0.41884	0.2216	37.1193146943	1.1702
2 0 10			1.14		140.59		20.51		0.41855	0.6169	42.9543880851	20.236
7 1 5			1.13		141.72		20.28		0.41836	1.5264	69.0427278305	98.726
0 6 12			0.75		142.47		23.37		0.42732	0.3425	75.0250979777	1.887
4 2 12			0.94		143.42		24.17		0.42873	0.2244	63.468523569	4.7972
0 0 4			1.02		144.44		24.1		0.42881	0.8482	15.2869714585	59.1035
0 2 18			1.05		145.49		23.81		0.42839	0.3755	76.3208597895	3.7538
2 4 12			0.96		146.45		24.39		0.42919	0.2205	63.4791913795	4.8908
6 0 12			0.85		147.3		25.92		0.43045	0.5892	74.995462768	0.9301
1 7 1			1.0		148.3		25.75		0.43045	0.5219	65.7901743415	26.2984
1 3 13			1.02		149.32		25.43		0.43046	0.3907	59.4200243294	11.5335
0 6 14			1.03		150.35		25.06		0.43046	0.9096	81.7552219026	27.2955
3 3 15			1.04		151.39		24.68		0.43046	0.3402	73.0835579415	3.8877
5 5 1			1.03		152.42		24.47		0.43046	0.5073	65.769247456	23.9531
7 1 1			1.03		153.45		24.32		0.43046	0.5207	65.7483230412	25.2044
2 4 14			1.05		154.51		23.97		0.43046	0.5221	70.6383718296	19.4111
5 5 5			1.04		155.55		23.79		0.43041	1.5862	69.0631626084	104.8873
1 5 9			1.06		156.61		23.5		0.43036	0.4394	58.984264935	17.7365
2 4 10			1.06		157.67		23.25		0.43034	0.607	57.0555982332	12.0937
0 6 6			1.02		158.69		23.35		0.43034	1.0147	60.183190367	40.9583
5 3 1			1.04		159.73		23.3		0.43034	0.5252	53.2386121167	32.835
5 1 13			1.06		160.8		23.06		0.43035	0.4567	71.2764535317	11.3258
1 3 7			0.56		161.35		27.86		0.43048	0.1893	39.2755843192	5.3372
0 0 14			0.97		162.32		27.66		0.43045	0.8389	55.4890953336	74.9432
0 4 16			0.99		163.31		27.31		0.43042	1.5557	75.7704700384	94.8658
4 6 4			0.96		164.27		27.27		0.43042	1.0731	69.291881243	33.3045
1 5 3			0.91		165.18		27.74		0.4304	0.9511	47.585042181	85.8034
7 3 5			0.98		166.16		27.48		0.43037	1.0496	74.7140851895	88.0788
3 5 1			0.97		167.12		27.37		0.43037	0.5283	53.2544885252	31.9012
6 4 2			0.99		168.11		27.07		0.43035	0.2211	67.6401768609	4.8049
4 0 10			0.98		169.09		26.85		0.43028	0.6243	53.7713327333	45.2096
2 2 4			0.97		170.06		26.81		0.43032	0.7551	29.4672289371	73.6026
3 1 1			0.97		171.03		26.79		0.43032	0.5239	28.3131072915	41.7464
4 2 0			0.98		172.01		26.63		0.43032	0.9287	40.0811891304	86.5118
2 4 8			0.98		172.99		26.55		0.43024	0.1687	51.4325245866	2.4593
3 7 5			0.99		173.98		26.33		0.4302	1.0548	74.7470539899	89.5814
4 0 4			0.98		174.96		26.29		0.43025	1.2165	39.0343929222	79.1487
3 1 13			1.0		175.96		26.06		0.43027	0.3869	59.4126405656	11.7895
0 4 4			0.98		176.95		26.02		0.43031	0.8482	39.0545896029	78.0016
4 4 12			1.01		177.96		25.74		0.43027	1.9475	72.2035773977	130.2426
0 0 18			1.0		178.96		25.6		0.42997	0.6609	73.530655613	37.988
3 5 5			0.98		179.94		25.69		0.42991	1.2751	56.9624934876	133.7285
3 1 15			1.01		180.95		25.45		0.42991	0.2871	67.3554895111	7.7692
2 0 12			1.0		181.95		25.35		0.43011	0.8079	50.6101057273	16.6151
6 0 0			1.02		182.97		25.13		0.43011	0.7256	54.7363985401	55.434
5 1 5			0.98		183.95		25.25		0.43006	1.1901	50.2495039981	127.1383
3 3 13			1.02		184.97		25.04		0.43006	0.5636	65.4922780779	9.1158
0 6 10			1.02		185.99		24.82		0.43006	0.8527	69.1637693973	8.5049
4 2 4			0.97		186.97		25.08		0.43005	0.7624	43.1345383828	64.2766
2 2 16			1.03		188.0		24.83		0.43007	1.1693	70.1293332912	108.6018