HKL Value		Reward		TotalReward	Chi Squared	Z Appr. 	Error	Two-Thetas	Sfs2
0 6 2			0.0		0.0		0.0		0.3	0.2356	55.3895592761	6.1752
4 6 2			0.0		0.0		0.87		0.27504	0.2349	67.657370766	5.5969
2 6 10			7.85		7.85		0.44		0.27852	0.7069	72.0169435829	44.7171
6 0 8			4.96		12.81		0.93		0.27758	2.9234	64.163237895	5.3359
0 6 8			4.58		17.39		1.15		0.27633	0.7694	64.1950429677	5.6946
6 2 10			5.16		22.55		0.97		0.27744	0.7103	71.9901825081	43.9921
2 2 10			5.49		28.04		0.85		0.27801	0.6429	46.7739448495	44.8949
4 4 10			5.73		33.77		0.77		0.27846	0.6886	66.23802526	47.6672
1 3 15			5.25		39.02		0.89		0.27952	0.2862	67.3623786269	8.1809
2 0 14			5.67		44.7		0.79		0.27955	0.2634	58.6945218607	7.3942
5 1 9			3.32		48.02		1.85		0.27953	0.4583	58.9619928854	19.0838
4 2 10			3.9		51.93		1.69		0.27962	1.1102	57.0442200735	11.3144
2 6 4			4.04		55.97		1.56		0.27966	0.8772	60.3635846112	78.02
0 2 10			3.7		59.67		1.76		0.2801	0.4317	42.9590557724	21.0204
2 0 16			3.56		63.23		1.91		0.28015	0.5935	67.2372591268	11.8907
2 4 2			3.53		66.77		1.98		0.28013	0.3828	40.8766170199	13.2501