HKL Value		Reward		TotalReward	Chi Squared	Z Appr. 	Error	Two-Thetas	Sfs2
4 1 3			0.0		0.0		0.0		0.4	0.15	68.408649436	0.0043
1 0 6			0.0		0.0		0.0		0.44911	0.25	41.5701214249	0.0
3 1 4			-0.85		-0.85		0.0		0.43592	0.33	57.7518627408	0.9567
1 0 4			0.5		-0.35		0.0		0.43591	0.08	29.3672081998	0.0
4 0 1			0.33		-0.02		0.0		0.43591	0.27	58.8934376912	0.0
3 0 6			0.25		0.23		0.0		0.43591	0.11	59.366558438	0.0
3 0 2			0.2		0.43		0.0		0.43591	0.46	45.0164041053	0.0
1 0 0			0.17		0.6		0.0		0.43591	0.0	14.0285801003	0.0
2 0 3			0.14		0.74		0.0		0.43591	0.09	34.3920319457	0.0
4 0 3			0.12		0.87		0.0		0.43591	0.29	62.1413926063	0.0
3 0 5			-0.54		0.33		0.0		0.45444	0.2	54.7330754518	7.0489
0 0 3			0.1		0.43		0.0		0.45444	0.03	19.1797885945	0.0
2 0 1			0.09		0.52		0.0		0.45444	0.15	29.01034049	0.0
2 0 0			-0.99		-0.47		0.12		0.45444	0.07	28.2731138415	46.4355
3 0 4			0.08		-0.39		0.11		0.45444	0.64	50.7360354343	0.0
2 0 7			0.07		-0.32		0.1		0.45444	4.16	54.6555056564	0.0
3 0 8			0.07		-0.26		0.09		0.45444	0.3	70.3147352648	0.0
4 0 6			-0.36		-0.61		0.15		0.44398	0.38	72.4962488704	6.3028
4 0 5			0.06		-0.56		0.14		0.44398	0.26	68.3700248267	0.0
1 1 3			-0.25		-0.81		0.19		0.44258	0.54	35.3770121777	12.6586
0 0 7			0.05		-0.76		0.18		0.44258	0.2	45.7499157105	0.0
0 1 5			0.05		-0.71		0.17		0.44219	0.34	41.7114803244	7.6693
3 0 0			0.05		-0.66		0.16		0.44219	0.45	42.9814560157	0.0
2 0 5			0.05		-0.62		0.15		0.44218	5.26	43.4052500519	0.0
4 0 4			-0.0		-0.62		0.15		0.44057	0.13	64.9051128666	1.7476
1 0 8			0.04		-0.58		0.15		0.44057	0.24	54.8685935926	0.0
4 1 5			0.04		-0.54		0.14		0.44038	1.53	74.3771604481	7.6693
3 1 0			0.04		-0.5		0.14		0.44038	0.86	50.7823995615	0.002
1 1 4			0.04		-0.47		0.13		0.44034	0.3	39.4492672371	0.9567
2 0 4			-0.0		-0.47		0.13		0.43903	0.23	38.5541558059	1.7476
-1 -1 -2			0.03		-0.44		0.13		0.43935	0.31	32.1995090242	11.6912
3 1 2			0.02		-0.42		0.13		0.4397	0.11	52.5840292854	11.6912
3 0 1			0.0		-0.41		0.13		0.43967	0.76	43.4972935008	0.0644
-1 -1 2			0.02		-0.39		0.12		0.44	0.13	32.1995090242	11.6912
2 1 6			-0.22		-0.61		0.16		0.44892	0.16	55.9883197776	2.0239
2 2 3			0.02		-0.58		0.15		0.44854	0.31	64.6616050849	6.6891
2 1 7			0.02		-0.56		0.15		0.44805	0.57	61.3678684761	8.4036
1 1 2			0.03		-0.54		0.15		0.44812	0.52	32.1995090242	11.6912
4 1 1			0.02		-0.51		0.14		0.44811	0.21	65.3342299592	0.4263
2 1 1			0.02		-0.49		0.14		0.44811	0.13	39.1745550983	0.4263
0 1 7			0.02		-0.47		0.14		0.44769	0.26	53.2385720724	8.4036
0 0 4			-0.02		-0.49		0.14		0.44697	0.08	25.6679215219	1.7476
3 0 7			0.02		-0.47		0.14		0.4469	0.18	64.5726747292	2.8781
1 1 6			0.02		-0.45		0.13		0.44713	0.38	49.5460147793	8.8974
3 2 4			0.0		-0.45		0.13		0.44647	0.0	76.369138646	3.3351
1 2 6			0.02		-0.43		0.13		0.44626	0.11	69.4566609057	1.2895
1 0 7			0.02		-0.41		0.13		0.44623	0.54	48.0896902272	2.8781
1 2 7			0.01		-0.4		0.13		0.44654	0.71	74.291810142	3.5836
0 1 4			-0.03		-0.43		0.13		0.44679	0.09	36.6772811508	0.4076
2 1 2			0.01		-0.43		0.13		0.44698	0.36	40.8238903893	0.1747
1 -1 2			0.02		-0.41		0.13		0.44703	0.39	32.1995090242	11.6912
4 0 0			-0.17		-0.58		0.16		0.44703	0.08	58.4798162983	46.4355
2 0 -4			-0.01		-0.59		0.16		0.44655	0.31	38.5541558059	1.7476
1 0 1			0.0		-0.59		0.16		0.44652	0.06	15.4189733366	0.0644
3 2 0			-0.0		-0.59		0.16		0.44652	0.67	70.467230504	2.2538
1 0 5			-0.0		-0.59		0.16		0.44785	0.22	35.3149362404	7.049
3 1 5			-0.09		-0.68		0.17		0.44627	0.09	61.4399691436	8.5457