HKL Value		Reward		TotalReward	Chi Squared	Z Appr. 	Error	Two-Thetas	Sfs2
4 1 3			0.0		0.0		0.0		0.4	0.15	68.408649436	0.0043
3 0 5			0.0		0.0		0.66		0.5277	0.2	54.7330754518	7.0489
1 0 6			1.0		1.0		0.33		0.5277	0.25	41.5701214249	0.0
3 0 2			0.5		1.5		0.22		0.5277	0.46	45.0164041053	0.0
1 0 4			0.33		1.83		0.17		0.5277	0.08	29.3672081998	0.0
3 0 6			0.25		2.08		0.13		0.5277	0.11	59.366558438	0.0
1 0 0			0.2		2.28		0.11		0.5277	0.0	14.0285801003	0.0
2 0 3			0.17		2.45		0.09		0.5277	0.09	34.3920319457	0.0
4 0 3			0.14		2.59		0.08		0.5277	0.29	62.1413926063	0.0
0 0 3			0.12		2.72		0.07		0.5277	0.03	19.1797885945	0.0
2 0 1			0.11		2.83		0.07		0.5277	0.15	29.01034049	0.0
2 0 6			-0.28		2.55		0.09		0.51807	0.73	48.8015573959	6.3028
3 0 4			0.09		2.64		0.08		0.51807	0.64	50.7360354343	0.0
2 0 7			0.08		2.73		0.08		0.51807	4.16	54.6555056564	0.0
3 0 8			0.08		2.8		0.07		0.51807	0.3	70.3147352648	0.0
3 1 7			-0.17		2.64		0.09		0.5231	0.32	70.7276559911	1.1017
1 1 4			-0.01		2.62		0.09		0.52308	0.3	39.4492672371	0.9567
4 0 1			0.06		2.69		0.08		0.52308	0.27	58.8934376912	0.0
4 0 5			0.06		2.75		0.08		0.52308	0.26	68.3700248267	0.0
1 0 8			0.06		2.8		0.07		0.52308	0.24	54.8685935926	0.0
2 2 4			-0.16		2.65		0.09		0.52417	0.5	67.3692384702	10.6939
0 0 7			0.05		2.7		0.08		0.52417	0.2	45.7499157105	0.0
3 2 2			-0.03		2.66		0.09		0.52456	0.0	71.9603042663	6.6617
2 0 2			-0.22		2.44		0.11		0.52575	0.1	31.1263267788	5.5981
4 0 4			-0.32		2.12		0.16		0.51918	0.13	64.9051128666	1.7476