HKL Value		Reward		TotalReward	Chi Squared	Z Appr. 	Error	Two-Thetas	Sfs2
4 1 3			0.0		0.0		0.0		0.4	0.15	68.408649436	0.0043
1 0 6			0.0		0.0		0.0		0.44911	0.25	41.5701214249	0.0
1 0 4			1.0		1.0		0.0		0.44911	0.08	29.3672081998	0.0
3 0 6			0.5		1.5		0.0		0.44911	0.11	59.366558438	0.0
3 0 2			0.33		1.83		0.0		0.44911	0.46	45.0164041053	0.0
1 0 0			0.25		2.08		0.0		0.44911	0.0	14.0285801003	0.0
2 0 3			0.2		2.28		0.0		0.44911	0.09	34.3920319457	0.0
4 0 3			0.17		2.45		0.0		0.44911	0.29	62.1413926063	0.0
0 0 3			0.14		2.59		0.0		0.44911	0.03	19.1797885945	0.0
2 0 1			0.12		2.72		0.0		0.44911	0.15	29.01034049	0.0
3 0 4			0.11		2.83		0.0		0.44911	0.64	50.7360354343	0.0
4 1 0			-1.0		1.83		0.02		0.44911	0.2	64.9447604845	0.0084
2 0 7			0.09		1.92		0.02		0.44911	4.16	54.6555056564	0.0
3 0 8			0.08		2.01		0.02		0.44911	0.3	70.3147352648	0.0
4 0 4			0.04		2.05		0.02		0.42799	0.13	64.9051128666	1.7476
4 0 1			0.07		2.12		0.02		0.42799	0.27	58.8934376912	0.0
4 1 5			-0.09		2.03		0.02		0.43188	1.53	74.3771604481	7.6693
4 0 5			0.06		2.09		0.02		0.43188	0.26	68.3700248267	0.0
0 0 -8			-0.06		2.03		0.02		0.43658	0.38	52.7511004195	15.5355
0 0 7			0.06		2.08		0.02		0.43658	0.2	45.7499157105	0.0
3 0 0			0.05		2.14		0.02		0.43658	0.45	42.9814560157	0.0
2 0 5			0.05		2.19		0.02		0.43658	5.26	43.4052500519	0.0
1 0 8			0.05		2.23		0.02		0.43658	0.24	54.8685935926	0.0
1 1 6			-0.26		1.98		0.02		0.43739	0.38	49.5460147793	8.8974
-1 -1 -2			-0.04		1.93		0.02		0.43766	0.31	32.1995090242	11.6912
-1 -1 2			-0.04		1.9		0.02		0.43792	0.13	32.1995090242	11.6912