HKL Value		Reward		TotalReward	Chi Squared	Z Appr. 	Error	Two-Thetas	Sfs2
-1 -1 -2			0.0		0.0		0.0		0.4	0.31	32.1995090242	11.6912
0 1 8			0.0		0.0		0.53		0.38905	2.05	59.6041295708	7.5134
4 1 3			0.37		0.37		0.38		0.39039	0.15	68.408649436	0.0043
1 0 6			0.5		0.87		0.26		0.39039	0.25	41.5701214249	0.0
0 1 4			2.09		2.95		0.08		0.45482	0.09	36.6772811508	0.4076
4 0 1			0.25		3.2		0.07		0.45482	0.27	58.8934376912	0.0
1 0 4			0.2		3.4		0.06		0.45482	0.08	29.3672081998	0.0
3 0 6			0.17		3.57		0.05		0.45482	0.11	59.366558438	0.0
3 0 2			0.14		3.71		0.04		0.45482	0.46	45.0164041053	0.0
1 0 0			0.13		3.84		0.04		0.45482	0.0	14.0285801003	0.0
2 0 3			0.11		3.95		0.03		0.45482	0.09	34.3920319457	0.0
4 0 3			0.1		4.05		0.03		0.45482	0.29	62.1413926063	0.0
0 0 3			0.09		4.14		0.03		0.45482	0.03	19.1797885945	0.0
2 0 1			0.08		4.22		0.03		0.45482	0.15	29.01034049	0.0
3 0 4			0.08		4.3		0.02		0.45482	0.64	50.7360354343	0.0
3 0 8			0.07		4.37		0.02		0.45482	0.3	70.3147352648	0.0
3 1 4			0.01		4.39		0.02		0.45474	0.33	57.7518627408	0.9567
3 2 3			-0.59		3.8		0.05		0.45466	1.08	73.8091166097	1.7896
2 0 7			0.06		3.86		0.05		0.45466	4.16	54.6555056564	0.0
0 1 7			-0.05		3.81		0.05		0.4538	0.26	53.2385720724	8.4036
2 1 8			0.04		3.85		0.05		0.45461	0.22	67.2524657177	7.5134
1 1 5			-0.56		3.29		0.12		0.45159	3.06	44.2189644299	8.5457
4 0 5			0.05		3.34		0.11		0.45159	0.26	68.3700248267	0.0
0 0 7			0.05		3.38		0.11		0.45159	0.2	45.7499157105	0.0
4 0 4			-0.08		3.3		0.12		0.45095	0.13	64.9051128666	1.7476
3 0 0			0.04		3.34		0.11		0.45095	0.45	42.9814560157	0.0
2 0 5			0.04		3.38		0.11		0.45095	5.26	43.4052500519	0.0
3 2 1			-0.14		3.23		0.12		0.451	0.17	70.8417473216	1.0468
-1 -1 2			0.04		3.27		0.12		0.451	0.13	32.1995090242	11.6912
1 0 8			0.04		3.31		0.12		0.451	0.24	54.8685935926	0.0
3 1 0			0.03		3.34		0.11		0.451	0.86	50.7823995615	0.002
0 1 5			0.01		3.36		0.11		0.45065	0.34	41.7114803244	7.6693
2 1 1			0.03		3.38		0.11		0.45065	0.13	39.1745550983	0.4263
3 0 5			0.02		3.4		0.11		0.45157	0.2	54.7330754518	7.0489
1 1 4			0.03		3.43		0.1		0.45155	0.3	39.4492672371	0.9567
4 1 5			0.01		3.44		0.1		0.45126	1.53	74.3771604481	7.6693
3 1 2			0.03		3.47		0.1		0.45126	0.11	52.5840292854	11.6912
2 1 7			0.01		3.47		0.1		0.45089	0.57	61.3678684761	8.4036
1 1 2			0.03		3.5		0.1		0.45089	0.52	32.1995090242	11.6912
2 2 3			0.01		3.52		0.09		0.4506	0.31	64.6616050849	6.6891
4 1 1			0.02		3.54		0.09		0.4506	0.21	65.3342299592	0.4263
3 2 4			-0.03		3.51		0.09		0.44993	0.0	76.369138646	3.3351
2 1 2			0.01		3.51		0.09		0.45008	0.36	40.8238903893	0.1747
1 1 6			0.02		3.54		0.09		0.45008	0.38	49.5460147793	8.8974
1 2 6			0.01		3.55		0.09		0.44962	0.11	69.4566609057	1.2895
2 0 -4			-0.05		3.5		0.1		0.4492	0.31	38.5541558059	1.7476
4 1 0			-0.03		3.47		0.1		0.44919	0.2	64.9447604845	0.0084
3 2 0			-0.01		3.45		0.1		0.44919	0.67	70.467230504	2.2538