HKL Value		Reward		TotalReward	Chi Squared	Z Appr. 	Error	Two-Thetas	Sfs2
-1 -1 -2			0.0		0.0		0.0		0.4	0.31	32.1995090242	11.6912
4 1 3			0.0		0.0		0.0		0.45197	0.15	68.408649436	0.0043
3 0 8			1.0		1.0		0.0		0.45197	0.3	70.3147352648	0.0
1 1 3			-1.0		0.0		0.21		0.40429	0.54	35.3770121777	12.6586
1 0 6			0.33		0.33		0.15		0.40429	0.25	41.5701214249	0.0
0 1 7			-0.23		0.11		0.2		0.43737	0.26	53.2385720724	8.4036
1 0 4			0.2		0.31		0.17		0.43737	0.08	29.3672081998	0.0
3 0 6			0.17		0.47		0.14		0.43737	0.11	59.366558438	0.0
3 0 2			0.14		0.62		0.13		0.43737	0.46	45.0164041053	0.0
1 0 0			0.12		0.74		0.11		0.43737	0.0	14.0285801003	0.0
2 0 3			0.11		0.85		0.1		0.43737	0.09	34.3920319457	0.0
4 0 3			0.1		0.95		0.09		0.43737	0.29	62.1413926063	0.0
0 0 3			0.09		1.04		0.08		0.43737	0.03	19.1797885945	0.0
2 0 1			0.08		1.13		0.08		0.43737	0.15	29.01034049	0.0
3 0 4			0.08		1.2		0.07		0.43737	0.64	50.7360354343	0.0
2 0 7			0.07		1.27		0.07		0.43737	4.16	54.6555056564	0.0
4 0 1			0.07		1.34		0.06		0.43737	0.27	58.8934376912	0.0
4 0 5			0.06		1.4		0.06		0.43737	0.26	68.3700248267	0.0
0 0 7			0.06		1.46		0.06		0.43737	0.2	45.7499157105	0.0
3 1 0			0.05		1.52		0.05		0.43737	0.86	50.7823995615	0.002
4 0 2			-0.46		1.06		0.1		0.43258	0.26	60.1237214722	5.5981
3 0 0			0.05		1.11		0.09		0.43258	0.45	42.9814560157	0.0
4 1 4			-0.17		0.94		0.11		0.44092	0.37	71.0458443611	0.4076
2 0 5			0.05		0.98		0.11		0.44092	5.26	43.4052500519	0.0
1 0 8			0.04		1.03		0.1		0.44092	0.24	54.8685935926	0.0
1 1 5			-0.09		0.94		0.11		0.43378	3.06	44.2189644299	8.5457
0 0 -8			0.03		0.96		0.11		0.43608	0.38	52.7511004195	15.5355
2 1 2			-0.03		0.94		0.11		0.43653	0.36	40.8238903893	0.1747
4 1 5			0.04		0.97		0.11		0.4366	1.53	74.3771604481	7.6693
1 1 4			0.03		1.01		0.11		0.43659	0.3	39.4492672371	0.9567
0 1 5			0.03		1.04		0.1		0.43666	0.34	41.7114803244	7.6693
3 1 2			0.02		1.06		0.1		0.43686	0.11	52.5840292854	11.6912
2 2 3			0.03		1.09		0.1		0.43697	0.31	64.6616050849	6.6891
3 1 3			-0.2		0.89		0.12		0.43634	0.4	54.7770496801	12.6586
2 0 4			0.01		0.9		0.12		0.43585	0.23	38.5541558059	1.7476
3 1 4			0.03		0.93		0.12		0.43584	0.33	57.7518627408	0.9567
1 1 2			0.02		0.94		0.12		0.43602	0.52	32.1995090242	11.6912
2 1 1			0.02		0.96		0.11		0.43603	0.13	39.1745550983	0.4263
1 1 6			-0.01		0.96		0.11		0.43654	0.38	49.5460147793	8.8974
-1 -1 2			0.02		0.97		0.11		0.43672	0.13	32.1995090242	11.6912
4 1 1			0.02		0.99		0.11		0.43672	0.21	65.3342299592	0.4263
3 2 3			-0.1		0.9		0.12		0.43687	1.08	73.8091166097	1.7896
3 0 7			0.01		0.9		0.12		0.43762	0.18	64.5726747292	2.8781
2 1 7			0.02		0.92		0.12		0.43792	0.57	61.3678684761	8.4036
3 2 0			-0.01		0.91		0.12		0.43792	0.67	70.467230504	2.2538
1 2 6			0.0		0.92		0.12		0.43871	0.11	69.4566609057	1.2895
3 2 4			0.02		0.94		0.12		0.43852	0.0	76.369138646	3.3351
1 0 7			0.01		0.95		0.12		0.43888	0.54	48.0896902272	2.8781
1 -1 2			0.01		0.96		0.11		0.43897	0.39	32.1995090242	11.6912
2 0 -4			-0.0		0.96		0.11		0.43864	0.31	38.5541558059	1.7476
1 2 7			-0.01		0.95		0.12		0.43887	0.71	74.291810142	3.5836
1 0 1			-0.0		0.95		0.12		0.43886	0.06	15.4189733366	0.0644