HKL Value		Reward		TotalReward	Chi Squared	Z Appr. 	Error	Two-Thetas	Sfs2
0 0 7			0.0		0.0		0.0		0.4	0.2	45.7499157105	0.0
4 0 1			0.0		0.0		0.0		0.40007	0.27	58.8934376912	0.0
2 2 4			-1.0		-1.0		0.0		0.36208	0.5	67.3692384702	10.6939
3 1 1			-1.0		-2.0		0.27		0.37614	0.22	51.2370468789	1.4731
0 0 3			0.33		-1.67		0.2		0.37614	0.03	19.1797885945	0.0
3 0 2			0.25		-1.42		0.16		0.37614	0.46	45.0164041053	0.0
3 0 8			0.2		-1.22		0.14		0.37614	0.3	70.3147352648	0.0
0 1 7			0.11		-1.11		0.12		0.34377	0.26	53.2385720724	8.4036
3 0 4			0.14		-0.96		0.11		0.34377	0.64	50.7360354343	0.0
1 1 2			-0.39		-1.35		0.18		0.34242	0.52	32.1995090242	11.6912
2 0 1			0.11		-1.24		0.16		0.34242	0.15	29.01034049	0.0
3 0 6			0.1		-1.14		0.14		0.34242	0.11	59.366558438	0.0
4 0 3			0.09		-1.05		0.13		0.34242	0.29	62.1413926063	0.0
1 0 4			0.08		-0.97		0.12		0.34242	0.08	29.3672081998	0.0
2 0 5			0.08		-0.89		0.11		0.34242	5.26	43.4052500519	0.0
1 0 8			0.07		-0.82		0.11		0.34242	0.24	54.8685935926	0.0
4 0 5			0.07		-0.75		0.1		0.34242	0.26	68.3700248267	0.0
2 0 7			0.06		-0.69		0.09		0.34242	4.16	54.6555056564	0.0
3 0 0			0.06		-0.63		0.09		0.34242	0.45	42.9814560157	0.0
2 0 3			0.06		-0.58		0.08		0.34242	0.09	34.3920319457	0.0
2 1 6			0.25		-0.33		0.07		0.2991	0.16	55.9883197776	2.0239
1 0 6			0.05		-0.28		0.06		0.2991	0.25	41.5701214249	0.0
1 0 0			0.05		-0.23		0.06		0.2991	0.0	14.0285801003	0.0
1 1 7			-0.03		-0.27		0.06		0.2948	0.15	55.34320722	1.1017
-1 -1 2			-0.14		-0.41		0.07		0.29386	0.13	32.1995090242	11.6912
2 2 3			-0.13		-0.54		0.08		0.29607	0.31	64.6616050849	6.6891