HKL Value		Reward		TotalReward	Chi Squared	Z Appr. 	Error	Two-Thetas	Sfs2
0 0 7			0.0		0.0		0.0		0.4	0.2	45.7499157105	0.0
2 0 4			0.0		0.0		0.0		0.42756	0.23	38.5541558059	1.7476
4 0 1			1.0		1.0		0.0		0.42756	0.27	58.8934376912	0.0
0 0 3			0.5		1.5		0.0		0.42756	0.03	19.1797885945	0.0
3 0 2			0.33		1.83		0.0		0.42756	0.46	45.0164041053	0.0
3 0 4			0.25		2.08		0.0		0.42756	0.64	50.7360354343	0.0
2 2 6			-1.0		1.08		0.02		0.42373	0.0	74.8444416707	3.2648
4 1 3			0.07		1.15		0.02		0.42422	0.15	68.408649436	0.0043
-1 -1 -2			-0.37		0.79		0.04		0.42689	0.31	32.1995090242	11.6912
2 0 1			0.13		0.91		0.03		0.42689	0.15	29.01034049	0.0
1 1 2			-0.19		0.73		0.04		0.4297	0.52	32.1995090242	11.6912
3 0 6			0.1		0.83		0.04		0.4297	0.11	59.366558438	0.0
4 0 3			0.09		0.92		0.03		0.4297	0.29	62.1413926063	0.0
1 0 4			0.08		1.0		0.03		0.4297	0.08	29.3672081998	0.0
3 1 2			-0.11		0.89		0.03		0.43255	0.11	52.5840292854	11.6912
0 0 2			-0.62		0.27		0.09		0.42727	0.15	12.7532192506	5.5981
2 0 5			0.07		0.34		0.08		0.42727	5.26	43.4052500519	0.0
3 2 4			0.05		0.39		0.08		0.42925	0.0	76.369138646	3.3351
1 0 8			0.06		0.45		0.08		0.42925	0.24	54.8685935926	0.0
4 0 5			0.06		0.5		0.07		0.42925	0.26	68.3700248267	0.0
0 0 4			0.05		0.55		0.07		0.42866	0.08	25.6679215219	1.7476
2 0 7			0.05		0.6		0.07		0.42866	4.16	54.6555056564	0.0
3 0 0			0.05		0.65		0.06		0.42866	0.45	42.9814560157	0.0
2 0 3			0.05		0.69		0.06		0.42866	0.09	34.3920319457	0.0
3 0 8			0.04		0.74		0.06		0.42866	0.3	70.3147352648	0.0
1 0 0			0.04		0.78		0.06		0.42866	0.0	14.0285801003	0.0
1 0 6			0.04		0.82		0.05		0.42866	0.25	41.5701214249	0.0
0 0 -8			-0.08		0.74		0.06		0.43524	0.38	52.7511004195	15.5355
-1 -1 2			0.0		0.74		0.06		0.43552	0.13	32.1995090242	11.6912
2 2 3			0.03		0.77		0.06		0.43572	0.31	64.6616050849	6.6891
3 1 0			0.03		0.81		0.05		0.43572	0.86	50.7823995615	0.002
1 1 4			0.03		0.84		0.05		0.4357	0.3	39.4492672371	0.9567
4 1 5			0.03		0.87		0.05		0.43582	1.53	74.3771604481	7.6693
3 1 4			0.03		0.89		0.05		0.43582	0.33	57.7518627408	0.9567
2 1 1			0.02		0.91		0.05		0.43582	0.13	39.1745550983	0.4263
4 1 1			0.02		0.93		0.05		0.43582	0.21	65.3342299592	0.4263
1 0 7			-0.04		0.9		0.05		0.43698	0.54	48.0896902272	2.8781
1 -1 2			0.0		0.9		0.05		0.43716	0.39	32.1995090242	11.6912
0 1 5			0.03		0.92		0.05		0.43721	0.34	41.7114803244	7.6693
3 2 0			-0.06		0.87		0.05		0.43721	0.67	70.467230504	2.2538
2 2 5			-0.17		0.7		0.06		0.4384	0.26	70.7747179536	2.8196
3 1 7			-0.0		0.7		0.06		0.43762	0.32	70.7276559911	1.1017