Number of epochs: 758e-01
8.336703318383641148e-02
-1.988396021217909426e-01
-7.511369349297894460e-02
4.990856343142498902e-02
-2.673229605481889370e-01
-1.422733978077408701e-01
-7.701521154885002628e-03
-4.246652310459177460e-01
-1.372208538328348604e-01
-1.104701931063432202e-01
-1.464761140490409008e-01
7.352316510261838745e-02
-2.403169130476224824e-01
5.827598919121770860e-02
-2.051513129149880599e-01
7.976191881389554927e-01
-4.035025374468654419e-02
6.915085864416754824e-02
-2.493133478924667856e-01
-3.351112160965868947e-01
2.420529339040449618e-02
-2.972202154934416307e-01
-5.577018472681968819e-02
-1.982416411810495466e-02
-3.920601806533070832e-02
-9.074923232748266511e-02
-3.217374365653004054e-01
1.548187719283337371e-01
-2.285362795679568571e-01
6.038387656193624359e-02
-1.434100472543436144e-01
3.856487549517761959e-02
-5.776940995873094259e-02
5.406051423411643853e-02
-1.869185767467407833e-01
2.397437296967512219e-02
-1.623520513073213045e-01
-1.456773503440958184e-01
-2.107005701472594028e-01
-4.566241031583005011e-02
-1.604387757486003263e-01
-5.922836924945355797e-02
-2.159377658655991516e-01
-9.013272830543202219e-02
-2.560823197370918139e-02
1.260688213706595562e-01
-2.723832790544356564e-01
9.342624429926389695e-02
-1.480977209851937204e-01
6.752773297590070056e-01
-2.062881227933740791e-01
1.085480585691331462e-01
4.338189659342263360e-02
4.355814346393011710e-02
3.741569175198170699e-02
-1.946374818659294403e-01
-7.692693597347832757e-02
-3.075578943425749667e-01
3.980978378828496818e-03
-1.977419252091192625e-01
-3.001643782234079960e-02
-6.158790198340917399e-02
-2.887433909215897376e-01
-1.247357562001836506e-01
-2.070483487393299238e-01
-1.098432245961108306e-01
-5.140817215906722248e-01
3.651998127798437577e-01
-3.316355292605104865e-01
5.621114329365942686e-01
-4.818127262161502056e-02
1.878554152268335498e-01
-1.029802305246679123e-01
-4.166958221838538978e-02
7.761422413693018670e-03
-2.552414561681046103e-05
-1.517023100318307116e-01
-2.945114720317607362e-02
-5.695411869829546808e-02
-2.553576277395756128e-02
-6.205410304904047242e-02
-7.861998787543159409e-03
-6.119452126857703039e-02
-1.958001993130958213e-02
