Number of epochs: 350e-01
9.703033736548991040e-02
-2.207156052574865135e-01
-2.058701795172611648e-01
6.248091534060948304e-02
-3.859379810310097914e-01
-2.783170500405866554e-01
-2.195950082756082181e-02
-3.871898023454523607e-01
-1.703014414067378912e-01
-2.256489796674139292e-01
-1.403630039916265171e-01
9.017302813313439469e-02
-2.206979588325996278e-01
6.488242407622157870e-02
-2.942810127637426332e-01
8.333336631474498324e-01
-4.457543642202982381e-02
8.066764282385353868e-02
-1.923285262418404362e-01
-4.095580434267447334e-01
-1.702675744280615720e-03
-3.752298263269170930e-01
-3.743548606098952292e-02
-2.242673199406180207e-01
-5.948589372346460569e-02
-5.852343876068325651e-02
-4.346249524987508828e-01
1.857558958514465564e-01
-3.653566005592492894e-01
6.828169649124775364e-02
-2.326356938822450315e-01
4.646025447511824974e-02
-2.006693764057518869e-01
5.844274696840880828e-02
-2.423552875540446738e-01
-1.075270828144861933e-02
-2.873577791860981168e-01
-2.539740275568688754e-01
-3.987395569217307978e-01
-5.866778416623780190e-02
-2.200168801902182281e-01
-1.910336010487430347e-02
-3.107161468545190930e-01
-1.956636834297389715e-01
-9.445839349677674635e-02
1.611162082372990523e-01
-2.465529366130999323e-01
1.081117988574099575e-01
-2.583082088862458936e-01
7.747404559629024190e-01
-3.123801739354272744e-01
1.258052510048086048e-01
5.416600358563946477e-02
3.839872475573188892e-02
9.575206621399592541e-03
-2.888004284245440645e-01
-2.983866968484495327e-02
-4.126900250593878439e-01
-2.555685513338440146e-03
-2.914550168209877890e-01
-1.314096521475447699e-01
-1.449645845096476371e-01
-4.044452783312386113e-01
-1.824120835450657729e-01
-2.938414514863835203e-01
-1.590709237231876794e-01
-5.557467751764036956e-01
3.661752398579656287e-01
-4.298707895076348540e-01
6.748644120895570531e-01
-1.987744699535463622e-01
2.144471426470289654e-01
-1.902849611160080945e-01
-1.073862035962273309e-01
-3.079520565696291547e-03
-2.991653004431852822e-02
-2.929890958002223655e-01
-1.821577312379105487e-02
-1.444805068745030341e-01
-3.758998028363755989e-02
-2.014766982831968714e-02
-5.694540921022730323e-02
-2.012882475552201511e-01
-8.433660460362843447e-02
