HKL Value		Reward		TotalReward	Chi Squared	Z Appr. 	Error	Two-Thetas	Sfs2
4 0 3			0.0		0.0		0.0		0.5	0.29	62.1413926063	0.0
3 0 4			0.0		0.0		0.0		0.50002	0.64	50.7360354343	0.0
0 0 3			0.53		0.53		0.0		0.50002	0.03	19.1797885945	0.0
3 0 0			0.5		1.03		0.0		0.50002	0.45	42.9814560157	0.0
3 0 2			0.19		1.22		0.0		0.50002	0.46	45.0164041053	0.0
1 0 0			0.23		1.45		0.0		0.50002	0.0	14.0285801003	0.0
2 0 1			0.18		1.63		0.0		0.50002	0.15	29.01034049	0.0
3 0 6			-0.26		1.37		0.0		0.5	0.11	59.366558438	0.0
4 0 1			-0.45		0.92		0.0		0.5	0.27	58.8934376912	0.0
3 0 7			-1.0		-0.08		0.0		0.44562	0.18	64.5726747292	2.8781
1 0 4			0.11		0.03		0.0		0.44562	0.08	29.3672081998	0.0
2 0 3			0.1		0.13		0.0		0.44562	0.09	34.3920319457	0.0
0 0 6			-0.95		-0.82		0.02		0.43577	0.27	38.9249808314	6.3028
1 1 7			0.01		-0.81		0.02		0.43502	0.15	55.34320722	1.1017
1 0 6			0.08		-0.73		0.02		0.43502	0.25	41.5701214249	0.0
1 0 8			0.07		-0.66		0.02		0.43502	0.24	54.8685935926	0.0
0 0 8			-0.02		-0.69		0.02		0.43612	0.5	52.7511004195	15.5355
0 0 7			0.06		-0.62		0.02		0.43612	0.2	45.7499157105	0.0
4 0 5			0.06		-0.57		0.02		0.43612	0.26	68.3700248267	0.0
2 0 7			0.06		-0.51		0.02		0.43612	4.16	54.6555056564	0.0
1 1 3			-0.74		-1.25		0.06		0.43558	0.54	35.3770121777	12.6586
2 0 5			0.05		-1.2		0.06		0.43558	5.26	43.4052500519	0.0
3 0 8			0.05		-1.15		0.05		0.43558	0.3	70.3147352648	0.0
3 1 0			0.04		-1.11		0.05		0.43558	0.86	50.7823995615	0.002
1 1 4			0.04		-1.07		0.05		0.43558	0.3	39.4492672371	0.9567
4 1 1			0.03		-1.04		0.05		0.43558	0.21	65.3342299592	0.4263
2 1 1			0.02		-1.02		0.05		0.43558	0.13	39.1745550983	0.4263
1 0 7			-0.06		-1.08		0.05		0.43645	0.54	48.0896902272	2.8781
0 1 7			0.01		-1.07		0.05		0.43679	0.26	53.2385720724	8.4036
2 2 3			0.03		-1.04		0.05		0.43687	0.31	64.6616050849	6.6891
-1 -1 -2			0.0		-1.04		0.05		0.43699	0.31	32.1995090242	11.6912
1 1 6			-0.05		-1.09		0.05		0.43734	0.38	49.5460147793	8.8974
2 1 7			0.01		-1.08		0.05		0.43761	0.57	61.3678684761	8.4036
-1 -1 2			0.01		-1.07		0.05		0.43774	0.13	32.1995090242	11.6912
4 1 5			0.03		-1.04		0.05		0.43774	1.53	74.3771604481	7.6693
1 2 6			-0.03		-1.07		0.05		0.43841	0.11	69.4566609057	1.2895
3 1 2			0.01		-1.07		0.05		0.43851	0.11	52.5840292854	11.6912
0 1 5			0.03		-1.04		0.05		0.43851	0.34	41.7114803244	7.6693
4 1 3			0.03		-1.01		0.05		0.43851	0.15	68.408649436	0.0043
1 1 2			0.01		-1.01		0.05		0.43861	0.52	32.1995090242	11.6912
1 -1 2			0.01		-1.0		0.05		0.4387	0.39	32.1995090242	11.6912
3 2 1			-0.22		-1.23		0.06		0.43873	0.17	70.8417473216	1.0468
3 2 2			-0.04		-1.26		0.06		0.43863	0.0	71.9603042663	6.6617
3 2 4			0.02		-1.25		0.06		0.43848	0.0	76.369138646	3.3351
3 0 3			-0.11		-1.36		0.07		0.43931	0.33	47.4629609511	3.2424
3 2 3			-0.14		-1.5		0.08		0.43939	1.08	73.8091166097	1.7896
2 1 2			-0.02		-1.52		0.08		0.43956	0.36	40.8238903893	0.1747