HKL Value		Reward		TotalReward	Chi Squared	Z Appr. 	Error	Two-Thetas	Sfs2
4 0 3			0.0		0.0		0.0		0.5	0.29	62.1413926063	0.0
3 0 4			0.0		0.0		0.0		0.50002	0.64	50.7360354343	0.0
0 0 3			0.53		0.53		0.0		0.50002	0.03	19.1797885945	0.0
0 0 -8			-1.0		-0.47		0.0		0.49986	0.38	52.7511004195	15.5355
3 0 0			0.33		-0.14		0.0		0.49986	0.45	42.9814560157	0.0
1 1 7			-1.0		-1.14		0.4		0.50702	0.15	55.34320722	1.1017
1 0 0			0.2		-0.94		0.34		0.50702	0.0	14.0285801003	0.0
3 0 2			0.17		-0.77		0.29		0.50702	0.46	45.0164041053	0.0
2 0 1			0.14		-0.63		0.25		0.50702	0.15	29.01034049	0.0
2 1 2			0.09		-0.55		0.23		0.50669	0.36	40.8238903893	0.1747
0 1 8			0.05		-0.49		0.22		0.50913	2.05	59.6041295708	7.5134
3 0 6			0.1		-0.39		0.2		0.50913	0.11	59.366558438	0.0
0 0 6			0.08		-0.31		0.19		0.50976	0.27	38.9249808314	6.3028
1 0 4			0.08		-0.23		0.17		0.50976	0.08	29.3672081998	0.0
4 0 1			0.08		-0.15		0.16		0.50976	0.27	58.8934376912	0.0
4 0 5			0.07		-0.08		0.15		0.50976	0.26	68.3700248267	0.0
1 0 8			0.07		-0.01		0.14		0.50976	0.24	54.8685935926	0.0
2 0 7			0.06		0.05		0.13		0.50976	4.16	54.6555056564	0.0
3 0 8			0.06		0.11		0.12		0.50976	0.3	70.3147352648	0.0
0 0 7			0.06		0.16		0.12		0.50976	0.2	45.7499157105	0.0
2 0 3			0.05		0.21		0.11		0.50976	0.09	34.3920319457	0.0
1 0 6			0.05		0.26		0.11		0.50976	0.25	41.5701214249	0.0
0 1 4			-0.74		-0.47		0.4		0.49937	0.09	36.6772811508	0.4076
2 0 5			0.05		-0.43		0.38		0.49937	5.26	43.4052500519	0.0
1 0 1			-0.0		-0.43		0.38		0.49897	0.06	15.4189733366	0.0644
3 1 0			0.04		-0.39		0.37		0.49897	0.86	50.7823995615	0.002
1 0 7			3.04		2.65		0.09		0.44054	0.54	48.0896902272	2.8781
4 1 1			0.03		2.68		0.09		0.44054	0.21	65.3342299592	0.4263
1 1 4			0.03		2.72		0.09		0.44051	0.3	39.4492672371	0.9567
2 1 1			0.03		2.75		0.08		0.44051	0.13	39.1745550983	0.4263
3 2 1			-0.17		2.57		0.1		0.44055	0.17	70.8417473216	1.0468
0 1 7			0.03		2.61		0.1		0.44065	0.26	53.2385720724	8.4036
3 0 7			0.02		2.63		0.1		0.44087	0.18	64.5726747292	2.8781
1 1 6			0.01		2.64		0.09		0.44122	0.38	49.5460147793	8.8974
1 2 6			0.02		2.66		0.09		0.44156	0.11	69.4566609057	1.2895
0 1 5			0.03		2.69		0.09		0.44149	0.34	41.7114803244	7.6693
2 0 0			-0.3		2.39		0.13		0.44149	0.07	28.2731138415	46.4355
-1 -1 2			0.02		2.41		0.13		0.44158	0.13	32.1995090242	11.6912
-1 -1 -2			0.02		2.43		0.12		0.44167	0.31	32.1995090242	11.6912
4 1 5			0.02		2.46		0.12		0.4416	1.53	74.3771604481	7.6693
1 1 2			0.02		2.48		0.12		0.44168	0.52	32.1995090242	11.6912
3 1 2			0.02		2.5		0.12		0.44177	0.11	52.5840292854	11.6912
2 1 6			-0.22		2.27		0.15		0.44493	0.16	55.9883197776	2.0239
4 1 3			0.02		2.3		0.15		0.44493	0.15	68.408649436	0.0043
2 1 7			0.02		2.32		0.14		0.44484	0.57	61.3678684761	8.4036
2 2 3			0.02		2.34		0.14		0.44478	0.31	64.6616050849	6.6891
3 0 3			-0.01		2.33		0.14		0.44527	0.33	47.4629609511	3.2424
3 2 0			-0.0		2.33		0.14		0.44527	0.67	70.467230504	2.2538
1 2 7			0.0		2.34		0.14		0.44546	0.71	74.291810142	3.5836
3 1 4			0.02		2.36		0.14		0.44546	0.33	57.7518627408	0.9567
4 0 4			-0.01		2.34		0.14		0.44514	0.13	64.9051128666	1.7476
0 2 7			0.01		2.35		0.14		0.44567	0.0	72.5085769296	0.0094
3 0 5			-0.02		2.33		0.14		0.44653	0.2	54.7330754518	7.0489
1 -1 2			0.02		2.35		0.14		0.44656	0.39	32.1995090242	11.6912
-2 0 4			-0.02		2.33		0.14		0.44631	0.22	38.5541558059	1.7476
1 0 5			-0.01		2.32		0.14		0.44707	0.22	35.3149362404	7.049
2 0 -4			-0.02		2.31		0.14		0.44684	0.31	38.5541558059	1.7476