HKL Value		Reward		TotalReward	Chi Squared	Z Appr. 	Error	Two-Thetas	Sfs2
3 3 7			0.0		0.0		0.0		0.3	0.1558	47.1418707618	3.5073
6 2 10			0.0		0.0		14.21		0.33049	0.7103	71.9901825081	43.9921
6 0 8			3.51		3.51		7.18		0.33015	2.9234	64.163237895	5.3359
4 6 4			-5.07		-1.55		12.25		0.3308	1.0731	69.291881243	33.3045
4 6 0			1.53		-0.03		9.19		0.3308	0.7863	67.1083315067	59.4729
5 3 3			-4.25		-4.27		13.44		0.33089	0.9351	54.4936931553	89.9375
7 1 7			1.04		-3.23		11.36		0.33213	0.3505	72.2660298289	5.0526
0 6 8			0.77		-2.46		9.81		0.33164	0.7694	64.1950429677	5.6946
6 4 0			0.61		-1.84		8.59		0.33164	1.8287	67.0910631577	58.6803
4 6 2			0.38		-1.46		7.82		0.33151	0.2349	67.657370766	5.5969
3 1 15			-2.5		-3.96		10.32		0.32564	0.2871	67.3554895111	7.7692
0 6 2			0.34		-3.62		9.64		0.32561	0.2356	55.3895592761	6.1752
6 4 2			0.37		-3.25		8.91		0.32558	0.2211	67.6401768609	4.8049
2 0 14			0.17		-3.09		8.57		0.32631	0.2634	58.6945218607	7.3942
0 2 14			0.12		-2.96		8.33		0.32752	0.2479	58.6982494177	6.3292
6 0 2			0.19		-2.77		7.94		0.32751	0.2214	55.354768557	5.4487
1 7 7			0.17		-2.6		7.6		0.3284	0.4353	72.3061031614	6.1143
1 5 3			-0.66		-3.26		8.26		0.32845	0.9511	47.585042181	85.8034
3 5 7			0.15		-3.11		7.97		0.32949	0.2309	60.5203777188	5.6046
1 5 7			0.13		-2.98		7.7		0.33067	0.6035	54.1236034243	4.2528
5 3 7			0.16		-2.82		7.38		0.33162	0.2523	60.5057581853	5.4388
5 1 7			0.15		-2.67		7.09		0.33336	0.2609	54.1000446603	4.252
2 4 8			0.84		-1.83		5.41		0.34932	0.1687	51.4325245866	2.4593
4 2 8			0.11		-1.73		5.2		0.34969	0.7605	51.4203212226	2.5419
7 3 1			-0.01		-1.74		5.21		0.34949	0.5095	71.5359286583	22.1332
0 6 16			0.06		-1.67		5.09		0.34863	0.4825	89.3859051251	7.6515
3 3 13			0.0		-1.67		5.08		0.34871	0.5636	65.4922780779	9.1158
0 6 6			0.09		-1.58		4.9		0.34883	1.0147	60.183190367	40.9583
6 0 6			0.09		-1.49		4.73		0.349	1.0815	60.1501886982	39.9969
4 2 6			0.07		-1.43		4.6		0.34861	1.6049	46.7233273538	62.1975
1 1 15			-0.08		-1.51		4.67		0.34646	0.656	61.3839959686	20.6242
9 1 1			0.01		-1.49		4.65		0.34635	0.8793	87.9915459652	19.6393
1 3 13			-0.07		-1.56		4.71		0.34635	0.3907	59.4200243294	11.5335
1 5 13			-0.09		-1.65		4.8		0.34635	1.1973	71.2966048402	12.6128
6 0 0			0.0		-1.64		4.8		0.34635	0.7256	54.7363985401	55.434
0 0 16			-0.43		-2.07		5.22		0.36278	1.3342	64.286058028	116.6634
2 0 16			0.07		-2.0		5.08		0.36292	0.5935	67.2372591268	11.8907
0 6 10			0.01		-1.99		5.07		0.36288	0.8527	69.1637693973	8.5049
6 0 10			0.0		-1.99		5.06		0.36285	1.0728	69.1331306246	8.9056
5 3 9			-0.13		-2.12		5.19		0.36259	0.4833	65.0662013285	20.8409
0 2 16			0.05		-2.07		5.08		0.36283	1.8687	67.2407114996	13.8307
1 1 13			0.06		-2.0		4.96		0.36286	0.3722	52.9310122384	10.9703
4 2 14			0.04		-1.97		4.89		0.36273	1.2576	70.6282605877	19.9713
2 4 14			0.04		-1.93		4.81		0.3626	0.5221	70.6383718296	19.4111
3 1 13			0.05		-1.88		4.71		0.36268	0.3869	59.4126405656	11.7895
4 2 10			-0.04		-1.92		4.75		0.36264	1.1102	57.0442200735	11.3144
5 1 13			0.05		-1.87		4.65		0.36268	0.4567	71.2764535317	11.3258
3 1 7			0.03		-1.83		4.58		0.3627	0.257	39.2655360855	5.205
2 4 6			-0.12		-1.96		4.7		0.36247	0.785	46.7364348384	64.2552
5 5 1			-0.03		-1.99		4.73		0.36245	0.5073	65.769247456	23.9531
3 7 1			-0.04		-2.03		4.77		0.36244	1.2822	71.5694631273	22.2453