Number of epochs: 480e+00
-2.832247350166415245e+01
8.667073812496982332e-02
-1.541152717990281085e+00
-3.370667305258313462e+01
-2.344011267512367824e-02
-1.618307196695539574e+01
-2.472631516041102984e+01
-2.186739333543998021e-02
-1.564140820296217704e+01
6.011574501438365914e-01
6.496695902382468302e-02
-8.467693625428321269e+00
2.726668283034573981e-01
-4.453747310459384989e-01
-3.192743096526092644e-02
2.738444860672212960e-02
2.523009688329850772e-02
4.626741263566753332e-02
-4.249844757867015099e-01
1.719320021398096712e-02
-2.576642746473677484e-02
4.311579480800093594e-02
2.113043725337464609e-02
1.720724878137688471e-02
4.010631784875136330e-02
2.492699928785973781e-02
4.305525956083338518e-02
-2.062842044256263829e+00
-3.163880820753409706e-01
-5.532504227290326426e+00
1.785142210425085529e-01
-4.739740035819827724e-01
-2.725887362195059449e+00
5.273069085837830267e-02
-3.343959792251034457e+00
-3.548692939861683548e+00
3.429497500689823730e-02
-2.772971108025432674e+00
3.083540527550763799e-01
7.879137469594778287e-02
-5.098170646193872280e+00
1.294903652320000265e-01
1.144122300370588666e-02
-2.455017056685823706e-01
-3.773644239153143287e-01
-1.155158059112334490e+00
-3.440079674623933159e-01
-6.297382812847599487e-01
1.941717319149934795e+01
-2.191593377026501699e-01
-5.001201671186860098e-01
-2.510010129687862968e-01
-4.634167554827900437e-01
-8.395039983791616756e-01
-1.374363169456958300e-01
-6.648365908099607147e-01
-2.711626150620207287e+00
-9.385724790225906666e-01
-2.523417772249792468e-01
-1.949853651587585945e+00
-7.598024541277154098e-01
-1.200260544661952977e+00
-1.005362443031704744e+00
-1.268525009178183449e+00
-7.868434381231120822e-01
-1.160094559602895758e+00
-1.803120858779058699e-01
-2.648253598366394623e-01
-1.469231750751439192e+00
2.350153403968194971e-02
-5.362943431709438435e+00
-4.466921652011388133e+00
-1.838046578038150969e+00
-6.720053581755917049e-01
-3.304180821975172488e+00
-1.582162306150809661e+00
-1.572080978426300346e+00
-2.348860654758347932e-01
-1.175746351846791216e+00
-9.649027896074875432e-01
-4.215119716596388288e-01
-4.949317414102596402e-01
-7.111486685482025782e-01
-2.003377193951134672e+01
-3.796745403596724633e-01
-2.555521658521870876e+01
4.133361327397607199e-01
-6.918324524861876323e-01
-1.961164353228852875e+01
2.620385205532051176e-02
-5.887774925328752573e+00
-1.976595462513886403e+01
2.133732147409504731e-02
-5.551871225358474327e+00
1.761913561477655155e-01
7.639583405963946972e-02
-6.588161819199493507e+00
3.301435856531826030e+00
5.763731682962518893e-02
5.148184113749072061e-02
4.497221685081511516e-02
6.343566853614188150e-02
5.283702000793989717e-02
4.977450970913183115e-02
6.401897807088764714e-02
4.237024167152731585e-02
5.718413434633700526e-02
3.218855212297230817e-02
6.551880703862543454e-02
-3.356998012331471770e+00
5.577703970706372055e-02
-3.991576924476964106e+00
1.914952446552976584e-01
7.757765334257366696e+00
-4.329985658733765952e+00
1.836429666423061435e-01
-4.464958070976803306e+00
-6.281792725521142096e+00
7.229834503132681611e-02
-3.688329417723744896e+00
8.808919620010051688e-01
-4.238508624753524856e+00
1.238447259948420587e-01
1.598998560868542529e-01
6.091865691257333792e-02
1.460776959730512303e-01
7.215080169816552591e-02
3.427507583481622516e-02
6.748791360918333926e-02
3.489660117636198683e-02
-2.233274997829438613e-01
-1.567482146584959352e-02
1.982223799490039420e-02
7.865034369490445099e-02
-3.041561372601582838e-02
-3.631047447207005341e-01
4.264963481786553101e-02
-3.706508125385711283e-01
-4.216988341618127523e-01
3.481864772354043014e-02
-1.494154923107074429e-01
7.370467656669560386e-02
-8.938283598084814652e-02
-8.765991760883620643e+00
-5.458361666286339009e+00
-2.176421071363275672e+00
-4.556872544358238741e+00
-6.522319748929938044e+00
-1.647325076349986261e+00
-2.794347713631029073e+00
-1.819954731885790045e+00
-4.000606850248966673e+00
7.090997159127471194e-02
-2.931244601025451590e+00
-1.117196898694038237e-01
1.228221181560004011e-01
-2.038740383544929813e+00
-5.093219221344427033e-02
-1.068167027035408223e+00
-2.127281201152707024e-01
-1.541116048606269162e-01
4.714678648253241983e-02
1.025002682316057401e-01
8.922260337442303180e-02
6.962572275941827926e-02
6.513086579070920257e-02
6.507103077451999174e-02
1.119360806776208278e-01
-3.991580449813676990e-01
2.018713544506884006e+00
-6.493579740724420013e-01
7.517706899713536561e-01
-1.102499126833127896e+00
3.725027828559706600e-01
-1.012870405130679607e+00
1.529982979762329887e-01
1.954600115723507392e-01
2.120718034832344209e-02
6.065582226813977934e-02
1.059723516737669735e+00
8.135292235734435662e-02
8.308491494507954864e-03
4.073026290888261958e-01
2.578945606768096033e-01
1.988528981319090394e-02
4.508394666769804937e-02
1.274452633998882645e-01
-3.802126611040959947e+00
-3.762468339308427251e-02
-4.083985823768059298e-01
-3.976163731750676986e-03
3.552378481354392936e-02
-9.582621597531666702e-02
5.434561910244208038e-02
4.011926797117391225e-02
1.422830341994275649e+01
-5.610549498500922994e-01
