Number of epochs: 410e+00
-2.978668316949329764e+01
9.756374201036080440e-02
-1.588506527355972864e+00
-3.666003033812938128e+01
-1.623299199142730700e-02
-1.696697920608604093e+01
-1.929943654707944134e+01
-1.347721254069648121e-02
-1.541979734993175377e+01
5.974660361802908159e-01
7.267141691890129096e-02
-8.940806956049902610e+00
2.689779214501441529e-01
-3.861414383603015699e-01
-2.826049344985923084e-02
3.487802549586924150e-02
2.688101584701658997e-02
4.947416697273075009e-02
-3.273256834033141938e-01
1.781147913363644725e-02
-2.383844519561483660e-02
3.794089702253230362e-02
1.085247438442120231e-02
1.805645400798178146e-02
4.346077627082315514e-02
2.680296733413043211e-02
4.696075952634536782e-02
-2.044843711697628574e+00
-2.983136516653626114e-01
-5.725076488881760461e+00
1.860909831462639885e-01
-4.439808014929987889e-01
-2.910934841743905377e+00
6.073820613172460636e-02
-2.819282328748746735e+00
-3.684375906261344813e+00
3.770606022609930552e-02
-2.876906133756041317e+00
3.189164073296646418e-01
8.037557758174466993e-02
-5.287203524620439410e+00
1.368747976677295586e-01
2.670500706355103879e-02
-2.078631525113933953e-01
-3.887804470236772558e-01
-1.084799091765361601e+00
-3.462919619009014460e-01
-6.590827975865881649e-01
1.941717319149934795e+01
-2.191593377026501699e-01
-5.001201671186860098e-01
-1.066100725061595172e-01
-4.626156934152859668e-01
-8.265350670072626471e-01
-1.003029230177850811e-01
-7.588280467404501239e-01
-2.866870462026590793e+00
-9.234080711433048094e-01
-3.416669564491676137e-01
-2.074420643699001143e+00
-6.374137255915017786e-01
-1.118569055388447309e+00
-1.006774757122502972e+00
-1.300193589346572587e+00
-7.974730047704712277e-01
-1.200451065200159428e+00
-1.155947485775170730e-01
-2.252691521832662636e-01
-1.478983207363691488e+00
2.727224564880435798e-02
-4.498823304943740276e+00
-4.276543729025327423e+00
-1.566825178312331923e+00
-7.096079689590720774e-01
-3.304180821975172488e+00
-1.611248014269188511e+00
-1.619722004191768150e+00
-2.412977102299840859e-01
-1.200002766435586787e+00
-8.971012359617294152e-01
-4.503534134680854395e-01
-3.946083548310631017e-01
-7.576278418227615497e-01
-2.090894604377079702e+01
-3.526824574513550137e-01
-2.630183543713069838e+01
4.349036501616863060e-01
-6.725911519656283533e-01
-2.013778427720243513e+01
3.275780674174832985e-02
-6.265285418500774917e+00
-2.446579033730323616e+01
2.768315220610928148e-02
-5.613686929287243998e+00
1.789345364615200773e-01
8.825827594969887224e-02
-4.783085695586969166e+00
3.353281432805816031e+00
5.700398765223912284e-02
5.066117694452263592e-02
7.911520790185921914e-02
6.869377776106697087e-02
5.203846024217181204e-02
4.634604105928154943e-02
5.660489935386173871e-02
6.042646255009432449e-02
5.734435035546263382e-02
6.060984980906358038e-02
2.926642657584753796e-02
-3.429845532094657923e+00
5.212430496778774902e-02
-4.276034956838302925e+00
1.975449412501869562e-01
7.912521553338497604e+00
-4.513703871410156054e+00
1.984891445546696775e-01
-4.813402470415362622e+00
-6.639453062192171906e+00
7.220998101474017383e-02
-3.922827394041244808e+00
8.937056764860469293e-01
-3.572138947948125143e+00
1.270151740754593972e-01
1.691159194897146612e-01
6.523451102116346878e-02
1.524830600911088185e-01
7.549498985027174036e-02
3.758802756961879959e-02
7.076459572952631394e-02
3.772596059823710157e-02
-1.712592333581729465e-01
-3.000573995439214520e-02
-2.723087650149268527e-02
8.363640390055844531e-02
-3.134062137757680222e-02
-3.661444414268203440e-01
4.626190481202676480e-02
-3.818045404584618496e-01
-4.311801496075966522e-01
3.745939253184083634e-02
-1.345302770820047400e-01
7.986896859113022662e-02
-7.804781607830434120e-02
-8.983843060691947713e+00
-5.600714667762120236e+00
-2.131778799523978307e+00
-4.476543852670157086e+00
-7.027188447847629860e+00
-1.549601136618222297e+00
-3.084495297792515967e+00
-1.819954731885790045e+00
-3.440098134592254553e+00
2.429490681342100569e-02
-2.525229902482715172e+00
-7.110821695038922752e-02
1.457828785266808425e-01
-1.742797311154950846e+00
-1.319824108707822255e-02
-1.057920457705064043e+00
-2.221532106075994883e-01
-1.541116048606269162e-01
-1.194027556105251575e-01
1.081383665960832241e-01
9.022289256469312457e-02
6.563650839391955982e-02
6.569401552986341153e-02
6.458559359725396520e-02
1.215948446417731699e-01
-3.991580449813676990e-01
2.019247886331852371e+00
-6.493579740724420013e-01
7.634875971514071269e-01
-1.051905133756665389e+00
3.866911337321949915e-01
-7.402343439718034324e-01
1.578132042634090015e-01
2.126554630722256034e-01
2.270100304116393769e-02
6.334373636929011009e-02
1.081836004569968424e+00
9.819930146119233705e-02
1.111963291734256384e-02
4.151067896511462796e-01
2.671482760150558633e-01
1.754554445433472928e-02
4.869658528150353632e-02
1.233537199007127411e-01
-4.097871542721899019e+00
-6.308102851068389527e-02
-2.037241189963968080e-01
-8.242099689005091823e-03
2.493449932712935024e-02
-9.103291689348469440e-02
5.130654230130003712e-02
3.153348193521921666e-02
1.464054223922190978e+01
-6.179725695379099104e-01
