HKL Value		Reward		TotalReward	Chi Squared	Z Appr. 	Error	Two-Thetas	Sfs2
4 4 6			0.0		0.0		0.0		0.3	4.3817	57.0116572758	400.3855
1 7 1			0.0		0.0		156.74		0.33256	0.5219	65.7901743415	26.2984
0 4 16			1.1		1.1		82.14		0.32333	1.5557	75.7704700384	94.8658
6 4 0			1.34		2.45		54.76		0.32333	1.8287	67.0910631577	58.6803
4 6 0			1.44		3.89		41.08		0.32333	0.7863	67.1083315067	59.4729
4 6 2			1.41		5.3		33.09		0.32324	0.2349	67.657370766	5.5969
7 3 1			1.35		6.64		28.07		0.32313	0.5095	71.5359286583	22.1332
0 6 18			1.13		7.77		26.34		0.31675	0.7949	98.0280769063	1.8601
6 0 0			1.28		9.05		23.63		0.31675	0.7256	54.7363985401	55.434
1 5 9			1.33		10.38		21.13		0.31643	0.4394	58.984264935	17.7365
3 3 9			1.35		11.73		19.11		0.31612	0.3816	52.4524123761	12.0632
3 5 9			1.39		13.12		17.38		0.31622	0.4755	65.0802252419	19.5165
5 3 9			1.41		14.53		15.96		0.31634	0.4833	65.0662013285	20.8409
4 2 10			1.43		15.97		14.82		0.31664	1.1102	57.0442200735	11.3144
1 3 1			1.32		17.29		14.69		0.31658	0.5324	28.3265170018	42.1271
0 0 10			1.43		18.72		13.94		0.31705	0.8316	38.8438017949	41.7013
9 1 1			1.47		20.19		13.17		0.31703	0.8793	87.9915459652	19.6393
2 4 2			1.45		21.64		12.75		0.317	0.3828	40.8766170199	13.2501
6 4 2			1.53		23.17		12.07		0.31699	0.2211	67.6401768609	4.8049
2 4 10			1.56		24.73		11.45		0.31711	0.607	57.0555982332	12.0937
2 2 16			1.59		26.32		10.9		0.3172	1.1693	70.1293332912	108.6018
1 1 15			1.53		27.85		10.84		0.31754	0.656	61.3839959686	20.6242
4 2 6			1.61		29.47		10.39		0.31759	1.6049	46.7233273538	62.1975
2 6 10			1.63		31.09		10.04		0.31784	0.7069	72.0169435829	44.7171
6 0 8			1.65		32.74		9.73		0.3179	2.9234	64.163237895	5.3359
0 6 8			1.67		34.42		9.42		0.31796	0.7694	64.1950429677	5.6946
0 2 0			1.31		35.73		10.88		0.31796	1.4407	17.6394681947	177.2483
0 2 18			1.55		37.28		10.74		0.31709	0.3755	76.3208597895	3.7538
6 4 6			1.56		38.84		10.56		0.31697	0.9247	71.9614498967	41.9809
0 0 20			1.62		40.46		10.2		0.31697	0.4542	83.3712939521	4.3689
1 5 1			1.59		42.05		10.1		0.31694	0.4978	46.196563203	27.3004
0 4 18			1.52		43.57		10.32		0.31584	0.8369	84.5238780681	17.4513
2 0 10			1.62		45.19		10.02		0.31578	0.6169	42.9543880851	20.236
0 2 16			1.58		46.78		10.01		0.31602	1.8687	67.2407114996	13.8307
0 2 20			1.62		48.4		9.82		0.31563	0.4494	86.0769303832	2.8517
2 6 6			0.9		49.3		13.64		0.31587	5.383	63.2392339525	346.2148
0 6 2			1.41		50.71		13.33		0.31587	0.2356	55.3895592761	6.1752
0 4 6			0.52		51.23		19.89		0.31612	3.7688	42.9189471786	481.9509
4 2 2			1.17		52.4		19.5		0.31611	0.457	40.8620305525	12.2524
2 4 0			1.15		53.55		19.36		0.31611	1.4359	40.0960076051	88.2765
0 0 16			1.2		54.75		18.88		0.31613	1.3342	64.286058028	116.6634
4 6 6			1.2		55.95		18.54		0.31605	1.1903	71.9781772466	41.9784
1 3 15			1.22		57.17		18.12		0.31613	0.2862	67.3623786269	8.1809
0 6 6			1.23		58.4		17.7		0.31613	1.0147	60.183190367	40.9583
6 0 6			1.25		59.65		17.3		0.31613	1.0815	60.1501886982	39.9969
3 3 1			1.23		60.88		17.09		0.31612	0.5106	38.1558496662	33.1617
0 0 4			1.21		62.1		17.07		0.31604	0.8482	15.2869714585	59.1035
6 2 10			1.25		63.34		16.81		0.31621	0.7103	71.9901825081	43.9921
2 0 12			1.26		64.6		16.54		0.31603	0.8079	50.6101057273	16.6151
3 3 15			1.28		65.88		16.2		0.31601	0.3402	73.0835579415	3.8877
4 2 12			1.25		67.13		16.15		0.31557	0.2244	63.468523569	4.7972
0 0 18			1.29		68.42		15.85		0.31548	0.6609	73.530655613	37.988
5 5 1			1.3		69.72		15.58		0.31547	0.5073	65.769247456	23.9531
3 1 9			1.31		71.03		15.32		0.31541	0.36	45.2950695798	8.7768
3 1 1			1.29		72.32		15.27		0.3154	0.5239	28.3131072915	41.7464
3 1 15			1.32		73.64		15.02		0.31546	0.2871	67.3554895111	7.7692
0 2 12			1.33		74.96		14.78		0.31536	0.3827	50.6142203783	17.5707
6 2 4			1.29		76.26		14.82		0.31528	0.8727	60.3342977717	77.9073
4 4 2			1.07		77.33		16.31		0.3153	1.2125	52.0311030722	128.6454
5 1 13			1.1		78.43		17.23		0.316	0.4567	71.2764535317	11.3258