HKL Value		Reward		TotalReward	Chi Squared	Z Appr. 	Error	Two-Thetas	Sfs2
1 7 1			0.0		0.0		0.0		0.3	0.5219	65.7901743415	26.2984
0 4 16			0.0		0.0		4.88		0.30367	1.5557	75.7704700384	94.8658
6 4 0			3.89		3.89		2.45		0.30367	1.8287	67.0910631577	58.6803
4 6 0			4.18		8.08		1.65		0.30367	0.7863	67.1083315067	59.4729
4 6 2			4.59		12.67		1.27		0.30362	0.2349	67.657370766	5.5969
7 3 1			4.38		17.05		1.3		0.3035	0.5095	71.5359286583	22.1332
1 7 3			1.25		18.29		5.88		0.30431	0.9932	66.8968211493	90.2271
0 2 14			2.26		20.55		5.37		0.30578	0.2479	58.6982494177	6.3292
0 6 18			2.41		22.96		4.78		0.30578	0.7949	98.0280769063	1.8601
6 0 0			2.29		25.25		4.77		0.30578	0.7256	54.7363985401	55.434
1 5 9			2.39		27.65		4.55		0.30934	0.4394	58.984264935	17.7365
3 3 9			2.53		30.17		4.18		0.31145	0.3816	52.4524123761	12.0632
3 5 9			2.55		32.72		3.98		0.31317	0.4755	65.0802252419	19.5165
5 3 9			2.61		35.34		3.79		0.31401	0.4833	65.0662013285	20.8409
0 2 8			0.65		35.99		10.87		0.31601	0.1155	35.7619852008	1.7384
4 2 10			1.65		37.65		10.23		0.31654	1.1102	57.0442200735	11.3144
1 3 1			1.53		39.17		10.4		0.31645	0.5324	28.3265170018	42.1271
0 0 10			1.64		40.81		10.0		0.31711	0.8316	38.8438017949	41.7013
9 1 1			1.69		42.5		9.53		0.31708	0.8793	87.9915459652	19.6393
6 2 6			0.56		43.05		16.32		0.31772	3.9921	63.2107357729	344.5633
2 4 10			1.36		44.42		15.52		0.3178	0.607	57.0555982332	12.0937
6 4 2			1.38		45.8		14.8		0.31779	0.2211	67.6401768609	4.8049
7 1 7			1.15		46.96		15.72		0.319	0.3505	72.2660298289	5.0526
4 2 6			1.36		48.32		15.07		0.31903	1.6049	46.7233273538	62.1975
2 6 10			1.38		49.71		14.48		0.31916	0.7069	72.0169435829	44.7171
2 2 16			1.41		51.12		13.9		0.31914	1.1693	70.1293332912	108.6018
6 0 8			1.42		52.54		13.45		0.31919	2.9234	64.163237895	5.3359
6 4 6			1.4		53.94		13.22		0.31907	0.9247	71.9614498967	41.9809
0 6 8			1.45		55.39		12.81		0.31911	0.7694	64.1950429677	5.6946
0 0 20			1.47		56.86		12.39		0.31904	0.4542	83.3712939521	4.3689
0 2 18			1.42		58.28		12.42		0.31798	0.3755	76.3208597895	3.7538
1 5 1			1.45		59.73		12.26		0.31796	0.4978	46.196563203	27.3004
0 4 18			1.35		61.08		12.68		0.31676	0.8369	84.5238780681	17.4513
2 0 10			1.47		62.55		12.33		0.3167	0.6169	42.9543880851	20.236
2 4 0			1.42		63.97		12.37		0.3167	1.4359	40.0960076051	88.2765
4 2 12			1.4		65.36		12.51		0.31607	0.2244	63.468523569	4.7972
0 2 20			1.46		66.82		12.26		0.31574	0.4494	86.0769303832	2.8517
0 6 2			1.48		68.3		12.0		0.31574	0.2356	55.3895592761	6.1752
4 2 2			1.48		69.78		11.82		0.31572	0.457	40.8620305525	12.2524
0 2 16			1.46		71.24		11.78		0.31589	1.8687	67.2407114996	13.8307
0 0 16			1.51		72.75		11.49		0.31591	1.3342	64.286058028	116.6634
0 6 6			1.53		74.29		11.21		0.31591	1.0147	60.183190367	40.9583
3 1 1			1.49		75.77		11.24		0.31589	0.5239	28.3131072915	41.7464
0 6 12			1.45		77.22		11.45		0.31524	0.3425	75.0250979777	1.887
0 0 18			1.53		78.75		11.19		0.31517	0.6609	73.530655613	37.988
2 4 8			1.43		80.18		11.51		0.31524	0.1687	51.4325245866	2.4593
6 0 2			1.52		81.7		11.3		0.31524	0.2214	55.354768557	5.4487
1 1 1			1.47		83.16		11.41		0.31522	0.5749	13.0194761966	56.7652
3 3 1			1.5		84.66		11.34		0.31521	0.5106	38.1558496662	33.1617
2 0 14			1.52		86.18		11.16		0.31512	0.2634	58.6945218607	7.3942
2 0 12			1.54		87.72		10.97		0.31501	0.8079	50.6101057273	16.6151
5 3 11			0.97		88.69		14.05		0.31497	1.8677	70.5420870211	204.0714
1 3 3			1.31		90.0		14.18		0.31499	0.7045	30.3940112777	66.1614
3 3 15			1.37		91.37		13.92		0.31501	0.3402	73.0835579415	3.8877
6 0 6			1.38		92.75		13.66		0.31501	1.0815	60.1501886982	39.9969
1 3 15			1.39		94.14		13.45		0.31508	0.2862	67.3623786269	8.1809
1 5 7			1.21		95.35		14.38		0.31573	0.6035	54.1236034243	4.2528
5 5 1			1.35		96.7		14.17		0.31572	0.5073	65.769247456	23.9531
3 1 9			1.36		98.07		13.95		0.31566	0.36	45.2950695798	8.7768
3 5 7			1.23		99.3		14.6		0.31612	0.2309	60.5203777188	5.6046
3 5 1			1.33		100.63		14.49		0.31612	0.5283	53.2544885252	31.9012
6 2 10			1.34		101.97		14.33		0.31622	0.7103	71.9901825081	43.9921
0 0 4			1.32		103.28		14.36		0.31617	0.8482	15.2869714585	59.1035
6 2 4			1.31		104.59		14.42		0.31611	0.8727	60.3342977717	77.9073
0 6 16			1.29		105.88		14.58		0.31633	0.4825	89.3859051251	7.6515