HKL Value		Reward		TotalReward	Chi Squared	Z Appr. 	Error	Two-Thetas	Sfs2
1 7 1			0.0		0.0		0.0		0.3	0.5219	65.7901743415	26.2984
0 4 16			0.0		0.0		4.88		0.30367	1.5557	75.7704700384	94.8658
6 4 0			3.89		3.89		2.45		0.30367	1.8287	67.0910631577	58.6803
4 6 0			4.18		8.08		1.65		0.30367	0.7863	67.1083315067	59.4729
3 3 11			0.02		8.1		26.62		0.26382	2.1204	58.6030846927	249.5822
7 3 1			1.57		9.67		21.31		0.26384	0.5095	71.5359286583	22.1332
4 6 2			1.55		11.21		17.84		0.26386	0.2349	67.657370766	5.5969
0 6 18			1.43		12.64		16.21		0.26091	0.7949	98.0280769063	1.8601
1 5 3			0.69		13.32		20.57		0.26115	0.9511	47.585042181	85.8034
2 6 0			0.01		13.33		48.9		0.26115	4.3567	58.0028534629	558.9791
6 0 0			1.04		14.37		44.48		0.26115	0.7256	54.7363985401	55.434
1 5 9			0.99		15.35		41.46		0.26107	0.4394	58.984264935	17.7365
3 3 9			1.01		16.36		38.6		0.26111	0.3816	52.4524123761	12.0632
3 5 9			0.97		17.34		36.63		0.26111	0.4755	65.0802252419	19.5165
5 3 9			0.97		18.3		35.02		0.26111	0.4833	65.0662013285	20.8409
4 2 10			1.02		19.32		33.09		0.26103	1.1102	57.0442200735	11.3144
1 3 1			1.04		20.36		31.31		0.26097	0.5324	28.3265170018	42.1271
0 0 10			0.96		21.32		30.66		0.26138	0.8316	38.8438017949	41.7013
3 5 3			0.75		22.07		32.26		0.26159	0.9259	54.5093201099	87.7589
9 1 1			1.04		23.11		30.59		0.2616	0.8793	87.9915459652	19.6393
2 4 10			1.02		24.13		29.4		0.26152	0.607	57.0555982332	12.0937
2 6 10			0.96		25.1		28.98		0.26192	0.7069	72.0169435829	44.7171
4 2 6			0.85		25.94		29.82		0.26198	1.6049	46.7233273538	62.1975
2 2 16			1.02		26.96		28.81		0.26106	1.1693	70.1293332912	108.6018
0 6 16			1.05		28.01		27.64		0.26136	0.4825	89.3859051251	7.6515
6 0 8			1.05		29.07		26.66		0.26156	2.9234	64.163237895	5.3359
6 4 2			1.07		30.14		25.68		0.26156	0.2211	67.6401768609	4.8049
0 6 8			1.08		31.22		24.83		0.26172	0.7694	64.1950429677	5.6946
5 3 5			0.78		32.0		26.95		0.26139	2.2247	56.9473208346	134.0256
2 0 10			1.02		33.02		26.46		0.26131	0.6169	42.9543880851	20.236
0 4 18			1.02		34.03		26.05		0.25965	0.8369	84.5238780681	17.4513
0 0 20			0.95		34.98		26.32		0.26176	0.4542	83.3712939521	4.3689
6 4 6			0.97		35.95		26.39		0.26178	0.9247	71.9614498967	41.9809
0 2 18			1.04		36.99		25.76		0.26145	0.3755	76.3208597895	3.7538
5 5 3			0.93		37.92		26.28		0.26148	0.8107	66.8760743485	64.1048
1 5 1			1.05		38.98		25.57		0.26148	0.4978	46.196563203	27.3004
2 4 0			1.02		40.0		25.24		0.26148	1.4359	40.0960076051	88.2765
4 2 2			1.07		41.07		24.6		0.26148	0.457	40.8620305525	12.2524
0 6 2			1.08		42.15		23.96		0.26148	0.2356	55.3895592761	6.1752
0 2 20			1.09		43.24		23.37		0.26151	0.4494	86.0769303832	2.8517
4 2 8			1.09		44.33		22.89		0.26157	0.7605	51.4203212226	2.5419
0 2 16			1.11		45.44		22.33		0.26154	1.8687	67.2407114996	13.8307
3 3 1			1.12		46.56		21.84		0.26153	0.5106	38.1558496662	33.1617
0 0 16			1.11		47.67		21.53		0.26132	1.3342	64.286058028	116.6634
6 0 6			1.05		48.72		21.72		0.26132	1.0815	60.1501886982	39.9969
1 3 15			1.05		49.77		21.88		0.26095	0.2862	67.3623786269	8.1809
5 5 1			1.13		50.9		21.41		0.26095	0.5073	65.769247456	23.9531
3 1 9			1.12		52.03		21.05		0.26096	0.36	45.2950695798	8.7768
2 0 12			1.07		53.1		21.18		0.26136	0.8079	50.6101057273	16.6151
0 0 4			1.13		54.23		20.84		0.26138	0.8482	15.2869714585	59.1035
6 2 4			1.14		55.37		20.5		0.26139	0.8727	60.3342977717	77.9073
4 2 12			1.0		56.37		21.35		0.26216	0.2244	63.468523569	4.7972
0 6 6			1.06		57.43		21.53		0.26216	1.0147	60.183190367	40.9583
4 6 4			1.11		58.54		21.25		0.26215	1.0731	69.291881243	33.3045
4 2 0			1.1		59.64		21.09		0.26215	0.9287	40.0811891304	86.5118
0 4 20			1.13		60.78		20.73		0.26225	1.027	94.1654323607	18.6345
0 6 12			0.97		61.75		21.8		0.2631	0.3425	75.0250979777	1.887
4 0 4			1.11		62.86		21.47		0.26311	1.2165	39.0343929222	79.1487
2 0 14			1.12		63.98		21.11		0.26309	0.2634	58.6945218607	7.3942
4 4 12			1.13		65.11		20.76		0.26306	1.9475	72.2035773977	130.2426
0 0 8			0.94		66.06		22.02		0.26297	2.1948	30.8548203523	183.9052
0 2 8			1.11		67.17		21.66		0.26297	0.1155	35.7619852008	1.7384
3 5 1			1.11		68.28		21.34		0.26297	0.5283	53.2544885252	31.9012
0 4 10			1.09		69.37		21.29		0.26303	0.9893	53.7871001638	44.1425
2 4 2			1.12		70.49		20.99		0.26303	0.3828	40.8766170199	13.2501
0 0 22			1.07		71.56		21.15		0.26335	2.2765	94.0325860765	137.6091
5 1 1			1.13		72.69		20.85		0.26335	0.5346	46.1701152	26.7419
0 2 2			1.11		73.8		20.71		0.26334	0.4614	19.2417464495	36.8131
1 1 1			1.12		74.92		20.51		0.26334	0.5749	13.0194761966	56.7652
4 4 4			1.14		76.06		20.25		0.26335	0.8476	53.9354251327	76.9211
0 6 0			1.14		77.2		20.05		0.26335	1.4277	54.7714555341	59.4019
3 1 1			1.14		78.34		19.83		0.26335	0.5239	28.3131072915	41.7464
6 2 10			1.13		79.47		19.81		0.2634	0.7103	71.9901825081	43.9921
4 2 14			1.14		80.61		19.69		0.26336	1.2576	70.6282605877	19.9713
3 7 1			1.16		81.77		19.43		0.26336	1.2822	71.5694631273	22.2453
0 6 10			1.16		82.93		19.23		0.26335	0.8527	69.1637693973	8.5049
7 1 1			1.17		84.1		18.99		0.26335	0.5207	65.7483230412	25.2044
2 4 12			1.11		85.21		19.3		0.26379	0.2205	63.4791913795	4.8908
2 4 14			1.15		86.36		19.2		0.26375	0.5221	70.6383718296	19.4111
6 0 2			1.17		87.53		18.96		0.26375	0.2214	55.354768557	5.4487
6 0 10			1.17		88.7		18.78		0.26375	1.0728	69.1331306246	8.9056
0 2 10			1.16		89.87		18.73		0.26375	0.4317	42.9590557724	21.0204
5 3 1			1.18		91.05		18.52		0.26375	0.5252	53.2386121167	32.835
3 1 15			1.12		92.17		18.82		0.26357	0.2871	67.3554895111	7.7692
2 4 6			1.1		93.28		19.18		0.26358	0.785	46.7364348384	64.2552
2 2 10			1.14		94.42		19.18		0.26364	0.6429	46.7739448495	44.8949
3 1 3			1.1		95.52		19.48		0.26366	1.2003	30.3814370344	67.5761
1 1 9			1.16		96.68		19.28		0.26363	0.2216	37.1193146943	1.1702
6 0 12			1.03		97.7		20.14		0.26455	0.5892	74.995462768	0.9301
1 1 15			1.14		98.85		19.93		0.26454	0.656	61.3839959686	20.6242
5 1 9			1.13		99.98		19.85		0.26454	0.4583	58.9619928854	19.0838
4 6 6			1.11		101.09		19.94		0.26455	1.1903	71.9781772466	41.9784
2 0 16			1.14		102.23		19.75		0.2645	0.5935	67.2372591268	11.8907
0 4 4			1.15		103.38		19.57		0.26451	0.8482	39.0545896029	78.0016
3 3 13			1.15		104.53		19.41		0.26451	0.5636	65.4922780779	9.1158
1 1 13			1.15		105.69		19.27		0.2645	0.3722	52.9310122384	10.9703
0 2 14			1.16		106.85		19.08		0.26448	0.2479	58.6982494177	6.3292
2 0 6			1.04		107.89		19.89		0.2645	1.6278	29.1406672869	128.8477
3 5 7			0.97		108.86		21.11		0.26401	0.2309	60.5203777188	5.6046
1 3 13			1.11		109.96		20.96		0.264	0.3907	59.4200243294	11.5335
5 5 7			0.9		110.86		22.59		0.26337	0.6639	72.2860687267	4.3062
1 5 13			1.07		111.93		22.44		0.26336	1.1973	71.2966048402	12.6128