HKL Value		Reward		TotalReward	Chi Squared	Z Appr. 	Error	Two-Thetas	Sfs2
2 0 2			0.0		0.0		0.0		0.3	0.6502	19.2320929378	35.9547
1 7 1			0.0		0.0		10.94		0.24389	0.5219	65.7901743415	26.2984
0 4 16			3.12		3.12		5.48		0.24141	1.5557	75.7704700384	94.8658
6 4 0			3.04		6.16		3.66		0.24141	1.8287	67.0910631577	58.6803
4 6 0			3.26		9.42		2.75		0.24141	0.7863	67.1083315067	59.4729
4 6 2			3.41		12.83		2.32		0.24139	0.2349	67.657370766	5.5969
7 3 1			3.48		16.31		2.14		0.24157	0.5095	71.5359286583	22.1332
0 6 18			3.79		20.1		1.84		0.2417	0.7949	98.0280769063	1.8601
6 0 0			3.27		23.37		2.19		0.2417	0.7256	54.7363985401	55.434
1 5 9			3.66		27.03		1.95		0.24182	0.4394	58.984264935	17.7365
3 1 11			0.14		27.17		17.26		0.26092	2.3814	52.0481274199	292.2152
3 3 9			1.34		28.51		16.35		0.26095	0.3816	52.4524123761	12.0632
3 5 9			1.28		29.78		16.07		0.26095	0.4755	65.0802252419	19.5165
1 1 7			0.82		30.61		19.23		0.24317	0.2012	29.7561292971	6.5386
1 5 1			1.33		31.93		17.87		0.24313	0.4978	46.196563203	27.3004
0 6 12			0.51		32.44		23.93		0.2368	0.3425	75.0250979777	1.887
5 3 9			1.2		33.64		22.43		0.2368	0.4833	65.0662013285	20.8409
4 2 10			1.17		34.81		21.5		0.23683	1.1102	57.0442200735	11.3144
1 3 1			1.22		36.03		20.4		0.23681	0.5324	28.3265170018	42.1271
0 0 10			1.12		37.15		20.27		0.23663	0.8316	38.8438017949	41.7013
9 1 1			1.22		38.38		19.41		0.23665	0.8793	87.9915459652	19.6393
6 4 2			1.25		39.63		18.53		0.23665	0.2211	67.6401768609	4.8049
2 4 10			1.23		40.86		18.02		0.23666	0.607	57.0555982332	12.0937
4 2 6			1.01		41.87		19.29		0.23663	1.6049	46.7233273538	62.1975
2 6 10			1.14		43.01		19.25		0.23643	0.7069	72.0169435829	44.7171
2 2 16			1.18		44.19		18.96		0.23698	1.1693	70.1293332912	108.6018
6 0 8			1.24		45.43		18.32		0.23688	2.9234	64.163237895	5.3359
0 6 8			1.25		46.68		17.7		0.2368	0.7694	64.1950429677	5.6946
6 4 6			1.14		47.82		18.08		0.23676	0.9247	71.9614498967	41.9809
0 0 20			1.23		49.05		17.69		0.23613	0.4542	83.3712939521	4.3689
0 2 18			1.19		50.24		17.69		0.23693	0.3755	76.3208597895	3.7538
1 1 13			0.9		51.14		19.86		0.23764	0.3722	52.9310122384	10.9703
0 4 18			1.09		52.23		20.1		0.23845	0.8369	84.5238780681	17.4513