HKL Value		Reward		TotalReward	Chi Squared	Z Appr. 	Error	Two-Thetas	Sfs2
1 7 1			0.0		0.0		0.0		0.3	0.5219	65.7901743415	26.2984
3 7 3			0.0		0.0		25.27		0.32468	0.8954	72.6346668965	71.6226
0 4 16			2.55		2.55		12.68		0.3212	1.5557	75.7704700384	94.8658
6 4 0			2.35		4.9		8.45		0.3212	1.8287	67.0910631577	58.6803
4 6 0			2.36		7.26		6.35		0.3212	0.7863	67.1083315067	59.4729
4 6 2			2.39		9.65		5.27		0.32108	0.2349	67.657370766	5.5969
3 3 11			0.0		9.66		39.25		0.32217	2.1204	58.6030846927	249.5822
7 3 1			1.23		10.89		34.06		0.32197	0.5095	71.5359286583	22.1332
1 5 5			0.29		11.18		42.11		0.32326	1.8923	50.2743192378	127.3636
0 6 18			1.07		12.25		38.38		0.31487	0.7949	98.0280769063	1.8601
0 0 20			1.13		13.38		34.61		0.31596	0.4542	83.3712939521	4.3689
6 0 0			1.1		14.48		31.89		0.31596	0.7256	54.7363985401	55.434
1 5 9			1.14		15.62		29.29		0.31573	0.4394	58.984264935	17.7365
3 5 9			1.15		16.78		27.05		0.31583	0.4755	65.0802252419	19.5165
3 3 9			1.17		17.94		25.16		0.31564	0.3816	52.4524123761	12.0632
5 3 9			1.18		19.13		23.52		0.31578	0.4833	65.0662013285	20.8409
4 2 10			1.19		20.32		22.15		0.31609	1.1102	57.0442200735	11.3144
1 3 1			1.13		21.45		21.61		0.31604	0.5324	28.3265170018	42.1271
0 0 10			1.2		22.65		20.65		0.31654	0.8316	38.8438017949	41.7013
5 1 7			0.92		23.56		22.16		0.31823	0.2609	54.1000446603	4.252
9 1 1			1.19		24.75		21.13		0.31821	0.8793	87.9915459652	19.6393
2 4 10			1.22		25.97		20.13		0.31824	0.607	57.0555982332	12.0937
6 4 2			1.23		27.2		19.23		0.31823	0.2211	67.6401768609	4.8049
4 2 6			1.25		28.45		18.43		0.31827	1.6049	46.7233273538	62.1975
2 2 16			1.27		29.72		17.67		0.31829	1.1693	70.1293332912	108.6018
2 6 10			1.28		31.01		17.02		0.31845	0.7069	72.0169435829	44.7171
6 0 8			1.3		32.3		16.46		0.3185	2.9234	64.163237895	5.3359
0 6 8			1.31		33.62		15.92		0.31855	0.7694	64.1950429677	5.6946
6 4 6			1.3		34.92		15.59		0.31842	0.9247	71.9614498967	41.9809
0 2 18			1.3		36.22		15.39		0.31756	0.3755	76.3208597895	3.7538
0 4 10			1.34		37.56		14.96		0.31772	0.9893	53.7871001638	44.1425
1 5 1			1.33		38.89		14.71		0.31771	0.4978	46.196563203	27.3004
0 4 18			1.26		40.15		15.0		0.31664	0.8369	84.5238780681	17.4513
2 0 10			1.36		41.51		14.58		0.31658	0.6169	42.9543880851	20.236
4 2 4			1.14		42.65		15.64		0.31658	0.7624	43.1345383828	64.2766
2 4 0			1.27		43.93		15.59		0.31658	1.4359	40.0960076051	88.2765
0 6 2			1.32		45.25		15.22		0.31657	0.2356	55.3895592761	6.1752
0 2 20			1.32		46.58		14.96		0.31616	0.4494	86.0769303832	2.8517
4 2 2			1.33		47.91		14.7		0.31616	0.457	40.8620305525	12.2524
0 0 8			0.79		48.69		18.42		0.31615	2.1948	30.8548203523	183.9052
4 2 12			1.18		49.87		18.32		0.31568	0.2244	63.468523569	4.7972
0 0 16			1.23		51.1		17.88		0.3157	1.3342	64.286058028	116.6634
0 2 16			1.21		52.31		17.69		0.31585	1.8687	67.2407114996	13.8307
0 6 6			1.25		53.56		17.28		0.31585	1.0147	60.183190367	40.9583
3 3 1			1.23		54.79		17.07		0.31584	0.5106	38.1558496662	33.1617
6 0 6			1.27		56.06		16.69		0.31584	1.0815	60.1501886982	39.9969
1 5 7			1.09		57.15		17.62		0.3165	0.6035	54.1236034243	4.2528
1 3 15			1.24		58.39		17.26		0.31655	0.2862	67.3623786269	8.1809
2 0 12			1.24		59.64		16.99		0.31639	0.8079	50.6101057273	16.6151
0 0 4			1.22		60.85		16.97		0.31633	0.8482	15.2869714585	59.1035
5 5 1			1.26		62.11		16.68		0.31633	0.5073	65.769247456	23.9531
2 4 2			1.26		63.36		16.47		0.31632	0.3828	40.8766170199	13.2501
3 1 9			1.27		64.64		16.19		0.31625	0.36	45.2950695798	8.7768
3 1 1			1.25		65.89		16.13		0.31624	0.5239	28.3131072915	41.7464
0 0 18			1.29		67.18		15.86		0.31611	0.6609	73.530655613	37.988
3 3 15			1.3		68.48		15.57		0.3161	0.3402	73.0835579415	3.8877
6 2 4			1.26		69.74		15.61		0.31604	0.8727	60.3342977717	77.9073
6 2 10			1.29		71.03		15.43		0.31616	0.7103	71.9901825081	43.9921
3 7 1			1.31		72.34		15.2		0.31616	1.2822	71.5694631273	22.2453
1 1 1			1.28		73.62		15.22		0.31614	0.5749	13.0194761966	56.7652
0 6 16			1.26		74.88		15.38		0.31637	0.4825	89.3859051251	7.6515
3 1 15			1.31		76.19		15.15		0.31641	0.2871	67.3554895111	7.7692
4 2 0			1.29		77.48		15.11		0.31641	0.9287	40.0811891304	86.5118
4 6 4			1.26		78.74		15.25		0.31641	1.0731	69.291881243	33.3045
2 0 14			1.31		80.05		15.08		0.31634	0.2634	58.6945218607	7.3942
3 1 3			1.27		81.32		15.18		0.31635	1.2003	30.3814370344	67.5761
0 4 20			1.31		82.64		14.99		0.31625	1.027	94.1654323607	18.6345
7 1 1			1.31		83.95		14.85		0.31624	0.5207	65.7483230412	25.2044
1 3 9			1.32		85.27		14.7		0.31616	0.2622	45.3040218183	7.1674
5 5 7			1.17		86.45		15.52		0.3167	0.6639	72.2860687267	4.3062
0 0 22			1.3		87.75		15.33		0.31673	2.2765	94.0325860765	137.6091
6 0 10			1.3		89.05		15.16		0.31681	1.0728	69.1331306246	8.9056
4 0 4			1.27		90.33		15.22		0.31676	1.2165	39.0343929222	79.1487
3 5 1			1.3		91.62		15.12		0.31676	0.5283	53.2544885252	31.9012
4 4 4			1.27		92.9		15.19		0.3167	0.8476	53.9354251327	76.9211
0 4 4			1.27		94.17		15.24		0.31665	0.8482	39.0545896029	78.0016
0 6 0			1.3		95.47		15.13		0.31665	1.4277	54.7714555341	59.4019
4 4 12			1.31		96.78		15.0		0.31675	1.9475	72.2035773977	130.2426
0 4 14			1.12		97.9		16.1		0.31673	1.2337	67.7597167724	121.3788
0 2 12			1.27		99.17		15.94		0.31663	0.3827	50.6142203783	17.5707
2 2 10			1.28		100.45		15.78		0.3167	0.6429	46.7739448495	44.8949
2 0 2			1.25		101.7		15.82		0.31669	0.6502	19.2320929378	35.9547
2 0 16			1.26		102.96		15.77		0.31681	0.5935	67.2372591268	11.8907
0 2 2			1.25		104.21		15.82		0.3168	0.4614	19.2417464495	36.8131
2 4 12			1.25		105.47		15.85		0.31651	0.2205	63.4791913795	4.8908
0 2 14			1.27		106.74		15.73		0.31644	0.2479	58.6982494177	6.3292
2 4 8			1.25		107.99		15.83		0.31649	0.1687	51.4325245866	2.4593
0 6 12			1.24		109.23		15.94		0.31608	0.3425	75.0250979777	1.887
5 1 1			1.27		110.49		15.84		0.31608	0.5346	46.1701152	26.7419
4 6 6			1.28		111.77		15.72		0.31604	1.1903	71.9781772466	41.9784
0 6 10			1.28		113.05		15.6		0.31613	0.8527	69.1637693973	8.5049
4 2 14			1.29		114.34		15.47		0.31616	1.2576	70.6282605877	19.9713
6 0 2			1.29		115.63		15.32		0.31616	0.2214	55.354768557	5.4487
4 0 12			1.26		116.89		15.42		0.31632	2.7435	60.4154589103	161.2613
1 7 7			1.24		118.13		15.66		0.31657	0.4353	72.3061031614	6.1143
2 4 14			1.28		119.41		15.53		0.3166	0.5221	70.6383718296	19.4111
0 4 12			1.26		120.67		15.61		0.31674	1.4889	60.4300914167	161.7651
7 1 3			1.25		121.92		15.71		0.31675	1.4031	66.8553232335	91.2915
0 2 10			1.28		123.2		15.56		0.31673	0.4317	42.9590557724	21.0204
5 3 1			1.28		124.48		15.49		0.31672	0.5252	53.2386121167	32.835
5 1 9			1.29		125.78		15.34		0.3167	0.4583	58.9619928854	19.0838
1 1 9			1.29		127.06		15.28		0.3166	0.2216	37.1193146943	1.1702