Number of epochs: 08e-01
6.550228085679810075e-02
1.000000000000000000e+00
1.000000000000000000e+00
1.000000000000000000e+00
1.000000000000000000e+00
4.293050173355300037e-01
3.344802721696519821e-01
1.000000000000000000e+00
1.000000000000000000e+00
1.110199286385367801e+00
1.000000000000000000e+00
4.771251738890108784e-01
1.000000000000000000e+00
6.519941605593075895e-01
1.000000000000000000e+00
1.000000000000000000e+00
1.000000000000000000e+00
6.653055124574471790e-01
6.314310488373373609e-01
1.000000000000000000e+00
1.000000000000000000e+00
1.000000000000000000e+00
6.712752611047912987e-01
1.000000000000000000e+00
6.375625868971701582e-01
8.645996030936270449e-01
1.000000000000000000e+00
1.000000000000000000e+00
6.211747985109015158e-01
1.000000000000000000e+00
6.343834984634716401e-01
6.534705513210032901e-01
1.000000000000000000e+00
1.229199455622411508e+00
1.000000000000000000e+00
5.272680060389840495e-01
1.000000000000000000e+00
3.332648656332115045e-01
1.000000000000000000e+00
6.812612322240433338e-01
1.000000000000000000e+00
6.715592575929965058e-01
6.331727336600985190e-01
6.478949158633744432e-01
1.000000000000000000e+00
1.000000000000000000e+00
6.541125091404970116e-01
7.181686556900684915e-01
8.427229560669543540e-01
1.000000000000000000e+00
1.000000000000000000e+00
1.000000000000000000e+00
8.145941681708187554e-01
6.595877161503662656e-01
6.573192718052570660e-01
6.410169226853448254e-01
1.000000000000000000e+00
1.000000000000000000e+00
6.400185978215670035e-01
5.592354508343825303e-01
6.441252834976312069e-01
6.331677801398398753e-01
6.460621125889213223e-01
6.485582837981560544e-01
6.321568691194789924e-01
1.000000000000000000e+00
6.406304618382572258e-01
6.416346249643961608e-01
1.000000000000000000e+00
1.000000000000000000e+00
1.000000000000000000e+00
1.000000000000000000e+00
4.712758909697371545e-01
4.841870905206712705e-01
5.020700740195206402e-01
1.000000000000000000e+00
5.488541231718774283e-01
5.976545788605386322e-01
4.266312833612423416e-01
1.000000000000000000e+00
1.000000000000000000e+00
1.000000000000000000e+00
5.909580806163197142e-01
4.149353896890980997e-01
6.568035439800558040e-01
4.368399938066008237e-01
1.000000000000000000e+00
1.000000000000000000e+00
1.373433667789078771e-01
1.000000000000000000e+00
1.000000000000000000e+00
1.814746206663908068e-01
6.360741974325652137e-01
3.901070897811258487e-01
1.000000000000000000e+00
1.000000000000000000e+00
1.000000000000000000e+00
6.616058692860617985e-01
1.000000000000000000e+00
1.000000000000000000e+00
1.000000000000000000e+00
6.445206295466161528e-01
1.000000000000000000e+00
1.000000000000000000e+00
6.442147700325773219e-01
1.000000000000000000e+00
6.438579285805878794e-01
1.000000000000000000e+00
6.794356688793298238e-01
1.000000000000000000e+00
1.000000000000000000e+00
3.453292620962951087e-01
6.620390052156440719e-01
5.942776685403250436e-01
1.000000000000000000e+00
1.000000000000000000e+00
5.012754069986282444e-06
1.000000000000000000e+00
6.588379460909645768e-01
1.000000000000000000e+00
6.309165919349216667e-01
1.000000000000000000e+00
1.000000000000000000e+00
1.000000000000000000e+00
6.574091152964189888e-01
6.346969223766696366e-01
1.000000000000000000e+00
1.000000000000000000e+00
6.535953537622725129e-01
1.000000000000000000e+00
1.170088227600510233e+00
6.708419472247724169e-01
6.536282826432496806e-01
1.000000000000000000e+00
6.407947555045158117e-01
6.783714213844840302e-01
1.000000000000000000e+00
6.691436207729767327e-01
1.000000000000000000e+00
1.000000000000000000e+00
8.920120104002278172e-01
1.000000000000000000e+00
1.154571194492324482e+00
4.289665165931233481e-01
3.695839701079128292e-01
1.000000000000000000e+00
3.091356884450090492e-01
1.000000000000000000e+00
5.358558411608983496e-01
2.609419270288584891e-01
5.395947898807238463e-01
1.000000000000000000e+00
1.000000000000000000e+00
1.000000000000000000e+00
1.000000000000000000e+00
1.000000000000000000e+00
1.000000000000000000e+00
1.000000000000000000e+00
1.000000000000000000e+00
1.000000000000000000e+00
6.433305689507933245e-01
5.667295208598350786e-01
1.000000000000000000e+00
6.488485262823497912e-01
6.985575074854082356e-01
1.000000000000000000e+00
1.000000000000000000e+00
8.417486331390332532e-01
1.000000000000000000e+00
1.000000000000000000e+00
1.000000000000000000e+00
1.000000000000000000e+00
1.000000000000000000e+00
1.000000000000000000e+00
5.801199590186911781e-01
1.000000000000000000e+00
6.664180293395812749e-01
1.000000000000000000e+00
6.760020940146084234e-01
6.793834128235906045e-01
6.290685708591174929e-01
8.363588833176208714e-01
8.255086194199846572e-01
7.113813259599216510e-01
1.194883606384859798e+00
1.069852287123088219e+00
6.342128811192794258e-01
1.000000000000000000e+00
1.000000000000000000e+00
1.000000000000000000e+00
5.909915586686956823e-01
1.000000000000000000e+00
1.000000000000000000e+00
8.101193609127521622e-01
6.558240193136852803e-01
6.892314535718533364e-01
1.000000000000000000e+00
