HKL Value		Reward		TotalReward	Chi Squared	Z Appr. 	Error	Two-Thetas	Sfs2
3 3 7			0.0		0.0		0.0		0.3	0.1558	47.1418707618	3.5073
6 2 10			0.0		0.0		14.21		0.33049	0.7103	71.9901825081	43.9921
6 0 8			3.51		3.51		7.18		0.33015	2.9234	64.163237895	5.3359
4 6 0			1.19		4.7		4.8		0.33015	0.7863	67.1083315067	59.4729
7 1 7			0.43		5.14		3.93		0.33148	0.3505	72.2660298289	5.0526
0 6 8			0.35		5.49		3.23		0.33108	0.7694	64.1950429677	5.6946
6 4 0			0.27		5.76		2.7		0.33109	1.8287	67.0910631577	58.6803
4 6 2			0.08		5.83		2.54		0.33097	0.2349	67.657370766	5.5969
6 4 2			0.08		5.92		2.37		0.33087	0.2211	67.6401768609	4.8049
2 0 14			0.12		6.04		2.13		0.33124	0.2634	58.6945218607	7.3942
0 2 14			0.09		6.14		1.94		0.33167	0.2479	58.6982494177	6.3292
1 7 7			0.07		6.21		1.79		0.33188	0.4353	72.3061031614	6.1143
0 6 2			-0.11		6.1		1.9		0.33187	0.2356	55.3895592761	6.1752
4 0 0			-36.47		-30.37		38.37		0.33187	8.3901	35.6934066618	787.9925
3 5 7			1.34		-29.03		35.68		0.33221	0.2309	60.5203777188	5.6046
5 3 7			1.16		-27.86		33.36		0.33252	0.2523	60.5057581853	5.4388
6 0 2			0.96		-26.9		31.43		0.33252	0.2214	55.354768557	5.4487
5 1 7			0.9		-26.01		29.64		0.33284	0.2609	54.1000446603	4.252
1 5 7			0.8		-25.2		28.04		0.33313	0.6035	54.1236034243	4.2528
4 2 8			0.72		-24.48		26.59		0.33339	0.7605	51.4203212226	2.5419
2 4 8			0.65		-23.83		25.29		0.33363	0.1687	51.4325245866	2.4593
1 5 13			0.53		-23.3		24.23		0.33314	1.1973	71.2966048402	12.6128
3 1 13			0.5		-22.8		23.24		0.33272	0.3869	59.4126405656	11.7895
5 1 13			0.47		-22.33		22.3		0.33237	0.4567	71.2764535317	11.3258
2 6 6			-4.21		-26.55		26.51		0.33242	5.383	63.2392339525	346.2148
3 3 13			0.52		-26.03		25.48		0.33221	0.5636	65.4922780779	9.1158
1 1 13			0.46		-25.57		24.55		0.33196	0.3722	52.9310122384	10.9703
0 6 6			0.42		-25.15		23.71		0.33194	1.0147	60.183190367	40.9583
1 3 13			0.4		-24.75		22.91		0.3317	0.3907	59.4200243294	11.5335
4 2 6			0.39		-24.35		22.12		0.3317	1.6049	46.7233273538	62.1975
6 0 6			0.33		-24.02		21.45		0.33169	1.0815	60.1501886982	39.9969
3 1 7			0.32		-23.7		20.81		0.3319	0.257	39.2655360855	5.205
1 3 7			0.3		-23.39		20.21		0.3321	0.1893	39.2755843192	5.3372
2 4 6			0.31		-23.09		19.6		0.3321	0.785	46.7364348384	64.2552
0 6 16			0.23		-22.86		19.14		0.33203	0.4825	89.3859051251	7.6515
9 1 1			0.24		-22.62		18.67		0.33201	0.8793	87.9915459652	19.6393
1 1 15			0.24		-22.39		18.19		0.33194	0.656	61.3839959686	20.6242
5 5 1			0.2		-22.19		17.79		0.33191	0.5073	65.769247456	23.9531
7 3 1			0.18		-22.0		17.42		0.33188	0.5095	71.5359286583	22.1332
0 6 10			0.17		-21.83		17.09		0.33178	0.8527	69.1637693973	8.5049
6 0 10			0.16		-21.68		16.77		0.33168	1.0728	69.1331306246	8.9056
3 7 1			0.16		-21.52		16.45		0.33165	1.2822	71.5694631273	22.2453
6 0 0			0.14		-21.38		16.17		0.33165	0.7256	54.7363985401	55.434
2 0 16			0.11		-21.27		15.95		0.33149	0.5935	67.2372591268	11.8907
1 1 5			-3.65		-24.92		19.6		0.33206	1.9661	22.8949597146	247.5537
5 3 9			0.16		-24.76		19.28		0.33201	0.4833	65.0662013285	20.8409
4 2 10			0.14		-24.62		19.0		0.33188	1.1102	57.0442200735	11.3144
0 2 16			0.12		-24.5		18.77		0.33167	1.8687	67.2407114996	13.8307
2 4 14			0.11		-24.39		18.54		0.33124	0.5221	70.6383718296	19.4111
4 2 14			0.11		-24.28		18.32		0.33086	1.2576	70.6282605877	19.9713
2 4 10			0.12		-24.16		18.09		0.33074	0.607	57.0555982332	12.0937
0 6 0			0.11		-24.05		17.86		0.33074	1.4277	54.7714555341	59.4019
5 5 7			0.14		-23.91		17.59		0.33112	0.6639	72.2860687267	4.3062
3 5 9			0.11		-23.81		17.38		0.33104	0.4755	65.0802252419	19.5165
4 2 2			0.1		-23.71		17.18		0.33101	0.457	40.8620305525	12.2524
2 4 2			0.09		-23.62		17.0		0.33098	0.3828	40.8766170199	13.2501
0 4 20			0.09		-23.53		16.82		0.33151	1.027	94.1654323607	18.6345
0 0 20			0.14		-23.38		16.53		0.33172	0.4542	83.3712939521	4.3689
7 1 1			0.08		-23.3		16.37		0.33168	0.5207	65.7483230412	25.2044
1 7 1			0.07		-23.23		16.23		0.33163	0.5219	65.7901743415	26.2984
1 5 1			0.06		-23.17		16.11		0.33157	0.4978	46.196563203	27.3004
5 1 1			0.06		-23.11		15.99		0.33153	0.5346	46.1701152	26.7419
0 0 10			0.05		-23.06		15.89		0.33091	0.8316	38.8438017949	41.7013
3 3 1			0.05		-23.01		15.79		0.33087	0.5106	38.1558496662	33.1617
4 4 12			0.08		-22.93		15.63		0.3307	1.9475	72.2035773977	130.2426
0 4 10			0.05		-22.88		15.52		0.33022	0.9893	53.7871001638	44.1425
2 6 10			0.05		-22.83		15.42		0.32983	0.7069	72.0169435829	44.7171
4 0 10			0.05		-22.77		15.31		0.32949	0.6243	53.7713327333	45.2096
2 2 10			0.05		-22.72		15.2		0.32918	0.6429	46.7739448495	44.8949
4 4 10			0.05		-22.67		15.11		0.32889	0.6886	66.23802526	47.6672
3 5 1			0.04		-22.63		15.03		0.32887	0.5283	53.2544885252	31.9012
5 3 1			0.03		-22.6		14.96		0.32885	0.5252	53.2386121167	32.835
0 2 10			0.02		-22.58		14.93		0.32875	0.4317	42.9590557724	21.0204
4 6 6			0.01		-22.57		14.91		0.32868	1.1903	71.9781772466	41.9784
5 1 9			0.01		-22.56		14.89		0.32853	0.4583	58.9619928854	19.0838
0 6 14			0.02		-22.55		14.86		0.32838	0.9096	81.7552219026	27.2955
4 4 0			-4.1		-26.64		18.95		0.32838	4.9852	51.3853572345	648.027
2 0 10			0.05		-26.59		18.86		0.32828	0.6169	42.9543880851	20.236
1 1 7			0.08		-26.51		18.69		0.32852	0.2012	29.7561292971	6.5386
4 2 0			0.04		-26.47		18.62		0.32852	0.9287	40.0811891304	86.5118
6 4 6			0.03		-26.44		18.55		0.32846	0.9247	71.9614498967	41.9809
5 3 3			-0.15		-26.59		18.7		0.32846	0.9351	54.4936931553	89.9375
1 1 3			0.04		-26.55		18.62		0.32847	0.4514	16.9416048235	36.8187
1 5 9			0.02		-26.53		18.59		0.32832	0.4394	58.984264935	17.7365
0 4 16			0.03		-26.51		18.54		0.32782	1.5557	75.7704700384	94.8658
3 3 9			0.02		-26.49		18.5		0.32767	0.3816	52.4524123761	12.0632
2 4 0			0.03		-26.46		18.45		0.32767	1.4359	40.0960076051	88.2765
1 3 1			0.02		-26.44		18.4		0.32765	0.5324	28.3265170018	42.1271
2 2 16			-0.0		-26.44		18.4		0.32719	1.1693	70.1293332912	108.6018
3 1 1			0.02		-26.42		18.36		0.32717	0.5239	28.3131072915	41.7464
3 7 3			0.0		-26.42		18.35		0.32717	0.8954	72.6346668965	71.6226
3 1 9			-0.03		-26.45		18.38		0.32701	0.36	45.2950695798	8.7768
1 3 15			-0.06		-26.5		18.44		0.32653	0.2862	67.3623786269	8.1809
4 0 12			0.09		-26.42		18.27		0.32659	2.7435	60.4154589103	161.2613
1 1 1			-0.0		-26.42		18.27		0.32658	0.5749	13.0194761966	56.7652
3 1 15			-0.05		-26.47		18.32		0.32614	0.2871	67.3554895111	7.7692
0 2 20			-0.47		-26.94		18.79		0.32655	0.4494	86.0769303832	2.8517