HKL Value		Reward		TotalReward	Chi Squared	Z Appr. 	Error	Two-Thetas	Sfs2
0 2 7			0.0		0.0		0.0		0.5	0.0	72.5085769296	0.0094
4 0 1			0.0		0.0		0.0		0.45479	0.27	58.8934376912	0.0
3 0 2			1.0		1.0		0.0		0.45479	0.46	45.0164041053	0.0
3 0 4			0.5		1.5		0.0		0.45479	0.64	50.7360354343	0.0
2 1 2			-0.96		0.54		0.01		0.4581	0.36	40.8238903893	0.1747
1 -1 2			0.1		0.64		0.01		0.4567	0.39	32.1995090242	11.6912
3 1 2			0.12		0.76		0.01		0.45559	0.11	52.5840292854	11.6912
3 0 3			0.12		0.89		0.01		0.45666	0.33	47.4629609511	3.2424
4 0 3			0.14		1.03		0.01		0.45666	0.29	62.1413926063	0.0
3 0 0			0.13		1.16		0.01		0.45666	0.45	42.9814560157	0.0
1 0 8			0.11		1.27		0.01		0.45666	0.24	54.8685935926	0.0
0 0 7			0.1		1.37		0.01		0.45666	0.2	45.7499157105	0.0
3 0 6			0.09		1.46		0.0		0.45666	0.11	59.366558438	0.0
4 0 5			0.08		1.54		0.0		0.45666	0.26	68.3700248267	0.0
3 0 8			0.08		1.62		0.0		0.45666	0.3	70.3147352648	0.0
1 0 4			0.07		1.69		0.0		0.45666	0.08	29.3672081998	0.0
2 0 1			0.07		1.76		0.0		0.45666	0.15	29.01034049	0.0
0 0 3			0.06		1.82		0.0		0.45666	0.03	19.1797885945	0.0
2 0 5			0.06		1.88		0.0		0.45666	5.26	43.4052500519	0.0
2 0 3			0.06		1.93		0.0		0.45666	0.09	34.3920319457	0.0
2 0 7			0.05		1.99		0.0		0.45666	4.16	54.6555056564	0.0
3 2 2			-0.8		1.18		0.01		0.45545	0.0	71.9603042663	6.6617
1 0 0			0.05		1.23		0.01		0.45545	0.0	14.0285801003	0.0
1 0 6			0.05		1.28		0.01		0.45545	0.25	41.5701214249	0.0
4 1 3			0.04		1.32		0.01		0.45542	0.15	68.408649436	0.0043
3 1 0			0.04		1.35		0.01		0.45542	0.86	50.7823995615	0.002
-1 -1 2			0.03		1.39		0.01		0.45504	0.13	32.1995090242	11.6912
2 1 1			-0.02		1.37		0.01		0.45505	0.13	39.1745550983	0.4263
1 1 2			0.03		1.4		0.01		0.45476	0.52	32.1995090242	11.6912
3 1 4			-0.02		1.38		0.01		0.45455	0.33	57.7518627408	0.9567
3 1 7			-0.65		0.73		0.03		0.44566	0.32	70.7276559911	1.1017
0 1 7			0.02		0.75		0.03		0.44535	0.26	53.2385720724	8.4036
4 1 1			0.01		0.77		0.03		0.44535	0.21	65.3342299592	0.4263
1 1 4			0.02		0.79		0.03		0.44532	0.3	39.4492672371	0.9567
1 1 6			0.01		0.8		0.03		0.44571	0.38	49.5460147793	8.8974
1 1 5			-0.41		0.39		0.05		0.44315	3.06	44.2189644299	8.5457
2 2 3			0.03		0.42		0.05		0.44309	0.31	64.6616050849	6.6891
1 2 6			0.03		0.44		0.05		0.44329	0.11	69.4566609057	1.2895
0 1 5			0.02		0.46		0.05		0.44315	0.34	41.7114803244	7.6693
1 0 7			0.02		0.48		0.05		0.44325	0.54	48.0896902272	2.8781
4 1 5			0.02		0.5		0.05		0.44312	1.53	74.3771604481	7.6693
1 2 7			-0.04		0.46		0.05		0.44343	0.71	74.291810142	3.5836
3 2 0			-0.05		0.41		0.05		0.44343	0.67	70.467230504	2.2538
2 2 5			-0.07		0.34		0.06		0.44433	0.26	70.7747179536	2.8196