HKL Value		Reward		TotalReward	Chi Squared	Z Appr. 	Error	Two-Thetas	Sfs2
4 0 1			0.0		0.0		0.0		0.5	0.27	58.8934376912	0.0
3 0 2			0.0		0.0		0.0		0.49989	0.46	45.0164041053	0.0
3 0 4			-0.05		-0.05		0.0		0.49989	0.64	50.7360354343	0.0
3 0 0			1.94		1.89		0.0		0.49986	0.45	42.9814560157	0.0
1 0 8			-0.68		1.21		0.0		0.49986	0.24	54.8685935926	0.0
0 0 4			-1.0		0.21		0.0		0.49524	0.08	25.6679215219	1.7476
4 0 3			0.2		0.41		0.0		0.49524	0.29	62.1413926063	0.0
0 0 7			0.17		0.57		0.0		0.49524	0.2	45.7499157105	0.0
3 0 8			0.14		0.72		0.0		0.49524	0.3	70.3147352648	0.0
3 0 6			0.12		0.84		0.0		0.49524	0.11	59.366558438	0.0
1 1 2			-1.0		-0.16		0.04		0.48632	0.52	32.1995090242	11.6912
4 0 5			0.1		-0.06		0.03		0.48632	0.26	68.3700248267	0.0
3 1 4			-0.07		-0.13		0.03		0.48508	0.33	57.7518627408	0.9567
2 0 1			0.08		-0.04		0.03		0.48508	0.15	29.01034049	0.0
1 0 4			0.08		0.03		0.03		0.48508	0.08	29.3672081998	0.0
2 0 3			0.07		0.11		0.03		0.48508	0.09	34.3920319457	0.0
0 0 3			0.07		0.17		0.03		0.48508	0.03	19.1797885945	0.0
2 0 5			0.06		0.24		0.02		0.48508	5.26	43.4052500519	0.0
2 0 7			0.06		0.29		0.02		0.48508	4.16	54.6555056564	0.0
1 0 0			0.06		0.35		0.02		0.48508	0.0	14.0285801003	0.0
3 1 0			0.05		0.4		0.02		0.48508	0.86	50.7823995615	0.002
1 0 6			0.05		0.45		0.02		0.48508	0.25	41.5701214249	0.0
2 0 2			-0.73		-0.28		0.07		0.49031	0.1	31.1263267788	5.5981
4 1 4			0.01		-0.27		0.07		0.43911	0.37	71.0458443611	0.4076
2 1 1			0.03		-0.24		0.07		0.43911	0.13	39.1745550983	0.4263
0 1 8			-0.1		-0.33		0.08		0.45319	2.05	59.6041295708	7.5134
1 1 7			-0.25		-0.58		0.1		0.44612	0.15	55.34320722	1.1017
-1 -1 2			0.04		-0.55		0.1		0.44628	0.13	32.1995090242	11.6912
3 1 1			-0.14		-0.68		0.11		0.44662	0.22	51.2370468789	1.4731
3 1 2			0.03		-0.65		0.11		0.44673	0.11	52.5840292854	11.6912
4 1 5			0.02		-0.63		0.11		0.44631	1.53	74.3771604481	7.6693
1 1 4			0.03		-0.6		0.1		0.44627	0.3	39.4492672371	0.9567
0 2 7			0.02		-0.58		0.1		0.44738	0.0	72.5085769296	0.0094
4 0 2			-0.23		-0.81		0.13		0.44693	0.26	60.1237214722	5.5981
3 0 3			0.01		-0.8		0.13		0.44791	0.33	47.4629609511	3.2424
0 1 7			0.02		-0.78		0.13		0.44751	0.26	53.2385720724	8.4036
2 1 8			-0.02		-0.8		0.13		0.44992	0.22	67.2524657177	7.5134
2 0 6			-0.15		-0.95		0.16		0.44741	0.73	48.8015573959	6.3028
2 0 4			-0.02		-0.97		0.16		0.44693	0.23	38.5541558059	1.7476