HKL Value		Reward		TotalReward	Chi Squared	Z Appr. 	Error	Two-Thetas	Sfs2
0 2 7			0.0		0.0		0.0		0.5	0.0	72.5085769296	0.0094
4 0 1			0.0		0.0		0.0		0.45479	0.27	58.8934376912	0.0
3 0 4			1.0		1.0		0.0		0.45479	0.64	50.7360354343	0.0
3 0 2			0.5		1.5		0.0		0.45479	0.46	45.0164041053	0.0
4 0 3			0.33		1.83		0.0		0.45479	0.29	62.1413926063	0.0
3 0 0			0.25		2.08		0.0		0.45479	0.45	42.9814560157	0.0
1 0 8			0.2		2.28		0.0		0.45479	0.24	54.8685935926	0.0
0 0 7			0.17		2.45		0.0		0.45479	0.2	45.7499157105	0.0
3 0 6			0.14		2.59		0.0		0.45479	0.11	59.366558438	0.0
4 0 5			0.13		2.72		0.0		0.45479	0.26	68.3700248267	0.0
3 0 8			0.11		2.83		0.0		0.45479	0.3	70.3147352648	0.0
1 0 4			0.1		2.93		0.0		0.45479	0.08	29.3672081998	0.0
2 0 1			0.09		3.02		0.0		0.45479	0.15	29.01034049	0.0
2 0 7			0.08		3.1		0.0		0.45479	4.16	54.6555056564	0.0
0 0 3			0.08		3.18		0.0		0.45479	0.03	19.1797885945	0.0
2 0 5			0.07		3.25		0.0		0.45479	5.26	43.4052500519	0.0
2 0 3			0.07		3.32		0.0		0.45479	0.09	34.3920319457	0.0
1 0 0			0.06		3.38		0.0		0.45479	0.0	14.0285801003	0.0
1 0 6			0.06		3.44		0.0		0.45479	0.25	41.5701214249	0.0
3 1 1			-1.0		2.44		0.03		0.45909	0.22	51.2370468789	1.4731
3 2 4			-0.29		2.15		0.04		0.44794	0.0	76.369138646	3.3351
3 1 0			0.05		2.2		0.03		0.44794	0.86	50.7823995615	0.002
3 1 2			0.04		2.24		0.03		0.44821	0.11	52.5840292854	11.6912
1 -1 2			0.04		2.29		0.03		0.44843	0.39	32.1995090242	11.6912
4 1 3			0.04		2.33		0.03		0.44843	0.15	68.408649436	0.0043
4 0 2			-0.59		1.74		0.07		0.44707	0.26	60.1237214722	5.5981
-1 -1 2			0.04		1.77		0.07		0.44731	0.13	32.1995090242	11.6912
2 1 1			0.03		1.8		0.07		0.44731	0.13	39.1745550983	0.4263
0 0 6			-0.22		1.58		0.09		0.44203	0.27	38.9249808314	6.3028
1 1 2			0.03		1.61		0.09		0.44222	0.52	32.1995090242	11.6912
3 1 4			0.03		1.64		0.08		0.44218	0.33	57.7518627408	0.9567
1 1 4			0.03		1.67		0.08		0.44218	0.3	39.4492672371	0.9567
0 1 7			0.03		1.7		0.08		0.44218	0.26	53.2385720724	8.4036
3 1 3			-0.26		1.44		0.11		0.44154	0.4	54.7770496801	12.6586
1 2 6			0.02		1.46		0.1		0.44203	0.11	69.4566609057	1.2895
1 1 6			0.01		1.47		0.1		0.44248	0.38	49.5460147793	8.8974
2 2 3			0.03		1.5		0.1		0.44245	0.31	64.6616050849	6.6891
2 2 5			-0.04		1.46		0.1		0.44365	0.26	70.7747179536	2.8196
4 1 1			0.02		1.48		0.1		0.44365	0.21	65.3342299592	0.4263
2 1 2			-0.0		1.48		0.1		0.44394	0.36	40.8238903893	0.1747
4 1 5			0.02		1.5		0.1		0.44375	1.53	74.3771604481	7.6693
-1 -1 -2			0.02		1.52		0.1		0.44386	0.31	32.1995090242	11.6912
1 2 7			-0.01		1.52		0.1		0.44428	0.71	74.291810142	3.5836
1 1 7			-0.04		1.47		0.1		0.44256	0.15	55.34320722	1.1017
3 2 0			-0.01		1.46		0.1		0.44256	0.67	70.467230504	2.2538