HKL Value		Reward		TotalReward	Chi Squared	Z Appr. 	Error	Two-Thetas	Sfs2
3 1 7			0.0		0.0		0.0		0.5	0.32	70.7276559911	1.1017
0 2 7			0.0		0.0		0.48		0.44337	0.0	72.5085769296	0.0094
-1 -1 -2			0.94		0.94		0.25		0.44356	0.31	32.1995090242	11.6912
4 0 1			0.5		1.44		0.16		0.44356	0.27	58.8934376912	0.0
3 0 2			0.33		1.77		0.12		0.44356	0.46	45.0164041053	0.0
3 0 4			0.25		2.02		0.1		0.44356	0.64	50.7360354343	0.0
4 0 3			0.2		2.22		0.08		0.44356	0.29	62.1413926063	0.0
3 0 0			0.17		2.39		0.07		0.44356	0.45	42.9814560157	0.0
3 1 3			-0.63		1.76		0.19		0.44282	0.4	54.7770496801	12.6586
2 1 1			0.11		1.87		0.17		0.44282	0.13	39.1745550983	0.4263
1 0 8			0.11		1.98		0.15		0.44282	0.24	54.8685935926	0.0
0 0 7			0.1		2.08		0.14		0.44282	0.2	45.7499157105	0.0
3 0 6			0.09		2.17		0.13		0.44282	0.11	59.366558438	0.0
4 0 5			0.08		2.25		0.12		0.44282	0.26	68.3700248267	0.0
3 0 8			0.08		2.33		0.11		0.44282	0.3	70.3147352648	0.0
2 0 1			0.07		2.4		0.1		0.44282	0.15	29.01034049	0.0
1 0 4			0.07		2.47		0.1		0.44282	0.08	29.3672081998	0.0
0 0 3			0.06		2.53		0.09		0.44282	0.03	19.1797885945	0.0
2 0 5			0.06		2.59		0.09		0.44282	5.26	43.4052500519	0.0
2 0 3			0.06		2.65		0.08		0.44282	0.09	34.3920319457	0.0
2 0 7			0.05		2.7		0.08		0.44282	4.16	54.6555056564	0.0
3 1 4			0.04		2.74		0.07		0.44279	0.33	57.7518627408	0.9567
1 0 0			0.05		2.79		0.07		0.44279	0.0	14.0285801003	0.0
1 0 6			0.05		2.84		0.07		0.44279	0.25	41.5701214249	0.0
4 1 3			0.04		2.88		0.06		0.44279	0.15	68.408649436	0.0043
3 1 2			0.03		2.91		0.06		0.44298	0.11	52.5840292854	11.6912
1 1 2			0.03		2.94		0.06		0.44316	0.52	32.1995090242	11.6912
1 -1 2			0.03		2.97		0.06		0.44334	0.39	32.1995090242	11.6912
-1 -1 2			0.03		2.99		0.06		0.4435	0.13	32.1995090242	11.6912
3 1 0			0.03		3.03		0.06		0.4435	0.86	50.7823995615	0.002
3 0 7			0.03		3.05		0.05		0.44366	0.18	64.5726747292	2.8781
2 2 5			-0.09		2.97		0.06		0.44527	0.26	70.7747179536	2.8196
1 1 4			0.03		2.99		0.06		0.44522	0.3	39.4492672371	0.9567
2 1 4			-0.13		2.86		0.07		0.44575	2.11	46.9440445598	0.4076
1 1 6			0.02		2.88		0.07		0.44613	0.38	49.5460147793	8.8974
2 2 3			0.02		2.91		0.06		0.44593	0.31	64.6616050849	6.6891
4 1 1			0.02		2.93		0.06		0.44594	0.21	65.3342299592	0.4263
0 1 7			0.02		2.95		0.06		0.44565	0.26	53.2385720724	8.4036
1 2 6			0.03		2.98		0.06		0.44551	0.11	69.4566609057	1.2895
4 1 5			0.02		2.99		0.06		0.44529	1.53	74.3771604481	7.6693
1 2 7			-0.02		2.97		0.06		0.44566	0.71	74.291810142	3.5836
3 1 5			-0.24		2.73		0.08		0.44364	0.09	61.4399691436	8.5457
3 0 3			-0.04		2.7		0.08		0.4445	0.33	47.4629609511	3.2424