HKL Value		Reward		TotalReward	Chi Squared	Z Appr. 	Error	Two-Thetas	Sfs2
4 0 3			0.0		0.0		0.0		0.5	0.29	62.1413926063	0.0
0 2 7			0.0		0.0		0.0		0.45479	0.0	72.5085769296	0.0094
4 0 1			1.0		1.0		0.0		0.45479	0.27	58.8934376912	0.0
3 0 2			0.5		1.5		0.0		0.45479	0.46	45.0164041053	0.0
3 0 4			0.33		1.83		0.0		0.45479	0.64	50.7360354343	0.0
3 0 0			0.25		2.08		0.0		0.45479	0.45	42.9814560157	0.0
1 0 8			0.2		2.28		0.0		0.45479	0.24	54.8685935926	0.0
0 0 7			0.17		2.45		0.0		0.45479	0.2	45.7499157105	0.0
3 0 6			0.14		2.59		0.0		0.45479	0.11	59.366558438	0.0
4 0 5			0.13		2.72		0.0		0.45479	0.26	68.3700248267	0.0
4 0 2			-1.0		1.72		0.11		0.44903	0.26	60.1237214722	5.5981
3 0 8			0.1		1.82		0.1		0.44903	0.3	70.3147352648	0.0
1 0 4			0.09		1.91		0.1		0.44903	0.08	29.3672081998	0.0
2 0 1			0.08		1.99		0.09		0.44903	0.15	29.01034049	0.0
0 0 3			0.08		2.07		0.08		0.44903	0.03	19.1797885945	0.0
2 0 3			0.07		2.14		0.08		0.44903	0.09	34.3920319457	0.0
2 0 5			0.07		2.21		0.07		0.44903	5.26	43.4052500519	0.0
4 0 6			-0.32		1.89		0.1		0.44182	0.38	72.4962488704	6.3028
2 0 7			0.06		1.95		0.1		0.44182	4.16	54.6555056564	0.0
1 0 0			0.06		2.01		0.09		0.44182	0.0	14.0285801003	0.0
1 0 6			0.05		2.06		0.09		0.44182	0.25	41.5701214249	0.0
3 1 0			0.05		2.11		0.08		0.44182	0.86	50.7823995615	0.002
3 1 2			0.04		2.14		0.08		0.44201	0.11	52.5840292854	11.6912
4 0 0			-0.43		1.72		0.14		0.44201	0.08	58.4798162983	46.4355
4 1 3			0.04		1.76		0.14		0.44201	0.15	68.408649436	0.0043
1 -1 2			0.04		1.79		0.13		0.44222	0.39	32.1995090242	11.6912
-1 -1 2			0.03		1.83		0.13		0.44241	0.13	32.1995090242	11.6912
2 1 1			0.03		1.86		0.12		0.44242	0.13	39.1745550983	0.4263
1 1 2			0.03		1.89		0.12		0.44261	0.52	32.1995090242	11.6912
3 1 4			0.03		1.92		0.12		0.44257	0.33	57.7518627408	0.9567
1 1 4			0.03		1.96		0.11		0.44256	0.3	39.4492672371	0.9567
0 1 7			0.03		1.99		0.11		0.44251	0.26	53.2385720724	8.4036
1 1 6			0.02		2.01		0.11		0.44309	0.38	49.5460147793	8.8974
1 2 6			0.03		2.04		0.1		0.44335	0.11	69.4566609057	1.2895
4 1 1			0.02		2.06		0.1		0.44334	0.21	65.3342299592	0.4263
2 2 3			0.03		2.09		0.1		0.44327	0.31	64.6616050849	6.6891
-1 -1 -2			0.02		2.12		0.1		0.4434	0.31	32.1995090242	11.6912
3 0 3			-0.03		2.09		0.1		0.4446	0.33	47.4629609511	3.2424
4 1 5			0.02		2.11		0.1		0.44439	1.53	74.3771604481	7.6693
3 2 0			-0.02		2.09		0.1		0.44439	0.67	70.467230504	2.2538
1 2 7			-0.0		2.09		0.1		0.44481	0.71	74.291810142	3.5836
2 2 5			-0.02		2.07		0.1		0.446	0.26	70.7747179536	2.8196