Number of epochs: 250e-01
6.762442189607924259e-02
-2.882653235116297563e-01
-2.339844503059931857e-01
1.301406588786456486e-01
-2.718132533997632549e-01
-4.051581151018642801e-01
-1.058808455234370172e-01
-2.747265333776467977e-01
-3.286111685354036090e-03
-6.118483058297293636e-02
4.362813310034615810e+00
5.368458338236334337e-02
-2.094091602718985146e-01
7.751502268396837092e-02
-8.072818128076461597e-02
4.686566963959273857e-02
-2.065162437459483469e-01
1.585024375862103818e-01
9.907271681669068894e-03
-3.279209981789518169e-01
-5.968993520136749338e-03
-3.091708831426947524e-01
-1.463469811588430196e-02
-2.594423020551063774e-01
-1.662983238512861367e-02
-2.837715651909738374e-02
-4.256968128741586144e-01
7.349274798691085575e-02
-4.047118442514560099e-01
6.157538119663193837e-02
-5.541938825452119577e-02
6.377116820759910765e-02
-2.984979816970181332e-01
5.881359789570294455e-02
-2.725890294810496828e-01
1.175711961930502210e-02
-2.292384922045559159e-01
-1.559966844804715480e-01
-3.053205569900224736e-01
-9.183207199225039419e-02
-6.652719414631931560e-02
-1.574399049312193849e-02
-3.229764124976967077e-01
-4.122598057504937158e-02
-1.517004472960502282e-01
1.915455226766952235e-01
-1.400543494037905234e-01
7.233943753200705595e-01
-3.846234921746403274e-02
3.144799780545947110e-01
-1.293571558389928211e-01
1.085935596943249787e-01
-1.623703930032550646e-01
8.645090073478363391e-02
1.530373882109092518e-02
-2.094470610301475411e-01
1.167880326417801082e-02
-3.457126342799229923e-01
7.588502620135751352e-03
-3.265787044998081923e-01
-2.313234341611172251e-01
-3.601909328581742731e-02
-3.248184784664586156e-01
-1.277514815155147421e-01
-3.013639480664546122e-01
-1.042340058506817657e-01
-3.368478299536616927e-01
8.620527405231181994e-01
-4.299261063283745243e-01
2.384844424350040237e-01
-1.241892738068545721e-01
1.003194735344666577e-01
-3.068414976520005832e-01
-2.066638302195694110e-01
-4.974064529100356673e-03
1.676536670967712292e-02
-2.382993829826728915e-01
-2.805155645161535802e-02
-2.977402855778389923e-01
1.497049093338729403e-02
-4.577674456051315094e-02
1.112986597017977600e-02
-2.641895644910960406e-01
-1.354299087453945394e-01
