Number of epochs: 150e-01
6.818602785566088564e-02
-2.845270743387511847e-01
-1.800206092366735955e-01
1.242813096292904318e-01
-2.102427167724011947e-01
-5.015678368625345884e-01
-1.333856528039446265e-01
-2.498988953967703208e-01
-1.062155830975576414e-02
-5.650268036393790716e-02
4.472725473388903694e+00
5.296161409035920337e-02
-2.456702912749227918e-01
7.691436423197006711e-02
-1.079212260652349098e-01
4.111286419116094715e-02
-2.515997539253517212e-01
1.630931274059814473e-01
-7.599854223744624895e-03
-2.516411221320190017e-01
3.185322050288067527e-03
-2.260459647352434931e-01
-4.100145345600137575e-02
-2.365874239014678082e-01
-2.456166843713267559e-02
-3.066990354866147919e-02
-4.081377919829966561e-01
7.495604906296658709e-02
-3.660489013129338276e-01
6.272136872346666114e-02
-5.576484363417281986e-02
6.415568263658616432e-02
-2.567215564470203271e-01
5.360753343006821603e-02
-2.409623822521358150e-01
2.426496046284479929e-03
-2.534137756513399342e-01
-1.265560270529235698e-01
-3.056091040694174366e-01
-1.175647138013555665e-01
-5.498369456535098093e-02
-9.832932821430375933e-03
-2.909006308249943440e-01
-5.745828585971361757e-02
-1.013865021959088203e-01
1.922419074917050275e-01
-1.822155662268704901e-01
7.193691436504643377e-01
-3.314352743488000602e-02
2.781488302542652336e-01
-1.949537915594235504e-01
1.038156609547809389e-01
-1.434605743216260665e-01
8.342109671261312143e-02
1.135390605386829913e-02
-2.130686913763363277e-01
-5.025050963928591116e-03
-2.442536995878422657e-01
-1.175085901274606354e-02
-2.569844842975871901e-01
-2.060221416818425466e-01
-4.695371089392496450e-02
-3.294334687214015567e-01
-1.193841686463106982e-01
-2.661939206534749136e-01
-8.324662586755321447e-02
-2.435969729731700673e-01
9.066682602586887407e-01
-3.754136962336965810e-01
2.317467405933378577e-01
-1.069692732923559902e-01
9.285020932798636328e-02
-2.787965101577619675e-01
-1.689746225344130326e-01
-9.406099300107158973e-03
-6.132980668908974767e-03
-1.526183602664245575e-01
-2.681903037848647545e-02
-2.938970148796636872e-01
8.104150338990707969e-03
-1.114090190636122940e-01
-9.452274541932585705e-03
-2.601328524492870775e-01
-9.746763102851786764e-02
