Number of epochs: 325e-01
7.140272930475853597e-02
-2.924754014879015207e-01
-2.457703140921380924e-01
1.312724200872676383e-01
-2.682751238790225812e-01
-4.063688251560182430e-01
-9.266385690367419381e-02
-3.131314984155750825e-01
-1.015882740029692977e-03
-5.306548623275976484e-02
3.853576499552275436e+00
5.424517861767027410e-02
-2.082424165829093454e-01
7.790862682349647406e-02
-6.711652118930343247e-02
5.021269425329217412e-02
-1.936991456070371043e-01
1.585442583312201559e-01
1.080477095787210455e-02
-3.531471329070771659e-01
1.631677370814659358e-03
-3.119794800098002474e-01
-6.856125092929080470e-03
-2.734079721080352465e-01
-1.078249981862135914e-02
-3.584182032041888927e-02
-4.418639222441471670e-01
7.826826477121870407e-02
-4.474190832506364512e-01
6.120582711319673408e-02
-6.858500611627607602e-02
6.393945578483538339e-02
-3.149338446592069296e-01
6.034375512662877583e-02
-2.767044989881625727e-01
7.649007578873783311e-03
-2.019256686423708536e-01
-1.939921822654531169e-01
-3.250405214598462988e-01
-8.720558808134480644e-02
-6.069515291952398001e-02
-1.199951086039753589e-02
-3.337134014405376825e-01
-3.695786730017204536e-02
-1.671001787042332154e-01
1.931606517861203243e-01
-1.138875139229649225e-01
7.226775367639259873e-01
-3.514875660497671778e-02
3.310647115138352636e-01
-9.377479893395056221e-02
1.108894273691900939e-01
-1.687931349439589224e-01
8.788528420708259514e-02
1.846140325310121830e-02
-2.419099924351964803e-01
1.388217012112519418e-02
-3.672577730245726868e-01
6.291653475636509694e-03
-3.817447408163820999e-01
-2.284487031330656448e-01
-3.640459303293333559e-02
-3.228082293530883384e-01
-1.418751153704270462e-01
-3.161901478889461159e-01
-1.560010250184376834e-01
-3.829165441234747003e-01
8.507588954048672658e-01
-4.599695262983197752e-01
2.480536991379188316e-01
-1.431300521403139625e-01
1.006370307019013449e-01
-3.244024454480351483e-01
-2.109000222129923385e-01
-1.051399865118048810e-02
1.370096208728445279e-02
-2.350751527618857861e-01
-2.251920429232770818e-02
-3.148161919879403636e-01
1.330480860129723206e-02
-2.156255780038263473e-02
1.379504233812382449e-02
-2.647084501013451940e-01
-1.611354388715260655e-01
