HKL Value		Reward		TotalReward	Chi Squared	Z Appr. 	Error	Two-Thetas	Sfs2
2 4 10			0.0		0.0		0.0		0.3	0.607	57.0555982332	12.0937
1 3 15			0.0		0.0		4.75		0.34821	0.2862	67.3623786269	8.1809
3 7 1			2.17		2.17		5.04		0.34804	1.2822	71.5694631273	22.2453
3 1 13			1.98		4.15		5.67		0.34812	0.3869	59.4126405656	11.7895
7 3 1			2.14		6.29		5.56		0.34794	0.5095	71.5359286583	22.1332
4 6 0			2.61		8.89		4.46		0.34794	0.7863	67.1083315067	59.4729
4 2 12			2.53		11.42		4.14		0.36238	0.2244	63.468523569	4.7972
0 6 10			2.44		13.86		4.18		0.36138	0.8527	69.1637693973	8.5049
0 6 16			2.73		16.59		3.67		0.36206	0.4825	89.3859051251	7.6515
2 4 12			2.78		19.38		3.39		0.36144	0.2205	63.4791913795	4.8908
2 0 2			1.68		21.05		5.65		0.36128	0.6502	19.2320929378	35.9547
2 2 4			1.04		22.1		9.68		0.36073	0.7551	29.4672289371	73.6026
6 0 12			1.8		23.9		8.87		0.36072	0.5892	74.995462768	0.9301
0 6 14			1.81		25.7		8.37		0.35999	0.9096	81.7552219026	27.2955
2 4 14			1.88		27.58		7.82		0.35968	0.5221	70.6383718296	19.4111
6 0 0			1.85		29.43		7.61		0.35968	0.7256	54.7363985401	55.434
3 5 1			1.72		31.14		7.96		0.35952	0.5283	53.2544885252	31.9012
1 1 13			1.88		33.02		7.58		0.36055	0.3722	52.9310122384	10.9703
0 6 2			1.9		34.93		7.28		0.36064	0.2356	55.3895592761	6.1752
0 6 0			1.87		36.79		7.24		0.36064	1.4277	54.7714555341	59.4019
3 1 3			1.62		38.41		8.1		0.36021	1.2003	30.3814370344	67.5761
7 1 3			1.51		39.93		9.07		0.35968	1.4031	66.8553232335	91.2915
4 4 10			1.5		41.42		9.78		0.36103	0.6886	66.23802526	47.6672