HKL Value		Reward		TotalReward	Chi Squared	Z Appr. 	Error	Two-Thetas	Sfs2
1 3 15			0.0		0.0		0.0		0.3	0.2862	67.3623786269	8.1809
2 4 10			0.0		0.0		4.75		0.34821	0.607	57.0555982332	12.0937
4 6 0			3.91		3.91		2.39		0.34821	0.7863	67.1083315067	59.4729
3 7 1			2.48		6.39		3.37		0.34804	1.2822	71.5694631273	22.2453
0 6 16			3.02		9.42		2.95		0.34752	0.4825	89.3859051251	7.6515
4 2 12			2.49		11.91		3.58		0.36148	0.2244	63.468523569	4.7972
3 1 13			3.0		14.91		3.05		0.36239	0.3869	59.4126405656	11.7895
6 0 12			3.2		18.11		2.63		0.36229	0.5892	74.995462768	0.9301
7 3 1			2.71		20.81		3.12		0.36218	0.5095	71.5359286583	22.1332
2 4 12			2.99		23.8		2.91		0.36164	0.2205	63.4791913795	4.8908
0 6 10			2.82		26.63		3.05		0.36132	0.8527	69.1637693973	8.5049
2 4 14			3.0		29.63		2.87		0.36078	0.5221	70.6383718296	19.4111
3 3 15			3.07		32.7		2.72		0.36112	0.3402	73.0835579415	3.8877
0 6 14			3.04		35.75		2.71		0.36049	0.9096	81.7552219026	27.2955
0 6 2			3.07		38.81		2.67		0.36058	0.2356	55.3895592761	6.1752
6 0 0			2.95		41.76		2.81		0.36058	0.7256	54.7363985401	55.434
1 1 13			3.09		44.85		2.68		0.36133	0.3722	52.9310122384	10.9703
0 6 0			2.87		47.72		2.91		0.36133	1.4277	54.7714555341	59.4019
3 5 1			2.54		50.26		3.49		0.36123	0.5283	53.2544885252	31.9012
3 5 9			2.55		52.81		3.69		0.36015	0.4755	65.0802252419	19.5165