HKL Value		Reward		TotalReward	Chi Squared	Z Appr. 	Error	Two-Thetas	Sfs2
1 3 15			0.0		0.0		0.0		0.3	0.2862	67.3623786269	8.1809
2 4 10			0.0		0.0		4.75		0.34821	0.607	57.0555982332	12.0937
4 6 0			3.91		3.91		2.39		0.34821	0.7863	67.1083315067	59.4729
3 7 1			2.48		6.39		3.37		0.34804	1.2822	71.5694631273	22.2453
3 1 13			2.23		8.62		4.26		0.34812	0.3869	59.4126405656	11.7895
0 2 20			2.83		11.46		3.54		0.34752	0.4494	86.0769303832	2.8517
0 6 16			2.88		14.33		3.2		0.3471	0.4825	89.3859051251	7.6515
7 3 1			2.61		16.95		3.48		0.34699	0.5095	71.5359286583	22.1332
4 2 12			2.92		19.86		3.13		0.36268	0.2244	63.468523569	4.7972
0 6 10			2.72		22.58		3.29		0.36256	0.8527	69.1637693973	8.5049
7 1 1			2.34		24.92		4.0		0.36248	0.5207	65.7483230412	25.2044
6 0 12			2.7		27.62		3.65		0.3624	0.5892	74.995462768	0.9301
2 4 12			2.74		30.36		3.45		0.36197	0.2205	63.4791913795	4.8908
2 4 14			2.8		33.16		3.28		0.36135	0.5221	70.6383718296	19.4111
2 0 16			2.88		36.05		3.1		0.36225	0.5935	67.2372591268	11.8907
0 6 14			2.84		38.88		3.11		0.36177	0.9096	81.7552219026	27.2955
6 0 0			2.77		41.65		3.21		0.36177	0.7256	54.7363985401	55.434
0 6 2			2.84		44.49		3.14		0.36183	0.2356	55.3895592761	6.1752
1 1 13			2.94		47.42		2.99		0.36212	0.3722	52.9310122384	10.9703
3 5 1			2.53		49.95		3.53		0.36207	0.5283	53.2544885252	31.9012
0 6 0			2.57		52.52		3.68		0.36207	1.4277	54.7714555341	59.4019
3 5 9			2.48		55.0		3.9		0.36143	0.4755	65.0802252419	19.5165