HKL Value		Reward		TotalReward	Chi Squared	Z Appr. 	Error	Two-Thetas	Sfs2
1 3 15			0.0		0.0		0.0		0.3	0.2862	67.3623786269	8.1809
2 4 10			0.0		0.0		4.75		0.34821	0.607	57.0555982332	12.0937
4 6 0			3.91		3.91		2.39		0.34821	0.7863	67.1083315067	59.4729
3 7 1			2.48		6.39		3.37		0.34804	1.2822	71.5694631273	22.2453
0 6 16			3.02		9.42		2.95		0.34752	0.4825	89.3859051251	7.6515
6 0 12			2.63		12.04		3.36		0.36212	0.5892	74.995462768	0.9301
4 2 12			2.99		15.04		2.99		0.36134	0.2244	63.468523569	4.7972
3 1 13			3.18		18.22		2.63		0.36228	0.3869	59.4126405656	11.7895
2 4 12			3.24		21.45		2.46		0.36178	0.2205	63.4791913795	4.8908
0 0 22			3.18		24.64		2.47		0.36242	2.2765	94.0325860765	137.6091
7 3 1			2.84		27.48		2.87		0.36234	0.5095	71.5359286583	22.1332
0 6 10			2.84		30.31		3.02		0.3622	0.8527	69.1637693973	8.5049
2 4 14			2.98		33.3		2.88		0.36183	0.5221	70.6383718296	19.4111
3 5 1			2.41		35.71		3.69		0.36174	0.5283	53.2544885252	31.9012
0 6 14			2.64		38.34		3.63		0.36131	0.9096	81.7552219026	27.2955
0 6 2			2.68		41.03		3.54		0.36137	0.2356	55.3895592761	6.1752
5 3 7			2.73		43.75		3.43		0.3614	0.2523	60.5057581853	5.4388
1 1 13			2.81		46.57		3.26		0.36176	0.3722	52.9310122384	10.9703
6 0 0			2.72		49.29		3.33		0.36176	0.7256	54.7363985401	55.434
0 6 0			2.63		51.92		3.5		0.36176	1.4277	54.7714555341	59.4019
3 5 9			2.54		54.45		3.73		0.36118	0.4755	65.0802252419	19.5165