HKL Value		Reward		TotalReward	Chi Squared	Z Appr. 	Error	Two-Thetas	Sfs2
1 3 15			0.0		0.0		0.0		0.3	0.2862	67.3623786269	8.1809
2 4 10			0.0		0.0		4.75		0.34821	0.607	57.0555982332	12.0937
4 6 0			3.91		3.91		2.39		0.34821	0.7863	67.1083315067	59.4729
3 7 1			2.48		6.39		3.37		0.34804	1.2822	71.5694631273	22.2453
0 6 16			3.02		9.42		2.95		0.34752	0.4825	89.3859051251	7.6515
4 2 12			2.49		11.91		3.58		0.36148	0.2244	63.468523569	4.7972
3 1 13			3.0		14.91		3.05		0.36239	0.3869	59.4126405656	11.7895
7 3 1			2.53		17.44		3.55		0.36228	0.5095	71.5359286583	22.1332
6 0 12			2.94		20.38		3.12		0.36218	0.5892	74.995462768	0.9301
0 6 10			2.73		23.11		3.27		0.36194	0.8527	69.1637693973	8.5049
3 3 3			1.74		24.86		5.39		0.36135	0.8081	39.7679129272	70.9373
2 4 12			2.32		27.18		4.98		0.36063	0.2205	63.4791913795	4.8908
2 4 14			2.4		29.58		4.63		0.36018	0.5221	70.6383718296	19.4111
0 6 14			2.41		31.99		4.44		0.35967	0.9096	81.7552219026	27.2955
1 1 9			2.53		34.52		4.13		0.35958	0.2216	37.1193146943	1.1702
6 0 0			2.44		36.96		4.17		0.35958	0.7256	54.7363985401	55.434
0 6 2			2.51		39.47		4.05		0.35967	0.2356	55.3895592761	6.1752
1 1 13			2.57		42.04		3.89		0.3606	0.3722	52.9310122384	10.9703
0 6 0			2.45		44.5		4.04		0.3606	1.4277	54.7714555341	59.4019
5 1 13			2.58		47.08		3.87		0.36125	0.4567	71.2764535317	11.3258
3 5 1			2.3		49.37		4.34		0.36117	0.5283	53.2544885252	31.9012
3 5 9			2.33		51.7		4.49		0.36025	0.4755	65.0802252419	19.5165
2 2 4			1.59		53.29		6.55		0.35997	0.7551	29.4672289371	73.6026