HKL Value		Reward		TotalReward	Chi Squared	Z Appr. 	Error	Two-Thetas	Sfs2
1 3 15			0.0		0.0		0.0		0.3	0.2862	67.3623786269	8.1809
2 4 10			0.0		0.0		4.75		0.34821	0.607	57.0555982332	12.0937
4 6 0			3.91		3.91		2.39		0.34821	0.7863	67.1083315067	59.4729
0 2 18			3.17		7.08		2.46		0.35165	0.3755	76.3208597895	3.7538
3 7 1			2.57		9.65		3.26		0.35155	1.2822	71.5694631273	22.2453
0 6 16			2.77		12.42		3.25		0.35114	0.4825	89.3859051251	7.6515
3 1 13			2.43		14.85		3.82		0.35129	0.3869	59.4126405656	11.7895
7 3 1			2.42		17.28		4.06		0.35121	0.5095	71.5359286583	22.1332
4 2 12			2.96		20.23		3.28		0.36234	0.2244	63.468523569	4.7972
5 3 9			2.38		22.61		3.92		0.36053	0.4833	65.0662013285	20.8409
6 0 12			2.76		25.37		3.53		0.36056	0.5892	74.995462768	0.9301
0 6 10			2.63		27.99		3.58		0.35999	0.8527	69.1637693973	8.5049
2 4 12			2.81		30.81		3.31		0.35915	0.2205	63.4791913795	4.8908
2 4 14			2.89		33.7		3.1		0.35891	0.5221	70.6383718296	19.4111
1 1 9			3.0		36.7		2.88		0.35887	0.2216	37.1193146943	1.1702
0 6 14			3.0		39.7		2.82		0.35863	0.9096	81.7552219026	27.2955
6 0 0			2.89		42.59		2.93		0.35863	0.7256	54.7363985401	55.434
0 6 2			2.94		45.53		2.9		0.3587	0.2356	55.3895592761	6.1752
1 1 13			2.97		48.5		2.86		0.35976	0.3722	52.9310122384	10.9703
3 5 1			2.58		51.08		3.4		0.35962	0.5283	53.2544885252	31.9012
2 2 16			2.44		53.52		3.86		0.3629	1.1693	70.1293332912	108.6018
0 6 0			2.48		56.0		3.98		0.3629	1.4277	54.7714555341	59.4019