HKL Value		Reward		TotalReward	Chi Squared	Z Appr. 	Error	Two-Thetas	Sfs2
1 3 15			0.0		0.0		0.0		0.3	0.2862	67.3623786269	8.1809
2 4 10			0.0		0.0		4.75		0.34821	0.607	57.0555982332	12.0937
0 2 2			0.35		0.35		14.98		0.34795	0.4614	19.2417464495	36.8131
4 6 0			2.25		2.6		10.0		0.34795	0.7863	67.1083315067	59.4729
3 7 1			1.86		4.46		8.83		0.34779	1.2822	71.5694631273	22.2453
4 0 14			0.75		5.21		13.98		0.35539	1.986	67.7459682929	124.3248
0 6 16			1.66		6.87		12.21		0.35888	0.4825	89.3859051251	7.6515
6 0 12			1.78		8.66		10.49		0.35952	0.5892	74.995462768	0.9301
4 2 12			1.84		10.5		9.21		0.35911	0.2244	63.468523569	4.7972
3 1 13			1.85		12.34		8.42		0.36016	0.3869	59.4126405656	11.7895
2 4 12			1.94		14.29		7.62		0.35974	0.2205	63.4791913795	4.8908
7 3 1			1.85		16.13		7.5		0.35963	0.5095	71.5359286583	22.1332
0 6 10			1.91		18.04		7.21		0.35938	0.8527	69.1637693973	8.5049
2 4 14			2.02		20.06		6.7		0.35922	0.5221	70.6383718296	19.4111
0 6 14			2.04		22.11		6.36		0.35901	0.9096	81.7552219026	27.2955
0 6 2			2.07		24.18		6.1		0.35908	0.2356	55.3895592761	6.1752
6 0 0			2.06		26.24		6.01		0.35908	0.7256	54.7363985401	55.434
1 1 13			2.13		28.37		5.77		0.35977	0.3722	52.9310122384	10.9703
0 6 0			2.07		30.43		5.81		0.35977	1.4277	54.7714555341	59.4019
3 5 1			1.94		32.37		6.2		0.35968	0.5283	53.2544885252	31.9012
3 5 9			2.01		34.38		6.19		0.35883	0.4755	65.0802252419	19.5165
1 1 9			2.12		36.5		5.89		0.35881	0.2216	37.1193146943	1.1702
3 1 15			2.09		38.59		5.8		0.35904	0.2871	67.3554895111	7.7692
6 4 2			2.13		40.73		5.65		0.35904	0.2211	67.6401768609	4.8049
6 0 8			2.19		42.91		5.44		0.35873	2.9234	64.163237895	5.3359
1 3 13			2.19		45.1		5.32		0.35939	0.3907	59.4200243294	11.5335
2 4 8			2.23		47.34		5.16		0.35899	0.1687	51.4325245866	2.4593
0 6 12			2.28		49.62		4.97		0.35899	0.3425	75.0250979777	1.887
3 3 9			2.29		51.91		4.86		0.35861	0.3816	52.4524123761	12.0632
6 0 2			2.31		54.22		4.76		0.35864	0.2214	55.354768557	5.4487
0 2 8			2.36		56.59		4.6		0.35868	0.1155	35.7619852008	1.7384
0 0 22			2.31		58.89		4.65		0.35988	2.2765	94.0325860765	137.6091
2 2 4			1.77		60.67		6.06		0.35977	0.7551	29.4672289371	73.6026
4 6 6			2.09		62.76		5.88		0.35984	1.1903	71.9781772466	41.9784
2 0 4			1.46		64.22		7.87		0.35999	1.3874	23.4143586184	109.347
6 0 6			1.83		66.05		7.7		0.35978	1.0815	60.1501886982	39.9969
0 4 20			1.82		67.87		7.65		0.36121	1.027	94.1654323607	18.6345
5 3 9			1.8		69.67		7.68		0.36099	0.4833	65.0662013285	20.8409
4 0 8			1.17		70.84		10.41		0.36157	2.9483	47.8850437629	244.3799
6 4 0			1.61		72.45		10.14		0.36157	1.8287	67.0910631577	58.6803
6 2 10			1.52		73.97		10.39		0.36184	0.7103	71.9901825081	43.9921
1 5 1			1.54		75.51		10.43		0.36181	0.4978	46.196563203	27.3004
3 1 9			1.59		77.1		10.24		0.36169	0.36	45.2950695798	8.7768
2 2 16			1.56		78.66		10.25		0.36248	1.1693	70.1293332912	108.6018
2 4 0			1.54		80.2		10.33		0.36248	1.4359	40.0960076051	88.2765
5 3 1			1.54		81.74		10.42		0.36245	0.5252	53.2386121167	32.835