HKL Value		Reward		TotalReward	Chi Squared	Z Appr. 	Error	Two-Thetas	Sfs2
1 3 15			0.0		0.0		0.0		0.3	0.2862	67.3623786269	8.1809
2 4 10			0.0		0.0		4.75		0.34821	0.607	57.0555982332	12.0937
4 6 0			3.91		3.91		2.39		0.34821	0.7863	67.1083315067	59.4729
3 7 1			2.48		6.39		3.37		0.34804	1.2822	71.5694631273	22.2453
0 6 16			3.02		9.42		2.95		0.34752	0.4825	89.3859051251	7.6515
3 1 13			2.39		11.81		3.75		0.34756	0.3869	59.4126405656	11.7895
4 2 12			3.04		14.85		3.05		0.36239	0.2244	63.468523569	4.7972
6 0 12			3.2		18.06		2.63		0.3623	0.5892	74.995462768	0.9301
7 3 1			2.71		20.76		3.12		0.36218	0.5095	71.5359286583	22.1332
2 4 12			2.99		23.75		2.91		0.36164	0.2205	63.4791913795	4.8908
2 2 8			0.4		24.15		12.71		0.36395	1.8488	40.1384116224	216.1995
0 6 10			1.54		25.69		11.98		0.3639	0.8527	69.1637693973	8.5049
2 4 14			1.61		27.3		11.17		0.36333	0.5221	70.6383718296	19.4111
0 6 14			1.61		28.91		10.61		0.36266	0.9096	81.7552219026	27.2955
0 6 8			1.67		30.58		10.0		0.36215	0.7694	64.1950429677	5.6946
0 6 2			1.7		32.28		9.47		0.36221	0.2356	55.3895592761	6.1752
6 0 0			1.7		33.98		9.17		0.36221	0.7256	54.7363985401	55.434
1 1 13			1.78		35.76		8.64		0.36246	0.3722	52.9310122384	10.9703
0 6 0			1.73		37.5		8.52		0.36246	1.4277	54.7714555341	59.4019
5 5 1			1.74		39.24		8.4		0.3624	0.5073	65.769247456	23.9531
3 5 1			1.66		40.9		8.66		0.36233	0.5283	53.2544885252	31.9012
3 5 9			1.7		42.6		8.65		0.3617	0.4755	65.0802252419	19.5165
6 4 2			1.78		44.38		8.36		0.36171	0.2211	67.6401768609	4.8049
0 6 12			1.82		46.2		8.01		0.36158	0.3425	75.0250979777	1.887
6 0 8			1.84		48.04		7.75		0.36108	2.9234	64.163237895	5.3359
3 1 15			1.85		49.88		7.57		0.36134	0.2871	67.3554895111	7.7692
3 3 9			1.86		51.75		7.41		0.3608	0.3816	52.4524123761	12.0632
2 2 4			1.43		53.18		8.98		0.3606	0.7551	29.4672289371	73.6026
2 4 8			1.73		54.91		8.73		0.36004	0.1687	51.4325245866	2.4593
6 0 2			1.75		56.66		8.49		0.36008	0.2214	55.354768557	5.4487
1 1 9			1.79		58.45		8.21		0.36003	0.2216	37.1193146943	1.1702
5 3 11			1.4		59.85		9.66		0.36077	1.8677	70.5420870211	204.0714
0 0 22			1.65		61.5		9.47		0.36135	2.2765	94.0325860765	137.6091
1 3 11			0.99		62.49		12.78		0.36172	2.4293	52.0561920156	298.4303
0 4 20			1.46		63.95		12.44		0.3623	1.027	94.1654323607	18.6345
6 2 10			1.38		65.34		12.63		0.36259	0.7103	71.9901825081	43.9921
1 5 1			1.41		66.75		12.62		0.36257	0.4978	46.196563203	27.3004
0 2 8			1.47		68.22		12.28		0.36254	0.1155	35.7619852008	1.7384
4 6 6			1.49		69.7		11.96		0.36253	1.1903	71.9781772466	41.9784
0 0 6			0.29		69.99		22.14		0.36151	7.4326	23.0169618987	709.6598
3 1 9			1.12		71.11		21.64		0.3614	0.36	45.2950695798	8.7768
6 2 4			0.99		72.11		22.33		0.36134	0.8727	60.3342977717	77.9073
6 0 6			1.11		73.22		21.86		0.36121	1.0815	60.1501886982	39.9969
6 4 6			1.13		74.35		21.36		0.36123	0.9247	71.9614498967	41.9809
3 5 7			1.14		75.49		20.91		0.36123	0.2309	60.5203777188	5.6046
5 3 1			1.11		76.6		20.76		0.36121	0.5252	53.2386121167	32.835
4 4 10			1.09		77.69		20.82		0.36146	0.6886	66.23802526	47.6672
1 3 13			1.15		78.84		20.39		0.36158	0.3907	59.4200243294	11.5335
0 2 20			1.16		80.0		19.98		0.36169	0.4494	86.0769303832	2.8517
4 0 14			1.09		81.09		20.21		0.36133	1.986	67.7459682929	124.3248
0 4 16			1.15		82.24		19.94		0.36188	1.5557	75.7704700384	94.8658
1 5 13			1.17		83.41		19.56		0.36199	1.1973	71.2966048402	12.6128
2 2 16			1.15		84.56		19.38		0.36253	1.1693	70.1293332912	108.6018
1 1 1			1.12		85.69		19.48		0.3625	0.5749	13.0194761966	56.7652
1 3 1			1.13		86.82		19.48		0.36249	0.5324	28.3265170018	42.1271
2 0 16			1.18		88.0		19.14		0.36257	0.5935	67.2372591268	11.8907
4 2 14			1.18		89.18		18.83		0.3625	1.2576	70.6282605877	19.9713
6 4 0			1.2		90.38		18.5		0.3625	1.8287	67.0910631577	58.6803
2 4 0			1.17		91.55		18.42		0.3625	1.4359	40.0960076051	88.2765
6 0 10			1.2		92.75		18.19		0.36248	1.0728	69.1331306246	8.9056
2 0 10			1.18		93.94		18.1		0.36244	0.6169	42.9543880851	20.236
3 5 3			1.14		95.07		18.38		0.36238	0.9259	54.5093201099	87.7589
4 2 2			1.19		96.26		18.2		0.36238	0.457	40.8620305525	12.2524
1 5 7			1.21		97.47		17.93		0.36239	0.6035	54.1236034243	4.2528
3 3 7			1.22		98.69		17.66		0.3624	0.1558	47.1418707618	3.5073
3 1 7			1.23		99.92		17.41		0.36241	0.257	39.2655360855	5.205
5 1 9			1.22		101.14		17.24		0.36227	0.4583	58.9619928854	19.0838
0 6 6			1.23		102.37		17.04		0.36218	1.0147	60.183190367	40.9583
0 2 18			1.25		103.62		16.81		0.36219	0.3755	76.3208597895	3.7538
2 0 6			1.18		104.8		17.06		0.36193	1.6278	29.1406672869	128.8477
1 1 7			1.24		106.05		16.84		0.36194	0.2012	29.7561292971	6.5386
5 5 3			1.21		107.25		16.93		0.36189	0.8107	66.8760743485	64.1048
3 1 5			1.09		108.34		17.84		0.36218	2.8985	34.1781376955	186.2389
5 3 9			1.2		109.54		17.72		0.36204	0.4833	65.0662013285	20.8409
0 2 14			1.22		110.76		17.49		0.36207	0.2479	58.6982494177	6.3292
1 3 7			1.23		111.98		17.28		0.36207	0.1893	39.2755843192	5.3372
4 6 2			1.23		113.21		17.08		0.36208	0.2349	67.657370766	5.5969
5 1 7			1.24		114.45		16.88		0.36209	0.2609	54.1000446603	4.252
1 3 9			1.25		115.7		16.68		0.36202	0.2622	45.3040218183	7.1674
9 1 1			1.25		116.95		16.54		0.36201	0.8793	87.9915459652	19.6393
0 0 20			1.23		118.18		16.5		0.36303	0.4542	83.3712939521	4.3689
7 3 5			1.24		119.42		16.46		0.36313	1.0496	74.7140851895	88.0788
4 2 6			1.24		120.66		16.38		0.36303	1.6049	46.7233273538	62.1975
1 7 7			1.26		121.92		16.21		0.36303	0.4353	72.3061031614	6.1143
2 0 8			1.27		123.19		16.02		0.36303	0.1665	35.7565424018	1.5727
0 2 22			1.24		124.44		16.06		0.36306	1.8317	96.7387030121	97.213
5 1 13			1.28		125.71		15.87		0.36306	0.4567	71.2764535317	11.3258
0 2 16			1.28		127.0		15.69		0.36312	1.8687	67.2407114996	13.8307
0 0 4			1.22		128.21		15.99		0.36311	0.8482	15.2869714585	59.1035
4 0 10			1.25		129.46		16.02		0.36321	0.6243	53.7713327333	45.2096
0 2 10			1.25		130.71		16.0		0.3632	0.4317	42.9590557724	21.0204
3 1 1			1.24		131.96		16.04		0.36319	0.5239	28.3131072915	41.7464
0 2 12			1.26		133.22		15.94		0.36312	0.3827	50.6142203783	17.5707
0 0 10			1.25		134.47		15.97		0.36322	0.8316	38.8438017949	41.7013
3 3 5			1.19		135.66		16.38		0.36336	1.3995	42.8396693434	151.0913
2 4 2			1.25		136.91		16.29		0.36337	0.3828	40.8766170199	13.2501
7 1 7			1.26		138.17		16.14		0.36337	0.3505	72.2660298289	5.0526
0 6 4			1.23		139.4		16.21		0.36339	0.6675	57.2171401797	42.9768
3 3 13			1.27		140.67		16.05		0.36334	0.5636	65.4922780779	9.1158
2 0 14			1.27		141.94		15.89		0.36334	0.2634	58.6945218607	7.3942
2 0 12			1.27		143.21		15.8		0.36328	0.8079	50.6101057273	16.6151
2 6 10			1.25		144.46		15.83		0.36338	0.7069	72.0169435829	44.7171