HKL Value		Reward		TotalReward	Chi Squared	Z Appr. 	Error	Two-Thetas	Sfs2
2 4 10			0.0		0.0		0.0		0.3	0.607	57.0555982332	12.0937
1 3 15			0.0		0.0		4.75		0.34821	0.2862	67.3623786269	8.1809
3 7 1			2.17		2.17		5.04		0.34804	1.2822	71.5694631273	22.2453
3 1 13			1.98		4.15		5.67		0.34812	0.3869	59.4126405656	11.7895
7 3 1			2.14		6.29		5.56		0.34794	0.5095	71.5359286583	22.1332
4 6 0			2.61		8.89		4.46		0.34794	0.7863	67.1083315067	59.4729
4 0 2			0.14		9.03		19.53		0.34907	1.7854	36.5531212028	138.5255
4 2 12			1.65		10.68		15.94		0.3642	0.2244	63.468523569	4.7972
0 6 10			1.48		12.16		14.53		0.36406	0.8527	69.1637693973	8.5049
0 6 16			1.59		13.74		12.96		0.36283	0.4825	89.3859051251	7.6515
2 2 4			0.82		14.57		16.7		0.36259	0.7551	29.4672289371	73.6026
3 3 5			0.78		15.34		20.13		0.36433	1.3995	42.8396693434	151.0913
2 4 12			1.32		16.66		18.62		0.36413	0.2205	63.4791913795	4.8908
0 6 14			1.31		17.97		17.53		0.36328	0.9096	81.7552219026	27.2955
2 6 2			0.64		18.62		22.12		0.36381	1.2892	58.5985395934	134.3564
6 0 12			1.25		19.86		20.66		0.36377	0.5892	74.995462768	0.9301
2 4 14			1.25		21.11		19.5		0.36321	0.5221	70.6383718296	19.4111
0 2 6			1.0		22.12		20.51		0.36144	1.1672	29.1471999487	131.5155
6 0 0			1.22		23.34		19.63		0.36144	0.7256	54.7363985401	55.434
3 5 1			1.17		24.51		19.3		0.36132	0.5283	53.2544885252	31.9012
0 6 2			1.25		25.76		18.44		0.36141	0.2356	55.3895592761	6.1752
1 1 13			1.29		27.05		17.58		0.3619	0.3722	52.9310122384	10.9703
1 5 9			1.28		28.33		16.99		0.3611	0.4394	58.984264935	17.7365
0 6 0			1.28		29.61		16.53		0.3611	1.4277	54.7714555341	59.4019
3 5 9			1.29		30.9		16.15		0.36011	0.4755	65.0802252419	19.5165
6 2 4			1.05		31.95		17.48		0.35975	0.8727	60.3342977717	77.9073
4 4 10			1.16		33.1		17.76		0.36102	0.6886	66.23802526	47.6672
3 3 9			1.26		34.37		17.21		0.36017	0.3816	52.4524123761	12.0632
0 0 22			1.28		35.64		16.73		0.36135	2.2765	94.0325860765	137.6091
0 6 12			1.31		36.95		16.16		0.36123	0.3425	75.0250979777	1.887
6 0 2			1.32		38.27		15.68		0.36127	0.2214	55.354768557	5.4487
6 0 8			1.33		39.6		15.23		0.36088	2.9234	64.163237895	5.3359
0 4 20			1.35		40.95		14.82		0.3621	1.027	94.1654323607	18.6345
6 2 10			1.28		42.23		14.96		0.3625	0.7103	71.9901825081	43.9921
1 5 7			1.36		43.59		14.56		0.36251	0.6035	54.1236034243	4.2528
3 5 11			1.14		44.72		15.67		0.36262	1.8915	70.5555824797	206.4699
1 5 1			1.28		46.0		15.57		0.3626	0.4978	46.196563203	27.3004
1 1 1			1.23		47.23		15.82		0.36255	0.5749	13.0194761966	56.7652
1 3 1			1.24		48.47		15.92		0.36251	0.5324	28.3265170018	42.1271
1 5 13			1.32		49.79		15.52		0.36265	1.1973	71.2966048402	12.6128
0 0 20			1.3		51.09		15.33		0.36392	0.4542	83.3712939521	4.3689
0 6 4			1.25		52.33		15.52		0.36395	0.6675	57.2171401797	42.9768
6 0 6			1.31		53.64		15.26		0.36383	1.0815	60.1501886982	39.9969
4 2 14			1.33		54.97		14.96		0.36373	1.2576	70.6282605877	19.9713
4 0 10			1.28		56.25		15.04		0.36394	0.6243	53.7713327333	45.2096
3 5 7			1.34		57.59		14.74		0.36395	0.2309	60.5203777188	5.6046
3 1 9			1.34		58.93		14.5		0.36388	0.36	45.2950695798	8.7768
6 0 10			1.35		60.28		14.3		0.36387	1.0728	69.1331306246	8.9056
0 2 0			1.21		61.49		14.99		0.36387	1.4407	17.6394681947	177.2483
6 4 6			1.34		62.83		14.68		0.36384	0.9247	71.9614498967	41.9809
9 1 1			1.34		64.16		14.5		0.36383	0.8793	87.9915459652	19.6393
2 0 16			1.36		65.52		14.21		0.36383	0.5935	67.2372591268	11.8907
3 1 7			1.37		66.89		13.97		0.36383	0.257	39.2655360855	5.205
0 2 10			1.34		68.23		13.97		0.3638	0.4317	42.9590557724	21.0204
2 0 8			1.38		69.61		13.71		0.36378	0.1665	35.7565424018	1.5727
4 6 4			1.35		70.97		13.69		0.3638	1.0731	69.291881243	33.3045
4 2 6			1.36		72.33		13.64		0.36364	1.6049	46.7233273538	62.1975
0 2 20			1.4		73.72		13.4		0.36362	0.4494	86.0769303832	2.8517
4 6 2			1.4		75.12		13.21		0.36362	0.2349	67.657370766	5.5969
1 3 9			1.41		76.53		13.03		0.36356	0.2622	45.3040218183	7.1674
0 2 12			1.4		77.93		12.94		0.36346	0.3827	50.6142203783	17.5707
3 3 1			1.39		79.32		12.96		0.36345	0.5106	38.1558496662	33.1617
0 0 18			1.41		80.73		12.83		0.36354	0.6609	73.530655613	37.988
4 4 4			1.29		82.02		13.45		0.36351	0.8476	53.9354251327	76.9211
5 1 3			1.33		83.34		13.66		0.36345	0.9592	47.5591860667	88.1873
2 4 8			1.38		84.72		13.51		0.36333	0.1687	51.4325245866	2.4593
2 4 2			1.38		86.1		13.43		0.36334	0.3828	40.8766170199	13.2501
5 1 13			1.4		87.5		13.23		0.36333	0.4567	71.2764535317	11.3258
0 6 6			1.4		88.89		13.1		0.36325	1.0147	60.183190367	40.9583
2 0 12			1.4		90.29		13.01		0.36315	0.8079	50.6101057273	16.6151
5 3 9			1.39		91.69		12.97		0.36305	0.4833	65.0662013285	20.8409
0 0 14			1.38		93.06		13.03		0.36285	0.8389	55.4890953336	74.9432
1 7 5			1.35		94.42		13.21		0.363	1.0841	69.0835930101	99.7513
0 2 14			1.41		95.82		13.03		0.36302	0.2479	58.6982494177	6.3292
1 3 7			1.41		97.24		12.88		0.36302	0.1893	39.2755843192	5.3372
6 4 2			1.42		98.66		12.73		0.36302	0.2211	67.6401768609	4.8049
0 6 18			1.43		100.09		12.57		0.36302	0.7949	98.0280769063	1.8601
2 0 6			1.36		101.44		12.87		0.36282	1.6278	29.1406672869	128.8477
0 2 2			1.36		102.8		13.05		0.36282	0.4614	19.2417464495	36.8131
3 3 13			1.41		104.22		12.89		0.36278	0.5636	65.4922780779	9.1158
0 2 16			1.42		105.64		12.74		0.36286	1.8687	67.2407114996	13.8307
5 1 7			1.43		107.06		12.6		0.36286	0.2609	54.1000446603	4.252
0 2 18			1.43		108.5		12.46		0.36288	0.3755	76.3208597895	3.7538
5 1 9			1.43		109.93		12.39		0.36278	0.4583	58.9619928854	19.0838
1 7 1			1.42		111.35		12.37		0.36277	0.5219	65.7901743415	26.2984
3 3 15			1.45		112.8		12.24		0.36279	0.3402	73.0835579415	3.8877
0 0 2			1.3		114.1		12.92		0.36282	1.161	7.62646333295	98.931
0 4 14			1.35		115.46		13.14		0.36261	1.2337	67.7597167724	121.3788
4 2 2			1.39		116.85		13.07		0.36261	0.457	40.8620305525	12.2524
5 5 1			1.4		118.24		12.99		0.36261	0.5073	65.769247456	23.9531
0 0 10			1.38		119.62		13.05		0.36272	0.8316	38.8438017949	41.7013
0 6 8			1.41		121.03		12.93		0.36266	0.7694	64.1950429677	5.6946
7 1 3			1.36		122.38		13.11		0.36261	1.4031	66.8553232335	91.2915
1 1 15			1.39		123.77		13.08		0.36267	0.656	61.3839959686	20.6242
2 2 14			1.36		125.13		13.21		0.36248	1.0835	61.7979105177	101.9829
0 4 10			1.36		126.49		13.27		0.36261	0.9893	53.7871001638	44.1425
0 0 12			1.15		127.65		14.59		0.3621	3.2426	47.0346015839	274.3783