HKL Value		Reward		TotalReward	Chi Squared	Z Appr. 	Error	Two-Thetas	Sfs2
3 3 7			0.0		0.0		0.0		0.3	0.1558	47.1418707618	3.5073
6 2 10			0.0		0.0		14.21		0.33049	0.7103	71.9901825081	43.9921
6 0 8			3.51		3.51		7.18		0.33015	2.9234	64.163237895	5.3359
4 6 0			1.19		4.7		4.8		0.33015	0.7863	67.1083315067	59.4729
7 1 7			0.43		5.14		3.93		0.33148	0.3505	72.2660298289	5.0526
0 6 8			0.35		5.49		3.23		0.33108	0.7694	64.1950429677	5.6946
6 4 0			0.27		5.76		2.7		0.33109	1.8287	67.0910631577	58.6803
3 1 15			-4.1		1.65		6.8		0.3255	0.2871	67.3554895111	7.7692
4 6 2			0.35		2.0		6.11		0.32546	0.2349	67.657370766	5.5969
6 4 2			0.29		2.29		5.52		0.32542	0.2211	67.6401768609	4.8049
2 0 14			0.04		2.33		5.45		0.32613	0.2634	58.6945218607	7.3942
0 2 14			-0.0		2.33		5.45		0.32728	0.2479	58.6982494177	6.3292
0 6 2			0.1		2.43		5.24		0.32726	0.2356	55.3895592761	6.1752
1 7 7			0.1		2.53		5.05		0.32814	0.4353	72.3061031614	6.1143
6 0 2			0.09		2.62		4.87		0.32812	0.2214	55.354768557	5.4487
3 5 7			0.05		2.67		4.77		0.32914	0.2309	60.5203777188	5.6046
5 3 7			0.07		2.73		4.63		0.33009	0.2523	60.5057581853	5.4388
1 5 7			0.07		2.8		4.5		0.33112	0.6035	54.1236034243	4.2528
5 1 7			0.08		2.88		4.34		0.33219	0.2609	54.1000446603	4.252
4 2 8			0.85		3.73		2.64		0.34971	0.7605	51.4203212226	2.5419
2 4 8			0.05		3.79		2.53		0.35017	0.1687	51.4325245866	2.4593
3 1 5			-3.77		0.01		6.31		0.36649	2.8985	34.1781376955	186.2389
4 2 6			-0.23		-0.22		6.54		0.36306	1.6049	46.7233273538	62.1975
3 3 13			0.14		-0.08		6.26		0.3626	0.5636	65.4922780779	9.1158
5 1 13			0.13		0.05		6.0		0.36279	0.4567	71.2764535317	11.3258
3 1 13			0.12		0.17		5.76		0.36297	0.3869	59.4126405656	11.7895
1 1 13			0.11		0.28		5.54		0.36302	0.3722	52.9310122384	10.9703
1 3 13			0.1		0.38		5.34		0.36309	0.3907	59.4200243294	11.5335
1 5 13			0.09		0.48		5.15		0.36319	1.1973	71.2966048402	12.6128
0 6 6			0.01		0.49		5.12		0.36294	1.0147	60.183190367	40.9583
6 0 6			0.02		0.51		5.07		0.3627	1.0815	60.1501886982	39.9969
3 1 7			0.06		0.57		4.96		0.36272	0.257	39.2655360855	5.205
1 3 7			0.05		0.63		4.85		0.36274	0.1893	39.2755843192	5.3372
0 6 16			0.07		0.7		4.7		0.36265	0.4825	89.3859051251	7.6515
2 4 6			-0.17		0.53		4.87		0.36231	0.785	46.7364348384	64.2552
1 1 5			-3.04		-2.5		7.91		0.36301	1.9661	22.8949597146	247.5537
9 1 1			0.04		-2.47		7.83		0.36299	0.8793	87.9915459652	19.6393
1 1 15			-0.05		-2.51		7.88		0.36312	0.656	61.3839959686	20.6242
7 3 1			0.02		-2.5		7.84		0.36309	0.5095	71.5359286583	22.1332
2 6 6			-4.29		-6.79		12.14		0.36217	5.383	63.2392339525	346.2148
5 5 1			0.07		-6.72		11.99		0.36213	0.5073	65.769247456	23.9531
0 6 10			0.09		-6.62		11.81		0.36208	0.8527	69.1637693973	8.5049
6 0 10			0.08		-6.54		11.64		0.36202	1.0728	69.1331306246	8.9056
6 0 0			0.08		-6.46		11.47		0.36202	0.7256	54.7363985401	55.434
3 7 1			0.06		-6.4		11.36		0.36198	1.2822	71.5694631273	22.2453
2 0 16			0.12		-6.28		11.12		0.36223	0.5935	67.2372591268	11.8907
4 2 10			0.05		-6.23		11.02		0.36217	1.1102	57.0442200735	11.3144
5 3 9			0.02		-6.22		10.99		0.36188	0.4833	65.0662013285	20.8409
0 2 16			0.1		-6.12		10.79		0.3622	1.8687	67.2407114996	13.8307
2 4 14			0.1		-6.02		10.6		0.36208	0.5221	70.6383718296	19.4111
4 2 14			0.09		-5.93		10.42		0.36195	1.2576	70.6282605877	19.9713
0 6 0			0.04		-5.89		10.34		0.36195	1.4277	54.7714555341	59.4019
2 4 10			0.03		-5.86		10.28		0.36188	0.607	57.0555982332	12.0937
3 5 9			0.02		-5.84		10.24		0.36161	0.4755	65.0802252419	19.5165
1 1 17			-1.34		-7.18		11.57		0.35214	2.447	70.2810461715	248.4175
4 2 2			0.04		-7.14		11.5		0.35214	0.457	40.8620305525	12.2524
2 2 14			-0.2		-7.34		11.7		0.3567	1.0835	61.7979105177	101.9829
5 5 7			0.09		-7.25		11.51		0.3567	0.6639	72.2860687267	4.3062
2 4 2			0.03		-7.22		11.45		0.35679	0.3828	40.8766170199	13.2501
0 0 20			-0.41		-7.62		11.86		0.36218	0.4542	83.3712939521	4.3689
0 4 20			0.09		-7.53		11.68		0.36235	1.027	94.1654323607	18.6345
1 5 1			-0.01		-7.54		11.68		0.36234	0.4978	46.196563203	27.3004
7 1 1			0.01		-7.53		11.66		0.36233	0.5207	65.7483230412	25.2044
2 6 10			-0.13		-7.65		11.79		0.36245	0.7069	72.0169435829	44.7171
1 7 1			0.0		-7.65		11.78		0.36245	0.5219	65.7901743415	26.2984
5 1 1			0.0		-7.65		11.78		0.36243	0.5346	46.1701152	26.7419
2 2 10			-0.13		-7.78		11.91		0.36255	0.6429	46.7739448495	44.8949
0 0 10			-0.1		-7.88		12.01		0.36268	0.8316	38.8438017949	41.7013
3 3 1			-0.03		-7.91		12.04		0.36266	0.5106	38.1558496662	33.1617