HKL Value		Reward		TotalReward	Chi Squared	Z Appr. 	Error	Two-Thetas	Sfs2
0 0 20			0.0		0.0		0.0		0.3	0.4542	83.3712939521	4.3689
0 4 16			0.0		0.0		1.4		0.32041	1.5557	75.7704700384	94.8658
2 2 16			5.84		5.84		0.81		0.31951	1.1693	70.1293332912	108.6018
4 6 0			6.86		12.7		0.56		0.31951	0.7863	67.1083315067	59.4729
2 0 14			3.06		15.76		2.01		0.31772	0.2634	58.6945218607	7.3942
6 4 2			3.95		19.71		1.7		0.3176	0.2211	67.6401768609	4.8049
1 3 9			3.26		22.97		2.16		0.31571	0.2622	45.3040218183	7.1674
4 2 2			2.98		25.95		2.6		0.31564	0.457	40.8620305525	12.2524
0 0 18			3.35		29.3		2.33		0.31516	0.6609	73.530655613	37.988
0 6 0			2.86		32.16		2.8		0.31516	1.4277	54.7714555341	59.4019
5 1 1			2.71		34.87		3.18		0.31512	0.5346	46.1701152	26.7419
5 5 1			2.88		37.75		3.07		0.31509	0.5073	65.769247456	23.9531
3 1 15			2.94		40.69		2.95		0.31539	0.2871	67.3554895111	7.7692
3 5 1			2.65		43.34		3.32		0.31534	0.5283	53.2544885252	31.9012
2 0 16			2.28		45.62		4.13		0.31627	0.5935	67.2372591268	11.8907
6 2 4			2.05		47.67		5.03		0.31584	0.8727	60.3342977717	77.9073