HKL Value		Reward		TotalReward	Chi Squared	Z Appr. 	Error	Two-Thetas	Sfs2
0 4 16			0.0		0.0		0.0		0.3	1.5557	75.7704700384	94.8658
2 2 16			0.0		0.0		0.58		0.30495	1.1693	70.1293332912	108.6018
4 6 0			9.15		9.15		0.31		0.30495	0.7863	67.1083315067	59.4729
7 3 5			0.04		9.19		22.07		0.30509	1.0496	74.7140851895	88.0788
2 0 14			1.71		10.9		17.22		0.30607	0.2634	58.6945218607	7.3942
6 4 2			1.75		12.65		13.79		0.30604	0.2211	67.6401768609	4.8049
1 3 9			1.75		14.4		11.64		0.30686	0.2622	45.3040218183	7.1674
4 2 2			1.68		16.08		10.6		0.30667	0.457	40.8620305525	12.2524
0 0 18			1.69		17.78		9.89		0.31275	0.6609	73.530655613	37.988
0 6 0			1.68		19.45		9.52		0.31275	1.4277	54.7714555341	59.4019
5 1 1			1.7		21.15		9.2		0.31224	0.5346	46.1701152	26.7419
5 5 1			1.82		22.97		8.52		0.31138	0.5073	65.769247456	23.9531
3 1 15			1.83		24.8		8.08		0.31405	0.2871	67.3554895111	7.7692
3 5 1			1.77		26.57		8.04		0.3138	0.5283	53.2544885252	31.9012
3 3 13			0.87		27.44		12.49		0.31939	0.5636	65.4922780779	9.1158
2 0 16			1.51		28.95		11.99		0.31987	0.5935	67.2372591268	11.8907
6 2 4			1.34		30.28		12.57		0.31967	0.8727	60.3342977717	77.9073
4 4 4			1.3		31.58		13.2		0.31947	0.8476	53.9354251327	76.9211
2 4 14			1.49		33.07		12.59		0.31951	0.5221	70.6383718296	19.4111
2 0 12			1.41		34.48		12.58		0.31872	0.8079	50.6101057273	16.6151
3 1 9			1.48		35.96		12.2		0.3184	0.36	45.2950695798	8.7768
3 7 1			1.52		37.48		11.75		0.31838	1.2822	71.5694631273	22.2453
1 1 9			1.45		38.93		11.8		0.31768	0.2216	37.1193146943	1.1702
9 1 1			1.54		40.47		11.35		0.31767	0.8793	87.9915459652	19.6393
6 4 0			1.58		42.05		10.88		0.31767	1.8287	67.0910631577	58.6803
4 6 2			1.6		43.65		10.48		0.31766	0.2349	67.657370766	5.5969
3 5 5			0.92		44.57		14.03		0.31776	1.2751	56.9624934876	133.7285
7 3 1			1.41		45.98		13.61		0.31775	0.5095	71.5359286583	22.1332
3 5 9			1.44		47.42		13.12		0.31774	0.4755	65.0802252419	19.5165
3 3 9			1.45		48.87		12.74		0.31755	0.3816	52.4524123761	12.0632
1 5 9			1.47		50.34		12.37		0.31737	0.4394	58.984264935	17.7365
0 2 10			1.49		51.83		12.02		0.31722	0.4317	42.9590557724	21.0204
1 5 1			1.47		53.3		11.87		0.31719	0.4978	46.196563203	27.3004
7 1 1			1.49		54.79		11.69		0.31717	0.5207	65.7483230412	25.2044
6 0 8			1.51		56.3		11.43		0.31723	2.9234	64.163237895	5.3359
0 0 16			1.55		57.85		11.1		0.31724	1.3342	64.286058028	116.6634
0 6 6			1.56		59.41		10.79		0.31724	1.0147	60.183190367	40.9583
1 5 11			0.8		60.21		15.16		0.31721	1.8219	64.7342781598	204.7444
6 0 0			1.33		61.54		14.88		0.31721	0.7256	54.7363985401	55.434
6 0 2			1.35		62.89		14.56		0.3172	0.2214	55.354768557	5.4487
1 3 15			1.37		64.26		14.2		0.31731	0.2862	67.3623786269	8.1809
4 2 14			1.37		65.63		13.94		0.3174	1.2576	70.6282605877	19.9713
2 0 10			1.39		67.02		13.64		0.31728	0.6169	42.9543880851	20.236
0 2 14			1.38		68.4		13.48		0.317	0.2479	58.6982494177	6.3292
2 4 10			1.41		69.81		13.18		0.3171	0.607	57.0555982332	12.0937
0 4 20			1.41		71.23		12.98		0.31676	1.027	94.1654323607	18.6345
5 1 9			1.44		72.66		12.71		0.31666	0.4583	58.9619928854	19.0838
1 3 1			1.4		74.07		12.72		0.31662	0.5324	28.3265170018	42.1271
0 2 16			1.42		75.48		12.63		0.31702	1.8687	67.2407114996	13.8307
2 4 2			1.43		76.92		12.49		0.31701	0.3828	40.8766170199	13.2501
0 6 4			1.34		78.26		12.88		0.31698	0.6675	57.2171401797	42.9768
0 6 18			1.43		79.69		12.69		0.31643	0.7949	98.0280769063	1.8601
0 6 2			1.44		81.13		12.5		0.31642	0.2356	55.3895592761	6.1752
0 6 10			1.44		82.57		12.34		0.31668	0.8527	69.1637693973	8.5049
5 3 1			1.44		84.01		12.26		0.31666	0.5252	53.2386121167	32.835
2 4 6			1.46		85.47		12.07		0.3167	0.785	46.7364348384	64.2552
6 0 10			1.47		86.94		11.91		0.31689	1.0728	69.1331306246	8.9056
3 3 15			1.49		88.43		11.71		0.31682	0.3402	73.0835579415	3.8877
4 2 6			1.5		89.93		11.53		0.31685	1.6049	46.7233273538	62.1975
0 2 20			1.49		91.42		11.44		0.31632	0.4494	86.0769303832	2.8517
4 2 10			1.51		92.93		11.27		0.3164	1.1102	57.0442200735	11.3144
4 0 4			1.46		94.39		11.4		0.31631	1.2165	39.0343929222	79.1487
0 2 12			1.51		95.9		11.27		0.31612	0.3827	50.6142203783	17.5707
0 4 8			0.97		96.87		14.28		0.31614	4.1351	47.9021960727	235.0989
0 6 14			1.33		98.2		14.23		0.31622	0.9096	81.7552219026	27.2955
1 7 7			1.27		99.47		14.59		0.31676	0.4353	72.3061031614	6.1143
2 4 12			1.3		100.77		14.63		0.31626	0.2205	63.4791913795	4.8908
0 4 18			1.31		102.08		14.63		0.31571	0.8369	84.5238780681	17.4513
0 4 10			1.33		103.41		14.49		0.31585	0.9893	53.7871001638	44.1425
2 2 4			1.3		104.71		14.57		0.31578	0.7551	29.4672289371	73.6026
4 6 6			1.33		106.04		14.43		0.31572	1.1903	71.9781772466	41.9784
4 0 12			1.29		107.33		14.59		0.316	2.7435	60.4154589103	161.2613
1 1 13			1.2		108.53		15.28		0.31665	0.3722	52.9310122384	10.9703
2 2 10			1.31		109.84		15.11		0.31673	0.6429	46.7739448495	44.8949
4 2 0			1.29		111.13		15.08		0.31673	0.9287	40.0811891304	86.5118
1 1 15			1.3		112.42		15.02		0.3168	0.656	61.3839959686	20.6242
0 4 4			1.28		113.71		15.07		0.31675	0.8482	39.0545896029	78.0016
6 2 10			1.31		115.02		14.93		0.31684	0.7103	71.9901825081	43.9921
0 0 22			1.32		116.34		14.77		0.31687	2.2765	94.0325860765	137.6091
0 2 18			1.32		117.66		14.63		0.31669	0.3755	76.3208597895	3.7538
5 3 9			1.34		119.0		14.45		0.3167	0.4833	65.0662013285	20.8409
0 6 8			1.34		120.34		14.3		0.31671	0.7694	64.1950429677	5.6946
2 6 4			1.31		121.65		14.35		0.31666	0.8772	60.3635846112	78.02
4 4 12			1.34		122.99		14.24		0.31676	1.9475	72.2035773977	130.2426
6 4 4			1.3		124.3		14.36		0.31676	0.6669	69.2748711385	33.991
1 1 1			1.31		125.61		14.39		0.31675	0.5749	13.0194761966	56.7652
6 0 6			1.35		126.96		14.22		0.31675	1.0815	60.1501886982	39.9969
2 6 10			1.35		128.3		14.1		0.31682	0.7069	72.0169435829	44.7171
1 7 1			1.35		129.65		14.01		0.31682	0.5219	65.7901743415	26.2984
1 5 3			1.32		130.97		14.09		0.31682	0.9511	47.585042181	85.8034
2 4 0			1.33		132.3		14.08		0.31683	1.4359	40.0960076051	88.2765
2 4 8			1.31		133.62		14.19		0.31688	0.1687	51.4325245866	2.4593
5 5 7			1.24		134.86		14.74		0.3173	0.6639	72.2860687267	4.3062
6 0 12			1.24		136.09		15.16		0.31664	0.5892	74.995462768	0.9301