HKL Value		Reward		TotalReward	Chi Squared	Z Appr. 	Error	Two-Thetas	Sfs2
4 6 4			0.0		0.0		0.0		0.3	1.0731	69.291881243	33.3045
2 0 14			0.0		0.0		6.35		0.2399	0.2634	58.6945218607	7.3942
0 4 16			3.51		3.51		3.29		0.24084	1.5557	75.7704700384	94.8658
2 2 16			3.33		6.84		2.56		0.24182	1.1693	70.1293332912	108.6018
5 5 7			2.68		9.52		3.13		0.24085	0.6639	72.2860687267	4.3062
4 6 0			3.33		12.85		2.52		0.24085	0.7863	67.1083315067	59.4729
4 6 6			1.17		14.02		6.95		0.24075	1.1903	71.9781772466	41.9784
6 4 2			2.17		16.19		6.12		0.24074	0.2211	67.6401768609	4.8049
1 3 9			2.21		18.4		5.61		0.24129	0.2622	45.3040218183	7.1674
4 2 2			2.29		20.69		5.17		0.24131	0.457	40.8620305525	12.2524
0 0 18			2.43		23.11		4.65		0.2413	0.6609	73.530655613	37.988
0 6 0			2.24		25.36		4.82		0.2413	1.4277	54.7714555341	59.4019
5 1 1			2.46		27.82		4.43		0.24129	0.5346	46.1701152	26.7419
5 5 1			2.48		30.3		4.22		0.24133	0.5073	65.769247456	23.9531
3 1 15			2.44		32.74		4.2		0.24123	0.2871	67.3554895111	7.7692
3 5 1			2.58		35.32		3.94		0.24122	0.5283	53.2544885252	31.9012
2 0 16			2.61		37.93		3.78		0.24077	0.5935	67.2372591268	11.8907
6 2 4			2.54		40.47		3.83		0.24071	0.8727	60.3342977717	77.9073
4 4 4			2.58		43.05		3.79		0.24067	0.8476	53.9354251327	76.9211
2 4 14			2.48		45.53		3.95		0.24098	0.5221	70.6383718296	19.4111
2 0 12			1.84		47.36		5.49		0.23938	0.8079	50.6101057273	16.6151
6 4 0			2.24		49.6		5.23		0.23938	1.8287	67.0910631577	58.6803
1 1 9			2.15		51.76		5.31		0.23992	0.2216	37.1193146943	1.1702
4 6 2			2.25		54.01		5.11		0.23991	0.2349	67.657370766	5.5969
3 1 9			2.28		56.29		4.96		0.2401	0.36	45.2950695798	8.7768
3 5 9			2.33		58.61		4.77		0.24004	0.4755	65.0802252419	19.5165
7 3 1			2.35		60.96		4.64		0.24006	0.5095	71.5359286583	22.1332
9 1 1			2.36		63.32		4.56		0.24009	0.8793	87.9915459652	19.6393
3 3 9			2.41		65.73		4.42		0.24018	0.3816	52.4524123761	12.0632
7 1 1			2.45		68.18		4.27		0.24018	0.5207	65.7483230412	25.2044
0 2 10			2.28		70.47		4.55		0.24025	0.4317	42.9590557724	21.0204
6 0 8			2.34		72.81		4.55		0.24009	2.9234	64.163237895	5.3359
6 0 0			2.34		75.15		4.56		0.24009	0.7256	54.7363985401	55.434