HKL Value		Reward		TotalReward	Chi Squared	Z Appr. 	Error	Two-Thetas	Sfs2
2 0 14			0.0		0.0		0.0		0.3	0.2634	58.6945218607	7.3942
0 4 16			0.0		0.0		3.28		0.30525	1.5557	75.7704700384	94.8658
2 2 10			2.46		2.46		3.78		0.32077	0.6429	46.7739448495	44.8949
4 6 0			3.5		5.96		2.53		0.32077	0.7863	67.1083315067	59.4729
1 3 9			2.24		8.2		3.85		0.31617	0.2622	45.3040218183	7.1674
6 0 0			2.46		10.66		4.02		0.31617	0.7256	54.7363985401	55.434
0 0 18			2.85		13.5		3.43		0.31493	0.6609	73.530655613	37.988
0 6 0			2.44		15.94		3.87		0.31493	1.4277	54.7714555341	59.4019
5 1 1			2.36		18.3		4.21		0.31484	0.5346	46.1701152	26.7419
3 1 15			2.58		20.89		3.94		0.31542	0.2871	67.3554895111	7.7692
6 2 4			1.93		22.82		5.22		0.31472	0.8727	60.3342977717	77.9073
4 4 8			0.1		22.92		21.86		0.31481	3.9407	61.1479986878	218.5721
3 5 1			1.22		24.14		20.68		0.3147	0.5283	53.2544885252	31.9012
4 4 4			1.13		25.26		20.47		0.31368	0.8476	53.9354251327	76.9211
2 0 12			1.3		26.56		19.03		0.31316	0.8079	50.6101057273	16.6151
5 5 1			1.31		27.86		17.88		0.31309	0.5073	65.769247456	23.9531
2 0 16			1.18		29.04		17.9		0.31409	0.5935	67.2372591268	11.8907
3 5 9			1.33		30.37		16.88		0.31457	0.4755	65.0802252419	19.5165
4 6 2			1.35		31.73		15.98		0.31454	0.2349	67.657370766	5.5969
3 3 9			1.38		33.11		15.15		0.31433	0.3816	52.4524123761	12.0632
2 4 0			1.3		34.4		15.08		0.31433	1.4359	40.0960076051	88.2765
1 3 1			1.31		35.71		14.96		0.31419	0.5324	28.3265170018	42.1271
2 0 10			1.4		37.12		14.29		0.31406	0.6169	42.9543880851	20.236
0 6 16			1.22		38.34		14.92		0.316	0.4825	89.3859051251	7.6515
0 2 12			1.38		39.72		14.37		0.31522	0.3827	50.6142203783	17.5707
2 0 2			1.29		41.01		14.53		0.31509	0.6502	19.2320929378	35.9547
0 2 16			1.34		42.35		14.38		0.31599	1.8687	67.2407114996	13.8307
4 2 14			1.38		43.73		14.0		0.31625	1.2576	70.6282605877	19.9713
7 3 1			1.41		45.14		13.58		0.31623	0.5095	71.5359286583	22.1332
0 2 14			1.41		46.55		13.29		0.31558	0.2479	58.6982494177	6.3292
7 1 1			1.42		47.97		13.03		0.31552	0.5207	65.7483230412	25.2044
6 0 2			1.45		49.42		12.67		0.31549	0.2214	55.354768557	5.4487
0 0 4			1.39		50.81		12.76		0.31492	0.8482	15.2869714585	59.1035
0 4 10			1.44		52.24		12.55		0.31596	0.9893	53.7871001638	44.1425
5 3 9			1.48		53.72		12.2		0.31608	0.4833	65.0662013285	20.8409
6 2 10			1.47		55.19		11.98		0.31661	0.7103	71.9901825081	43.9921
0 6 14			1.45		56.65		11.94		0.31679	0.9096	81.7552219026	27.2955
5 1 9			1.51		58.15		11.63		0.31668	0.4583	58.9619928854	19.0838
6 0 12			1.37		59.52		12.14		0.31373	0.5892	74.995462768	0.9301
4 4 12			1.44		60.96		12.11		0.3145	1.9475	72.2035773977	130.2426
0 2 18			1.49		62.46		11.81		0.31441	0.3755	76.3208597895	3.7538
1 5 11			0.83		63.29		15.71		0.31431	1.8219	64.7342781598	204.7444
1 3 13			1.06		64.35		17.06		0.31589	0.3907	59.4200243294	11.5335
3 3 15			1.27		65.62		16.66		0.31589	0.3402	73.0835579415	3.8877
2 4 12			1.24		66.86		16.57		0.31526	0.2205	63.4791913795	4.8908
0 2 2			1.22		68.08		16.62		0.31524	0.4614	19.2417464495	36.8131
0 6 2			1.27		69.35		16.32		0.31523	0.2356	55.3895592761	6.1752
7 1 7			1.12		70.47		17.11		0.31609	0.3505	72.2660298289	5.0526
0 6 12			1.2		71.67		17.19		0.31535	0.3425	75.0250979777	1.887
0 2 22			1.19		72.86		17.28		0.31555	1.8317	96.7387030121	97.213