HKL Value		Reward		TotalReward	Chi Squared	Z Appr. 	Error	Two-Thetas	Sfs2
2 0 14			0.0		0.0		0.0		0.3	0.2634	58.6945218607	7.3942
0 4 16			0.0		0.0		3.28		0.30525	1.5557	75.7704700384	94.8658
4 6 0			4.45		4.45		1.66		0.30525	0.7863	67.1083315067	59.4729
2 2 16			4.93		9.37		1.13		0.30583	1.1693	70.1293332912	108.6018
1 3 9			4.79		14.17		1.1		0.30659	0.2622	45.3040218183	7.1674
4 2 2			3.56		17.72		1.75		0.30642	0.457	40.8620305525	12.2524
6 4 2			4.23		21.96		1.47		0.30638	0.2211	67.6401768609	4.8049
0 0 18			3.26		25.22		2.09		0.30761	0.6609	73.530655613	37.988
0 6 0			2.92		28.14		2.64		0.30761	1.4277	54.7714555341	59.4019
0 2 10			3.31		31.45		2.39		0.31175	0.4317	42.9590557724	21.0204
5 1 1			2.9		34.35		2.77		0.31123	0.5346	46.1701152	26.7419
3 1 15			2.93		37.28		2.86		0.31311	0.2871	67.3554895111	7.7692
2 2 0			0.0		37.28		56.76		0.31311	11.1953	25.0390113278	1035.9387
1 7 5			0.56		37.84		58.33		0.31372	1.0841	69.0835930101	99.7513
5 5 1			0.92		38.76		54.29		0.3136	0.5073	65.769247456	23.9531
1 7 7			0.74		39.5		53.37		0.3174	0.4353	72.3061031614	6.1143
6 2 4			0.83		40.34		51.22		0.31707	0.8727	60.3342977717	77.9073
3 5 1			0.88		41.22		48.67		0.31703	0.5283	53.2544885252	31.9012
1 5 13			0.76		41.97		48.14		0.31919	1.1973	71.2966048402	12.6128
2 0 16			0.89		42.86		45.89		0.31966	0.5935	67.2372591268	11.8907
0 4 6			0.18		43.04		55.96		0.32003	3.7688	42.9189471786	481.9509
4 4 4			0.77		43.82		54.42		0.31985	0.8476	53.9354251327	76.9211
2 4 14			0.84		44.66		52.05		0.31988	0.5221	70.6383718296	19.4111
2 0 12			0.81		45.47		50.39		0.31915	0.8079	50.6101057273	16.6151
3 5 9			0.86		46.32		48.3		0.31912	0.4755	65.0802252419	19.5165
6 4 0			0.86		47.18		46.37		0.31912	1.8287	67.0910631577	58.6803
7 3 1			0.86		48.05		44.69		0.3191	0.5095	71.5359286583	22.1332
1 3 1			0.84		48.88		43.53		0.31907	0.5324	28.3265170018	42.1271
3 3 13			0.75		49.64		43.57		0.32054	0.5636	65.4922780779	9.1158
0 0 16			0.87		50.51		42.11		0.3204	1.3342	64.286058028	116.6634
7 1 1			0.87		51.38		40.91		0.32039	0.5207	65.7483230412	25.2044
3 3 9			0.88		52.25		39.75		0.32023	0.3816	52.4524123761	12.0632
2 4 10			0.9		53.15		38.51		0.3202	0.607	57.0555982332	12.0937
2 0 10			0.9		54.05		37.46		0.32009	0.6169	42.9543880851	20.236
4 6 2			0.91		54.96		36.38		0.32009	0.2349	67.657370766	5.5969
0 6 18			0.86		55.82		35.97		0.31888	0.7949	98.0280769063	1.8601
0 4 20			0.9		56.73		35.17		0.31876	1.027	94.1654323607	18.6345
4 4 0			0.29		57.02		43.03		0.31876	4.9852	51.3853572345	648.027
4 2 6			0.85		57.87		41.92		0.31878	1.6049	46.7233273538	62.1975
1 1 7			0.78		58.65		41.87		0.3193	0.2012	29.7561292971	6.5386
6 0 0			0.85		59.49		40.94		0.3193	0.7256	54.7363985401	55.434
4 0 4			0.82		60.31		40.48		0.31921	1.2165	39.0343929222	79.1487
5 3 1			0.85		61.16		39.73		0.31921	0.5252	53.2386121167	32.835
6 0 8			0.87		62.03		38.85		0.31924	2.9234	64.163237895	5.3359
5 1 9			0.87		62.9		38.03		0.31917	0.4583	58.9619928854	19.0838
1 3 5			0.61		63.51		40.53		0.31922	3.1323	34.189462707	190.138
1 3 7			0.79		64.3		40.42		0.31965	0.1893	39.2755843192	5.3372
0 2 14			0.84		65.14		39.77		0.3196	0.2479	58.6982494177	6.3292
3 3 15			0.85		65.99		39.05		0.31936	0.3402	73.0835579415	3.8877
4 2 14			0.86		66.86		38.3		0.31938	1.2576	70.6282605877	19.9713
0 2 16			0.87		67.72		37.6		0.31949	1.8687	67.2407114996	13.8307
0 6 10			0.88		68.6		36.88		0.31953	0.8527	69.1637693973	8.5049
6 0 2			0.88		69.48		36.21		0.31953	0.2214	55.354768557	5.4487
2 4 6			0.89		70.37		35.54		0.31954	0.785	46.7364348384	64.2552
6 0 10			0.9		71.27		34.89		0.31958	1.0728	69.1331306246	8.9056
0 2 20			0.86		72.13		34.73		0.31899	0.4494	86.0769303832	2.8517
0 2 12			0.89		73.02		34.29		0.31878	0.3827	50.6142203783	17.5707
0 4 18			0.85		73.87		34.36		0.31798	0.8369	84.5238780681	17.4513
1 5 1			0.9		74.76		33.89		0.31797	0.4978	46.196563203	27.3004
1 5 3			0.88		75.64		33.66		0.31798	0.9511	47.585042181	85.8034
0 6 14			0.9		76.54		33.26		0.31801	0.9096	81.7552219026	27.2955
4 6 6			0.91		77.45		32.82		0.31797	1.1903	71.9781772466	41.9784
2 4 0			0.9		78.35		32.51		0.31797	1.4359	40.0960076051	88.2765
2 2 10			0.92		79.27		32.02		0.31802	0.6429	46.7739448495	44.8949
0 0 22			0.93		80.2		31.55		0.31802	2.2765	94.0325860765	137.6091
1 3 15			0.94		81.14		31.07		0.31803	0.2862	67.3623786269	8.1809
0 4 4			0.91		82.05		30.9		0.31798	0.8482	39.0545896029	78.0016
2 4 2			0.94		82.98		30.53		0.31798	0.3828	40.8766170199	13.2501
2 2 4			0.92		83.9		30.41		0.31793	0.7551	29.4672289371	73.6026
0 4 10			0.95		84.85		30.0		0.31799	0.9893	53.7871001638	44.1425
6 2 10			0.95		85.8		29.6		0.31805	0.7103	71.9901825081	43.9921
4 2 10			0.96		86.76		29.19		0.31807	1.1102	57.0442200735	11.3144
7 3 3			0.94		87.7		29.03		0.31808	1.9283	72.601334037	69.5466
5 3 9			0.97		88.67		28.63		0.31808	0.4833	65.0662013285	20.8409
6 4 4			0.94		89.61		28.58		0.31808	0.6669	69.2748711385	33.991
2 4 12			0.94		90.55		28.55		0.31772	0.2205	63.4791913795	4.8908
0 2 18			0.96		91.51		28.28		0.31748	0.3755	76.3208597895	3.7538
0 6 2			0.97		92.49		27.94		0.31748	0.2356	55.3895592761	6.1752
2 6 10			0.98		93.47		27.62		0.31753	0.7069	72.0169435829	44.7171
2 6 4			0.96		94.43		27.51		0.31749	0.8772	60.3635846112	78.02
1 1 15			0.98		95.41		27.28		0.31756	0.656	61.3839959686	20.6242
4 4 12			0.99		96.4		26.99		0.31762	1.9475	72.2035773977	130.2426
4 2 12			0.97		97.36		26.96		0.31732	0.2244	63.468523569	4.7972
1 5 9			1.0		98.36		26.65		0.31729	0.4394	58.984264935	17.7365
0 6 16			0.98		99.33		26.58		0.31746	0.4825	89.3859051251	7.6515
0 0 4			0.98		100.32		26.47		0.31743	0.8482	15.2869714585	59.1035
2 0 6			0.98		101.3		26.35		0.31746	1.6278	29.1406672869	128.8477
3 7 3			0.98		102.28		26.27		0.31747	0.8954	72.6346668965	71.6226
0 6 12			0.96		103.25		26.37		0.31705	0.3425	75.0250979777	1.887
0 6 4			0.97		104.21		26.43		0.31705	0.6675	57.2171401797	42.9768
6 0 12			0.94		105.16		26.7		0.31647	0.5892	74.995462768	0.9301