HKL Value		Reward		TotalReward	Chi Squared	Z Appr. 	Error	Two-Thetas	Sfs2
2 0 14			0.0		0.0		0.0		0.3	0.2634	58.6945218607	7.3942
0 4 16			0.0		0.0		3.28		0.30525	1.5557	75.7704700384	94.8658
4 6 0			4.45		4.45		1.66		0.30525	0.7863	67.1083315067	59.4729
1 3 9			4.24		8.68		1.45		0.307	0.2622	45.3040218183	7.1674
0 0 18			3.31		12.0		2.04		0.31221	0.6609	73.530655613	37.988
0 6 0			2.68		14.68		2.93		0.31221	1.4277	54.7714555341	59.4019
5 1 1			2.54		17.22		3.49		0.31189	0.5346	46.1701152	26.7419
0 6 14			1.94		19.16		4.97		0.31388	0.9096	81.7552219026	27.2955
3 1 15			2.39		21.55		4.64		0.31473	0.2871	67.3554895111	7.7692
4 0 6			0.01		21.56		33.29		0.31645	5.3963	42.900258124	488.2208
3 1 5			0.16		21.72		44.83		0.31671	2.8985	34.1781376955	186.2389
6 2 4			0.94		22.66		42.4		0.31622	0.8727	60.3342977717	77.9073
6 4 0			1.05		23.71		38.87		0.31622	1.8287	67.0910631577	58.6803
3 5 1			1.01		24.72		36.48		0.31615	0.5283	53.2544885252	31.9012
4 4 4			0.93		25.65		35.28		0.31556	0.8476	53.9354251327	76.9211
0 4 18			1.02		26.67		33.32		0.31337	0.8369	84.5238780681	17.4513
5 1 9			1.06		27.73		31.24		0.31343	0.4583	58.9619928854	19.0838
5 5 1			1.06		28.8		29.51		0.3134	0.5073	65.769247456	23.9531
2 0 12			1.09		29.88		27.88		0.31321	0.8079	50.6101057273	16.6151
6 0 0			1.08		30.96		26.66		0.31321	0.7256	54.7363985401	55.434
2 0 16			1.01		31.97		26.24		0.31355	0.5935	67.2372591268	11.8907
5 3 11			0.4		32.37		32.94		0.31308	1.8677	70.5420870211	204.0714
4 6 2			1.01		33.38		31.47		0.31303	0.2349	67.657370766	5.5969
3 5 9			1.02		34.4		30.16		0.31342	0.4755	65.0802252419	19.5165
1 3 1			0.98		35.38		29.42		0.31334	0.5324	28.3265170018	42.1271
3 3 9			1.04		36.42		28.24		0.31332	0.3816	52.4524123761	12.0632
2 0 10			1.05		37.48		27.16		0.3133	0.6169	42.9543880851	20.236
7 1 5			0.78		38.25		28.97		0.31344	1.5264	69.0427278305	98.726
0 2 12			1.03		39.29		27.94		0.31333	0.3827	50.6142203783	17.5707
7 3 1			1.04		40.33		27.05		0.31329	0.5095	71.5359286583	22.1332
0 2 16			1.01		41.34		26.59		0.31356	1.8687	67.2407114996	13.8307
4 2 14			1.04		42.38		25.92		0.31398	1.2576	70.6282605877	19.9713
2 2 10			1.05		43.43		25.32		0.31463	0.6429	46.7739448495	44.8949
6 0 2			1.07		44.5		24.61		0.31462	0.2214	55.354768557	5.4487
0 4 10			1.07		45.57		24.1		0.31513	0.9893	53.7871001638	44.1425
0 2 14			1.09		46.65		23.52		0.31482	0.2479	58.6982494177	6.3292
7 1 1			1.09		47.74		23.02		0.3148	0.5207	65.7483230412	25.2044
6 2 10			1.09		48.83		22.59		0.31525	0.7103	71.9901825081	43.9921
4 2 12			1.09		49.93		22.25		0.31446	0.2244	63.468523569	4.7972
6 4 6			1.12		51.05		21.77		0.31432	0.9247	71.9614498967	41.9809
4 4 6			0.66		51.71		25.56		0.31479	4.3817	57.0116572758	400.3855
2 2 4			1.01		52.71		25.39		0.31462	0.7551	29.4672289371	73.6026
0 2 18			1.06		53.77		24.79		0.31453	0.3755	76.3208597895	3.7538
2 0 2			1.02		54.79		24.64		0.31449	0.6502	19.2320929378	35.9547
7 1 7			0.92		55.72		25.41		0.31558	0.3505	72.2660298289	5.0526
0 2 20			1.05		56.76		24.89		0.3153	0.4494	86.0769303832	2.8517
0 6 2			1.06		57.82		24.4		0.3153	0.2356	55.3895592761	6.1752
4 2 4			0.95		58.77		24.96		0.31529	0.7624	43.1345383828	64.2766
2 0 8			0.81		59.59		26.72		0.31554	0.1665	35.7565424018	1.5727
7 3 5			0.89		60.48		27.46		0.31559	1.0496	74.7140851895	88.0788