HKL Value		Reward		TotalReward	Chi Squared	Z Appr. 	Error	Two-Thetas	Sfs2
2 0 14			0.0		0.0		0.0		0.3	0.2634	58.6945218607	7.3942
0 4 16			0.0		0.0		3.28		0.30525	1.5557	75.7704700384	94.8658
4 6 0			4.45		4.45		1.66		0.30525	0.7863	67.1083315067	59.4729
1 3 9			4.24		8.68		1.45		0.307	0.2622	45.3040218183	7.1674
2 2 16			4.93		13.61		1.1		0.3066	1.1693	70.1293332912	108.6018
4 2 2			3.56		17.17		1.75		0.30642	0.457	40.8620305525	12.2524
3 3 13			0.16		17.33		16.53		0.29408	0.5636	65.4922780779	9.1158
0 0 18			1.56		18.89		14.44		0.29526	0.6609	73.530655613	37.988
0 6 0			1.49		20.38		13.45		0.29526	1.4277	54.7714555341	59.4019
5 1 1			1.55		21.92		12.44		0.29522	0.5346	46.1701152	26.7419
1 1 13			1.25		23.17		13.39		0.29317	0.3722	52.9310122384	10.9703
3 1 15			1.53		24.7		12.5		0.29324	0.2871	67.3554895111	7.7692
6 2 4			1.59		26.29		11.59		0.29316	0.8727	60.3342977717	77.9073
5 5 1			1.64		27.94		10.74		0.29315	0.5073	65.769247456	23.9531
3 5 1			1.62		29.55		10.32		0.29312	0.5283	53.2544885252	31.9012
2 0 16			1.61		31.16		10.09		0.29324	0.5935	67.2372591268	11.8907
4 4 4			1.68		32.84		9.62		0.29313	0.8476	53.9354251327	76.9211
2 4 14			1.71		34.55		9.22		0.29292	0.5221	70.6383718296	19.4111
2 0 12			1.63		36.18		9.28		0.29292	0.8079	50.6101057273	16.6151
3 5 9			1.6		37.77		9.47		0.2929	0.4755	65.0802252419	19.5165
1 3 1			1.63		39.4		9.46		0.29286	0.5324	28.3265170018	42.1271
6 4 0			1.73		41.14		9.01		0.29286	1.8287	67.0910631577	58.6803
3 3 9			1.69		42.82		8.92		0.29281	0.3816	52.4524123761	12.0632
6 0 0			1.72		44.54		8.74		0.29281	0.7256	54.7363985401	55.434
4 6 2			1.79		46.33		8.37		0.29281	0.2349	67.657370766	5.5969
7 1 1			1.78		48.11		8.16		0.29278	0.5207	65.7483230412	25.2044
2 0 10			1.81		49.93		7.93		0.29264	0.6169	42.9543880851	20.236
5 1 9			1.73		51.66		8.1		0.29266	0.4583	58.9619928854	19.0838
0 2 16			1.75		53.41		8.11		0.29275	1.8687	67.2407114996	13.8307
4 0 4			1.81		55.22		7.9		0.29265	1.2165	39.0343929222	79.1487
4 2 14			1.83		57.05		7.73		0.29244	1.2576	70.6282605877	19.9713
0 2 12			1.77		58.82		7.84		0.29244	0.3827	50.6142203783	17.5707
0 2 14			1.86		60.67		7.59		0.29244	0.2479	58.6982494177	6.3292
7 3 1			1.88		62.55		7.38		0.29243	0.5095	71.5359286583	22.1332
6 0 2			1.9		64.45		7.19		0.29242	0.2214	55.354768557	5.4487
6 0 10			1.71		66.16		7.73		0.2916	1.0728	69.1331306246	8.9056
2 2 10			1.7		67.86		8.08		0.29092	0.6429	46.7739448495	44.8949
0 6 14			1.79		69.65		7.95		0.29074	0.9096	81.7552219026	27.2955
0 6 10			1.67		71.33		8.33		0.28985	0.8527	69.1637693973	8.5049
2 4 6			1.6		72.93		8.84		0.29021	0.785	46.7364348384	64.2552
2 2 4			1.73		74.66		8.66		0.29012	0.7551	29.4672289371	73.6026
4 6 6			1.7		76.36		8.65		0.29037	1.1903	71.9781772466	41.9784
6 2 10			1.63		77.99		8.93		0.28962	0.7103	71.9901825081	43.9921
2 6 0			0.63		78.62		15.13		0.28962	4.3567	58.0028534629	558.9791
0 4 10			1.28		79.89		15.19		0.28887	0.9893	53.7871001638	44.1425