HKL Value		Reward		TotalReward	Chi Squared	Z Appr. 	Error	Two-Thetas	Sfs2
2 0 14			0.0		0.0		0.0		0.3	0.2634	58.6945218607	7.3942
0 4 16			0.0		0.0		3.28		0.30525	1.5557	75.7704700384	94.8658
4 6 0			4.45		4.45		1.66		0.30525	0.7863	67.1083315067	59.4729
2 2 16			4.93		9.37		1.13		0.30583	1.1693	70.1293332912	108.6018
5 1 5			0.02		9.39		26.72		0.30602	1.1901	50.2495039981	127.1383
1 3 9			1.55		10.94		21.55		0.30683	0.2622	45.3040218183	7.1674
6 4 2			1.55		12.49		17.97		0.3068	0.2211	67.6401768609	4.8049
4 2 2			1.47		13.96		16.03		0.30661	0.457	40.8620305525	12.2524
0 0 18			1.47		15.43		14.68		0.31254	0.6609	73.530655613	37.988
0 6 0			1.46		16.88		13.77		0.31254	1.4277	54.7714555341	59.4019
5 1 1			1.48		18.36		13.02		0.31181	0.5346	46.1701152	26.7419
3 1 1			1.41		19.78		12.86		0.30678	0.5239	28.3131072915	41.7464
3 1 15			1.54		21.32		12.07		0.30558	0.2871	67.3554895111	7.7692
5 5 1			1.6		22.93		11.24		0.3054	0.5073	65.769247456	23.9531
3 5 1			1.56		24.49		10.89		0.30509	0.5283	53.2544885252	31.9012
6 2 4			1.56		26.05		10.68		0.30377	0.8727	60.3342977717	77.9073
2 0 16			1.66		27.71		10.07		0.30264	0.5935	67.2372591268	11.8907
4 4 4			1.6		29.32		9.94		0.30213	0.8476	53.9354251327	76.9211
2 4 14			1.56		30.88		10.06		0.30164	0.5221	70.6383718296	19.4111
2 4 6			1.55		32.42		10.2		0.30256	0.785	46.7364348384	64.2552
2 0 12			1.6		34.02		10.06		0.30322	0.8079	50.6101057273	16.6151
7 3 1			1.67		35.69		9.65		0.30317	0.5095	71.5359286583	22.1332
1 7 7			1.18		36.87		11.77		0.31711	0.4353	72.3061031614	6.1143
3 5 9			1.56		38.43		11.26		0.31713	0.4755	65.0802252419	19.5165
3 3 13			1.12		39.55		13.29		0.31946	0.5636	65.4922780779	9.1158
6 4 0			1.47		41.01		12.76		0.31946	1.8287	67.0910631577	58.6803
4 6 2			1.48		42.5		12.3		0.31945	0.2349	67.657370766	5.5969
0 4 20			1.46		43.96		12.14		0.31924	1.027	94.1654323607	18.6345
7 1 1			1.48		45.43		11.92		0.31922	0.5207	65.7483230412	25.2044
0 2 10			1.51		46.94		11.61		0.31906	0.4317	42.9590557724	21.0204
0 0 16			1.54		48.48		11.24		0.31898	1.3342	64.286058028	116.6634
2 4 10			1.57		50.05		10.88		0.31898	0.607	57.0555982332	12.0937
3 3 9			1.57		51.62		10.63		0.31881	0.3816	52.4524123761	12.0632
5 1 7			1.37		52.99		11.43		0.31969	0.2609	54.1000446603	4.252
0 2 14			1.49		54.48		11.38		0.31959	0.2479	58.6982494177	6.3292
6 0 8			1.54		56.01		11.11		0.31964	2.9234	64.163237895	5.3359
2 0 10			1.55		57.56		10.89		0.31951	0.6169	42.9543880851	20.236
1 5 3			1.46		59.02		11.14		0.31954	0.9511	47.585042181	85.8034
6 0 0			1.53		60.56		10.97		0.31954	0.7256	54.7363985401	55.434
1 3 1			1.5		62.05		11.03		0.31952	0.5324	28.3265170018	42.1271
0 6 18			1.48		63.53		11.16		0.3184	0.7949	98.0280769063	1.8601
3 5 7			1.39		64.92		11.73		0.31892	0.2309	60.5203777188	5.6046