HKL Value		Reward		TotalReward	Chi Squared	Z Appr. 	Error	Two-Thetas	Sfs2
2 0 3			0.0		0.0		0.0		0.5	0.09	34.3920319457	0.0
2 0 4			0.0		0.0		0.0		0.49524	0.23	38.5541558059	1.7476
3 0 8			1.0		1.0		0.0		0.49524	0.3	70.3147352648	0.0
3 0 6			0.5		1.5		0.0		0.49524	0.11	59.366558438	0.0
0 0 3			0.33		1.83		0.0		0.49524	0.03	19.1797885945	0.0
3 0 0			0.25		2.08		0.0		0.49524	0.45	42.9814560157	0.0
2 0 1			0.2		2.28		0.0		0.49524	0.15	29.01034049	0.0
4 0 3			0.17		2.45		0.0		0.49524	0.29	62.1413926063	0.0
1 0 4			0.14		2.59		0.0		0.49524	0.08	29.3672081998	0.0
0 0 7			0.12		2.72		0.0		0.49524	0.2	45.7499157105	0.0
4 0 1			0.11		2.83		0.0		0.49524	0.27	58.8934376912	0.0
3 0 4			0.1		2.93		0.0		0.49524	0.64	50.7360354343	0.0
3 0 2			0.09		3.02		0.0		0.49524	0.46	45.0164041053	0.0
2 1 0			-1.0		2.02		0.02		0.49524	0.16	38.6117414796	0.0084
1 0 0			0.08		2.1		0.02		0.49524	0.0	14.0285801003	0.0
4 0 5			0.07		2.17		0.02		0.49524	0.26	68.3700248267	0.0
1 0 8			0.07		2.23		0.02		0.49524	0.24	54.8685935926	0.0
2 0 7			0.06		2.3		0.01		0.49524	4.16	54.6555056564	0.0
1 0 6			0.06		2.36		0.01		0.49524	0.25	41.5701214249	0.0
2 0 5			0.06		2.41		0.01		0.49524	5.26	43.4052500519	0.0
1 0 7			-0.38		2.03		0.02		0.43868	0.54	48.0896902272	2.8781
3 1 0			0.05		2.07		0.02		0.43868	0.86	50.7823995615	0.002
0 1 7			0.02		2.1		0.02		0.43981	0.26	53.2385720724	8.4036
4 1 1			0.0		2.1		0.02		0.43981	0.21	65.3342299592	0.4263
2 1 1			0.0		2.1		0.02		0.43981	0.13	39.1745550983	0.4263
3 1 4			0.03		2.13		0.02		0.43975	0.33	57.7518627408	0.9567
1 1 4			0.03		2.15		0.02		0.43968	0.3	39.4492672371	0.9567
2 1 7			0.03		2.18		0.02		0.44032	0.57	61.3678684761	8.4036
4 1 5			0.03		2.21		0.02		0.44011	1.53	74.3771604481	7.6693
1 -1 2			-0.02		2.19		0.02		0.44056	0.39	32.1995090242	11.6912
4 1 3			0.03		2.22		0.02		0.44057	0.15	68.408649436	0.0043
3 0 7			-0.02		2.21		0.02		0.44131	0.18	64.5726747292	2.8781
1 1 6			-0.07		2.13		0.02		0.4425	0.38	49.5460147793	8.8974
1 0 5			-0.3		1.84		0.03		0.44806	0.22	35.3149362404	7.049