HKL Value		Reward		TotalReward	Chi Squared	Z Appr. 	Error	Two-Thetas	Sfs2
3 0 8			0.0		0.0		0.0		0.5	0.3	70.3147352648	0.0
1 1 7			0.0		0.0		0.0		0.53189	0.15	55.34320722	1.1017
2 0 3			1.0		1.0		0.0		0.53189	0.09	34.3920319457	0.0
3 0 6			0.5		1.5		0.0		0.53189	0.11	59.366558438	0.0
4 0 1			0.33		1.83		0.0		0.53189	0.27	58.8934376912	0.0
1 0 4			0.25		2.08		0.0		0.53189	0.08	29.3672081998	0.0
1 1 2			-1.0		1.08		0.21		0.52609	0.52	32.1995090242	11.6912
3 0 4			0.17		1.25		0.18		0.52609	0.64	50.7360354343	0.0
4 0 5			0.14		1.39		0.16		0.52609	0.26	68.3700248267	0.0
0 0 3			0.13		1.52		0.14		0.52609	0.03	19.1797885945	0.0
3 0 0			0.11		1.63		0.12		0.52609	0.45	42.9814560157	0.0
0 0 4			-0.4		1.23		0.21		0.51376	0.08	25.6679215219	1.7476
2 0 7			0.09		1.32		0.19		0.51373	4.16	54.6555056564	0.0
3 0 7			7.98		9.3		0.02		0.43674	0.18	64.5726747292	2.8781
2 0 1			0.08		9.38		0.02		0.43674	0.15	29.01034049	0.0
0 0 7			0.07		9.45		0.02		0.43674	0.2	45.7499157105	0.0
3 0 2			0.07		9.52		0.02		0.43674	0.46	45.0164041053	0.0
-1 -1 2			-0.09		9.43		0.02		0.43716	0.13	32.1995090242	11.6912
3 2 2			-0.27		9.16		0.03		0.43674	0.0	71.9603042663	6.6617
0 1 6			-0.76		8.4		0.11		0.44833	0.0	47.2608104201	2.0239