HKL Value		Reward		TotalReward	Chi Squared	Z Appr. 	Error	Two-Thetas	Sfs2
4 0 6			0.0		0.0		0.0		0.5	0.38	72.4962488704	6.3028
0 0 2			0.0		0.0		0.86		0.51427	0.15	12.7532192506	5.5981
3 0 8			1.0		1.0		0.43		0.51427	0.3	70.3147352648	0.0
1 0 4			0.5		1.5		0.29		0.51427	0.08	29.3672081998	0.0
2 0 3			0.33		1.83		0.21		0.51427	0.09	34.3920319457	0.0
3 0 6			0.25		2.08		0.17		0.51427	0.11	59.366558438	0.0
0 0 3			0.2		2.28		0.14		0.51427	0.03	19.1797885945	0.0
4 0 1			0.17		2.45		0.12		0.51427	0.27	58.8934376912	0.0
1 1 6			-0.59		1.86		0.3		0.52525	0.38	49.5460147793	8.8974
3 2 0			0.05		1.92		0.28		0.52525	0.67	70.467230504	2.2538
3 0 4			0.11		2.03		0.25		0.52525	0.64	50.7360354343	0.0
3 0 0			0.1		2.13		0.23		0.52525	0.45	42.9814560157	0.0
0 1 7			-0.27		1.86		0.31		0.50626	0.26	53.2385720724	8.4036
2 0 1			0.08		1.94		0.29		0.50626	0.15	29.01034049	0.0
1 1 2			-0.07		1.87		0.31		0.50073	0.52	32.1995090242	11.6912
3 1 2			-0.03		1.84		0.32		0.49357	0.11	52.5840292854	11.6912
0 0 7			0.07		1.91		0.3		0.49356	0.2	45.7499157105	0.0
2 2 4			-0.09		1.81		0.33		0.49961	0.5	67.3692384702	10.6939
4 0 5			0.06		1.87		0.31		0.49961	0.26	68.3700248267	0.0
4 0 3			0.06		1.93		0.3		0.49961	0.29	62.1413926063	0.0
2 0 7			0.05		1.98		0.28		0.49961	4.16	54.6555056564	0.0
3 0 2			0.05		2.03		0.27		0.49961	0.46	45.0164041053	0.0
2 0 5			0.05		2.08		0.26		0.49961	5.26	43.4052500519	0.0
1 0 0			0.05		2.12		0.25		0.49961	0.0	14.0285801003	0.0
1 0 8			0.04		2.17		0.24		0.49961	0.24	54.8685935926	0.0
4 0 4			0.04		2.21		0.23		0.49768	0.13	64.9051128666	1.7476
1 0 6			0.04		2.25		0.22		0.49766	0.25	41.5701214249	0.0
3 1 0			0.04		2.29		0.21		0.49766	0.86	50.7823995615	0.002
2 1 1			0.03		2.32		0.2		0.49766	0.13	39.1745550983	0.4263
4 1 1			0.03		2.35		0.2		0.49766	0.21	65.3342299592	0.4263
1 1 4			0.02		2.37		0.19		0.49744	0.3	39.4492672371	0.9567
4 1 5			0.03		2.4		0.19		0.49799	1.53	74.3771604481	7.6693
1 0 7			1.33		3.74		0.08		0.43591	0.54	48.0896902272	2.8781
2 1 7			0.01		3.75		0.08		0.43668	0.57	61.3678684761	8.4036
0 1 4			-0.14		3.61		0.09		0.43809	0.09	36.6772811508	0.4076
3 1 4			0.03		3.64		0.09		0.43808	0.33	57.7518627408	0.9567
1 -1 2			0.02		3.66		0.09		0.43833	0.39	32.1995090242	11.6912
3 0 7			0.01		3.67		0.09		0.43903	0.18	64.5726747292	2.8781
4 1 3			0.03		3.69		0.08		0.43903	0.15	68.408649436	0.0043
3 2 4			0.02		3.71		0.08		0.43874	0.0	76.369138646	3.3351
0 0 8			0.02		3.73		0.08		0.4382	0.5	52.7511004195	15.5355
1 2 7			-0.03		3.7		0.08		0.43845	0.71	74.291810142	3.5836
-1 -1 -2			0.01		3.72		0.08		0.43856	0.31	32.1995090242	11.6912
3 0 3			-0.08		3.63		0.09		0.43956	0.33	47.4629609511	3.2424
2 2 6			-0.05		3.58		0.1		0.43936	0.0	74.8444416707	3.2648
3 2 2			-0.01		3.57		0.1		0.43923	0.0	71.9603042663	6.6617