HKL Value		Reward		TotalReward	Chi Squared	Z Appr. 	Error	Two-Thetas	Sfs2
2 0 3			0.0		0.0		0.0		0.5	0.09	34.3920319457	0.0
3 0 8			0.0		0.0		0.0		0.49998	0.3	70.3147352648	0.0
3 0 6			0.75		0.75		0.0		0.49998	0.11	59.366558438	0.0
0 0 3			0.5		1.25		0.0		0.49998	0.03	19.1797885945	0.0
3 0 0			0.33		1.58		0.0		0.49998	0.45	42.9814560157	0.0
1 0 0			0.24		1.82		0.0		0.49998	0.0	14.0285801003	0.0
2 0 1			0.2		2.02		0.0		0.49998	0.15	29.01034049	0.0
1 0 4			-0.32		1.71		0.0		0.49998	0.08	29.3672081998	0.0
3 0 4			-0.51		1.2		0.0		0.49998	0.64	50.7360354343	0.0
4 0 1			0.52		1.72		0.0		0.49998	0.27	58.8934376912	0.0
4 0 3			0.09		1.82		0.0		0.49998	0.29	62.1413926063	0.0
0 0 7			-0.0		1.81		0.0		0.49998	0.2	45.7499157105	0.0
4 0 5			-0.44		1.37		0.0		0.49998	0.26	68.3700248267	0.0
3 0 2			0.08		1.45		0.0		0.49998	0.46	45.0164041053	0.0
2 0 7			-0.46		1.0		0.0		0.49998	4.16	54.6555056564	0.0
2 0 4			-1.0		-0.0		0.0		0.49524	0.23	38.5541558059	1.7476
2 0 5			0.07		0.06		0.0		0.49524	5.26	43.4052500519	0.0
1 0 8			0.06		0.13		0.0		0.49524	0.24	54.8685935926	0.0
1 0 6			0.06		0.18		0.0		0.49524	0.25	41.5701214249	0.0
3 1 0			-1.0		-0.82		0.0		0.49524	0.86	50.7823995615	0.002
0 0 6			-1.0		-1.81		0.01		0.50609	0.27	38.9249808314	6.3028
1 1 4			-0.2		-2.01		0.02		0.50597	0.3	39.4492672371	0.9567