HKL Value		Reward		TotalReward	Chi Squared	Z Appr. 	Error	Two-Thetas	Sfs2
2 0 3			0.0		0.0		0.0		0.5	0.09	34.3920319457	0.0
3 0 8			0.0		0.0		0.0		0.49998	0.3	70.3147352648	0.0
3 0 6			0.75		0.75		0.0		0.49998	0.11	59.366558438	0.0
0 0 3			0.5		1.25		0.0		0.49998	0.03	19.1797885945	0.0
3 0 0			0.33		1.58		0.0		0.49998	0.45	42.9814560157	0.0
4 1 0			-1.0		0.58		0.05		0.49998	0.2	64.9447604845	0.0084
2 0 1			0.2		0.78		0.04		0.49998	0.15	29.01034049	0.0
4 1 4			-0.49		0.29		0.08		0.45112	0.37	71.0458443611	0.4076
1 0 4			0.14		0.43		0.07		0.45112	0.08	29.3672081998	0.0
4 0 1			0.12		0.56		0.06		0.45112	0.27	58.8934376912	0.0
3 0 4			0.11		0.67		0.06		0.45112	0.64	50.7360354343	0.0
4 1 5			0.01		0.68		0.06		0.44727	1.53	74.3771604481	7.6693
4 0 3			0.09		0.77		0.05		0.44727	0.29	62.1413926063	0.0
0 0 7			0.08		0.85		0.05		0.44727	0.2	45.7499157105	0.0
3 0 2			0.08		0.93		0.04		0.44727	0.46	45.0164041053	0.0
1 0 0			0.07		1.0		0.04		0.44727	0.0	14.0285801003	0.0
4 0 5			0.07		1.07		0.04		0.44727	0.26	68.3700248267	0.0
2 0 7			0.06		1.13		0.04		0.44727	4.16	54.6555056564	0.0
2 0 5			0.06		1.19		0.03		0.44727	5.26	43.4052500519	0.0
1 0 8			0.06		1.24		0.03		0.44727	0.24	54.8685935926	0.0
1 0 6			0.05		1.3		0.03		0.44727	0.25	41.5701214249	0.0
2 1 7			0.02		1.32		0.03		0.44501	0.57	61.3678684761	8.4036
0 1 4			-0.32		1.0		0.04		0.44697	0.09	36.6772811508	0.4076
3 1 0			0.04		1.04		0.04		0.44697	0.86	50.7823995615	0.002
1 0 7			0.03		1.08		0.04		0.44674	0.54	48.0896902272	2.8781
1 1 4			0.03		1.11		0.04		0.44664	0.3	39.4492672371	0.9567
-1 -1 -2			0.03		1.14		0.04		0.44694	0.31	32.1995090242	11.6912
2 1 1			0.02		1.16		0.04		0.44694	0.13	39.1745550983	0.4263
3 0 3			-0.05		1.11		0.04		0.44938	0.33	47.4629609511	3.2424
4 1 1			0.02		1.13		0.04		0.44938	0.21	65.3342299592	0.4263
3 1 4			0.02		1.15		0.04		0.44931	0.33	57.7518627408	0.9567
4 0 2			-0.48		0.67		0.07		0.4483	0.26	60.1237214722	5.5981
0 1 7			0.02		0.69		0.07		0.44735	0.26	53.2385720724	8.4036
0 1 8			-0.04		0.65		0.07		0.45147	2.05	59.6041295708	7.5134
0 0 2			-0.3		0.35		0.11		0.45104	0.15	12.7532192506	5.5981
3 0 7			0.02		0.37		0.1		0.45057	0.18	64.5726747292	2.8781
4 1 3			0.03		0.4		0.1		0.45057	0.15	68.408649436	0.0043
1 -1 2			0.03		0.43		0.1		0.4506	0.39	32.1995090242	11.6912
0 2 7			0.02		0.45		0.1		0.45078	0.0	72.5085769296	0.0094
1 1 5			-0.22		0.23		0.12		0.44807	3.06	44.2189644299	8.5457
1 2 7			0.01		0.24		0.12		0.44844	0.71	74.291810142	3.5836
1 1 6			0.02		0.27		0.12		0.44856	0.38	49.5460147793	8.8974
1 1 2			0.02		0.29		0.12		0.44861	0.52	32.1995090242	11.6912
3 2 4			-0.01		0.28		0.12		0.44795	0.0	76.369138646	3.3351
3 2 0			-0.01		0.27		0.12		0.44794	0.67	70.467230504	2.2538
-1 -1 2			0.02		0.3		0.12		0.44799	0.13	32.1995090242	11.6912
0 1 5			0.01		0.31		0.11		0.44775	0.34	41.7114803244	7.6693
3 0 1			-0.0		0.31		0.11		0.44771	0.76	43.4972935008	0.0644
2 2 6			-0.04		0.26		0.12		0.44758	0.0	74.8444416707	3.2648
3 2 2			-0.01		0.25		0.12		0.4474	0.0	71.9603042663	6.6617