HKL Value		Reward		TotalReward	Chi Squared	Z Appr. 	Error	Two-Thetas	Sfs2
3 0 8			0.0		0.0		0.0		0.5	0.3	70.3147352648	0.0
2 0 3			0.0		0.0		0.0		0.49998	0.09	34.3920319457	0.0
3 0 6			0.75		0.75		0.0		0.49998	0.11	59.366558438	0.0
0 0 3			0.5		1.25		0.0		0.49998	0.03	19.1797885945	0.0
2 0 0			-1.0		0.25		0.37		0.49998	0.07	28.2731138415	46.4355
4 0 1			0.25		0.5		0.3		0.49998	0.27	58.8934376912	0.0
1 0 4			0.2		0.7		0.25		0.49998	0.08	29.3672081998	0.0
3 0 4			0.17		0.86		0.21		0.49998	0.64	50.7360354343	0.0
3 0 0			0.14		1.01		0.19		0.49998	0.45	42.9814560157	0.0
-1 -1 2			0.12		1.13		0.17		0.45207	0.13	32.1995090242	11.6912
0 1 5			0.09		1.22		0.15		0.44217	0.34	41.7114803244	7.6693
2 0 1			0.1		1.32		0.14		0.44217	0.15	29.01034049	0.0
1 0 7			0.08		1.4		0.13		0.44394	0.54	48.0896902272	2.8781
4 0 0			-0.45		0.95		0.23		0.44394	0.08	58.4798162983	46.4355
0 0 7			0.08		1.03		0.22		0.44394	0.2	45.7499157105	0.0
4 0 3			0.07		1.1		0.2		0.44394	0.29	62.1413926063	0.0
4 0 5			0.07		1.17		0.19		0.44394	0.26	68.3700248267	0.0
2 0 7			0.06		1.23		0.18		0.44394	4.16	54.6555056564	0.0
3 0 2			0.06		1.29		0.17		0.44394	0.46	45.0164041053	0.0
2 0 5			0.06		1.34		0.16		0.44394	5.26	43.4052500519	0.0
1 0 0			0.05		1.4		0.15		0.44394	0.0	14.0285801003	0.0
4 0 2			-0.22		1.18		0.19		0.44032	0.26	60.1237214722	5.5981
1 0 8			0.05		1.22		0.18		0.44032	0.24	54.8685935926	0.0
1 0 6			0.05		1.27		0.18		0.44032	0.25	41.5701214249	0.0
3 1 0			0.04		1.31		0.17		0.44032	0.86	50.7823995615	0.002
4 1 1			0.04		1.35		0.16		0.44032	0.21	65.3342299592	0.4263
2 1 1			0.04		1.39		0.16		0.44033	0.13	39.1745550983	0.4263
2 1 7			0.04		1.42		0.15		0.44099	0.57	61.3678684761	8.4036
4 1 5			0.04		1.46		0.15		0.44061	1.53	74.3771604481	7.6693
3 1 4			0.03		1.49		0.14		0.44055	0.33	57.7518627408	0.9567
0 1 7			0.03		1.53		0.14		0.44092	0.26	53.2385720724	8.4036
3 0 7			0.03		1.55		0.13		0.44159	0.18	64.5726747292	2.8781
1 1 4			0.03		1.58		0.13		0.44155	0.3	39.4492672371	0.9567
1 -1 2			0.03		1.61		0.13		0.4419	0.39	32.1995090242	11.6912
4 1 3			0.03		1.64		0.12		0.4419	0.15	68.408649436	0.0043
1 2 7			-0.0		1.64		0.12		0.44303	0.71	74.291810142	3.5836
2 0 2			-0.17		1.46		0.15		0.44189	0.1	31.1263267788	5.5981
1 1 2			0.02		1.49		0.15		0.44225	0.52	32.1995090242	11.6912
1 1 6			0.02		1.51		0.14		0.4434	0.38	49.5460147793	8.8974
3 2 4			0.01		1.52		0.14		0.44227	0.0	76.369138646	3.3351
-1 -1 -2			0.02		1.54		0.14		0.44257	0.31	32.1995090242	11.6912
3 0 3			-0.01		1.53		0.14		0.44499	0.33	47.4629609511	3.2424
2 2 6			-0.03		1.49		0.14		0.44453	0.0	74.8444416707	3.2648
0 1 4			-0.03		1.46		0.15		0.44537	0.09	36.6772811508	0.4076