HKL Value		Reward		TotalReward	Chi Squared	Z Appr. 	Error	Two-Thetas	Sfs2
5 3 7			0.0		0.0		0.0		0.3	0.2523	60.5057581853	5.4388
2 4 8			0.0		0.0		0.0		0.33655	0.1687	51.4325245866	2.4593
3 5 7			-0.59		-0.59		0.0		0.33643	0.2309	60.5203777188	5.6046
7 1 7			-0.2		-0.79		0.0		0.33634	0.3505	72.2660298289	5.0526
6 4 0			-0.45		-1.24		0.01		0.33634	1.8287	67.0910631577	58.6803
7 3 1			-0.99		-2.23		0.84		0.33603	0.5095	71.5359286583	22.1332
3 3 11			-0.95		-3.18		16.39		0.36169	2.1204	58.6030846927	249.5822
3 3 3			-0.06		-3.25		17.53		0.36088	0.8081	39.7679129272	70.9373
6 4 4			0.03		-3.22		17.03		0.36132	0.6669	69.2748711385	33.991
4 6 0			0.12		-3.09		15.14		0.36132	0.7863	67.1083315067	59.4729
1 1 3			-0.0		-3.1		15.18		0.36083	0.4514	16.9416048235	36.8187
1 7 7			0.08		-3.01		14.02		0.36091	0.4353	72.3061031614	6.1143
0 4 14			-0.07		-3.09		15.11		0.35923	1.2337	67.7597167724	121.3788
1 1 7			0.07		-3.01		14.08		0.35926	0.2012	29.7561292971	6.5386
0 2 20			0.07		-2.94		13.16		0.35908	0.4494	86.0769303832	2.8517
0 6 10			0.05		-2.89		12.53		0.3587	0.8527	69.1637693973	8.5049
3 3 7			0.06		-2.83		11.8		0.35872	0.1558	47.1418707618	3.5073
5 1 7			0.05		-2.78		11.19		0.35874	0.2609	54.1000446603	4.252
1 3 15			0.04		-2.74		10.8		0.35927	0.2862	67.3623786269	8.1809
6 4 2			0.04		-2.7		10.35		0.35928	0.2211	67.6401768609	4.8049
2 0 0			-0.15		-2.85		12.15		0.35928	2.02	17.6289686615	175.6782
0 2 14			0.05		-2.8		11.61		0.35976	0.2479	58.6982494177	6.3292
0 6 8			0.05		-2.75		11.11		0.359	0.7694	64.1950429677	5.6946
6 0 2			0.04		-2.72		10.71		0.35913	0.2214	55.354768557	5.4487
4 6 2			0.03		-2.68		10.38		0.35913	0.2349	67.657370766	5.5969
0 6 2			0.03		-2.65		10.06		0.35929	0.2356	55.3895592761	6.1752
0 6 16			0.04		-2.62		9.71		0.36058	0.4825	89.3859051251	7.6515
6 0 8			0.03		-2.58		9.4		0.35993	2.9234	64.163237895	5.3359
5 5 7			0.03		-2.55		9.1		0.35997	0.6639	72.2860687267	4.3062
4 2 8			0.03		-2.52		8.83		0.35924	0.7605	51.4203212226	2.5419
2 0 14			0.03		-2.49		8.55		0.3594	0.2634	58.6945218607	7.3942
6 0 6			0.03		-2.46		8.32		0.35877	1.0815	60.1501886982	39.9969
6 0 10			0.02		-2.44		8.19		0.35844	1.0728	69.1331306246	8.9056
3 3 15			0.02		-2.42		7.99		0.35866	0.3402	73.0835579415	3.8877
0 6 18			0.03		-2.39		7.77		0.35865	0.7949	98.0280769063	1.8601
1 3 11			-0.29		-2.69		11.01		0.36039	2.4293	52.0561920156	298.4303
3 3 13			0.03		-2.66		10.72		0.36068	0.5636	65.4922780779	9.1158
0 2 8			0.03		-2.63		10.43		0.36066	0.1155	35.7619852008	1.7384
1 5 7			0.02		-2.61		10.19		0.36067	0.6035	54.1236034243	4.2528
6 0 0			0.01		-2.59		10.05		0.36067	0.7256	54.7363985401	55.434
0 4 16			0.01		-2.59		9.99		0.36193	1.5557	75.7704700384	94.8658
3 5 9			0.0		-2.58		9.94		0.36164	0.4755	65.0802252419	19.5165
9 1 1			0.01		-2.57		9.83		0.36161	0.8793	87.9915459652	19.6393
4 2 6			0.0		-2.57		9.79		0.36126	1.6049	46.7233273538	62.1975
6 4 6			0.02		-2.54		9.57		0.36128	0.9247	71.9614498967	41.9809
0 6 6			0.02		-2.53		9.42		0.36106	1.0147	60.183190367	40.9583
5 1 13			0.02		-2.51		9.24		0.36128	0.4567	71.2764535317	11.3258
0 2 6			-0.05		-2.56		9.77		0.36065	1.1672	29.1471999487	131.5155
0 6 4			-0.03		-2.59		10.06		0.36073	0.6675	57.2171401797	42.9768
0 0 22			0.01		-2.58		9.92		0.36112	2.2765	94.0325860765	137.6091
4 2 2			0.01		-2.57		9.87		0.36113	0.457	40.8620305525	12.2524
1 1 11			-0.23		-2.8		12.85		0.36142	2.144	44.8525636461	378.5934
2 0 8			0.02		-2.78		12.6		0.3614	0.1665	35.7565424018	1.5727
4 6 6			0.02		-2.76		12.37		0.36141	1.1903	71.9781772466	41.9784
5 1 9			0.01		-2.75		12.23		0.36119	0.4583	58.9619928854	19.0838
3 1 1			-0.01		-2.76		12.36		0.36116	0.5239	28.3131072915	41.7464
2 4 2			0.01		-2.76		12.28		0.36117	0.3828	40.8766170199	13.2501
4 2 10			0.01		-2.75		12.17		0.36112	1.1102	57.0442200735	11.3144
2 0 2			-0.02		-2.77		12.41		0.3611	0.6502	19.2320929378	35.9547
2 0 16			0.02		-2.75		12.22		0.36133	0.5935	67.2372591268	11.8907
3 1 9			0.01		-2.74		12.06		0.36121	0.36	45.2950695798	8.7768
2 4 12			0.02		-2.72		11.87		0.36112	0.2205	63.4791913795	4.8908
0 2 12			0.01		-2.72		11.77		0.36088	0.3827	50.6142203783	17.5707
2 4 10			0.01		-2.71		11.69		0.36082	0.607	57.0555982332	12.0937
4 4 4			-0.05		-2.76		12.31		0.36076	0.8476	53.9354251327	76.9211
3 5 11			-0.05		-2.81		12.96		0.36097	1.8915	70.5555824797	206.4699
0 2 4			-0.07		-2.87		13.87		0.36104	1.326	23.4223631322	110.0283