HKL Value		Reward		TotalReward	Chi Squared	Z Appr. 	Error	Two-Thetas	Sfs2
6 0 2			0.0		0.0		0.0		0.3	0.2214	55.354768557	5.4487
4 6 0			0.0		0.0		0.19		0.25001	0.7863	67.1083315067	59.4729
3 1 9			16.07		16.07		0.1		0.24403	0.36	45.2950695798	8.7768
1 3 15			4.59		20.66		1.0		0.25065	0.2862	67.3623786269	8.1809
0 4 20			0.6		21.25		9.24		0.26034	1.027	94.1654323607	18.6345
6 4 0			2.14		23.4		7.4		0.26034	1.8287	67.0910631577	58.6803
0 0 14			0.42		23.82		16.15		0.26053	0.8389	55.4890953336	74.9432
3 5 1			1.59		25.4		14.05		0.26049	0.5283	53.2544885252	31.9012
3 3 13			1.57		26.97		12.74		0.26023	0.5636	65.4922780779	9.1158
0 2 8			1.67		28.64		11.38		0.26033	0.1155	35.7619852008	1.7384
2 6 4			1.63		30.27		10.67		0.26045	0.8772	60.3635846112	78.02
5 1 1			1.72		31.99		9.8		0.26041	0.5346	46.1701152	26.7419
1 5 1			1.77		33.76		9.09		0.26037	0.4978	46.196563203	27.3004
4 4 4			1.78		35.54		8.61		0.26046	0.8476	53.9354251327	76.9211
0 6 0			1.74		37.28		8.46		0.26046	1.4277	54.7714555341	59.4019
2 0 14			1.87		39.15		7.89		0.26047	0.2634	58.6945218607	7.3942
7 1 1			1.91		41.06		7.43		0.26045	0.5207	65.7483230412	25.2044
0 6 14			1.7		42.76		7.92		0.25995	0.9096	81.7552219026	27.2955
0 2 14			1.9		44.65		7.5		0.26013	0.2479	58.6982494177	6.3292
2 4 8			1.86		46.51		7.39		0.26056	0.1687	51.4325245866	2.4593
2 0 2			1.79		48.3		7.57		0.26054	0.6502	19.2320929378	35.9547
3 1 13			1.85		50.14		7.47		0.26032	0.3869	59.4126405656	11.7895
5 3 1			1.91		52.05		7.21		0.26028	0.5252	53.2386121167	32.835
2 2 4			1.92		53.98		7.01		0.26034	0.7551	29.4672289371	73.6026
3 3 9			1.89		55.86		7.02		0.26035	0.3816	52.4524123761	12.0632
2 4 2			1.95		57.81		6.82		0.26035	0.3828	40.8766170199	13.2501
7 3 1			2.0		59.81		6.56		0.26035	0.5095	71.5359286583	22.1332
4 2 2			2.01		61.82		6.38		0.26035	0.457	40.8620305525	12.2524
5 1 13			2.0		63.82		6.33		0.26011	0.4567	71.2764535317	11.3258
7 1 7			1.34		65.16		8.68		0.25654	0.3505	72.2660298289	5.0526
0 2 10			1.67		66.83		8.78		0.25641	0.4317	42.9590557724	21.0204
0 0 4			1.72		68.54		8.67		0.25645	0.8482	15.2869714585	59.1035
1 3 9			1.74		70.28		8.51		0.2564	0.2622	45.3040218183	7.1674
0 0 18			1.77		72.05		8.29		0.25677	0.6609	73.530655613	37.988
4 2 8			1.74		73.79		8.3		0.25709	0.7605	51.4203212226	2.5419
1 1 15			1.79		75.58		8.09		0.25732	0.656	61.3839959686	20.6242
6 2 4			1.78		77.36		8.0		0.25737	0.8727	60.3342977717	77.9073
1 7 1			1.82		79.18		7.8		0.25736	0.5219	65.7901743415	26.2984
4 2 0			1.75		80.94		7.93		0.25736	0.9287	40.0811891304	86.5118
0 6 2			1.83		82.77		7.74		0.25736	0.2356	55.3895592761	6.1752
0 4 16			1.85		84.62		7.55		0.2575	1.5557	75.7704700384	94.8658
1 1 13			1.85		86.47		7.44		0.25731	0.3722	52.9310122384	10.9703
2 4 4			1.71		88.17		7.89		0.25727	0.8182	43.1484985256	64.6996
4 4 10			1.66		89.83		8.34		0.25745	0.6886	66.23802526	47.6672
0 6 18			1.78		91.62		8.16		0.25749	0.7949	98.0280769063	1.8601
1 3 1			1.78		93.39		8.06		0.25746	0.5324	28.3265170018	42.1271
0 4 4			1.78		95.17		7.99		0.25749	0.8482	39.0545896029	78.0016
0 6 10			1.8		96.97		7.89		0.25744	0.8527	69.1637693973	8.5049
2 2 8			1.35		98.32		9.66		0.2571	1.8488	40.1384116224	216.1995
0 2 2			1.6		99.92		9.7		0.25709	0.4614	19.2417464495	36.8131
6 0 4			1.61		101.53		9.67		0.25705	0.7069	57.1830782131	42.6751
0 4 12			1.64		103.17		9.53		0.25684	1.4889	60.4300914167	161.7651
2 2 12			1.62		104.79		9.54		0.25645	1.9766	54.0147953295	208.0279
1 1 3			1.54		106.33		9.87		0.25645	0.4514	16.9416048235	36.8187
6 4 6			1.51		107.84		10.24		0.25649	0.9247	71.9614498967	41.9809