HKL Value		Reward		TotalReward	Chi Squared	Z Appr. 	Error	Two-Thetas	Sfs2
6 0 12			0.0		0.0		0.0		0.3	0.5892	74.995462768	0.9301
3 1 9			0.0		0.0		1.28		0.30788	0.36	45.2950695798	8.7768
0 0 16			6.6		6.6		0.64		0.30779	1.3342	64.286058028	116.6634
4 6 0			7.65		14.25		0.44		0.30779	0.7863	67.1083315067	59.4729
6 4 0			8.72		22.97		0.34		0.30779	1.8287	67.0910631577	58.6803
2 0 10			6.42		29.39		0.58		0.30856	0.6169	42.9543880851	20.236
3 3 15			5.65		35.04		0.76		0.30841	0.3402	73.0835579415	3.8877
1 3 15			4.25		39.28		1.26		0.30802	0.2862	67.3623786269	8.1809
6 0 2			4.36		43.65		1.3		0.30793	0.2214	55.354768557	5.4487
0 2 18			4.39		48.03		1.3		0.30816	0.3755	76.3208597895	3.7538
3 5 9			3.81		51.84		1.62		0.30976	0.4755	65.0802252419	19.5165
3 5 1			3.29		55.13		2.11		0.30958	0.5283	53.2544885252	31.9012
0 2 20			3.54		58.67		2.03		0.30955	0.4494	86.0769303832	2.8517
5 1 1			3.18		61.85		2.33		0.30923	0.5346	46.1701152	26.7419
2 0 14			3.43		65.28		2.18		0.30989	0.2634	58.6945218607	7.3942
4 2 12			3.54		68.83		2.04		0.30957	0.2244	63.468523569	4.7972
1 5 1			3.21		72.04		2.31		0.30944	0.4978	46.196563203	27.3004
2 4 14			2.91		74.95		2.73		0.31039	0.5221	70.6383718296	19.4111
7 1 1			2.93		77.88		2.85		0.31032	0.5207	65.7483230412	25.2044