HKL Value		Reward		TotalReward	Chi Squared	Z Appr. 	Error	Two-Thetas	Sfs2
3 1 9			0.0		0.0		0.0		0.3	0.36	45.2950695798	8.7768
6 4 0			0.0		0.0		0.01		0.31154	1.8287	67.0910631577	58.6803
4 6 0			30.15		30.15		0.03		0.31154	0.7863	67.1083315067	59.4729
2 0 10			21.66		51.82		0.05		0.31227	0.6169	42.9543880851	20.236
3 3 15			9.43		61.25		0.27		0.31352	0.3402	73.0835579415	3.8877
1 3 15			5.59		66.84		0.73		0.31511	0.2862	67.3623786269	8.1809
6 0 2			5.06		71.9		0.94		0.31504	0.2214	55.354768557	5.4487
0 2 18			5.49		77.4		0.84		0.31433	0.3755	76.3208597895	3.7538
3 5 9			5.54		82.94		0.82		0.31467	0.4755	65.0802252419	19.5165
0 2 20			5.7		88.64		0.78		0.31412	0.4494	86.0769303832	2.8517
1 3 5			0.15		88.78		16.04		0.31431	3.1323	34.189462707	190.138
3 5 1			1.37		90.15		15.28		0.31426	0.5283	53.2544885252	31.9012
7 3 3			1.24		91.39		15.54		0.31436	1.9283	72.601334037	69.5466
5 1 1			1.38		92.77		14.85		0.31431	0.5346	46.1701152	26.7419
2 0 14			1.46		94.23		13.9		0.31391	0.2634	58.6945218607	7.3942
2 4 4			0.96		95.19		16.36		0.31383	0.8182	43.1484985256	64.6996
4 2 12			1.35		96.54		15.59		0.31247	0.2244	63.468523569	4.7972
1 5 1			1.35		97.89		15.07		0.3124	0.4978	46.196563203	27.3004
2 4 14			1.37		99.26		14.59		0.31296	0.5221	70.6383718296	19.4111
7 1 1			1.39		100.65		14.1		0.31291	0.5207	65.7483230412	25.2044
1 3 9			1.45		102.1		13.43		0.31263	0.2622	45.3040218183	7.1674
2 6 4			1.36		103.45		13.48		0.31212	0.8772	60.3635846112	78.02
0 2 10			1.47		104.93		12.86		0.31216	0.4317	42.9590557724	21.0204
0 6 18			1.5		106.42		12.31		0.31226	0.7949	98.0280769063	1.8601
3 7 1			1.51		107.93		11.89		0.31223	1.2822	71.5694631273	22.2453
6 0 6			1.54		109.47		11.42		0.31231	1.0815	60.1501886982	39.9969
0 2 14			1.56		111.04		11.01		0.31196	0.2479	58.6982494177	6.3292
5 3 9			1.57		112.61		10.7		0.31232	0.4833	65.0662013285	20.8409
6 0 0			1.57		114.18		10.48		0.31232	0.7256	54.7363985401	55.434
0 6 6			1.62		115.8		10.13		0.3124	1.0147	60.183190367	40.9583
2 4 12			1.63		117.44		9.86		0.31181	0.2205	63.4791913795	4.8908
0 6 12			1.65		119.08		9.63		0.31112	0.3425	75.0250979777	1.887
0 6 14			1.57		120.65		9.82		0.31148	0.9096	81.7552219026	27.2955
4 6 2			1.66		122.31		9.53		0.31146	0.2349	67.657370766	5.5969
6 4 2			1.68		123.99		9.26		0.31145	0.2211	67.6401768609	4.8049
0 0 16			1.7		125.7		9.01		0.31141	1.3342	64.286058028	116.6634
6 0 8			1.7		127.4		8.86		0.31139	2.9234	64.163237895	5.3359
0 6 0			1.7		129.1		8.79		0.31139	1.4277	54.7714555341	59.4019
0 6 8			1.73		130.82		8.64		0.31136	0.7694	64.1950429677	5.6946
2 4 0			1.67		132.49		8.77		0.31136	1.4359	40.0960076051	88.2765
2 4 2			1.71		134.2		8.69		0.31133	0.3828	40.8766170199	13.2501
3 3 9			1.75		135.95		8.48		0.31142	0.3816	52.4524123761	12.0632
2 2 16			1.76		137.71		8.32		0.31135	1.1693	70.1293332912	108.6018
4 2 6			1.76		139.47		8.21		0.31155	1.6049	46.7233273538	62.1975
0 0 20			1.71		141.18		8.34		0.31318	0.4542	83.3712939521	4.3689
7 3 1			1.77		142.95		8.2		0.31317	0.5095	71.5359286583	22.1332
5 3 1			1.75		144.7		8.2		0.31315	0.5252	53.2386121167	32.835
0 6 2			1.78		146.48		8.07		0.31315	0.2356	55.3895592761	6.1752
5 5 1			1.8		148.27		7.94		0.31314	0.5073	65.769247456	23.9531
4 2 2			1.79		150.06		7.88		0.31313	0.457	40.8620305525	12.2524
0 0 22			1.78		151.84		7.88		0.31343	2.2765	94.0325860765	137.6091
2 2 10			1.78		153.62		7.89		0.31365	0.6429	46.7739448495	44.8949
9 1 1			1.81		155.44		7.77		0.31365	0.8793	87.9915459652	19.6393
1 1 3			1.76		157.2		7.88		0.31366	0.4514	16.9416048235	36.8187
1 3 11			0.86		158.06		12.41		0.31358	2.4293	52.0561920156	298.4303
0 0 18			1.46		159.52		12.19		0.31363	0.6609	73.530655613	37.988
4 4 4			1.41		160.94		12.28		0.31353	0.8476	53.9354251327	76.9211
0 4 20			1.47		162.41		12.07		0.31352	1.027	94.1654323607	18.6345
2 0 16			1.42		163.82		12.17		0.3136	0.5935	67.2372591268	11.8907
0 0 4			1.43		165.25		12.2		0.31352	0.8482	15.2869714585	59.1035
0 6 16			1.37		166.62		12.53		0.31365	0.4825	89.3859051251	7.6515