HKL Value		Reward		TotalReward	Chi Squared	Z Appr. 	Error	Two-Thetas	Sfs2
0 2 8			0.0		0.0		0.0		0.3	0.1155	35.7619852008	1.7384
3 1 13			0.0		0.0		1.63		0.28462	0.3869	59.4126405656	11.7895
7 3 5			0.01		0.01		32.24		0.28343	1.0496	74.7140851895	88.0788
3 3 13			1.88		1.89		21.58		0.28434	0.5636	65.4922780779	9.1158
2 2 12			2.78		4.67		10.2		0.2511	1.9766	54.0147953295	208.0279
2 0 14			1.7		6.37		9.62		0.2515	0.2634	58.6945218607	7.3942
6 4 0			2.02		8.39		8.02		0.2515	1.8287	67.0910631577	58.6803
7 1 1			2.1		10.49		6.9		0.25148	0.5207	65.7483230412	25.2044
3 5 5			0.53		11.02		14.44		0.24995	1.2751	56.9624934876	133.7285
4 6 0			1.6		12.62		12.84		0.24995	0.7863	67.1083315067	59.4729
5 3 1			1.62		14.24		11.65		0.2499	0.5252	53.2386121167	32.835
0 2 6			0.4		14.64		20.03		0.24989	1.1672	29.1471999487	131.5155
4 2 0			1.2		15.83		19.43		0.24989	0.9287	40.0811891304	86.5118
5 1 13			1.33		17.17		18.0		0.25058	0.4567	71.2764535317	11.3258
2 4 2			1.34		18.51		16.86		0.25058	0.3828	40.8766170199	13.2501
1 3 9			1.37		19.88		15.83		0.25033	0.2622	45.3040218183	7.1674
6 2 4			1.36		21.24		15.19		0.25033	0.8727	60.3342977717	77.9073
1 1 15			1.34		22.58		14.86		0.25127	0.656	61.3839959686	20.6242
2 2 4			1.4		23.98		14.22		0.25128	0.7551	29.4672289371	73.6026
0 2 10			1.36		25.34		14.04		0.25124	0.4317	42.9590557724	21.0204
0 6 14			1.38		26.72		13.77		0.2511	0.9096	81.7552219026	27.2955
0 4 16			1.41		28.13		13.4		0.25146	1.5557	75.7704700384	94.8658
0 6 18			1.47		29.6		12.82		0.25146	0.7949	98.0280769063	1.8601
0 2 22			0.93		30.53		15.74		0.25141	1.8317	96.7387030121	97.213
6 0 4			1.31		31.84		15.42		0.25139	0.7069	57.1830782131	42.6751
7 3 1			1.37		33.21		14.82		0.25143	0.5095	71.5359286583	22.1332
1 5 1			1.39		34.6		14.27		0.25139	0.4978	46.196563203	27.3004
0 0 20			1.08		35.68		15.81		0.26224	0.4542	83.3712939521	4.3689
0 2 14			1.35		37.03		15.25		0.26221	0.2479	58.6982494177	6.3292
2 4 4			1.21		38.24		15.67		0.26218	0.8182	43.1484985256	64.6996
2 6 4			1.32		39.57		15.28		0.26221	0.8772	60.3635846112	78.02
0 2 2			1.3		40.87		15.16		0.2622	0.4614	19.2417464495	36.8131
4 4 12			1.36		42.23		14.69		0.26216	1.9475	72.2035773977	130.2426
5 1 5			0.99		43.21		16.82		0.26201	1.1901	50.2495039981	127.1383
1 3 1			1.27		44.48		16.46		0.26199	0.5324	28.3265170018	42.1271
4 2 8			1.29		45.77		16.09		0.2621	0.7605	51.4203212226	2.5419
5 1 11			1.0		46.78		17.78		0.26249	3.2753	64.7131722767	203.727
0 6 2			1.25		48.03		17.31		0.26249	0.2356	55.3895592761	6.1752
4 4 10			1.18		49.21		17.44		0.26265	0.6886	66.23802526	47.6672
0 0 4			1.25		50.46		17.1		0.26267	0.8482	15.2869714585	59.1035
1 3 7			0.85		51.31		19.84		0.26119	0.1893	39.2755843192	5.3372
0 6 10			1.17		52.48		19.46		0.26117	0.8527	69.1637693973	8.5049
0 4 18			1.14		53.62		19.39		0.26036	0.8369	84.5238780681	17.4513
4 2 2			1.19		54.82		18.97		0.26036	0.457	40.8620305525	12.2524
1 7 1			1.2		56.02		18.56		0.26036	0.5219	65.7901743415	26.2984
1 1 3			1.14		57.16		18.74		0.26036	0.4514	16.9416048235	36.8187
3 1 7			0.92		58.07		20.6		0.25924	0.257	39.2655360855	5.205
6 2 10			1.1		59.17		20.64		0.25933	0.7103	71.9901825081	43.9921