HKL Value		Reward		TotalReward	Chi Squared	Z Appr. 	Error	Two-Thetas	Sfs2
9 1 1			0.0		0.0		0.0		0.3	0.8793	87.9915459652	19.6393
5 5 1			0.0		0.0		0.02		0.27576	0.5073	65.769247456	23.9531
4 4 10			27.32		27.32		0.03		0.27967	0.6886	66.23802526	47.6672
6 2 4			17.01		44.34		0.09		0.27999	0.8727	60.3342977717	77.9073
3 7 1			14.98		59.32		0.11		0.2799	1.2822	71.5694631273	22.2453
3 3 1			5.38		64.71		0.76		0.27956	0.5106	38.1558496662	33.1617
4 6 0			6.31		71.01		0.64		0.27956	0.7863	67.1083315067	59.4729
7 3 1			6.64		77.65		0.57		0.27947	0.5095	71.5359286583	22.1332
0 6 8			5.48		83.13		0.8		0.27871	0.7694	64.1950429677	5.6946
6 4 0			5.97		89.1		0.71		0.27871	1.8287	67.0910631577	58.6803
2 4 12			5.79		94.89		0.74		0.27727	0.2205	63.4791913795	4.8908
3 1 15			5.48		100.37		0.82		0.28039	0.2871	67.3554895111	7.7692
2 0 14			5.8		106.17		0.75		0.28037	0.2634	58.6945218607	7.3942
2 0 12			4.3		110.46		1.24		0.27958	0.8079	50.6101057273	16.6151
2 0 16			4.1		114.57		1.43		0.27975	0.5935	67.2372591268	11.8907
0 2 16			3.76		118.33		1.69		0.2799	1.8687	67.2407114996	13.8307