HKL Value		Reward		TotalReward	Chi Squared	Z Appr. 	Error	Two-Thetas	Sfs2
4 4 10			0.0		0.0		0.0		0.3	0.6886	66.23802526	47.6672
5 5 1			0.0		0.0		0.07		0.27968	0.5073	65.769247456	23.9531
9 1 1			27.43		27.43		0.03		0.27967	0.8793	87.9915459652	19.6393
6 2 4			17.01		44.44		0.09		0.27999	0.8727	60.3342977717	77.9073
3 7 1			14.98		59.42		0.11		0.2799	1.2822	71.5694631273	22.2453
4 6 0			16.07		75.5		0.1		0.2799	0.7863	67.1083315067	59.4729
7 3 1			15.13		90.63		0.11		0.27981	0.5095	71.5359286583	22.1332
0 6 8			7.26		97.89		0.45		0.27912	0.7694	64.1950429677	5.6946
6 4 0			8.03		105.92		0.39		0.27912	1.8287	67.0910631577	58.6803
2 4 12			7.18		113.1		0.48		0.27768	0.2205	63.4791913795	4.8908
4 0 6			0.01		113.11		30.54		0.31422	5.3963	42.900258124	488.2208
3 1 15			1.16		114.27		27.97		0.31482	0.2871	67.3554895111	7.7692
5 1 3			0.99		115.26		27.52		0.315	0.9592	47.5591860667	88.1873
2 0 12			1.17		116.43		25.49		0.31432	0.8079	50.6101057273	16.6151
2 0 14			1.18		117.62		23.78		0.31383	0.2634	58.6945218607	7.3942
2 0 16			1.07		118.69		23.35		0.31464	0.5935	67.2372591268	11.8907
0 2 16			1.12		119.82		22.59		0.3157	1.8687	67.2407114996	13.8307
5 1 1			1.17		120.98		21.66		0.31563	0.5346	46.1701152	26.7419
0 0 4			1.12		122.1		21.31		0.31498	0.8482	15.2869714585	59.1035
2 0 8			0.6		122.7		25.84		0.31721	0.1665	35.7565424018	1.5727
6 0 0			1.1		123.8		24.79		0.31721	0.7256	54.7363985401	55.434
1 1 1			1.05		124.85		24.4		0.3171	0.5749	13.0194761966	56.7652
4 6 2			1.14		125.98		23.33		0.31707	0.2349	67.657370766	5.5969
0 0 20			1.16		127.14		22.31		0.31702	0.4542	83.3712939521	4.3689
4 4 0			0.15		127.29		34.97		0.31702	4.9852	51.3853572345	648.027
0 6 2			0.96		128.26		33.68		0.317	0.2356	55.3895592761	6.1752
4 2 10			0.98		129.24		32.41		0.31726	1.1102	57.0442200735	11.3144
0 4 10			0.98		130.22		31.31		0.31777	0.9893	53.7871001638	44.1425
2 4 8			0.92		131.14		30.99		0.31828	0.1687	51.4325245866	2.4593
0 2 8			0.72		131.86		32.97		0.31997	0.1155	35.7619852008	1.7384
4 0 4			0.9		132.76		32.63		0.31962	1.2165	39.0343929222	79.1487
1 3 3			0.91		133.67		32.22		0.31968	0.7045	30.3940112777	66.1614
6 0 12			0.82		134.49		32.87		0.31479	0.5892	74.995462768	0.9301
6 0 8			0.96		135.45		31.97		0.31481	2.9234	64.163237895	5.3359
2 0 10			0.97		136.42		31.03		0.31476	0.6169	42.9543880851	20.236
0 2 20			0.98		137.41		30.17		0.31449	0.4494	86.0769303832	2.8517
6 0 2			0.99		138.4		29.38		0.31448	0.2214	55.354768557	5.4487
4 2 2			0.99		139.38		28.73		0.31446	0.457	40.8620305525	12.2524
1 5 13			0.84		140.22		29.67		0.31596	1.1973	71.2966048402	12.6128
0 2 12			0.99		141.21		28.96		0.31573	0.3827	50.6142203783	17.5707
1 3 15			1.0		142.21		28.28		0.31584	0.2862	67.3623786269	8.1809
5 3 7			0.88		143.1		28.82		0.3168	0.2523	60.5057581853	5.4388
6 4 6			0.99		144.08		28.27		0.31671	0.9247	71.9614498967	41.9809
1 1 11			0.38		144.46		35.04		0.31668	2.144	44.8525636461	378.5934
0 2 14			0.9		145.37		34.38		0.31649	0.2479	58.6982494177	6.3292
1 5 1			0.91		146.28		33.78		0.31648	0.4978	46.196563203	27.3004
0 6 14			0.91		147.18		33.27		0.31657	0.9096	81.7552219026	27.2955
2 4 14			0.93		148.11		32.64		0.31664	0.5221	70.6383718296	19.4111
4 2 14			0.93		149.04		32.03		0.31671	1.2576	70.6282605877	19.9713
0 4 20			0.94		149.98		31.45		0.31651	1.027	94.1654323607	18.6345
2 0 4			0.78		150.76		32.64		0.31651	1.3874	23.4143586184	109.347
6 2 10			0.93		151.69		32.08		0.31671	0.7103	71.9901825081	43.9921
6 4 2			0.94		152.63		31.47		0.31671	0.2211	67.6401768609	4.8049
0 6 0			0.94		153.57		31.0		0.31671	1.4277	54.7714555341	59.4019
3 3 9			0.95		154.52		30.45		0.31663	0.3816	52.4524123761	12.0632
2 4 2			0.95		155.47		30.01		0.31662	0.3828	40.8766170199	13.2501
0 6 10			0.96		156.43		29.54		0.3168	0.8527	69.1637693973	8.5049
1 1 13			0.88		157.3		29.99		0.31778	0.3722	52.9310122384	10.9703
3 3 13			0.86		158.16		30.52		0.31885	0.5636	65.4922780779	9.1158
3 3 15			0.95		159.11		30.05		0.31864	0.3402	73.0835579415	3.8877
3 5 9			0.96		160.08		29.55		0.31864	0.4755	65.0802252419	19.5165
5 3 1			0.95		161.03		29.21		0.31862	0.5252	53.2386121167	32.835
4 6 4			0.93		161.96		29.13		0.31862	1.0731	69.291881243	33.3045
1 1 15			0.96		162.92		28.79		0.31875	0.656	61.3839959686	20.6242
4 6 6			0.97		163.89		28.45		0.31869	1.1903	71.9781772466	41.9784
1 3 13			0.92		164.81		28.59		0.31933	0.3907	59.4200243294	11.5335
1 5 9			0.97		165.79		28.21		0.31925	0.4394	58.984264935	17.7365
4 2 8			0.95		166.74		28.08		0.31937	0.7605	51.4203212226	2.5419
5 3 5			0.83		167.58		29.17		0.31941	2.2247	56.9473208346	134.0256
2 6 10			0.97		168.54		28.76		0.31946	0.7069	72.0169435829	44.7171
4 0 10			0.97		169.52		28.36		0.3195	0.6243	53.7713327333	45.2096
2 4 0			0.96		170.48		28.15		0.3195	1.4359	40.0960076051	88.2765
1 3 9			0.97		171.44		27.9		0.31934	0.2622	45.3040218183	7.1674
3 1 13			0.94		172.39		27.95		0.31986	0.3869	59.4126405656	11.7895
1 3 1			0.97		173.35		27.75		0.31986	0.5324	28.3265170018	42.1271
7 1 1			0.98		174.33		27.46		0.31985	0.5207	65.7483230412	25.2044
6 0 4			0.95		175.28		27.52		0.31985	0.7069	57.1830782131	42.6751
4 4 4			0.96		176.24		27.47		0.31978	0.8476	53.9354251327	76.9211
0 0 10			0.99		177.23		27.12		0.31981	0.8316	38.8438017949	41.7013
3 1 9			0.99		178.22		26.87		0.3197	0.36	45.2950695798	8.7768
0 0 14			0.92		179.14		27.27		0.31971	0.8389	55.4890953336	74.9432
2 6 4			0.97		180.1		27.19		0.31965	0.8772	60.3635846112	78.02
4 2 12			0.94		181.05		27.35		0.31905	0.2244	63.468523569	4.7972
5 1 13			0.94		181.99		27.46		0.31954	0.4567	71.2764535317	11.3258
0 2 10			0.98		182.97		27.18		0.31949	0.4317	42.9590557724	21.0204
0 6 6			0.99		183.97		26.86		0.31948	1.0147	60.183190367	40.9583
3 5 1			0.99		184.95		26.65		0.31948	0.5283	53.2544885252	31.9012
3 3 1			0.99		185.94		26.44		0.31948	0.5106	38.1558496662	33.1617
3 1 3			0.98		186.92		26.38		0.31948	1.2003	30.3814370344	67.5761
2 0 2			0.98		187.91		26.3		0.31947	0.6502	19.2320929378	35.9547
0 6 16			0.99		188.9		26.13		0.31968	0.4825	89.3859051251	7.6515
2 2 4			0.98		189.88		26.1		0.31963	0.7551	29.4672289371	73.6026
1 1 9			0.99		190.87		26.01		0.31942	0.2216	37.1193146943	1.1702
4 4 12			1.01		191.88		25.75		0.31947	1.9475	72.2035773977	130.2426
0 0 18			1.0		192.88		25.63		0.3191	0.6609	73.530655613	37.988
0 2 2			0.99		193.87		25.57		0.31909	0.4614	19.2417464495	36.8131
3 1 1			1.0		194.87		25.44		0.31908	0.5239	28.3131072915	41.7464
4 0 14			0.9		195.78		26.26		0.31908	1.986	67.7459682929	124.3248
1 1 5			0.8		196.58		27.95		0.31911	1.9661	22.8949597146	247.5537
0 4 4			0.95		197.53		27.88		0.31907	0.8482	39.0545896029	78.0016
6 4 4			0.95		198.48		27.85		0.31907	0.6669	69.2748711385	33.991
1 7 3			0.95		199.43		27.81		0.31908	0.9932	66.8968211493	90.2271