HKL Value		Reward		TotalReward	Chi Squared	Z Appr. 	Error	Two-Thetas	Sfs2
5 5 1			0.0		0.0		0.0		0.3	0.5073	65.769247456	23.9531
4 4 10			0.0		0.0		0.07		0.27968	0.6886	66.23802526	47.6672
1 1 1			1.34		1.34		4.85		0.27907	0.5749	13.0194761966	56.7652
9 1 1			3.19		4.52		3.24		0.27907	0.8793	87.9915459652	19.6393
6 2 4			3.38		7.91		2.49		0.27943	0.8727	60.3342977717	77.9073
3 7 1			3.66		11.57		2.03		0.27935	1.2822	71.5694631273	22.2453
4 6 0			3.96		15.52		1.7		0.27935	0.7863	67.1083315067	59.4729
7 3 1			4.2		19.72		1.48		0.27926	0.5095	71.5359286583	22.1332
0 6 8			3.94		23.66		1.58		0.27845	0.7694	64.1950429677	5.6946
6 4 0			4.28		27.94		1.41		0.27845	1.8287	67.0910631577	58.6803
2 4 12			4.31		32.25		1.36		0.27703	0.2205	63.4791913795	4.8908
3 1 15			4.21		36.46		1.4		0.28032	0.2871	67.3554895111	7.7692
2 0 14			4.46		40.92		1.28		0.2803	0.2634	58.6945218607	7.3942
5 1 1			4.19		45.1		1.4		0.28021	0.5346	46.1701152	26.7419
2 0 12			3.6		48.7		1.79		0.27942	0.8079	50.6101057273	16.6151
2 0 16			3.54		52.25		1.94		0.2796	0.5935	67.2372591268	11.8907