HKL Value		Reward		TotalReward	Chi Squared	Z Appr. 	Error	Two-Thetas	Sfs2
3 7 1			0.0		0.0		0.0		0.3	1.2822	71.5694631273	22.2453
5 5 1			0.0		0.0		0.02		0.27054	0.5073	65.769247456	23.9531
6 2 4			11.04		11.04		0.2		0.28151	0.8727	60.3342977717	77.9073
2 4 12			8.32		19.35		0.35		0.27513	0.2205	63.4791913795	4.8908
4 4 10			7.08		26.43		0.49		0.27879	0.6886	66.23802526	47.6672
9 1 1			8.08		34.51		0.39		0.27879	0.8793	87.9915459652	19.6393
4 6 0			8.73		43.24		0.33		0.27879	0.7863	67.1083315067	59.4729
0 6 8			6.32		49.56		0.6		0.27777	0.7694	64.1950429677	5.6946
2 0 12			4.94		54.5		0.96		0.27492	0.8079	50.6101057273	16.6151
6 4 0			5.47		59.97		0.85		0.27492	1.8287	67.0910631577	58.6803
0 2 16			3.91		63.88		1.46		0.27611	1.8687	67.2407114996	13.8307
6 0 0			3.68		67.56		1.75		0.27611	0.7256	54.7363985401	55.434
0 2 8			3.94		71.5		1.64		0.27636	0.1155	35.7619852008	1.7384
1 5 13			3.41		74.91		2.01		0.27805	1.1973	71.2966048402	12.6128
0 6 2			3.65		78.56		1.91		0.27792	0.2356	55.3895592761	6.1752
3 7 3			1.97		80.52		4.14		0.28096	0.8954	72.6346668965	71.6226
0 2 20			2.45		82.97		4.15		0.28501	0.4494	86.0769303832	2.8517
6 4 6			2.2		85.17		4.69		0.28549	0.9247	71.9614498967	41.9809