HKL Value		Reward		TotalReward	Chi Squared	Z Appr. 	Error	Two-Thetas	Sfs2
1 1 1			0.0		0.0		0.0		0.3	0.5749	13.0194761966	56.7652
3 1 1			0.0		0.0		0.1		0.36503	0.5239	28.3131072915	41.7464
1 7 3			-0.24		-0.24		0.34		0.35844	0.9932	66.8968211493	90.2271
3 1 3			0.04		-0.2		0.27		0.35712	1.2003	30.3814370344	67.5761
2 0 0			-0.11		-0.31		0.38		0.35711	2.02	17.6289686615	175.6782
1 1 3			0.02		-0.29		0.34		0.35836	0.4514	16.9416048235	36.8187
5 5 3			0.03		-0.27		0.29		0.35799	0.8107	66.8760743485	64.1048
4 4 12			-22.39		-22.65		22.68		0.374	1.9475	72.2035773977	130.2426
6 4 2			0.24		-22.41		22.2		0.37475	0.2211	67.6401768609	4.8049
5 1 3			0.93		-21.49		20.34		0.37451	0.9592	47.5591860667	88.1873
3 7 3			0.8		-20.68		18.74		0.37431	0.8954	72.6346668965	71.6226
5 1 11			-3.82		-24.5		22.55		0.37812	3.2753	64.7131722767	203.727
0 2 0			0.92		-23.58		20.72		0.37812	1.4407	17.6394681947	177.2483
1 3 3			0.48		-23.1		19.76		0.37796	0.7045	30.3940112777	66.1614
2 0 8			0.69		-22.41		18.37		0.37796	0.1665	35.7565424018	1.5727
3 3 3			0.34		-22.07		17.69		0.3778	0.8081	39.7679129272	70.9373
7 3 3			0.38		-21.69		16.94		0.37766	1.9283	72.601334037	69.5466
1 5 3			0.3		-21.39		16.33		0.37749	0.9511	47.585042181	85.8034
7 1 3			0.18		-21.21		15.97		0.37731	1.4031	66.8553232335	91.2915
1 3 1			0.41		-20.79		15.14		0.3773	0.5324	28.3265170018	42.1271
4 4 2			0.01		-20.78		15.12		0.37699	1.2125	52.0311030722	128.6454
3 5 3			0.02		-20.76		15.08		0.37678	0.9259	54.5093201099	87.7589
6 2 2			-0.09		-20.85		15.16		0.37643	3.3001	58.5687226088	135.1206
2 2 0			0.27		-20.58		14.62		0.37643	11.1953	25.0390113278	1035.9387
5 3 3			-0.01		-20.59		14.63		0.37622	0.9351	54.4936931553	89.9375
2 6 2			-0.08		-20.67		14.71		0.37587	1.2892	58.5985395934	134.3564
0 4 2			0.05		-20.62		14.62		0.37557	3.2657	36.5744795411	137.7475
0 0 2			0.07		-20.55		14.47		0.37529	1.161	7.62646333295	98.931
0 2 4			0.14		-20.4		14.19		0.37529	1.326	23.4223631322	110.0283
4 0 2			0.05		-20.35		14.08		0.37502	1.7854	36.5531212028	138.5255
2 2 2			0.11		-20.25		13.87		0.37478	1.1162	26.2109248846	125.5642
3 5 1			0.22		-20.03		13.44		0.3748	0.5283	53.2544885252	31.9012
2 0 4			0.1		-19.93		13.23		0.3748	1.3874	23.4143586184	109.347
1 5 1			0.19		-19.73		12.84		0.3748	0.4978	46.196563203	27.3004
1 3 15			0.18		-19.55		12.48		0.37464	0.2862	67.3623786269	8.1809
0 2 6			-0.7		-20.25		13.18		0.37383	1.1672	29.1471999487	131.5155
5 3 9			0.09		-20.16		13.0		0.37412	0.4833	65.0662013285	20.8409
5 1 9			0.07		-20.09		12.86		0.37437	0.4583	58.9619928854	19.0838
2 0 6			-0.56		-20.65		13.42		0.3736	1.6278	29.1406672869	128.8477
1 5 9			0.08		-20.57		13.27		0.37384	0.4394	58.984264935	17.7365
3 5 9			0.09		-20.48		13.08		0.37412	0.4755	65.0802252419	19.5165
2 0 16			-1.26		-21.74		14.34		0.37221	0.5935	67.2372591268	11.8907
1 1 15			0.16		-21.58		14.02		0.37188	0.656	61.3839959686	20.6242
3 3 1			0.16		-21.42		13.7		0.37188	0.5106	38.1558496662	33.1617
0 2 16			-0.34		-21.76		14.05		0.36936	1.8687	67.2407114996	13.8307
7 1 1			0.13		-21.63		13.78		0.36938	0.5207	65.7483230412	25.2044
0 6 16			-0.3		-21.93		14.08		0.36756	0.4825	89.3859051251	7.6515
3 1 9			0.1		-21.83		13.88		0.36761	0.36	45.2950695798	8.7768
1 7 1			0.12		-21.7		13.63		0.36764	0.5219	65.7901743415	26.2984
3 1 15			0.06		-21.64		13.51		0.36772	0.2871	67.3554895111	7.7692
1 1 9			0.12		-21.52		13.26		0.36757	0.2216	37.1193146943	1.1702
3 3 15			-0.15		-21.66		13.41		0.36774	0.3402	73.0835579415	3.8877
2 0 2			0.13		-21.54		13.16		0.36773	0.6502	19.2320929378	35.9547
5 1 1			0.11		-21.43		12.94		0.36774	0.5346	46.1701152	26.7419
6 2 6			-2.71		-24.14		15.65		0.3697	3.9921	63.2107357729	344.5633
0 6 18			0.14		-24.0		15.37		0.36969	0.7949	98.0280769063	1.8601
0 6 12			-0.06		-24.06		15.43		0.369	0.3425	75.0250979777	1.887
0 2 2			0.13		-23.93		15.17		0.36897	0.4614	19.2417464495	36.8131
3 3 9			0.08		-23.85		15.02		0.36905	0.3816	52.4524123761	12.0632
2 0 12			0.07		-23.78		14.87		0.36914	0.8079	50.6101057273	16.6151
1 3 5			-0.53		-24.3		15.39		0.36854	3.1323	34.189462707	190.138
2 0 14			0.12		-24.18		15.14		0.36847	0.2634	58.6945218607	7.3942
0 2 14			0.12		-24.06		14.91		0.36836	0.2479	58.6982494177	6.3292
0 2 12			0.06		-24.0		14.79		0.36843	0.3827	50.6142203783	17.5707
2 4 6			0.11		-23.89		14.57		0.36838	0.785	46.7364348384	64.2552
1 1 5			-0.1		-24.0		14.68		0.36812	1.9661	22.8949597146	247.5537
2 4 14			0.05		-23.95		14.57		0.36827	0.5221	70.6383718296	19.4111
6 0 12			-0.09		-24.04		14.67		0.36774	0.5892	74.995462768	0.9301
0 2 18			0.1		-23.94		14.47		0.36769	0.3755	76.3208597895	3.7538
4 2 14			0.04		-23.9		14.39		0.36783	1.2576	70.6282605877	19.9713
4 2 6			0.1		-23.8		14.19		0.36781	1.6049	46.7233273538	62.1975
3 1 5			-0.41		-24.21		14.6		0.36743	2.8985	34.1781376955	186.2389
5 3 1			0.1		-24.12		14.41		0.36743	0.5252	53.2386121167	32.835
5 5 1			0.03		-24.09		14.35		0.36745	0.5073	65.769247456	23.9531
7 3 1			0.04		-24.05		14.28		0.36749	0.5095	71.5359286583	22.1332
0 2 10			0.09		-23.96		14.09		0.36746	0.4317	42.9590557724	21.0204
0 2 22			0.08		-23.88		13.93		0.36733	1.8317	96.7387030121	97.213
2 0 10			0.09		-23.79		13.75		0.36731	0.6169	42.9543880851	20.236
2 4 12			0.09		-23.7		13.58		0.36729	0.2205	63.4791913795	4.8908
2 2 4			0.09		-23.61		13.4		0.36729	0.7551	29.4672289371	73.6026
3 5 7			0.08		-23.53		13.25		0.36727	0.2309	60.5203777188	5.6046
0 6 14			-0.05		-23.59		13.3		0.36735	0.9096	81.7552219026	27.2955
4 6 4			-2.14		-25.73		15.44		0.36718	1.0731	69.291881243	33.3045
1 1 11			-0.17		-25.89		15.6		0.36734	2.144	44.8525636461	378.5934