HKL Value		Reward		TotalReward	Chi Squared	Z Appr. 	Error	Two-Thetas	Sfs2
4 0 12			0.0		0.0		0.0		0.3	2.7435	60.4154589103	161.2613
1 1 1			0.0		0.0		90.98		0.2925	0.5749	13.0194761966	56.7652
4 4 0			-65.37		-65.37		156.35		0.2925	4.9852	51.3853572345	648.027
1 7 3			25.0		-40.37		106.35		0.29297	0.9932	66.8968211493	90.2271
3 3 7			15.09		-25.27		76.16		0.37202	0.1558	47.1418707618	3.5073
3 1 3			7.16		-18.11		61.84		0.37182	1.2003	30.3814370344	67.5761
2 0 0			5.09		-13.02		51.65		0.37182	2.02	17.6289686615	175.6782
1 1 3			3.57		-9.45		44.52		0.37169	0.4514	16.9416048235	36.8187
5 5 3			2.56		-6.89		39.4		0.37151	0.8107	66.8760743485	64.1048
5 1 3			2.0		-4.89		35.41		0.37133	0.9592	47.5591860667	88.1873
3 7 3			1.64		-3.26		32.13		0.37117	0.8954	72.6346668965	71.6226
0 2 0			1.44		-1.82		29.25		0.37117	1.4407	17.6394681947	177.2483
4 6 0			-7.34		-9.16		36.6		0.37117	0.7863	67.1083315067	59.4729
1 3 3			1.27		-7.89		34.05		0.371	0.7045	30.3940112777	66.1614
3 3 3			1.09		-6.79		31.86		0.37083	0.8081	39.7679129272	70.9373
7 3 3			1.0		-5.79		29.86		0.37071	1.9283	72.601334037	69.5466
1 5 3			0.86		-4.93		28.14		0.37057	0.9511	47.585042181	85.8034
7 1 3			0.7		-4.24		26.75		0.3704	1.4031	66.8553232335	91.2915
3 5 3			0.51		-3.73		25.73		0.37017	0.9259	54.5093201099	87.7589
1 3 1			0.68		-3.05		24.37		0.37017	0.5324	28.3265170018	42.1271
3 1 1			0.61		-2.44		23.16		0.37016	0.5239	28.3131072915	41.7464
2 2 0			0.49		-1.95		22.18		0.37016	11.1953	25.0390113278	1035.9387
2 2 2			0.42		-1.53		21.33		0.36996	1.1162	26.2109248846	125.5642
0 0 2			0.36		-1.17		20.62		0.36974	1.161	7.62646333295	98.931
5 3 3			0.24		-0.92		20.13		0.36953	0.9351	54.4936931553	89.9375
3 5 7			0.36		-0.57		19.41		0.36928	0.2309	60.5203777188	5.6046
4 0 2			0.28		-0.29		18.85		0.36908	1.7854	36.5531212028	138.5255
6 2 2			0.22		-0.07		18.41		0.36884	3.3001	58.5687226088	135.1206
0 4 2			0.24		0.18		17.92		0.36866	3.2657	36.5744795411	137.7475
4 4 2			0.23		0.4		17.47		0.36847	1.2125	52.0311030722	128.6454
2 6 2			0.18		0.58		17.11		0.36826	1.2892	58.5985395934	134.3564
1 5 1			0.26		0.84		16.6		0.36829	0.4978	46.196563203	27.3004
0 2 4			0.17		1.01		16.25		0.36823	1.326	23.4223631322	110.0283
2 0 4			0.16		1.17		15.93		0.36816	1.3874	23.4143586184	109.347
3 5 1			0.22		1.39		15.49		0.3682	0.5283	53.2544885252	31.9012
1 5 7			0.19		1.59		15.1		0.36803	0.6035	54.1236034243	4.2528
1 1 15			0.21		1.79		14.69		0.36806	0.656	61.3839959686	20.6242
2 0 6			0.03		1.82		14.63		0.36749	1.6278	29.1406672869	128.8477
3 5 9			0.02		1.84		14.59		0.36755	0.4755	65.0802252419	19.5165
3 3 15			-0.15		1.69		14.74		0.36801	0.3402	73.0835579415	3.8877
5 3 9			0.01		1.7		14.71		0.36815	0.4833	65.0662013285	20.8409
5 1 9			0.03		1.73		14.66		0.36812	0.4583	58.9619928854	19.0838
3 1 15			0.09		1.82		14.48		0.36866	0.2871	67.3554895111	7.7692
1 5 9			0.03		1.86		14.41		0.3687	0.4394	58.984264935	17.7365
0 2 6			0.01		1.86		14.4		0.36684	1.1672	29.1471999487	131.5155
0 2 16			0.15		2.01		14.1		0.36595	1.8687	67.2407114996	13.8307
2 0 16			0.14		2.15		13.82		0.36556	0.5935	67.2372591268	11.8907
3 3 1			0.13		2.28		13.55		0.36557	0.5106	38.1558496662	33.1617
1 3 15			0.07		2.36		13.41		0.36545	0.2862	67.3623786269	8.1809
3 1 9			0.09		2.44		13.24		0.36542	0.36	45.2950695798	8.7768
7 1 1			0.1		2.54		13.03		0.36544	0.5207	65.7483230412	25.2044
2 0 2			0.13		2.67		12.78		0.36544	0.6502	19.2320929378	35.9547
0 6 12			0.11		2.78		12.57		0.36515	0.3425	75.0250979777	1.887
0 6 16			0.11		2.89		12.35		0.36487	0.4825	89.3859051251	7.6515
1 7 1			0.09		2.98		12.17		0.36489	0.5219	65.7901743415	26.2984
5 1 1			0.09		3.07		11.98		0.36491	0.5346	46.1701152	26.7419
6 0 12			0.08		3.15		11.82		0.36465	0.5892	74.995462768	0.9301
1 1 9			0.1		3.25		11.62		0.36467	0.2216	37.1193146943	1.1702
0 6 18			0.04		3.29		11.54		0.36502	0.7949	98.0280769063	1.8601
0 2 2			0.1		3.39		11.34		0.36502	0.4614	19.2417464495	36.8131
2 2 6			-0.02		3.37		11.36		0.36529	8.3224	34.2684003079	615.2447
1 1 5			0.0		3.37		11.36		0.3651	1.9661	22.8949597146	247.5537
2 0 12			0.01		3.38		11.34		0.36514	0.8079	50.6101057273	16.6151
3 3 9			0.04		3.42		11.27		0.36511	0.3816	52.4524123761	12.0632
1 3 5			-0.22		3.19		11.49		0.36476	3.1323	34.189462707	190.138
2 4 6			0.08		3.28		11.32		0.36482	0.785	46.7364348384	64.2552
3 1 5			-0.25		3.03		11.57		0.36446	2.8985	34.1781376955	186.2389
4 2 6			0.08		3.11		11.42		0.36454	1.6049	46.7233273538	62.1975
0 2 12			0.0		3.11		11.41		0.36458	0.3827	50.6142203783	17.5707
4 2 14			-0.03		3.09		11.44		0.36461	1.2576	70.6282605877	19.9713
2 0 8			0.08		3.17		11.27		0.36461	0.1665	35.7565424018	1.5727
2 4 14			-0.02		3.15		11.29		0.36464	0.5221	70.6383718296	19.4111
0 2 14			0.07		3.21		11.16		0.3647	0.2479	58.6982494177	6.3292
6 0 10			-0.09		3.12		11.25		0.36526	1.0728	69.1331306246	8.9056
2 0 14			0.06		3.18		11.13		0.36531	0.2634	58.6945218607	7.3942
0 2 18			0.07		3.26		10.98		0.36533	0.3755	76.3208597895	3.7538
7 3 1			0.01		3.27		10.97		0.36535	0.5095	71.5359286583	22.1332
5 5 1			-0.01		3.26		10.97		0.36539	0.5073	65.769247456	23.9531
0 2 10			0.07		3.33		10.84		0.36546	0.4317	42.9590557724	21.0204
2 0 10			0.06		3.39		10.72		0.36553	0.6169	42.9543880851	20.236
0 6 14			-0.1		3.28		10.82		0.36555	0.9096	81.7552219026	27.2955
0 2 22			0.07		3.35		10.69		0.36555	1.8317	96.7387030121	97.213
2 4 12			0.06		3.41		10.56		0.36557	0.2205	63.4791913795	4.8908
1 1 11			-0.27		3.14		10.83		0.36566	2.144	44.8525636461	378.5934
5 3 1			0.06		3.2		10.71		0.36566	0.5252	53.2386121167	32.835
3 7 1			0.01		3.21		10.7		0.36569	1.2822	71.5694631273	22.2453
2 4 10			0.03		3.23		10.65		0.3659	0.607	57.0555982332	12.0937
4 2 4			-0.33		2.9		10.98		0.36584	0.7624	43.1345383828	64.2766
0 6 8			0.05		2.95		10.89		0.36585	0.7694	64.1950429677	5.6946
2 2 4			0.06		3.01		10.76		0.36585	0.7551	29.4672289371	73.6026
2 4 0			-0.16		2.85		10.92		0.36585	1.4359	40.0960076051	88.2765
3 1 7			0.06		2.91		10.81		0.36583	0.257	39.2655360855	5.205
1 1 17			0.05		2.95		10.72		0.36603	2.447	70.2810461715	248.4175
3 1 13			-1.16		1.79		11.88		0.3645	0.3869	59.4126405656	11.7895
1 1 7			0.06		1.85		11.76		0.36449	0.2012	29.7561292971	6.5386
1 3 11			-0.67		1.18		12.43		0.36453	2.4293	52.0561920156	298.4303
6 0 8			0.05		1.23		12.33		0.36453	2.9234	64.163237895	5.3359
0 0 6			0.0		1.24		12.32		0.36465	7.4326	23.0169618987	709.6598
1 3 13			-0.68		0.56		13.0		0.36369	0.3907	59.4200243294	11.5335
3 3 5			-0.43		0.13		13.42		0.36349	1.3995	42.8396693434	151.0913
1 5 13			-0.31		-0.18		13.74		0.36291	1.1973	71.2966048402	12.6128