HKL Value		Reward		TotalReward	Chi Squared	Z Appr. 	Error	Two-Thetas	Sfs2
1 1 1			0.0		0.0		0.0		0.3	0.5749	13.0194761966	56.7652
1 7 3			0.0		0.0		0.16		0.35597	0.9932	66.8968211493	90.2271
3 1 3			0.04		0.04		0.09		0.35532	1.2003	30.3814370344	67.5761
2 0 0			-0.21		-0.17		0.3		0.35532	2.02	17.6289686615	175.6782
2 0 10			-0.94		-1.11		1.24		0.36611	0.6169	42.9543880851	20.236
2 4 10			-0.2		-1.31		1.44		0.36768	0.607	57.0555982332	12.0937
1 7 1			-0.08		-1.39		1.52		0.36776	0.5219	65.7901743415	26.2984
1 1 3			0.07		-1.32		1.38		0.36767	0.4514	16.9416048235	36.8187
5 5 3			-0.05		-1.37		1.43		0.3675	0.8107	66.8760743485	64.1048
5 1 3			-0.03		-1.4		1.46		0.36735	0.9592	47.5591860667	88.1873
3 7 3			0.02		-1.38		1.43		0.36723	0.8954	72.6346668965	71.6226
0 2 0			0.04		-1.34		1.35		0.36723	1.4407	17.6394681947	177.2483
1 3 1			0.06		-1.29		1.23		0.36723	0.5324	28.3265170018	42.1271
1 3 3			-0.04		-1.33		1.28		0.36709	0.7045	30.3940112777	66.1614
2 2 2			-0.03		-1.36		1.31		0.3669	1.1162	26.2109248846	125.5642
3 3 3			-0.02		-1.39		1.33		0.36678	0.8081	39.7679129272	70.9373