HKL Value		Reward		TotalReward	Chi Squared	Z Appr. 	Error	Two-Thetas	Sfs2
1 1 1			0.0		0.0		0.0		0.3	0.5749	13.0194761966	56.7652
1 3 11			0.0		0.0		38.33		0.28977	2.4293	52.0561920156	298.4303
1 7 3			7.46		7.46		23.42		0.29033	0.9932	66.8968211493	90.2271
2 4 10			2.61		10.07		18.19		0.28849	0.607	57.0555982332	12.0937
3 1 3			1.16		11.23		15.87		0.28885	1.2003	30.3814370344	67.5761
2 0 10			1.58		12.81		12.71		0.28873	0.6169	42.9543880851	20.236
2 0 0			1.0		13.81		10.71		0.28873	2.02	17.6289686615	175.6782
3 3 7			-10.62		3.19		21.33		0.33936	0.1558	47.1418707618	3.5073
1 1 3			1.13		4.32		19.08		0.33938	0.4514	16.9416048235	36.8187
1 3 1			0.85		5.16		17.38		0.33946	0.5324	28.3265170018	42.1271
5 5 3			0.8		5.96		15.79		0.33948	0.8107	66.8760743485	64.1048
5 1 3			0.65		6.61		14.49		0.33949	0.9592	47.5591860667	88.1873
3 7 3			0.51		7.12		13.47		0.33952	0.8954	72.6346668965	71.6226
0 2 0			0.5		7.62		12.47		0.33952	1.4407	17.6394681947	177.2483
2 6 2			0.28		7.9		11.91		0.33967	1.2892	58.5985395934	134.3564
4 2 6			-7.85		0.05		19.76		0.34124	1.6049	46.7233273538	62.1975
2 2 2			0.39		0.44		18.98		0.34157	1.1162	26.2109248846	125.5642
1 3 3			0.53		0.97		17.93		0.3416	0.7045	30.3940112777	66.1614
1 3 13			0.34		1.31		17.25		0.34138	0.3907	59.4200243294	11.5335
3 3 3			0.42		1.73		16.4		0.3414	0.8081	39.7679129272	70.9373
2 4 12			4.15		5.88		8.1		0.36173	0.2205	63.4791913795	4.8908
7 3 3			0.19		6.07		7.71		0.36173	1.9283	72.601334037	69.5466
5 1 9			0.07		6.14		7.57		0.36149	0.4583	58.9619928854	19.0838
1 5 3			0.16		6.3		7.25		0.36148	0.9511	47.585042181	85.8034
4 4 2			0.13		6.44		6.98		0.36144	1.2125	52.0311030722	128.6454
6 2 2			0.11		6.55		6.76		0.36138	3.3001	58.5687226088	135.1206
7 1 3			0.11		6.66		6.53		0.36135	1.4031	66.8553232335	91.2915
0 0 2			0.11		6.77		6.31		0.36132	1.161	7.62646333295	98.931
0 4 2			0.1		6.87		6.11		0.36127	3.2657	36.5744795411	137.7475
2 0 16			0.01		6.88		6.09		0.36151	0.5935	67.2372591268	11.8907
3 5 7			0.1		6.98		5.89		0.36151	0.2309	60.5203777188	5.6046
4 0 2			0.08		7.07		5.72		0.36149	1.7854	36.5531212028	138.5255
0 2 4			0.04		7.11		5.63		0.36143	1.326	23.4223631322	110.0283
6 0 8			0.05		7.16		5.54		0.36141	2.9234	64.163237895	5.3359
3 1 7			0.08		7.24		5.38		0.3614	0.257	39.2655360855	5.205
1 1 5			0.04		7.28		5.3		0.36118	1.9661	22.8949597146	247.5537
2 2 0			0.04		7.31		5.23		0.36118	11.1953	25.0390113278	1035.9387
3 1 1			0.07		7.38		5.09		0.36118	0.5239	28.3131072915	41.7464
5 5 7			0.06		7.44		4.97		0.36117	0.6639	72.2860687267	4.3062
2 0 4			0.03		7.47		4.92		0.36111	1.3874	23.4143586184	109.347
3 5 3			0.02		7.49		4.87		0.36105	0.9259	54.5093201099	87.7589
5 3 7			0.06		7.55		4.75		0.36105	0.2523	60.5057581853	5.4388
5 3 3			0.01		7.56		4.73		0.36098	0.9351	54.4936931553	89.9375
0 2 6			0.05		7.61		4.64		0.36086	1.1672	29.1471999487	131.5155
0 2 2			0.05		7.66		4.54		0.36087	0.4614	19.2417464495	36.8131
1 1 15			0.04		7.7		4.46		0.36102	0.656	61.3839959686	20.6242
2 0 14			0.01		7.71		4.45		0.36102	0.2634	58.6945218607	7.3942
0 6 12			0.04		7.75		4.36		0.36106	0.3425	75.0250979777	1.887
3 1 9			0.03		7.78		4.3		0.36092	0.36	45.2950695798	8.7768
2 0 2			0.04		7.82		4.22		0.36094	0.6502	19.2320929378	35.9547
7 1 7			0.04		7.86		4.13		0.36094	0.3505	72.2660298289	5.0526
0 6 16			0.0		7.87		4.12		0.36109	0.4825	89.3859051251	7.6515
5 3 9			-0.06		7.81		4.18		0.36078	0.4833	65.0662013285	20.8409
3 5 9			-0.03		7.79		4.2		0.36042	0.4755	65.0802252419	19.5165
0 6 18			-0.25		7.53		4.46		0.35978	0.7949	98.0280769063	1.8601