Number of epochs: 326001
-4.622432699958111790e+00
-3.808630377929918431e+00
2.093974427714306030e-01
7.238699599633230397e-02
-1.134449559002926433e+00
-2.543841370214139985e+01
-2.364042716891526119e+00
-3.334484710330662405e-01
-1.573320512628441215e+01
-7.370438173938317128e+00
-4.039477046258904025e+00
-2.508431623362944052e+01
-8.235110495957588483e+00
1.705486772720487210e+01
6.577735166783540977e-02
-3.896122284552362702e-03
4.607070791798412168e-02
-1.117833109835331351e+00
6.975634318381057630e-02
4.691853105861156642e-02
-5.046436309041378576e-02
-1.353429848755267617e-01
4.931934176090772143e-02
5.215773502718146215e-02
-1.258236437145118514e-01
3.641727040750730032e-02
-3.077743542420167122e-01
7.077018748700963924e-02
-3.369959400055107159e-03
7.366299079620705625e-02
-3.614781271742749880e+00
-5.608510334253182135e-03
7.102892161896490197e-02
-2.103037314593057427e+00
7.258310487656333132e-02
7.211479733628269051e-02
-1.374935198773645117e+00
7.035839383467396013e-02
-5.007391596533949496e+00
-2.221354732435226964e+00
7.162434031006761903e-02
-5.459028665063301311e+00
3.833321219159712134e-01
7.612561119190651704e-01
2.578764328651343418e-01
1.211252103888257603e-01
1.741162516580645192e-01
1.616733632053293790e-01
6.971006916634392425e-02
1.541509204761465912e-01
1.460931709264737532e-01
7.037803683499639640e-02
3.190646612104031110e-01
7.245495550032624799e+00
2.240545834866691510e-01
-5.630877451222775498e+00
7.045455938228163684e-02
-1.094795151550946199e+00
-1.773740803634992425e+00
6.799488354508231858e-02
-1.511409253781856310e-01
-3.097607340187177316e-01
-9.898523055322087094e-01
-2.541232270113293001e+00
-1.002846066817173920e+00
-7.760045581081480570e-01
-3.461541259121473146e+00
-2.039226710521389929e+00
-6.672083998834826168e+00
-3.832944120594302007e+00
-5.694446274280109965e-02
-1.069543318687498634e-01
-7.652849796920362380e-01
-2.598546987173785183e+00
-3.979869842053063156e-02
-4.460925311517653924e-01
-1.238509388896205987e+00
-2.942873762709940610e+00
-9.540389994823261777e-01
-7.860441478349855515e-01
-2.178883402564212979e+00
-2.323044236158493536e+00
-3.931996850488602480e+00
-3.099684172789737846e-01
5.903224382790638047e-02
-3.714245794868871187e+00
-1.268964682368941777e+00
5.883808612571499869e-02
-1.449091753434267549e+00
-1.656094983442804036e-01
-1.049775952842210103e+01
-4.061871518711842377e+00
-6.331546881734981258e-02
-6.946663139820135058e+00
-2.124594535578691712e+00
-1.225542723465069983e+00
-8.364357249106815217e+00
-1.804993709071684105e+00
-8.055232478715287359e-01
-2.338372848424349892e-01
-5.156320293655688447e-01
-8.611065280018266321e-01
-5.521640060765197200e-01
-3.021783583392676498e-01
-7.182987104221283392e-01
-6.377978278274582635e+00
-1.690946208293283293e-01
-1.499296453815849750e+00
-1.774906983149558748e+00
-1.023877490638876120e+00
-4.442831062304483325e+00
-1.145580469575696814e+00
-4.572362565003258439e-01
-1.620911360056497497e+00
-1.459966390826944016e+00
-5.670613912073981799e-01
-1.797819556592969992e+00
-1.794669353036890902e+00
-8.249893256632578886e-01
-1.682981265233976176e+00
-3.511155085051956282e-01
-2.298466841543111983e+00
3.413706368953476483e-02
4.472183170242689798e-02
5.361369954465793758e-02
-4.981131799104960289e-01
2.992678423169954291e-03
5.137890006972517520e-02
5.394593048540146513e-02
5.182897070144332902e-02
-5.928246693985932403e+00
-1.593961420670757245e-01
-6.409435960796357357e+00
-1.936582726141808708e+00
-1.479013875952906454e-01
-6.519654841185191785e+00
-1.820377148630421660e+00
-2.857295752876007011e+00
-3.630279692518072920e+00
-3.747836425919167103e-01
-3.862520499325897916e+00
-1.764668389781775426e+00
-3.637782373430294314e+00
-2.223408267736965427e-01
-9.249087440060257403e-01
-2.664616628841829815e+00
-4.625499510514436974e-01
-1.584110661413528076e+00
-2.997866427167114267e+00
-1.884960772382078265e+00
-2.936795752491641043e+00
-4.545454066045203412e+00
-3.341027315868596442e-02
-1.266426695556141446e+01
-6.589791850018747454e-02
-6.430217485561932900e-02
-6.773241432390673111e+00
-9.512653372362065429e-01
-1.273614167487240323e+01
-1.431868022385394124e-01
-1.525937492416670516e+01
-2.295709425834335186e-03
-2.020463196531754324e+00
-4.874233000565217910e-01
-2.060808722399530168e+00
-1.513793166297009662e+00
-1.962149639586737493e+00
-5.552591651350065050e-01
-8.166565956007266536e+00
-4.604653904243732193e-02
-5.494352276441786032e+00
-4.384366692295114248e-02
-5.433540296135049630e+00
-8.871234834209536235e-02
-4.622371504039409551e+00
-1.074722153068202735e-01
-1.967720130562184422e-01
5.325053640960819568e-02
4.085984724287986675e-02
3.954114672267466241e-02
3.492620431408220011e-02
-6.270368547881743915e+00
5.857881508000455095e-02
4.841950061366213920e-02
-7.751472684052519213e+00
-9.328127699962431407e+00
4.564029789548914445e-02
-1.469464350914172934e+00
-7.051783894200609382e+01
-7.674898566176285852e-02
-1.192148190157710701e+02
-1.671796332526564576e-03
-1.158160971645946091e+01
-3.843189806727484115e+00
-5.628612632536921012e+00
-7.431214723956390600e+00
-1.082724382477058406e-01
