Number of epochs: 120001
-5.219629573305561543e+00
-3.745915110561228278e+00
2.326454540997515974e-01
9.264728880152468815e-02
-7.028137388528346019e-01
-1.419857579184674456e+01
-1.373686095055127065e+00
-1.715638733787129278e-01
-1.687279821248484524e+01
-5.370147129581021694e+00
-3.967670004095532832e+00
-2.859322391604383995e+01
-9.167609850572370433e+00
1.956888076412479194e+01
9.379736822849822631e-02
3.815121757022869875e-02
4.491325311467481846e-02
-9.372680349956976631e-01
9.143587240265051153e-02
5.735700821514552739e-02
-7.012984291296761041e-01
-1.076972709228397884e-01
6.198127865484758664e-02
7.466059731615144746e-02
-2.190753398716054068e-01
2.163528669556292680e-02
-3.182799866577740167e-01
8.155313810188576096e-02
1.684574173945621936e-02
8.653388865538992614e-02
-5.386636974325908156e+00
-9.884606394448694489e-02
9.342518843501375347e-02
-3.884253117162804747e-01
9.299677520816333753e-02
9.140278560477159420e-02
-1.086236767112706003e+00
9.219573469262958010e-02
-3.488398958450021237e+00
-2.452827618026006462e+00
9.128432131340080691e-02
-4.321668655333406939e+00
4.381838008670224105e-01
8.886337615982621285e-01
2.780126836309315119e-01
1.284636696357882579e-01
1.971848979704925731e-01
1.790008646640197931e-01
9.298977094909968710e-02
1.632523847960643815e-01
1.560242771797051564e-01
9.310019344181706680e-02
3.501458702009705437e-01
6.971671574719131570e+00
2.490855167661519265e-01
-1.136832512593696976e+01
8.487803442174252089e-02
-1.210560424726059070e+00
-2.019604787502752075e+00
8.431336446595361078e-02
-4.506441255227424114e-01
-2.934086110526038516e-01
-1.055666199076257472e+00
-7.598368758325193539e-01
-1.072542026970191076e+00
-1.026286353934305007e+00
-3.476251187083878147e+00
-2.372435642482405349e+00
-5.131282425455054863e+00
-3.577920578970499310e+00
-3.264954489449911623e-02
-3.761185811572750198e-02
-4.384837269754559563e-01
-2.611006371327964537e+00
-1.472314607915468920e-01
-1.336496129330219773e+00
-1.318815639231567971e+00
-3.416060620435999340e+00
-1.118825203565918081e+00
-4.916803876191576661e-01
-2.162592245860074591e+00
-3.047305965984153264e+00
-4.260694272276627004e+00
-3.166726964253661625e-01
6.417803612446003336e-02
-3.480142921181711202e+00
-1.190012350532920538e+00
6.429279899761676520e-02
-1.848536958090770455e+00
-8.606913119843354054e-02
-1.114766282976849787e+01
-2.740571290722435993e+00
-9.114656905768550588e-02
-5.405116587999405198e+00
-2.033271520206388239e+00
-9.229973872537881041e-01
-9.544071239770927306e+00
-9.621003592391237369e-01
-3.642897726505061606e-01
-5.884514525096117277e-01
-6.717620606118211990e-01
-9.913726949858063797e-01
-5.173664247301522634e-01
-2.700312872462358182e-01
-4.208301012326697843e-01
-1.107465618410598474e+01
-2.255729985265977899e-01
-7.870849653317806283e-01
-1.829508153987599028e+00
-1.616435287319142544e+00
-1.831643969656734594e+00
-1.627594258748000566e+00
-4.166186518403290906e-01
-1.908145581481185626e+00
-1.438971313376722572e+00
-8.883919904305607185e-01
-1.769111742136327825e+00
-2.250196721104045672e+00
-6.033615063269629486e-01
-1.673417552901812044e+00
-2.071489848466675776e-01
-2.132233405012631700e+00
-1.420946183275441539e-02
5.346381932544140569e-02
5.906924685586882606e-02
-6.889627672792959512e-01
-5.419700247331502574e-01
6.415621493273082621e-02
5.621466841043418206e-02
6.058199372953959605e-02
-8.369050218700538224e+00
-1.253762704134945005e-01
-4.476542470765352277e+00
-2.408453524472374152e+00
-1.321235509867405289e-01
-3.946040915989693865e+00
-1.768730517694208082e+00
-2.717488096200062930e+00
-4.842040049389430223e+00
-2.131889134124844154e-01
-4.675151467402690386e+00
-1.148213947511114164e+00
-3.736140330957315570e+00
-2.754653575887142658e-01
-1.076331785249642792e+00
-2.979202565395817182e+00
-2.003339986000408357e-01
-1.353217736835457208e+00
-2.960226279518187287e+00
-2.333789409916497526e+00
-2.777003625752969995e+00
-3.895297362308755229e+00
-1.109814064997488581e-01
-1.144099219367227604e+01
2.838844948156703241e-02
5.338518765998822441e-02
-5.691567620710901387e+00
-1.808593802172529186e+00
-1.673112991763605706e+01
-3.394710756843072885e-01
-1.504221698453477885e+01
6.060861811787500442e-02
-2.131768921187981114e+00
-2.955333239344759000e-01
-3.471118514415553413e+00
-2.914943292410588915e-01
-7.748740056797381870e-01
-2.225874722408152651e-01
-9.975575096563458644e+00
-1.524850057206120491e-01
-4.934899129184184829e+00
-1.069009435559419435e-01
-4.235615535237108098e+00
-1.372957347163510644e-01
-4.461967251127913592e+00
-8.348706245543334459e-02
-1.815202358823663487e-01
7.124288784546946307e-02
1.314344648019423294e-02
5.617431885296035252e-03
4.075856521989808939e-02
-5.871296224405261555e+00
5.213414386980584625e-02
5.196737433113036292e-02
-8.078858293059399287e+00
-9.520422038749963178e+00
5.310368776664074753e-02
-1.082421402913053665e+00
-7.675705027217077259e+01
-5.730365939171187806e-02
-1.132550414551390645e+02
1.027490414789779087e-02
-1.403854779731261004e+01
-2.386551130671564103e+00
-5.508061650019181243e+00
-8.830778310140223297e+00
-2.150923808277164229e-01
