HKL Value		Reward		TotalReward	Chi Squared	Z Appr. 	Error	Two-Thetas	Sfs2
0 6 14			0.0		0.0		0.0		0.3	0.9096	81.7552219026	27.2955
4 0 10			0.0		0.0		3.85		0.28074	0.6243	53.7713327333	45.2096
4 6 2			0.93		0.93		2.0		0.28078	0.2349	67.657370766	5.5969
6 0 8			-0.15		0.78		2.14		0.28047	2.9234	64.163237895	5.3359
3 5 11			-14.19		-13.41		16.33		0.27714	1.8915	70.5555824797	206.4699
0 6 2			1.57		-11.84		13.2		0.2771	0.2356	55.3895592761	6.1752
0 6 10			1.09		-10.75		11.01		0.27734	0.8527	69.1637693973	8.5049
4 6 4			0.02		-10.73		10.98		0.27693	1.0731	69.291881243	33.3045
0 4 10			0.67		-10.06		9.64		0.27729	0.9893	53.7871001638	44.1425
1 1 15			0.45		-9.62		8.74		0.27654	0.656	61.3839959686	20.6242
2 4 10			0.36		-9.26		8.03		0.277	0.607	57.0555982332	12.0937
6 4 2			0.34		-8.92		7.35		0.27702	0.2211	67.6401768609	4.8049
0 2 2			-0.45		-9.37		7.8		0.27696	0.4614	19.2417464495	36.8131
3 3 1			0.18		-9.19		7.44		0.27688	0.5106	38.1558496662	33.1617
9 1 1			0.27		-8.92		6.91		0.27688	0.8793	87.9915459652	19.6393
3 1 15			0.06		-8.87		6.79		0.27836	0.2871	67.3554895111	7.7692
2 2 10			0.21		-8.66		6.37		0.27843	0.6429	46.7739448495	44.8949
6 0 10			0.19		-8.47		6.0		0.27843	1.0728	69.1331306246	8.9056
4 2 10			0.16		-8.31		5.69		0.27855	1.1102	57.0442200735	11.3144
1 3 1			-0.07		-8.38		5.76		0.27851	0.5324	28.3265170018	42.1271
6 0 0			0.03		-8.36		5.7		0.27851	0.7256	54.7363985401	55.434
2 0 14			0.13		-8.22		5.44		0.27857	0.2634	58.6945218607	7.3942
6 4 0			0.12		-8.1		5.19		0.27857	1.8287	67.0910631577	58.6803
4 2 14			0.05		-8.05		5.09		0.27879	1.2576	70.6282605877	19.9713
4 4 2			-4.22		-12.27		9.31		0.27881	1.2125	52.0311030722	128.6454
7 1 1			0.15		-12.12		9.01		0.27878	0.5207	65.7483230412	25.2044
1 5 11			-2.18		-14.3		11.19		0.27826	1.8219	64.7342781598	204.7444
0 2 14			0.21		-14.09		10.78		0.27829	0.2479	58.6982494177	6.3292
2 4 14			0.14		-13.95		10.5		0.27848	0.5221	70.6383718296	19.4111
0 2 16			0.09		-13.87		10.32		0.27856	1.8687	67.2407114996	13.8307
3 5 9			0.01		-13.86		10.31		0.27855	0.4755	65.0802252419	19.5165
4 6 0			0.17		-13.69		9.98		0.27855	0.7863	67.1083315067	59.4729
4 2 2			0.12		-13.57		9.74		0.27854	0.457	40.8620305525	12.2524
3 7 1			0.15		-13.43		9.45		0.27853	1.2822	71.5694631273	22.2453
0 0 20			0.12		-13.31		9.22		0.27859	0.4542	83.3712939521	4.3689
7 3 1			0.13		-13.18		8.96		0.27859	0.5095	71.5359286583	22.1332
0 6 16			0.11		-13.08		8.74		0.27864	0.4825	89.3859051251	7.6515
5 1 1			0.08		-12.99		8.58		0.27861	0.5346	46.1701152	26.7419
5 5 1			0.11		-12.88		8.35		0.27861	0.5073	65.769247456	23.9531
3 3 9			0.05		-12.83		8.25		0.2786	0.3816	52.4524123761	12.0632
3 7 5			-1.33		-14.16		9.58		0.27846	1.0548	74.7470539899	89.5814
3 1 1			0.03		-14.12		9.51		0.27842	0.5239	28.3131072915	41.7464
1 5 9			-0.02		-14.14		9.53		0.27842	0.4394	58.984264935	17.7365
4 2 8			0.1		-14.04		9.33		0.2784	0.7605	51.4203212226	2.5419
6 0 2			0.1		-13.94		9.12		0.2784	0.2214	55.354768557	5.4487
7 1 5			-1.42		-15.36		10.54		0.27828	1.5264	69.0427278305	98.726
2 4 2			0.08		-15.27		10.37		0.27826	0.3828	40.8766170199	13.2501
2 0 12			0.05		-15.22		10.27		0.27803	0.8079	50.6101057273	16.6151
1 1 7			-6.48		-21.7		16.75		0.27444	0.2012	29.7561292971	6.5386
2 0 10			0.08		-21.62		16.59		0.27495	0.6169	42.9543880851	20.236
0 6 18			0.36		-21.26		15.87		0.26175	0.7949	98.0280769063	1.8601
5 3 1			0.14		-21.13		15.59		0.26174	0.5252	53.2386121167	32.835
0 6 0			0.09		-21.04		15.42		0.26174	1.4277	54.7714555341	59.4019
0 2 10			0.02		-21.02		15.38		0.26171	0.4317	42.9590557724	21.0204
1 7 1			0.13		-20.89		15.12		0.2617	0.5219	65.7901743415	26.2984
6 2 8			-1.3		-22.18		16.41		0.26148	3.3751	67.1207225085	222.106
1 5 1			0.13		-22.05		16.14		0.26147	0.4978	46.196563203	27.3004
2 6 10			-0.08		-22.13		16.22		0.26159	0.7069	72.0169435829	44.7171
2 2 4			0.12		-22.01		15.98		0.26161	0.7551	29.4672289371	73.6026
0 4 18			-0.07		-22.07		16.05		0.26078	0.8369	84.5238780681	17.4513
2 4 8			0.09		-21.98		15.87		0.26085	0.1687	51.4325245866	2.4593
1 3 15			-0.17		-22.15		16.04		0.26041	0.2862	67.3623786269	8.1809
0 2 20			0.12		-22.03		15.8		0.26043	0.4494	86.0769303832	2.8517
0 6 8			0.1		-21.93		15.6		0.26049	0.7694	64.1950429677	5.6946
0 4 20			0.08		-21.86		15.44		0.26085	1.027	94.1654323607	18.6345
5 1 11			-1.01		-22.87		16.46		0.2611	3.2753	64.7131722767	203.727
2 0 16			0.12		-22.74		16.21		0.26111	0.5935	67.2372591268	11.8907
0 4 12			0.06		-22.68		16.08		0.26098	1.4889	60.4300914167	161.7651
5 1 9			0.03		-22.65		16.02		0.26097	0.4583	58.9619928854	19.0838
1 3 9			0.09		-22.56		15.84		0.26098	0.2622	45.3040218183	7.1674
0 0 10			-0.07		-22.63		15.91		0.26105	0.8316	38.8438017949	41.7013
3 1 13			0.07		-22.56		15.77		0.26102	0.3869	59.4126405656	11.7895
4 2 0			0.02		-22.54		15.72		0.26102	0.9287	40.0811891304	86.5118
0 4 16			0.1		-22.44		15.53		0.26093	1.5557	75.7704700384	94.8658
2 0 8			0.1		-22.34		15.33		0.26094	0.1665	35.7565424018	1.5727
2 4 6			-0.46		-22.79		15.78		0.26095	0.785	46.7364348384	64.2552
1 1 1			0.06		-22.73		15.66		0.26094	0.5749	13.0194761966	56.7652
0 0 4			0.07		-22.66		15.52		0.26095	0.8482	15.2869714585	59.1035
1 3 7			-1.22		-23.88		16.73		0.26019	0.1893	39.2755843192	5.3372
2 6 4			0.08		-23.8		16.57		0.2602	0.8772	60.3635846112	78.02
7 3 5			-0.33		-24.13		16.91		0.26013	1.0496	74.7140851895	88.0788
3 5 1			0.1		-24.03		16.71		0.26012	0.5283	53.2544885252	31.9012
5 3 9			0.02		-24.02		16.68		0.26012	0.4833	65.0662013285	20.8409
3 3 15			-0.54		-24.56		17.22		0.25936	0.3402	73.0835579415	3.8877
4 0 4			0.08		-24.48		17.06		0.25936	1.2165	39.0343929222	79.1487
0 4 4			0.08		-24.4		16.91		0.25938	0.8482	39.0545896029	78.0016
0 0 8			-0.85		-25.25		17.76		0.25928	2.1948	30.8548203523	183.9052
1 5 3			-0.4		-25.65		18.15		0.25932	0.9511	47.585042181	85.8034
4 4 10			-0.09		-25.73		18.24		0.25938	0.6886	66.23802526	47.6672