HKL Value		Reward		TotalReward	Chi Squared	Z Appr. 	Error	Two-Thetas	Sfs2
0 6 0			0.0		0.0		0.0		0.3	1.4277	54.7714555341	59.4019
1 1 17			0.0		0.0		69.63		0.29411	2.447	70.2810461715	248.4175
0 6 14			15.99		15.99		37.65		0.29293	0.9096	81.7552219026	27.2955
5 1 9			4.18		20.17		29.28		0.29304	0.4583	58.9619928854	19.0838
4 2 8			3.52		23.7		22.23		0.29248	0.7605	51.4203212226	2.5419
4 0 10			0.06		23.75		22.12		0.29007	0.6243	53.7713327333	45.2096
3 3 7			2.73		26.48		16.66		0.35362	0.1558	47.1418707618	3.5073
0 4 4			-4.44		22.04		21.1		0.35324	0.8482	39.0545896029	78.0016
0 4 0			-60.43		-38.38		81.53		0.35324	6.137	35.7152072575	818.959
2 2 6			-28.86		-67.24		110.39		0.35066	8.3224	34.2684003079	615.2447
3 5 7			5.43		-61.81		99.52		0.3506	0.2309	60.5203777188	5.6046
4 6 2			4.4		-57.41		90.72		0.35058	0.2349	67.657370766	5.5969
6 0 8			3.75		-53.66		83.23		0.35081	2.9234	64.163237895	5.3359
3 1 15			3.16		-50.5		76.9		0.35026	0.2871	67.3554895111	7.7692
9 1 1			2.6		-47.9		71.7		0.3502	0.8793	87.9915459652	19.6393
0 2 22			0.35		-47.55		71.01		0.35499	1.8317	96.7387030121	97.213
0 6 6			2.2		-45.35		66.6		0.35479	1.0147	60.183190367	40.9583
1 1 15			1.55		-43.79		63.49		0.35481	0.656	61.3839959686	20.6242
0 4 16			1.04		-42.75		61.41		0.35798	1.5557	75.7704700384	94.8658
1 5 9			1.58		-41.18		58.26		0.35762	0.4394	58.984264935	17.7365
0 4 6			-10.74		-51.92		69.0		0.3556	3.7688	42.9189471786	481.9509
2 4 10			1.52		-50.4		65.97		0.35544	0.607	57.0555982332	12.0937
0 6 2			1.44		-48.96		63.09		0.35548	0.2356	55.3895592761	6.1752
3 5 9			1.32		-47.64		60.45		0.35485	0.4755	65.0802252419	19.5165
6 0 10			1.19		-46.45		58.07		0.3547	1.0728	69.1331306246	8.9056
2 4 6			1.09		-45.36		55.89		0.35415	0.785	46.7364348384	64.2552
3 5 1			0.83		-44.53		54.23		0.35403	0.5283	53.2544885252	31.9012
4 4 12			0.81		-43.72		52.61		0.35079	1.9475	72.2035773977	130.2426
1 1 1			0.53		-43.19		51.55		0.3506	0.5749	13.0194761966	56.7652
2 4 8			0.88		-42.31		49.78		0.35076	0.1687	51.4325245866	2.4593
0 4 20			-0.2		-42.51		49.98		0.35785	1.027	94.1654323607	18.6345
4 0 8			-2.25		-44.76		52.23		0.35855	2.9483	47.8850437629	244.3799
6 2 4			0.05		-44.71		52.13		0.35847	0.8727	60.3342977717	77.9073
6 4 2			0.76		-43.95		50.62		0.35847	0.2211	67.6401768609	4.8049
0 6 12			0.74		-43.21		49.13		0.3585	0.3425	75.0250979777	1.887
3 7 1			0.61		-42.6		47.91		0.3585	1.2822	71.5694631273	22.2453
5 5 7			0.65		-41.95		46.61		0.3585	0.6639	72.2860687267	4.3062
5 1 7			0.61		-41.34		45.39		0.3585	0.2609	54.1000446603	4.252
0 0 16			0.24		-41.1		44.91		0.35952	1.3342	64.286058028	116.6634
1 3 9			0.57		-40.53		43.77		0.35945	0.2622	45.3040218183	7.1674
2 2 16			0.3		-40.23		43.17		0.36029	1.1693	70.1293332912	108.6018
0 2 16			0.49		-39.74		42.19		0.36054	1.8687	67.2407114996	13.8307
5 3 1			0.34		-39.4		41.52		0.36051	0.5252	53.2386121167	32.835
0 6 10			0.43		-38.97		40.65		0.36047	0.8527	69.1637693973	8.5049
3 3 9			0.43		-38.54		39.8		0.36035	0.3816	52.4524123761	12.0632
0 2 20			0.43		-38.11		38.93		0.36039	0.4494	86.0769303832	2.8517
4 2 0			0.28		-37.83		38.37		0.36039	0.9287	40.0811891304	86.5118
0 2 18			0.39		-37.43		37.58		0.36039	0.3755	76.3208597895	3.7538
4 2 2			0.32		-37.12		36.95		0.36039	0.457	40.8620305525	12.2524
3 3 15			0.36		-36.75		36.22		0.36044	0.3402	73.0835579415	3.8877
0 0 10			0.15		-36.6		35.91		0.36063	0.8316	38.8438017949	41.7013
0 4 2			-1.01		-37.61		36.93		0.36075	3.2657	36.5744795411	137.7475
2 0 14			0.35		-37.26		36.22		0.36077	0.2634	58.6945218607	7.3942
5 1 1			0.23		-37.03		35.75		0.36076	0.5346	46.1701152	26.7419
3 5 11			-0.35		-37.38		36.1		0.36093	1.8915	70.5555824797	206.4699
3 1 1			0.15		-37.22		35.79		0.3609	0.5239	28.3131072915	41.7464
2 0 4			-0.66		-37.89		36.46		0.36096	1.3874	23.4143586184	109.347
0 0 20			0.14		-37.75		36.18		0.36259	0.4542	83.3712939521	4.3689
6 0 0			0.27		-37.48		35.64		0.36259	0.7256	54.7363985401	55.434
5 3 9			0.22		-37.26		35.21		0.3625	0.4833	65.0662013285	20.8409
1 5 1			0.19		-37.07		34.82		0.3625	0.4978	46.196563203	27.3004
5 1 5			-0.2		-37.27		35.03		0.36266	1.1901	50.2495039981	127.1383
1 3 15			0.26		-37.01		34.51		0.36269	0.2862	67.3623786269	8.1809
0 2 10			0.16		-36.85		34.18		0.36266	0.4317	42.9590557724	21.0204
3 1 13			0.27		-36.58		33.65		0.3627	0.3869	59.4126405656	11.7895
2 6 10			0.11		-36.47		33.43		0.36283	0.7069	72.0169435829	44.7171
6 4 0			0.25		-36.22		32.92		0.36283	1.8287	67.0910631577	58.6803
6 2 6			-2.1		-38.32		35.02		0.3625	3.9921	63.2107357729	344.5633
1 7 1			0.18		-38.15		34.67		0.3625	0.5219	65.7901743415	26.2984
1 7 7			0.23		-37.91		34.21		0.36249	0.4353	72.3061031614	6.1143
1 3 13			0.24		-37.67		33.72		0.36253	0.3907	59.4200243294	11.5335
2 2 10			0.09		-37.58		33.53		0.36265	0.6429	46.7739448495	44.8949
2 4 14			0.22		-37.36		33.09		0.3626	0.5221	70.6383718296	19.4111
4 0 6			-3.63		-40.98		36.72		0.36226	5.3963	42.900258124	488.2208
7 1 7			0.24		-40.75		36.24		0.36226	0.3505	72.2660298289	5.0526
0 0 4			-0.07		-40.82		36.31		0.36225	0.8482	15.2869714585	59.1035
0 6 16			0.24		-40.58		35.84		0.36225	0.4825	89.3859051251	7.6515
3 7 3			0.08		-40.49		35.67		0.3622	0.8954	72.6346668965	71.6226
2 0 10			0.15		-40.35		35.38		0.36218	0.6169	42.9543880851	20.236
0 2 2			0.05		-40.29		35.27		0.36218	0.4614	19.2417464495	36.8131
4 0 4			-0.2		-40.5		35.47		0.36216	1.2165	39.0343929222	79.1487
3 3 3			0.07		-40.43		35.34		0.36212	0.8081	39.7679129272	70.9373
5 5 1			0.18		-40.25		34.98		0.36212	0.5073	65.769247456	23.9531
4 2 6			0.16		-40.1		34.67		0.36202	1.6049	46.7233273538	62.1975
2 0 12			0.17		-39.93		34.33		0.36194	0.8079	50.6101057273	16.6151
4 6 0			0.2		-39.72		33.92		0.36194	0.7863	67.1083315067	59.4729
0 6 8			0.19		-39.54		33.55		0.36188	0.7694	64.1950429677	5.6946
1 5 13			0.19		-39.35		33.17		0.36194	1.1973	71.2966048402	12.6128
7 3 3			0.07		-39.28		33.04		0.3619	1.9283	72.601334037	69.5466
5 1 13			0.18		-39.1		32.67		0.36195	0.4567	71.2764535317	11.3258
6 2 10			0.07		-39.02		32.52		0.36205	0.7103	71.9901825081	43.9921
4 4 4			-0.21		-39.23		32.73		0.36203	0.8476	53.9354251327	76.9211
4 4 10			0.05		-39.18		32.62		0.36214	0.6886	66.23802526	47.6672
0 6 18			0.17		-39.01		32.28		0.36214	0.7949	98.0280769063	1.8601
1 7 5			0.03		-38.98		32.22		0.36226	1.0841	69.0835930101	99.7513
2 2 14			0.04		-38.94		32.14		0.36211	1.0835	61.7979105177	101.9829
6 0 2			0.16		-38.78		31.83		0.36211	0.2214	55.354768557	5.4487
1 1 13			0.16		-38.62		31.5		0.36215	0.3722	52.9310122384	10.9703
2 4 2			0.12		-38.5		31.26		0.36215	0.3828	40.8766170199	13.2501
6 0 6			0.14		-38.35		30.98		0.3621	1.0815	60.1501886982	39.9969
4 2 14			0.15		-38.21		30.68		0.36206	1.2576	70.6282605877	19.9713
2 6 0			-2.42		-40.63		33.11		0.36206	4.3567	58.0028534629	558.9791