HKL Value		Reward		TotalReward	Chi Squared	Z Appr. 	Error	Two-Thetas	Sfs2
0 6 14			0.0		0.0		0.0		0.3	0.9096	81.7552219026	27.2955
4 0 10			0.0		0.0		3.85		0.28074	0.6243	53.7713327333	45.2096
4 6 2			0.93		0.93		2.0		0.28078	0.2349	67.657370766	5.5969
4 2 8			0.18		1.11		1.64		0.2809	0.7605	51.4203212226	2.5419
6 0 8			-0.2		0.9		1.84		0.28058	2.9234	64.163237895	5.3359
0 6 2			0.11		1.01		1.63		0.28049	0.2356	55.3895592761	6.1752
1 1 15			-0.39		0.62		2.01		0.27755	0.656	61.3839959686	20.6242
2 4 10			0.08		0.7		1.85		0.27835	0.607	57.0555982332	12.0937
3 3 1			-0.17		0.53		2.02		0.2782	0.5106	38.1558496662	33.1617
6 4 2			0.08		0.62		1.85		0.27825	0.2211	67.6401768609	4.8049
2 0 2			-1.05		-0.43		2.9		0.2781	0.6502	19.2320929378	35.9547
9 1 1			0.13		-0.3		2.64		0.2781	0.8793	87.9915459652	19.6393
2 2 10			0.11		-0.19		2.43		0.27837	0.6429	46.7739448495	44.8949
0 6 10			0.09		-0.1		2.24		0.27834	0.8527	69.1637693973	8.5049
6 0 10			0.08		-0.02		2.08		0.27836	1.0728	69.1331306246	8.9056
0 0 20			0.02		-0.0		2.05		0.27851	0.4542	83.3712939521	4.3689
3 1 15			-0.0		-0.0		2.05		0.2795	0.2871	67.3554895111	7.7692
4 2 10			0.06		0.06		1.93		0.27958	1.1102	57.0442200735	11.3144
1 1 11			-9.33		-9.27		11.26		0.27848	2.144	44.8525636461	378.5934
0 0 6			-26.83		-36.1		38.09		0.27978	7.4326	23.0169618987	709.6598
6 2 6			-10.42		-46.52		48.51		0.28072	3.9921	63.2107357729	344.5633