HKL Value		Reward		TotalReward	Chi Squared	Z Appr. 	Error	Two-Thetas	Sfs2
0 6 14			0.0		0.0		0.0		0.3	0.9096	81.7552219026	27.2955
0 4 2			0.0		0.0		114.1		0.28677	3.2657	36.5744795411	137.7475
4 0 10			27.87		27.87		58.37		0.28093	0.6243	53.7713327333	45.2096
3 3 13			9.47		37.34		39.43		0.28223	0.5636	65.4922780779	9.1158
4 6 2			4.91		42.25		29.6		0.28227	0.2349	67.657370766	5.5969
6 0 8			2.7		44.95		24.2		0.28219	2.9234	64.163237895	5.3359
0 4 20			1.76		46.71		20.68		0.28476	1.027	94.1654323607	18.6345
0 6 2			1.41		48.13		17.85		0.28473	0.2356	55.3895592761	6.1752
1 1 15			0.4		48.53		17.05		0.28261	0.656	61.3839959686	20.6242
0 4 6			-37.91		10.62		54.95		0.28657	3.7688	42.9189471786	481.9509
2 4 10			2.58		13.2		49.79		0.28571	0.607	57.0555982332	12.0937
6 4 2			2.25		15.46		45.28		0.28572	0.2211	67.6401768609	4.8049
4 0 0			-35.9		-20.44		81.18		0.28572	8.3901	35.6934066618	787.9925
3 3 1			2.97		-17.47		75.25		0.28564	0.5106	38.1558496662	33.1617
0 0 8			-5.05		-22.52		80.29		0.28374	2.1948	30.8548203523	183.9052
5 1 1			2.57		-19.95		75.15		0.28353	0.5346	46.1701152	26.7419
6 4 0			2.35		-17.6		70.45		0.28352	1.8287	67.0910631577	58.6803
5 1 13			2.05		-15.55		66.36		0.28445	0.4567	71.2764535317	11.3258
0 0 4			1.84		-13.71		62.67		0.28445	0.8482	15.2869714585	59.1035
9 1 1			1.65		-12.06		59.37		0.28443	0.8793	87.9915459652	19.6393
0 6 10			1.39		-10.68		56.6		0.28229	0.8527	69.1637693973	8.5049
3 1 15			1.35		-9.33		53.91		0.282	0.2871	67.3554895111	7.7692
6 0 10			1.2		-8.13		51.52		0.28125	1.0728	69.1331306246	8.9056
4 2 10			1.12		-7.01		49.28		0.28114	1.1102	57.0442200735	11.3144
2 2 10			1.01		-6.0		47.25		0.2808	0.6429	46.7739448495	44.8949
1 7 1			0.9		-5.1		45.46		0.28075	0.5219	65.7901743415	26.2984
6 0 0			0.78		-4.32		43.89		0.28075	0.7256	54.7363985401	55.434
1 1 11			-4.77		-9.09		48.66		0.27925	2.144	44.8525636461	378.5934
2 0 14			0.87		-8.22		46.93		0.27929	0.2634	58.6945218607	7.3942
1 5 13			0.72		-7.5		45.48		0.27956	1.1973	71.2966048402	12.6128
1 3 1			0.64		-6.86		44.21		0.2795	0.5324	28.3265170018	42.1271
7 1 1			0.68		-6.18		42.84		0.27946	0.5207	65.7483230412	25.2044
4 2 14			0.63		-5.55		41.57		0.27971	1.2576	70.6282605877	19.9713
7 3 3			0.12		-5.42		41.33		0.27994	1.9283	72.601334037	69.5466
5 3 9			0.45		-4.98		40.44		0.2799	0.4833	65.0662013285	20.8409
5 3 11			-0.53		-5.51		40.97		0.27913	1.8677	70.5420870211	204.0714
3 7 1			0.57		-4.94		39.83		0.27912	1.2822	71.5694631273	22.2453
0 2 14			0.54		-4.4		38.76		0.27911	0.2479	58.6982494177	6.3292
5 5 1			0.51		-3.89		37.74		0.2791	0.5073	65.769247456	23.9531
4 2 4			0.05		-3.85		37.65		0.27893	0.7624	43.1345383828	64.2766
2 4 14			0.44		-3.41		36.76		0.27914	0.5221	70.6383718296	19.4111
4 6 0			0.45		-2.96		35.87		0.27914	0.7863	67.1083315067	59.4729
0 2 16			0.36		-2.6		35.14		0.27922	1.8687	67.2407114996	13.8307
4 4 8			-2.48		-5.08		37.63		0.2783	3.9407	61.1479986878	218.5721
4 2 2			0.4		-4.68		36.82		0.27829	0.457	40.8620305525	12.2524
0 6 16			0.39		-4.29		36.03		0.27836	0.4825	89.3859051251	7.6515
5 1 11			-0.61		-4.9		36.65		0.27787	3.2753	64.7131722767	203.727
6 2 4			0.39		-4.51		35.88		0.27791	0.8727	60.3342977717	77.9073
4 0 14			-0.05		-4.56		35.92		0.27863	1.986	67.7459682929	124.3248
0 6 8			0.34		-4.22		35.24		0.27856	0.7694	64.1950429677	5.6946
3 5 9			0.25		-3.96		34.73		0.27856	0.4755	65.0802252419	19.5165
2 4 2			0.31		-3.65		34.1		0.27854	0.3828	40.8766170199	13.2501
5 3 1			0.29		-3.36		33.52		0.27851	0.5252	53.2386121167	32.835
2 2 2			-1.35		-4.7		34.86		0.27852	1.1162	26.2109248846	125.5642
4 0 4			0.32		-4.38		34.22		0.27854	1.2165	39.0343929222	79.1487
2 0 12			0.26		-4.12		33.7		0.27831	0.8079	50.6101057273	16.6151
3 1 1			0.24		-3.88		33.22		0.27828	0.5239	28.3131072915	41.7464
1 1 3			0.09		-3.79		33.04		0.27835	0.4514	16.9416048235	36.8187
3 3 9			0.25		-3.54		32.55		0.27835	0.3816	52.4524123761	12.0632
5 5 7			-6.1		-9.64		38.65		0.27352	0.6639	72.2860687267	4.3062
6 0 2			0.32		-9.32		38.01		0.27349	0.2214	55.354768557	5.4487
4 2 8			0.31		-9.02		37.39		0.27336	0.7605	51.4203212226	2.5419
3 3 11			-0.73		-9.75		38.12		0.27317	2.1204	58.6030846927	249.5822
1 5 9			0.22		-9.53		37.68		0.27325	0.4394	58.984264935	17.7365
4 0 2			-1.2		-10.73		38.88		0.27329	1.7854	36.5531212028	138.5255
6 4 6			0.12		-10.61		38.64		0.27375	0.9247	71.9614498967	41.9809
2 0 10			0.22		-10.39		38.2		0.27428	0.6169	42.9543880851	20.236
2 0 16			0.24		-10.15		37.72		0.27452	0.5935	67.2372591268	11.8907
1 3 15			0.18		-9.96		37.36		0.2761	0.2862	67.3623786269	8.1809
4 6 4			0.2		-9.77		36.97		0.27601	1.0731	69.291881243	33.3045
0 2 10			0.21		-9.56		36.55		0.27629	0.4317	42.9590557724	21.0204
2 2 14			0.02		-9.55		36.52		0.27703	1.0835	61.7979105177	101.9829
0 6 0			0.21		-9.34		36.11		0.27703	1.4277	54.7714555341	59.4019
1 5 1			0.23		-9.11		35.65		0.27701	0.4978	46.196563203	27.3004
0 4 10			0.24		-8.87		35.17		0.2771	0.9893	53.7871001638	44.1425
7 3 1			0.23		-8.64		34.7		0.27709	0.5095	71.5359286583	22.1332
2 6 10			0.23		-8.41		34.25		0.27718	0.7069	72.0169435829	44.7171
3 7 3			-0.03		-8.44		34.28		0.2773	0.8954	72.6346668965	71.6226
3 3 15			0.1		-8.34		34.08		0.27854	0.3402	73.0835579415	3.8877
0 4 8			-1.45		-9.79		35.53		0.27805	4.1351	47.9021960727	235.0989
6 2 0			-3.08		-12.87		38.61		0.27805	4.3933	57.9728440251	566.5186
0 0 10			0.24		-12.63		38.13		0.27807	0.8316	38.8438017949	41.7013
2 2 4			0.23		-12.4		37.67		0.27807	0.7551	29.4672289371	73.6026
2 6 6			-2.59		-14.99		40.26		0.27841	5.383	63.2392339525	346.2148
2 4 8			0.23		-14.76		39.79		0.2784	0.1687	51.4325245866	2.4593
2 6 4			0.23		-14.53		39.33		0.27842	0.8772	60.3635846112	78.02
0 4 4			0.23		-14.3		38.87		0.27843	0.8482	39.0545896029	78.0016
1 1 13			0.2		-14.1		38.48		0.27851	0.3722	52.9310122384	10.9703
4 2 0			0.15		-13.96		38.19		0.27851	0.9287	40.0811891304	86.5118
1 1 1			0.16		-13.8		37.87		0.27849	0.5749	13.0194761966	56.7652
5 1 9			0.15		-13.65		37.57		0.27849	0.4583	58.9619928854	19.0838
3 5 1			0.19		-13.46		37.19		0.27847	0.5283	53.2544885252	31.9012
3 1 13			0.17		-13.29		36.85		0.27855	0.3869	59.4126405656	11.7895
1 3 9			0.19		-13.09		36.46		0.27855	0.2622	45.3040218183	7.1674
4 4 4			0.19		-12.9		36.07		0.27855	0.8476	53.9354251327	76.9211
4 4 10			0.19		-12.71		35.69		0.2786	0.6886	66.23802526	47.6672
3 1 9			0.18		-12.53		35.34		0.2786	0.36	45.2950695798	8.7768
2 6 8			-1.0		-13.53		36.34		0.27814	4.3291	67.1483383839	218.3417
6 2 10			0.19		-13.35		35.97		0.27814	0.7103	71.9901825081	43.9921
0 2 12			0.15		-13.19		35.66		0.27801	0.3827	50.6142203783	17.5707
6 4 4			0.12		-13.07		35.42		0.27795	0.6669	69.2748711385	33.991
2 4 6			-0.06		-13.14		35.49		0.27807	0.785	46.7364348384	64.2552