HKL Value		Reward		TotalReward	Chi Squared	Z Appr. 	Error	Two-Thetas	Sfs2
4 0 14			0.0		0.0		0.0		0.3	1.986	67.7459682929	124.3248
0 6 14			0.0		0.0		29.32		0.2857	0.9096	81.7552219026	27.2955
4 0 10			6.15		6.15		17.01		0.28298	0.6243	53.7713327333	45.2096
4 6 2			2.82		8.97		11.37		0.283	0.2349	67.657370766	5.5969
6 0 8			1.1		10.07		9.18		0.28303	2.9234	64.163237895	5.3359
0 6 2			0.84		10.9		7.51		0.28298	0.2356	55.3895592761	6.1752
1 5 7			0.51		11.41		6.49		0.21705	0.6035	54.1236034243	4.2528
1 1 15			-0.47		10.94		6.97		0.21489	0.656	61.3839959686	20.6242
3 3 1			0.42		11.36		6.13		0.21496	0.5106	38.1558496662	33.1617
2 4 10			0.26		11.62		5.6		0.21617	0.607	57.0555982332	12.0937
9 1 1			-0.18		11.45		5.78		0.21649	0.8793	87.9915459652	19.6393
6 4 2			0.25		11.69		5.28		0.21645	0.2211	67.6401768609	4.8049
0 6 0			-0.1		11.59		5.38		0.21645	1.4277	54.7714555341	59.4019
2 2 10			0.12		11.71		5.14		0.21773	0.6429	46.7739448495	44.8949
0 6 10			0.12		11.83		4.9		0.2186	0.8527	69.1637693973	8.5049
3 1 15			0.1		11.93		4.7		0.21804	0.2871	67.3554895111	7.7692
5 1 11			-10.03		1.9		14.74		0.21703	3.2753	64.7131722767	203.727
6 0 0			0.3		2.19		14.14		0.21703	0.7256	54.7363985401	55.434
6 0 10			0.33		2.52		13.48		0.21783	1.0728	69.1331306246	8.9056
7 1 1			0.33		2.86		12.82		0.21787	0.5207	65.7483230412	25.2044
2 0 14			0.32		3.17		12.18		0.21795	0.2634	58.6945218607	7.3942
4 2 14			0.26		3.44		11.66		0.21778	1.2576	70.6282605877	19.9713
3 5 9			0.14		3.58		11.37		0.21749	0.4755	65.0802252419	19.5165
0 2 14			0.23		3.81		10.9		0.21762	0.2479	58.6982494177	6.3292
0 2 16			0.12		3.93		10.67		0.2177	1.8687	67.2407114996	13.8307
2 4 14			0.2		4.13		10.27		0.21756	0.5221	70.6383718296	19.4111
3 3 9			-0.23		3.9		10.5		0.21696	0.3816	52.4524123761	12.0632
5 5 1			0.09		3.99		10.33		0.21708	0.5073	65.769247456	23.9531
0 6 16			0.16		4.15		10.0		0.21716	0.4825	89.3859051251	7.6515
6 4 0			0.17		4.32		9.66		0.21716	1.8287	67.0910631577	58.6803
2 2 0			-21.34		-17.01		30.99		0.21716	11.1953	25.0390113278	1035.9387
0 6 4			0.23		-16.78		30.53		0.21743	0.6675	57.2171401797	42.9768
4 2 2			0.44		-16.34		29.66		0.21745	0.457	40.8620305525	12.2524
1 5 9			0.21		-16.13		29.23		0.21684	0.4394	58.984264935	17.7365
5 1 9			0.25		-15.88		28.74		0.21623	0.4583	58.9619928854	19.0838
3 1 11			-5.92		-21.8		34.65		0.21486	2.3814	52.0481274199	292.2152
6 4 4			0.28		-21.52		34.1		0.21511	0.6669	69.2748711385	33.991
4 0 0			-11.94		-33.47		46.04		0.21511	8.3901	35.6934066618	787.9925
4 2 8			0.6		-32.87		44.84		0.21502	0.7605	51.4203212226	2.5419
3 1 13			0.49		-32.37		43.85		0.21361	0.3869	59.4126405656	11.7895
5 1 1			0.54		-31.83		42.77		0.21362	0.5346	46.1701152	26.7419
3 7 1			0.45		-31.38		41.86		0.2137	1.2822	71.5694631273	22.2453
0 4 10			0.39		-30.99		41.08		0.21449	0.9893	53.7871001638	44.1425
2 0 10			0.48		-30.51		40.12		0.21442	0.6169	42.9543880851	20.236
2 6 10			0.37		-30.14		39.38		0.21506	0.7069	72.0169435829	44.7171
0 2 10			0.43		-29.7		38.51		0.21495	0.4317	42.9590557724	21.0204
1 5 1			0.41		-29.29		37.68		0.21497	0.4978	46.196563203	27.3004
1 7 1			0.39		-28.89		36.89		0.21498	0.5219	65.7901743415	26.2984
3 3 13			0.26		-28.64		36.38		0.21379	0.5636	65.4922780779	9.1158
4 0 6			-6.6		-35.24		42.98		0.2131	5.3963	42.900258124	488.2208
0 6 6			0.23		-35.01		42.52		0.21291	1.0147	60.183190367	40.9583
2 4 2			0.38		-34.62		41.75		0.21291	0.3828	40.8766170199	13.2501
0 4 6			-5.95		-40.57		47.7		0.21217	3.7688	42.9189471786	481.9509
0 0 8			-1.94		-42.51		49.63		0.2125	2.1948	30.8548203523	183.9052
0 2 2			0.33		-42.18		48.98		0.21254	0.4614	19.2417464495	36.8131
1 3 15			0.43		-41.74		48.11		0.21282	0.2862	67.3623786269	8.1809
1 3 7			0.41		-41.33		47.28		0.21282	0.1893	39.2755843192	5.3372
4 0 4			0.41		-40.92		46.46		0.21285	1.2165	39.0343929222	79.1487
3 5 5			0.25		-40.67		45.96		0.21275	1.2751	56.9624934876	133.7285
0 4 12			-0.86		-41.53		46.82		0.21302	1.4889	60.4300914167	161.7651
0 2 22			-0.43		-41.96		47.25		0.21376	1.8317	96.7387030121	97.213
6 0 2			0.38		-41.57		46.49		0.21376	0.2214	55.354768557	5.4487
5 3 1			0.37		-41.2		45.74		0.21377	0.5252	53.2386121167	32.835
4 6 0			0.36		-40.84		45.01		0.21377	0.7863	67.1083315067	59.4729
1 3 9			0.17		-40.67		44.67		0.21315	0.2622	45.3040218183	7.1674
1 1 1			0.34		-40.33		43.99		0.21313	0.5749	13.0194761966	56.7652
4 2 10			0.3		-40.03		43.4		0.21352	1.1102	57.0442200735	11.3144
1 3 1			0.32		-39.71		42.76		0.21352	0.5324	28.3265170018	42.1271
4 2 0			0.22		-39.49		42.32		0.21352	0.9287	40.0811891304	86.5118
3 3 15			0.27		-39.22		41.78		0.2142	0.3402	73.0835579415	3.8877
0 4 20			0.3		-38.92		41.18		0.21408	1.027	94.1654323607	18.6345
0 6 8			0.27		-38.65		40.64		0.21405	0.7694	64.1950429677	5.6946
5 3 9			0.27		-38.38		40.11		0.21397	0.4833	65.0662013285	20.8409
7 3 1			0.24		-38.15		39.63		0.214	0.5095	71.5359286583	22.1332
0 0 20			0.24		-37.91		39.15		0.2145	0.4542	83.3712939521	4.3689
1 3 3			-0.16		-38.07		39.31		0.21448	0.7045	30.3940112777	66.1614
3 5 1			0.26		-37.81		38.8		0.21449	0.5283	53.2544885252	31.9012
2 0 16			0.22		-37.59		38.35		0.21453	0.5935	67.2372591268	11.8907
3 1 1			0.24		-37.35		37.87		0.21453	0.5239	28.3131072915	41.7464
5 3 5			0.12		-37.23		37.62		0.21446	2.2247	56.9473208346	134.0256
0 2 12			0.17		-37.06		37.29		0.21449	0.3827	50.6142203783	17.5707
2 2 16			-0.33		-37.39		37.62		0.21427	1.1693	70.1293332912	108.6018
2 2 4			0.23		-37.17		37.17		0.21429	0.7551	29.4672289371	73.6026
2 4 8			0.22		-36.94		36.72		0.21427	0.1687	51.4325245866	2.4593
5 1 5			0.09		-36.85		36.53		0.2142	1.1901	50.2495039981	127.1383
2 6 4			0.21		-36.63		36.1		0.2142	0.8772	60.3635846112	78.02
4 4 10			0.18		-36.45		35.75		0.21441	0.6886	66.23802526	47.6672
0 0 10			0.16		-36.29		35.42		0.21467	0.8316	38.8438017949	41.7013
1 5 11			-1.43		-37.72		36.85		0.21442	1.8219	64.7342781598	204.7444
0 0 4			0.21		-37.51		36.44		0.21442	0.8482	15.2869714585	59.1035
0 2 20			0.2		-37.31		36.04		0.21431	0.4494	86.0769303832	2.8517
6 2 4			0.2		-37.11		35.64		0.21431	0.8727	60.3342977717	77.9073
4 2 4			-0.03		-37.14		35.67		0.21438	0.7624	43.1345383828	64.2766
2 0 12			0.14		-37.0		35.39		0.21441	0.8079	50.6101057273	16.6151
6 2 10			0.14		-36.86		35.1		0.21464	0.7103	71.9901825081	43.9921
4 6 6			0.12		-36.74		34.87		0.21454	1.1903	71.9781772466	41.9784
3 3 11			-1.67		-38.41		36.54		0.21428	2.1204	58.6030846927	249.5822
4 4 4			0.19		-38.23		36.17		0.21429	0.8476	53.9354251327	76.9211
2 0 2			0.12		-38.11		35.94		0.2143	0.6502	19.2320929378	35.9547
1 5 13			0.16		-37.96		35.62		0.21403	1.1973	71.2966048402	12.6128
5 1 13			0.15		-37.81		35.33		0.21376	0.4567	71.2764535317	11.3258
6 4 6			0.11		-37.69		35.1		0.21367	0.9247	71.9614498967	41.9809