HKL Value		Reward		TotalReward	Chi Squared	Z Appr. 	Error	Two-Thetas	Sfs2
0 6 14			0.0		0.0		0.0		0.3	0.9096	81.7552219026	27.2955
2 0 2			0.0		0.0		14.92		0.2845	0.6502	19.2320929378	35.9547
6 4 4			1.1		1.1		12.72		0.24999	0.6669	69.2748711385	33.991
2 2 0			-209.71		-208.61		222.43		0.0	11.1953	25.0390113278	1035.9387
4 0 10			23.39		-185.22		175.65		0.0	0.6243	53.7713327333	45.2096
4 6 2			15.74		-169.47		144.16		0.0	0.2349	67.657370766	5.5969
6 0 8			11.19		-158.28		121.77		0.0	2.9234	64.163237895	5.3359
3 3 9			7.32		-150.96		107.13		0.0	0.3816	52.4524123761	12.0632
0 0 18			-12.37		-163.32		119.49		0.0	0.6609	73.530655613	37.988
0 6 2			4.42		-158.91		110.66		0.0	0.2356	55.3895592761	6.1752
2 4 4			4.24		-154.66		102.17		0.0	0.8182	43.1484985256	64.6996
1 1 15			4.57		-150.09		93.03		0.0	0.656	61.3839959686	20.6242
2 0 10			3.68		-146.42		85.68		0.0	0.6169	42.9543880851	20.236
9 1 1			-1.95		-148.37		87.63		0.0	0.8793	87.9915459652	19.6393
2 4 10			2.3		-146.07		83.03		0.0	0.607	57.0555982332	12.0937
1 5 7			-21.41		-167.47		104.43		0.0	0.6035	54.1236034243	4.2528
6 4 2			2.56		-164.91		99.32		0.0	0.2211	67.6401768609	4.8049
0 2 20			2.89		-162.03		93.54		0.0	0.4494	86.0769303832	2.8517
3 1 15			1.22		-160.81		91.1		0.0	0.2871	67.3554895111	7.7692
2 2 4			2.31		-158.5		86.48		0.0	0.7551	29.4672289371	73.6026
0 6 6			2.12		-156.38		82.25		0.0	1.0147	60.183190367	40.9583
6 0 0			1.85		-154.53		78.55		0.0	0.7256	54.7363985401	55.434
3 5 9			1.63		-152.9		75.29		0.0	0.4755	65.0802252419	19.5165
6 0 10			0.75		-152.15		73.79		0.0	1.0728	69.1331306246	8.9056
0 0 16			1.52		-150.63		70.74		0.0	1.3342	64.286058028	116.6634
5 1 9			1.1		-149.53		68.54		0.0	0.4583	58.9619928854	19.0838
4 2 14			1.31		-148.22		65.93		0.0	1.2576	70.6282605877	19.9713
1 1 7			-11.43		-159.65		77.36		0.0	0.2012	29.7561292971	6.5386
1 5 9			1.05		-158.6		75.26		0.0	0.4394	58.984264935	17.7365
3 3 15			-1.36		-159.96		76.62		0.0	0.3402	73.0835579415	3.8877
1 3 13			-1.28		-161.24		77.9		0.0	0.3907	59.4200243294	11.5335
0 2 16			1.04		-160.2		75.81		0.0	1.8687	67.2407114996	13.8307
5 3 7			-8.74		-168.93		84.55		0.0	0.2523	60.5057581853	5.4388
0 6 0			1.18		-167.75		82.19		0.0	1.4277	54.7714555341	59.4019
0 6 10			0.57		-167.18		81.05		0.0	0.8527	69.1637693973	8.5049
2 6 6			-1.21		-168.39		82.26		0.0	5.383	63.2392339525	346.2148
4 2 8			0.98		-167.42		80.31		0.0	0.7605	51.4203212226	2.5419
2 0 14			1.08		-166.34		78.15		0.0	0.2634	58.6945218607	7.3942
4 2 2			0.96		-165.38		76.24		0.0	0.457	40.8620305525	12.2524
0 4 10			0.49		-164.89		75.25		0.0	0.9893	53.7871001638	44.1425
0 6 16			0.53		-164.36		74.19		0.0	0.4825	89.3859051251	7.6515
5 1 1			0.27		-164.08		73.64		0.0	0.5346	46.1701152	26.7419
1 1 1			0.61		-163.47		72.42		0.0	0.5749	13.0194761966	56.7652
3 7 1			-0.5		-163.97		72.92		0.0	1.2822	71.5694631273	22.2453
4 2 12			-2.33		-166.3		75.25		0.0	0.2244	63.468523569	4.7972
5 5 1			-0.54		-166.84		75.79		0.0	0.5073	65.769247456	23.9531