HKL Value		Reward		TotalReward	Chi Squared	Z Appr. 	Error	Two-Thetas	Sfs2
6 0 12			0.0		0.0		0.0		0.3	0.5892	74.995462768	0.9301
4 2 0			0.0		0.0		12.81		0.29049	0.9287	40.0811891304	86.5118
4 6 6			3.01		3.01		6.42		0.30541	1.1903	71.9781772466	41.9784
2 2 16			2.88		5.88		4.29		0.30596	1.1693	70.1293332912	108.6018
1 1 9			3.04		8.92		3.25		0.30613	0.2216	37.1193146943	1.1702
2 4 12			3.18		12.1		2.72		0.30676	0.2205	63.4791913795	4.8908
4 6 2			3.42		15.52		2.3		0.3067	0.2349	67.657370766	5.5969
0 6 2			3.35		18.87		2.25		0.30662	0.2356	55.3895592761	6.1752
2 0 16			3.1		21.97		2.49		0.30381	0.5935	67.2372591268	11.8907
3 7 1			3.28		25.25		2.37		0.30374	1.2822	71.5694631273	22.2453
0 2 18			3.35		28.6		2.27		0.30366	0.3755	76.3208597895	3.7538
0 2 14			3.26		31.86		2.32		0.30407	0.2479	58.6982494177	6.3292
7 3 1			3.36		35.21		2.25		0.304	0.5095	71.5359286583	22.1332
0 0 16			3.4		38.62		2.19		0.30503	1.3342	64.286058028	116.6634
2 0 14			3.33		41.95		2.23		0.30557	0.2634	58.6945218607	7.3942
0 6 16			3.03		44.98		2.57		0.30333	0.4825	89.3859051251	7.6515
0 4 16			3.27		48.24		2.41		0.30345	1.5557	75.7704700384	94.8658
0 0 18			3.06		51.31		2.58		0.30319	0.6609	73.530655613	37.988
4 4 4			2.85		54.16		2.9		0.30288	0.8476	53.9354251327	76.9211
0 0 4			2.81		56.97		3.06		0.30262	0.8482	15.2869714585	59.1035