HKL Value		Reward		TotalReward	Chi Squared	Z Appr. 	Error	Two-Thetas	Sfs2
2 2 16			0.0		0.0		0.0		0.3	1.1693	70.1293332912	108.6018
5 1 5			0.0		0.0		103.42		0.30668	1.1901	50.2495039981	127.1383
6 0 12			1.39		1.39		51.72		0.30644	0.5892	74.995462768	0.9301
4 6 6			1.63		3.02		34.51		0.30617	1.1903	71.9781772466	41.9784
0 4 0			0.0		3.02		152.01		0.30617	6.137	35.7152072575	818.959
1 1 9			0.9		3.93		121.63		0.30634	0.2216	37.1193146943	1.1702
2 4 12			0.97		4.89		101.44		0.30695	0.2205	63.4791913795	4.8908
4 6 2			1.0		5.89		86.99		0.3069	0.2349	67.657370766	5.5969
0 6 2			1.0		6.89		76.36		0.30681	0.2356	55.3895592761	6.1752
2 0 16			0.98		7.88		68.36		0.30387	0.5935	67.2372591268	11.8907
3 7 1			0.98		8.86		61.67		0.3038	1.2822	71.5694631273	22.2453
0 2 18			0.98		9.83		56.19		0.30372	0.3755	76.3208597895	3.7538
7 3 1			0.97		10.8		51.62		0.30365	0.5095	71.5359286583	22.1332
0 2 14			0.96		11.76		47.87		0.30407	0.2479	58.6982494177	6.3292
0 0 16			0.97		12.73		44.55		0.30511	1.3342	64.286058028	116.6634
2 0 14			0.97		13.7		41.76		0.30566	0.2634	58.6945218607	7.3942
0 4 16			0.98		14.68		39.19		0.30514	1.5557	75.7704700384	94.8658
0 0 18			0.96		15.65		37.24		0.30504	0.6609	73.530655613	37.988
4 4 4			0.95		16.6		35.7		0.30443	0.8476	53.9354251327	76.9211
0 0 4			0.97		17.57		34.19		0.30396	0.8482	15.2869714585	59.1035
6 4 2			1.01		18.58		32.48		0.30396	0.2211	67.6401768609	4.8049
1 3 9			1.02		19.6		31.02		0.30426	0.2622	45.3040218183	7.1674
3 1 15			1.02		20.62		29.74		0.30407	0.2871	67.3554895111	7.7692
3 1 9			1.04		21.66		28.57		0.30442	0.36	45.2950695798	8.7768
6 0 2			1.05		22.71		27.44		0.3044	0.2214	55.354768557	5.4487
0 2 12			1.04		23.76		26.6		0.30512	0.3827	50.6142203783	17.5707
0 6 12			1.08		24.83		25.59		0.30525	0.3425	75.0250979777	1.887
3 3 15			1.09		25.92		24.68		0.30509	0.3402	73.0835579415	3.8877
2 2 2			0.72		26.64		27.47		0.30519	1.1162	26.2109248846	125.5642
2 0 10			1.04		27.68		26.63		0.30565	0.6169	42.9543880851	20.236
3 5 9			1.04		28.72		25.98		0.30648	0.4755	65.0802252419	19.5165
6 0 8			1.06		29.79		25.22		0.3062	2.9234	64.163237895	5.3359
0 6 0			1.06		30.85		24.63		0.3062	1.4277	54.7714555341	59.4019
0 2 20			1.09		31.94		23.89		0.30598	0.4494	86.0769303832	2.8517
9 1 1			1.1		33.04		23.21		0.30594	0.8793	87.9915459652	19.6393
1 7 1			1.1		34.14		22.69		0.30585	0.5219	65.7901743415	26.2984
4 2 12			1.12		35.27		22.08		0.30613	0.2244	63.468523569	4.7972
7 1 1			1.12		36.39		21.61		0.30606	0.5207	65.7483230412	25.2044
1 5 9			1.14		37.52		21.13		0.3067	0.4394	58.984264935	17.7365
5 1 9			1.14		38.67		20.68		0.30737	0.4583	58.9619928854	19.0838
1 3 1			1.13		39.8		20.45		0.30728	0.5324	28.3265170018	42.1271
0 6 6			1.16		40.96		20.0		0.30761	1.0147	60.183190367	40.9583
3 3 9			1.17		42.13		19.57		0.30805	0.3816	52.4524123761	12.0632
4 2 14			1.16		43.29		19.38		0.30865	1.2576	70.6282605877	19.9713
0 6 16			1.14		44.43		19.35		0.30551	0.4825	89.3859051251	7.6515
2 4 8			1.14		45.57		19.35		0.30443	0.1687	51.4325245866	2.4593
5 5 1			1.19		46.76		18.95		0.30438	0.5073	65.769247456	23.9531
2 4 10			1.15		47.9		18.96		0.30543	0.607	57.0555982332	12.0937
0 2 16			1.2		49.1		18.61		0.3045	1.8687	67.2407114996	13.8307
6 4 0			1.21		50.31		18.23		0.3045	1.8287	67.0910631577	58.6803
2 6 4			1.2		51.51		18.01		0.30411	0.8772	60.3635846112	78.02
4 2 2			1.22		52.73		17.74		0.30407	0.457	40.8620305525	12.2524
0 6 8			1.23		53.96		17.42		0.30391	0.7694	64.1950429677	5.6946
4 6 0			1.25		55.21		17.1		0.30391	0.7863	67.1083315067	59.4729
2 4 2			1.24		56.45		16.87		0.30386	0.3828	40.8766170199	13.2501
2 4 14			1.23		57.68		16.79		0.30377	0.5221	70.6383718296	19.4111
0 6 10			1.16		58.84		17.17		0.3055	0.8527	69.1637693973	8.5049
6 2 4			1.23		60.07		17.02		0.30484	0.8727	60.3342977717	77.9073
5 3 1			1.24		61.31		16.84		0.30473	0.5252	53.2386121167	32.835
2 0 12			1.25		62.56		16.65		0.30556	0.8079	50.6101057273	16.6151
2 0 2			1.23		63.78		16.65		0.30543	0.6502	19.2320929378	35.9547
5 1 1			1.25		65.04		16.47		0.30531	0.5346	46.1701152	26.7419
0 4 18			1.27		66.31		16.2		0.30529	0.8369	84.5238780681	17.4513
3 3 1			1.27		67.57		16.05		0.30516	0.5106	38.1558496662	33.1617
3 5 1			1.27		68.84		15.9		0.30503	0.5283	53.2544885252	31.9012
2 0 0			1.18		70.03		16.37		0.30503	2.02	17.6289686615	175.6782
2 4 6			1.25		71.28		16.26		0.30603	0.785	46.7364348384	64.2552
4 2 0			1.25		72.53		16.21		0.30603	0.9287	40.0811891304	86.5118
5 5 7			1.0		73.52		17.93		0.31289	0.6639	72.2860687267	4.3062
6 0 0			1.21		74.73		17.74		0.31289	0.7256	54.7363985401	55.434
1 1 15			1.2		75.93		17.68		0.31292	0.656	61.3839959686	20.6242
6 0 6			1.22		77.15		17.44		0.31293	1.0815	60.1501886982	39.9969
6 4 6			1.23		78.38		17.23		0.31286	0.9247	71.9614498967	41.9809
1 3 15			1.23		79.61		17.05		0.31294	0.2862	67.3623786269	8.1809
0 6 18			1.24		80.85		16.82		0.31295	0.7949	98.0280769063	1.8601
0 4 20			1.25		82.11		16.59		0.31302	1.027	94.1654323607	18.6345
4 2 6			1.25		83.36		16.41		0.31308	1.6049	46.7233273538	62.1975
4 2 10			1.26		84.62		16.26		0.31325	1.1102	57.0442200735	11.3144
4 0 4			1.24		85.86		16.27		0.31316	1.2165	39.0343929222	79.1487
3 1 1			1.25		87.1		16.21		0.31314	0.5239	28.3131072915	41.7464
5 3 9			1.27		88.37		16.03		0.31321	0.4833	65.0662013285	20.8409
1 1 3			1.25		89.63		16.01		0.31322	0.4514	16.9416048235	36.8187
4 6 4			1.23		90.86		16.11		0.31322	1.0731	69.291881243	33.3045
0 4 10			1.26		92.12		16.04		0.31346	0.9893	53.7871001638	44.1425
1 5 3			1.24		93.36		16.11		0.31349	0.9511	47.585042181	85.8034
1 1 1			1.25		94.6		16.11		0.31347	0.5749	13.0194761966	56.7652
1 5 1			1.26		95.86		16.0		0.31346	0.4978	46.196563203	27.3004
2 2 10			1.26		97.13		15.91		0.31366	0.6429	46.7739448495	44.8949
0 2 10			1.28		98.41		15.73		0.31365	0.4317	42.9590557724	21.0204
2 2 4			1.26		99.67		15.75		0.31356	0.7551	29.4672289371	73.6026
4 4 10			1.28		100.94		15.65		0.31372	0.6886	66.23802526	47.6672
2 4 0			1.27		102.21		15.63		0.31372	1.4359	40.0960076051	88.2765
6 2 10			1.27		103.48		15.57		0.31391	0.7103	71.9901825081	43.9921
0 6 14			1.27		104.76		15.54		0.31399	0.9096	81.7552219026	27.2955
0 0 22			1.28		106.04		15.44		0.31415	2.2765	94.0325860765	137.6091
4 0 10			1.29		107.33		15.35		0.31429	0.6243	53.7713327333	45.2096
7 3 3			1.27		108.6		15.39		0.31431	1.9283	72.601334037	69.5466
6 0 10			1.29		109.88		15.31		0.31445	1.0728	69.1331306246	8.9056
0 0 10			1.29		111.17		15.23		0.31458	0.8316	38.8438017949	41.7013
0 2 2			1.28		112.45		15.27		0.31457	0.4614	19.2417464495	36.8131
7 1 3			1.26		113.71		15.37		0.31458	1.4031	66.8553232335	91.2915
5 5 3			1.27		114.98		15.42		0.3146	0.8107	66.8760743485	64.1048