HKL Value		Reward		TotalReward	Chi Squared	Z Appr. 	Error	Two-Thetas	Sfs2
2 2 16			0.0		0.0		0.0		0.3	1.1693	70.1293332912	108.6018
4 6 6			0.0		0.0		0.07		0.30596	1.1903	71.9781772466	41.9784
6 0 12			26.8		26.8		0.04		0.30596	0.5892	74.995462768	0.9301
1 1 9			19.51		46.31		0.07		0.30613	0.2216	37.1193146943	1.1702
2 4 12			11.21		57.53		0.19		0.30676	0.2205	63.4791913795	4.8908
4 6 2			11.12		68.65		0.2		0.3067	0.2349	67.657370766	5.5969
5 1 7			0.07		68.72		18.92		0.31329	0.2609	54.1000446603	4.252
1 3 5			0.05		68.77		38.19		0.31339	3.1323	34.189462707	190.138
0 6 2			1.19		69.96		33.71		0.31339	0.2356	55.3895592761	6.1752
2 0 16			1.02		70.98		31.98		0.31361	0.5935	67.2372591268	11.8907
3 7 1			1.17		72.16		29.0		0.31358	1.2822	71.5694631273	22.2453
0 2 18			1.2		73.36		26.37		0.31358	0.3755	76.3208597895	3.7538
0 2 14			1.2		74.56		24.32		0.31328	0.2479	58.6982494177	6.3292
7 3 1			1.21		75.78		22.62		0.31326	0.5095	71.5359286583	22.1332
4 0 6			0.06		75.84		40.14		0.31398	5.3963	42.900258124	488.2208
0 0 16			1.01		76.85		37.5		0.31402	1.3342	64.286058028	116.6634
2 0 14			1.01		77.86		35.24		0.31381	0.2634	58.6945218607	7.3942
0 4 16			1.0		78.86		33.52		0.31393	1.5557	75.7704700384	94.8658
0 0 18			1.04		79.9		31.66		0.31398	0.6609	73.530655613	37.988
4 4 4			0.96		80.86		30.92		0.31378	0.8476	53.9354251327	76.9211
0 0 4			0.98		81.84		30.08		0.31359	0.8482	15.2869714585	59.1035
5 1 9			1.06		82.89		28.65		0.31361	0.4583	58.9619928854	19.0838
6 4 2			1.07		83.96		27.36		0.3136	0.2211	67.6401768609	4.8049
1 3 9			1.08		85.04		26.22		0.31344	0.2622	45.3040218183	7.1674
3 1 15			1.08		86.12		25.25		0.31358	0.2871	67.3554895111	7.7692
3 1 9			1.11		87.23		24.26		0.3135	0.36	45.2950695798	8.7768
0 6 12			1.09		88.32		23.6		0.31275	0.3425	75.0250979777	1.887
0 2 12			1.13		89.45		22.72		0.31275	0.3827	50.6142203783	17.5707
6 0 2			1.14		90.59		21.98		0.31274	0.2214	55.354768557	5.4487
3 3 15			1.16		91.75		21.25		0.31282	0.3402	73.0835579415	3.8877
3 5 9			1.17		92.91		20.59		0.31293	0.4755	65.0802252419	19.5165
0 6 0			1.16		94.07		20.14		0.31293	1.4277	54.7714555341	59.4019
1 7 1			1.17		95.25		19.7		0.31292	0.5219	65.7901743415	26.2984
6 0 8			1.19		96.44		19.2		0.31292	2.9234	64.163237895	5.3359
0 2 20			1.22		97.66		18.64		0.31296	0.4494	86.0769303832	2.8517
2 0 10			1.23		98.89		18.11		0.31296	0.6169	42.9543880851	20.236
0 0 2			0.94		99.83		19.86		0.31296	1.161	7.62646333295	98.931
9 1 1			1.19		101.02		19.36		0.31296	0.8793	87.9915459652	19.6393
0 4 20			1.2		102.23		18.85		0.31303	1.027	94.1654323607	18.6345
1 5 9			1.22		103.44		18.37		0.31303	0.4394	58.984264935	17.7365
7 1 1			1.21		104.66		18.04		0.31302	0.5207	65.7483230412	25.2044
0 6 6			1.24		105.89		17.61		0.31304	1.0147	60.183190367	40.9583
3 3 9			1.25		107.15		17.19		0.31304	0.3816	52.4524123761	12.0632
4 2 12			1.25		108.4		16.87		0.31278	0.2244	63.468523569	4.7972
4 2 14			1.25		109.65		16.64		0.3129	1.2576	70.6282605877	19.9713
0 6 16			1.17		110.82		16.99		0.31296	0.4825	89.3859051251	7.6515
2 4 8			1.18		112.01		17.2		0.31298	0.1687	51.4325245866	2.4593
2 4 10			1.25		113.25		16.93		0.31317	0.607	57.0555982332	12.0937
0 2 16			1.23		114.48		16.85		0.31323	1.8687	67.2407114996	13.8307
6 4 0			1.27		115.75		16.5		0.31323	1.8287	67.0910631577	58.6803
6 0 6			1.28		117.03		16.18		0.31324	1.0815	60.1501886982	39.9969
4 2 2			1.28		118.31		15.96		0.31323	0.457	40.8620305525	12.2524
2 6 4			1.25		119.56		15.94		0.31312	0.8772	60.3635846112	78.02
4 6 0			1.3		120.86		15.64		0.31312	0.7863	67.1083315067	59.4729
0 6 8			1.3		122.16		15.4		0.31312	0.7694	64.1950429677	5.6946
2 4 2			1.3		123.46		15.23		0.31311	0.3828	40.8766170199	13.2501
2 6 10			1.29		124.76		15.14		0.31342	0.7069	72.0169435829	44.7171
2 4 14			1.31		126.07		14.98		0.31353	0.5221	70.6383718296	19.4111
5 5 1			1.33		127.4		14.75		0.31353	0.5073	65.769247456	23.9531
6 2 4			1.3		128.7		14.76		0.31341	0.8727	60.3342977717	77.9073
2 0 2			1.29		129.99		14.82		0.31339	0.6502	19.2320929378	35.9547
2 0 12			1.34		131.33		14.58		0.31333	0.8079	50.6101057273	16.6151
0 4 18			1.34		132.67		14.39		0.3131	0.8369	84.5238780681	17.4513
5 1 1			1.34		134.01		14.26		0.31308	0.5346	46.1701152	26.7419
5 3 1			1.34		135.35		14.16		0.31307	0.5252	53.2386121167	32.835
3 3 1			1.35		136.69		14.06		0.31306	0.5106	38.1558496662	33.1617
4 2 0			1.34		138.03		14.04		0.31306	0.9287	40.0811891304	86.5118
1 1 15			1.34		139.37		14.04		0.31308	0.656	61.3839959686	20.6242
6 0 0			1.36		140.72		13.9		0.31308	0.7256	54.7363985401	55.434
3 5 1			1.36		142.08		13.8		0.31308	0.5283	53.2544885252	31.9012
1 5 13			1.19		143.27		14.73		0.3139	1.1973	71.2966048402	12.6128
6 4 6			1.33		144.6		14.57		0.31384	0.9247	71.9614498967	41.9809
2 4 6			1.34		145.94		14.41		0.31388	0.785	46.7364348384	64.2552
4 2 6			1.35		147.29		14.24		0.31392	1.6049	46.7233273538	62.1975
4 2 10			1.35		148.63		14.1		0.31405	1.1102	57.0442200735	11.3144
0 6 14			1.33		149.97		14.08		0.31414	0.9096	81.7552219026	27.2955
4 0 4			1.33		151.29		14.13		0.31406	1.2165	39.0343929222	79.1487
0 6 18			1.36		152.66		13.94		0.31405	0.7949	98.0280769063	1.8601
1 5 3			1.32		153.98		14.04		0.31407	0.9511	47.585042181	85.8034
1 1 3			1.34		155.31		14.03		0.31408	0.4514	16.9416048235	36.8187
5 3 9			1.36		156.68		13.87		0.31413	0.4833	65.0662013285	20.8409
0 4 10			1.35		158.03		13.81		0.31431	0.9893	53.7871001638	44.1425
5 1 5			1.17		159.2		14.88		0.31433	1.1901	50.2495039981	127.1383
1 3 15			1.32		160.52		14.73		0.3144	0.2862	67.3623786269	8.1809
3 1 1			1.31		161.83		14.71		0.31439	0.5239	28.3131072915	41.7464
1 5 1			1.32		163.14		14.62		0.31438	0.4978	46.196563203	27.3004
2 2 10			1.32		164.47		14.52		0.31452	0.6429	46.7739448495	44.8949
1 1 1			1.31		165.78		14.54		0.31451	0.5749	13.0194761966	56.7652
2 2 4			1.3		167.08		14.59		0.31444	0.7551	29.4672289371	73.6026
7 3 3			1.3		168.38		14.63		0.31445	1.9283	72.601334037	69.5466