HKL Value		Reward		TotalReward	Chi Squared	Z Appr. 	Error	Two-Thetas	Sfs2
6 0 12			0.0		0.0		0.0		0.3	0.5892	74.995462768	0.9301
2 2 16			0.0		0.0		0.0		0.30618	1.1693	70.1293332912	108.6018
4 6 6			26.64		26.64		0.04		0.30596	1.1903	71.9781772466	41.9784
2 2 6			0.0		26.64		120.41		0.31089	8.3224	34.2684003079	615.2447
1 1 9			1.05		27.69		90.43		0.31055	0.2216	37.1193146943	1.1702
2 4 12			1.13		28.82		72.41		0.3102	0.2205	63.4791913795	4.8908
4 6 2			1.16		29.98		60.4		0.31018	0.2349	67.657370766	5.5969
1 5 5			0.3		30.28		66.49		0.3103	1.8923	50.2743192378	127.3636
0 6 2			1.06		31.35		58.45		0.31027	0.2356	55.3895592761	6.1752
2 0 16			0.96		32.31		53.63		0.30835	0.5935	67.2372591268	11.8907
3 7 1			1.03		33.34		48.45		0.30825	1.2822	71.5694631273	22.2453
0 2 18			1.03		34.38		44.16		0.30844	0.3755	76.3208597895	3.7538
0 2 14			1.04		35.42		40.5		0.30888	0.2479	58.6982494177	6.3292
7 3 1			1.03		36.45		37.52		0.30881	0.5095	71.5359286583	22.1332
0 0 16			1.05		37.5		34.85		0.30864	1.3342	64.286058028	116.6634
2 0 14			1.06		38.55		32.56		0.30907	0.2634	58.6945218607	7.3942
0 4 16			1.05		39.6		30.76		0.30813	1.5557	75.7704700384	94.8658
0 0 18			1.05		40.65		29.24		0.30892	0.6609	73.530655613	37.988
4 4 4			1.02		41.67		28.32		0.30795	0.8476	53.9354251327	76.9211
0 0 4			1.04		42.72		27.31		0.30717	0.8482	15.2869714585	59.1035
6 4 2			1.1		43.82		25.95		0.30715	0.2211	67.6401768609	4.8049
1 3 9			1.12		44.93		24.74		0.30748	0.2622	45.3040218183	7.1674
3 1 15			1.11		46.05		23.79		0.30722	0.2871	67.3554895111	7.7692
3 1 9			1.14		47.19		22.8		0.30767	0.36	45.2950695798	8.7768
0 6 12			1.16		48.35		21.85		0.30767	0.3425	75.0250979777	1.887
3 3 15			1.17		49.52		21.04		0.30752	0.3402	73.0835579415	3.8877
6 0 2			1.19		50.71		20.29		0.30748	0.2214	55.354768557	5.4487
0 2 12			1.19		51.9		19.66		0.30833	0.3827	50.6142203783	17.5707
3 5 9			1.2		53.1		19.13		0.30901	0.4755	65.0802252419	19.5165
0 6 0			1.2		54.3		18.7		0.30901	1.4277	54.7714555341	59.4019
1 7 1			1.22		55.52		18.25		0.30894	0.5219	65.7901743415	26.2984
6 0 8			1.24		56.76		17.76		0.30878	2.9234	64.163237895	5.3359
0 2 20			1.26		58.02		17.24		0.30858	0.4494	86.0769303832	2.8517
9 1 1			1.28		59.3		16.75		0.30853	0.8793	87.9915459652	19.6393
1 5 9			1.29		60.58		16.3		0.30907	0.4394	58.984264935	17.7365
5 1 9			1.3		61.89		15.89		0.30957	0.4583	58.9619928854	19.0838
7 1 1			1.3		63.19		15.58		0.30951	0.5207	65.7483230412	25.2044
0 6 6			1.33		64.52		15.19		0.30972	1.0147	60.183190367	40.9583
3 3 9			1.34		65.86		14.81		0.30997	0.3816	52.4524123761	12.0632
2 0 10			1.36		67.22		14.45		0.31017	0.6169	42.9543880851	20.236
4 2 12			1.37		68.59		14.09		0.31	0.2244	63.468523569	4.7972
4 2 14			1.35		69.94		13.98		0.3104	1.2576	70.6282605877	19.9713
2 4 8			1.29		71.23		14.26		0.31016	0.1687	51.4325245866	2.4593
2 4 10			1.35		72.58		14.13		0.31085	0.607	57.0555982332	12.0937
0 2 16			1.34		73.92		14.09		0.31044	1.8687	67.2407114996	13.8307
4 2 2			1.37		75.29		13.88		0.31039	0.457	40.8620305525	12.2524
6 4 0			1.39		76.68		13.58		0.31039	1.8287	67.0910631577	58.6803
2 6 4			1.36		78.04		13.56		0.30993	0.8772	60.3635846112	78.02
4 6 0			1.41		79.45		13.27		0.30993	0.7863	67.1083315067	59.4729
2 4 2			1.4		80.85		13.11		0.30987	0.3828	40.8766170199	13.2501
0 6 8			1.42		82.27		12.9		0.30977	0.7694	64.1950429677	5.6946
6 2 4			1.4		83.66		12.88		0.30918	0.8727	60.3342977717	77.9073
5 5 1			1.43		85.1		12.66		0.30912	0.5073	65.769247456	23.9531
2 0 2			1.39		86.49		12.75		0.30896	0.6502	19.2320929378	35.9547
2 4 14			1.41		87.9		12.7		0.30968	0.5221	70.6383718296	19.4111
2 0 12			1.44		89.34		12.48		0.31011	0.8079	50.6101057273	16.6151
2 0 4			1.17		90.51		13.89		0.31008	1.3874	23.4143586184	109.347
0 4 18			1.38		91.89		13.64		0.31003	0.8369	84.5238780681	17.4513
5 1 1			1.38		93.27		13.51		0.30998	0.5346	46.1701152	26.7419
5 3 1			1.38		94.65		13.41		0.30991	0.5252	53.2386121167	32.835
1 1 15			1.37		96.01		13.41		0.30967	0.656	61.3839959686	20.6242
3 3 1			1.38		97.4		13.31		0.30958	0.5106	38.1558496662	33.1617
0 6 16			1.35		98.75		13.42		0.30553	0.4825	89.3859051251	7.6515
4 2 0			1.37		100.11		13.41		0.30553	0.9287	40.0811891304	86.5118
6 0 6			1.4		101.51		13.24		0.30593	1.0815	60.1501886982	39.9969
3 5 1			1.39		102.9		13.13		0.30586	0.5283	53.2544885252	31.9012
6 4 6			1.42		104.32		12.94		0.3058	0.9247	71.9614498967	41.9809
0 6 10			1.34		105.66		13.19		0.3095	0.8527	69.1637693973	8.5049
6 0 0			1.4		107.06		13.07		0.30951	0.7256	54.7363985401	55.434
0 4 20			1.4		108.47		12.95		0.31135	1.027	94.1654323607	18.6345
4 2 6			1.41		109.88		12.82		0.31146	1.6049	46.7233273538	62.1975
2 4 6			1.42		111.3		12.7		0.31159	0.785	46.7364348384	64.2552
4 2 10			1.42		112.71		12.63		0.31193	1.1102	57.0442200735	11.3144
4 0 4			1.4		114.11		12.66		0.31178	1.2165	39.0343929222	79.1487
0 6 18			1.44		115.55		12.49		0.3118	0.7949	98.0280769063	1.8601
1 5 3			1.39		116.94		12.62		0.31186	0.9511	47.585042181	85.8034
1 1 3			1.4		118.35		12.64		0.31189	0.4514	16.9416048235	36.8187
0 4 10			1.4		119.75		12.66		0.3123	0.9893	53.7871001638	44.1425