HKL Value		Reward		TotalReward	Chi Squared	Z Appr. 	Error	Two-Thetas	Sfs2
2 2 16			0.0		0.0		0.0		0.3	1.1693	70.1293332912	108.6018
4 6 6			0.0		0.0		0.07		0.30596	1.1903	71.9781772466	41.9784
6 0 12			26.8		26.8		0.04		0.30596	0.5892	74.995462768	0.9301
1 1 9			19.51		46.31		0.07		0.30613	0.2216	37.1193146943	1.1702
2 4 12			11.21		57.53		0.19		0.30676	0.2205	63.4791913795	4.8908
4 6 2			11.12		68.65		0.2		0.3067	0.2349	67.657370766	5.5969
0 6 2			6.95		75.59		0.49		0.30662	0.2356	55.3895592761	6.1752
2 0 16			4.73		80.32		1.01		0.30381	0.5935	67.2372591268	11.8907
3 7 1			4.81		85.13		1.07		0.30374	1.2822	71.5694631273	22.2453
0 2 18			4.76		89.88		1.1		0.30366	0.3755	76.3208597895	3.7538
7 3 1			4.69		94.57		1.13		0.30359	0.5095	71.5359286583	22.1332
0 2 14			4.34		98.91		1.29		0.30399	0.2479	58.6982494177	6.3292
0 4 6			0.03		98.94		25.01		0.30814	3.7688	42.9189471786	481.9509
0 0 16			1.22		100.16		23.08		0.30806	1.3342	64.286058028	116.6634
2 0 14			1.23		101.39		21.49		0.30857	0.2634	58.6945218607	7.3942
0 4 16			1.23		102.63		20.27		0.30761	1.5557	75.7704700384	94.8658
0 0 18			1.23		103.86		19.34		0.30823	0.6609	73.530655613	37.988
4 4 4			1.19		105.05		18.91		0.30732	0.8476	53.9354251327	76.9211
0 0 4			1.23		106.28		18.35		0.30661	0.8482	15.2869714585	59.1035
6 4 2			1.3		107.58		17.39		0.30659	0.2211	67.6401768609	4.8049
0 2 20			1.33		108.91		16.53		0.30633	0.4494	86.0769303832	2.8517
2 2 8			0.37		109.28		24.66		0.30615	1.8488	40.1384116224	216.1995
1 3 9			1.13		110.41		23.59		0.30648	0.2622	45.3040218183	7.1674
3 1 15			1.13		111.55		22.71		0.30623	0.2871	67.3554895111	7.7692
3 1 9			1.16		112.7		21.83		0.30663	0.36	45.2950695798	8.7768
6 0 2			1.17		113.87		21.02		0.3066	0.2214	55.354768557	5.4487
0 2 12			1.17		115.05		20.37		0.30754	0.3827	50.6142203783	17.5707
0 6 12			1.21		116.25		19.62		0.30755	0.3425	75.0250979777	1.887
3 3 15			1.22		117.47		18.97		0.30741	0.3402	73.0835579415	3.8877
2 0 10			1.23		118.7		18.38		0.30788	0.6169	42.9543880851	20.236
3 5 9			1.23		119.92		17.94		0.3087	0.4755	65.0802252419	19.5165
0 6 0			1.23		121.16		17.57		0.3087	1.4277	54.7714555341	59.4019
6 0 8			1.26		122.42		17.11		0.3085	2.9234	64.163237895	5.3359
9 1 1			1.28		123.7		16.63		0.30845	0.8793	87.9915459652	19.6393
0 4 18			1.3		125.0		16.14		0.30852	0.8369	84.5238780681	17.4513
1 5 7			0.87		125.87		18.84		0.31261	0.6035	54.1236034243	4.2528
5 5 1			1.22		127.09		18.36		0.3126	0.5073	65.769247456	23.9531
1 7 1			1.21		128.3		18.02		0.31258	0.5219	65.7901743415	26.2984
4 2 12			1.23		129.54		17.62		0.3123	0.2244	63.468523569	4.7972
7 1 1			1.24		130.77		17.3		0.31228	0.5207	65.7483230412	25.2044
1 5 9			1.27		132.04		16.87		0.3123	0.4394	58.984264935	17.7365
5 1 9			1.28		133.32		16.47		0.31235	0.4583	58.9619928854	19.0838
0 6 6			1.29		134.61		16.08		0.31237	1.0147	60.183190367	40.9583
3 3 9			1.3		135.91		15.71		0.31239	0.3816	52.4524123761	12.0632
4 2 14			1.29		137.2		15.51		0.31253	1.2576	70.6282605877	19.9713
0 6 16			1.21		138.41		15.89		0.31253	0.4825	89.3859051251	7.6515
2 4 8			1.22		139.63		16.12		0.31253	0.1687	51.4325245866	2.4593
2 4 10			1.28		140.92		15.89		0.31278	0.607	57.0555982332	12.0937
6 4 0			1.31		142.22		15.56		0.31278	1.8287	67.0910631577	58.6803
0 2 16			1.27		143.5		15.51		0.31281	1.8687	67.2407114996	13.8307
2 6 4			1.27		144.77		15.49		0.31267	0.8772	60.3635846112	78.02
4 2 2			1.3		146.07		15.29		0.31265	0.457	40.8620305525	12.2524
4 6 0			1.33		147.4		14.99		0.31265	0.7863	67.1083315067	59.4729
0 6 8			1.33		148.73		14.77		0.31265	0.7694	64.1950429677	5.6946
2 4 2			1.33		150.05		14.6		0.31264	0.3828	40.8766170199	13.2501
2 4 14			1.33		151.39		14.45		0.3128	0.5221	70.6383718296	19.4111
6 2 4			1.31		152.7		14.45		0.31266	0.8727	60.3342977717	77.9073
5 3 1			1.33		154.04		14.34		0.31263	0.5252	53.2386121167	32.835
2 0 12			1.36		155.4		14.09		0.31262	0.8079	50.6101057273	16.6151
2 0 2			1.32		156.72		14.15		0.31258	0.6502	19.2320929378	35.9547
5 1 1			1.35		158.07		14.02		0.31256	0.5346	46.1701152	26.7419
3 5 1			1.35		159.42		13.92		0.31255	0.5283	53.2544885252	31.9012
3 3 1			1.36		160.78		13.81		0.31252	0.5106	38.1558496662	33.1617
2 4 6			1.37		162.16		13.65		0.3126	0.785	46.7364348384	64.2552
6 0 0			1.38		163.53		13.51		0.3126	0.7256	54.7363985401	55.434
4 2 0			1.36		164.9		13.5		0.3126	0.9287	40.0811891304	86.5118
0 2 10			1.4		166.29		13.29		0.3126	0.4317	42.9590557724	21.0204
1 1 15			1.37		167.66		13.3		0.31264	0.656	61.3839959686	20.6242
6 0 6			1.41		169.07		13.11		0.31266	1.0815	60.1501886982	39.9969
1 3 15			1.41		170.47		12.97		0.31274	0.2862	67.3623786269	8.1809
6 4 6			1.42		171.89		12.82		0.31266	0.9247	71.9614498967	41.9809
1 3 13			1.21		173.1		13.91		0.31376	0.3907	59.4200243294	11.5335
0 6 18			1.37		174.47		13.71		0.31376	0.7949	98.0280769063	1.8601
0 4 20			1.38		175.85		13.53		0.31373	1.027	94.1654323607	18.6345
4 2 6			1.39		177.24		13.37		0.31377	1.6049	46.7233273538	62.1975
4 2 10			1.39		178.63		13.25		0.31391	1.1102	57.0442200735	11.3144
4 0 4			1.36		179.99		13.3		0.31383	1.2165	39.0343929222	79.1487
3 1 1			1.37		181.37		13.29		0.31381	0.5239	28.3131072915	41.7464
1 5 1			1.39		182.75		13.2		0.3138	0.4978	46.196563203	27.3004
5 3 9			1.4		184.16		13.05		0.31385	0.4833	65.0662013285	20.8409
4 6 4			1.36		185.52		13.19		0.31385	1.0731	69.291881243	33.3045
1 1 3			1.38		186.89		13.2		0.31385	0.4514	16.9416048235	36.8187
0 4 10			1.38		188.28		13.15		0.31407	0.9893	53.7871001638	44.1425
3 7 5			1.27		189.55		13.78		0.3141	1.0548	74.7470539899	89.5814
1 5 3			1.33		190.88		13.86		0.31412	0.9511	47.585042181	85.8034
1 1 1			1.34		192.22		13.89		0.31411	0.5749	13.0194761966	56.7652