HKL Value		Reward		TotalReward	Chi Squared	Z Appr. 	Error	Two-Thetas	Sfs2
2 2 16			0.0		0.0		0.0		0.3	1.1693	70.1293332912	108.6018
4 6 6			0.0		0.0		0.07		0.30596	1.1903	71.9781772466	41.9784
6 0 12			26.8		26.8		0.04		0.30596	0.5892	74.995462768	0.9301
1 1 9			19.51		46.31		0.07		0.30613	0.2216	37.1193146943	1.1702
2 4 12			11.21		57.53		0.19		0.30676	0.2205	63.4791913795	4.8908
4 6 2			11.12		68.65		0.2		0.3067	0.2349	67.657370766	5.5969
0 6 2			6.95		75.59		0.49		0.30662	0.2356	55.3895592761	6.1752
6 2 8			0.01		75.61		27.24		0.3059	3.3751	67.1207225085	222.106
2 0 16			1.29		76.9		24.18		0.30321	0.5935	67.2372591268	11.8907
3 7 1			1.32		78.22		21.65		0.30314	1.2822	71.5694631273	22.2453
0 2 18			1.34		79.55		19.61		0.30302	0.3755	76.3208597895	3.7538
0 2 14			1.33		80.89		18.11		0.30331	0.2479	58.6982494177	6.3292
7 3 1			1.38		82.27		16.72		0.30323	0.5095	71.5359286583	22.1332
0 2 2			1.22		83.49		16.72		0.30298	0.4614	19.2417464495	36.8131
0 0 16			1.38		84.87		15.69		0.30447	1.3342	64.286058028	116.6634
2 0 14			1.4		86.27		14.86		0.30495	0.2634	58.6945218607	7.3942
0 4 16			1.45		87.72		13.94		0.30462	1.5557	75.7704700384	94.8658
0 0 18			1.42		89.14		13.47		0.30441	0.6609	73.530655613	37.988
4 4 4			1.4		90.54		13.23		0.30383	0.8476	53.9354251327	76.9211
0 0 4			1.44		91.98		12.87		0.30338	0.8482	15.2869714585	59.1035
6 4 2			1.51		93.49		12.23		0.30337	0.2211	67.6401768609	4.8049
1 3 9			1.52		95.02		11.75		0.30367	0.2622	45.3040218183	7.1674
3 1 15			1.54		96.56		11.34		0.3035	0.2871	67.3554895111	7.7692
3 1 9			1.56		98.12		10.98		0.30384	0.36	45.2950695798	8.7768
0 6 12			1.6		99.72		10.54		0.30393	0.3425	75.0250979777	1.887
0 2 12			1.57		101.29		10.4		0.30464	0.3827	50.6142203783	17.5707
6 0 2			1.63		102.92		10.05		0.30461	0.2214	55.354768557	5.4487
3 3 15			1.65		104.57		9.71		0.30445	0.3402	73.0835579415	3.8877
3 5 9			1.62		106.18		9.66		0.30517	0.4755	65.0802252419	19.5165
0 6 0			1.63		107.82		9.56		0.30517	1.4277	54.7714555341	59.4019
2 0 10			1.67		109.49		9.34		0.30568	0.6169	42.9543880851	20.236
1 7 1			1.67		111.16		9.2		0.30559	0.5219	65.7901743415	26.2984
6 0 8			1.7		112.86		8.98		0.30526	2.9234	64.163237895	5.3359
9 1 1			1.73		114.59		8.73		0.30521	0.8793	87.9915459652	19.6393
0 2 20			1.76		116.35		8.47		0.30516	0.4494	86.0769303832	2.8517
1 5 9			1.75		118.1		8.35		0.30582	0.4394	58.984264935	17.7365
7 1 1			1.76		119.85		8.24		0.30576	0.5207	65.7483230412	25.2044
5 1 9			1.77		121.62		8.14		0.30647	0.4583	58.9619928854	19.0838
0 6 6			1.79		123.42		7.99		0.3069	1.0147	60.183190367	40.9583
3 3 9			1.81		125.23		7.85		0.30741	0.3816	52.4524123761	12.0632
4 2 12			1.84		127.06		7.65		0.30761	0.2244	63.468523569	4.7972
4 2 14			1.78		128.84		7.76		0.30822	1.2576	70.6282605877	19.9713
0 6 16			1.74		130.58		7.95		0.30504	0.4825	89.3859051251	7.6515
2 4 8			1.71		132.29		8.19		0.30393	0.1687	51.4325245866	2.4593