HKL Value		Reward		TotalReward	Chi Squared	Z Appr. 	Error	Two-Thetas	Sfs2
0 4 6			0.0		0.0		0.0		0.3	3.7688	42.9189471786	481.9509
3 3 7			0.0		0.0		234.45		0.33579	0.1558	47.1418707618	3.5073
2 2 16			0.87		0.87		133.2		0.32682	1.1693	70.1293332912	108.6018
4 6 6			1.04		1.9		93.04		0.3263	1.1903	71.9781772466	41.9784
6 0 12			0.33		2.23		97.09		0.3162	0.5892	74.995462768	0.9301
1 1 9			1.08		3.31		79.08		0.31561	0.2216	37.1193146943	1.1702
2 4 12			1.08		4.4		67.62		0.31465	0.2205	63.4791913795	4.8908
4 6 2			1.12		5.51		58.04		0.31465	0.2349	67.657370766	5.5969
0 6 2			1.09		6.61		51.08		0.31462	0.2356	55.3895592761	6.1752
2 0 16			0.97		7.58		47.24		0.315	0.5935	67.2372591268	11.8907
0 2 12			1.07		8.65		42.62		0.31478	0.3827	50.6142203783	17.5707
3 7 1			1.06		9.71		38.95		0.31476	1.2822	71.5694631273	22.2453
0 2 18			1.08		10.78		35.73		0.31464	0.3755	76.3208597895	3.7538
7 3 1			1.07		11.85		33.16		0.31462	0.5095	71.5359286583	22.1332
0 0 12			0.61		12.46		36.17		0.3156	3.2426	47.0346015839	274.3783
0 2 14			1.02		13.48		34.06		0.31539	0.2479	58.6982494177	6.3292
0 0 16			1.05		14.53		31.94		0.31542	1.3342	64.286058028	116.6634
2 0 14			1.05		15.58		30.23		0.31525	0.2634	58.6945218607	7.3942
0 0 10			1.04		16.63		28.88		0.31554	0.8316	38.8438017949	41.7013
0 4 16			1.06		17.69		27.6		0.31568	1.5557	75.7704700384	94.8658
0 0 18			1.09		18.79		26.26		0.31552	0.6609	73.530655613	37.988
4 4 4			1.01		19.8		25.92		0.31539	0.8476	53.9354251327	76.9211
0 0 4			1.03		20.83		25.44		0.31529	0.8482	15.2869714585	59.1035
6 4 2			1.11		21.95		24.35		0.31529	0.2211	67.6401768609	4.8049
1 3 9			1.12		23.06		23.45		0.31512	0.2622	45.3040218183	7.1674
3 1 15			1.14		24.2		22.58		0.31523	0.2871	67.3554895111	7.7692
3 1 9			1.15		25.35		21.77		0.31514	0.36	45.2950695798	8.7768
1 3 15			1.16		26.51		21.03		0.31524	0.2862	67.3623786269	8.1809
0 6 12			1.12		27.63		20.83		0.3145	0.3425	75.0250979777	1.887
6 0 2			1.18		28.81		20.18		0.3145	0.2214	55.354768557	5.4487
3 3 15			1.2		30.01		19.52		0.31453	0.3402	73.0835579415	3.8877
3 5 9			1.21		31.22		18.91		0.31458	0.4755	65.0802252419	19.5165
0 6 0			1.2		32.42		18.52		0.31458	1.4277	54.7714555341	59.4019
2 0 10			1.24		33.66		17.96		0.31456	0.6169	42.9543880851	20.236
1 7 1			1.23		34.89		17.61		0.31454	0.5219	65.7901743415	26.2984
6 0 8			1.25		36.14		17.21		0.31456	2.9234	64.163237895	5.3359
9 1 1			1.27		37.41		16.77		0.31456	0.8793	87.9915459652	19.6393
0 2 0			1.1		38.51		17.6		0.31456	1.4407	17.6394681947	177.2483
7 1 1			1.24		39.75		17.28		0.31454	0.5207	65.7483230412	25.2044
0 2 20			1.27		41.02		16.85		0.31442	0.4494	86.0769303832	2.8517
4 2 12			1.25		42.27		16.61		0.31407	0.2244	63.468523569	4.7972
1 5 9			1.29		43.56		16.21		0.31406	0.4394	58.984264935	17.7365
5 1 9			1.3		44.86		15.82		0.31406	0.4583	58.9619928854	19.0838
0 6 6			1.31		46.17		15.46		0.31407	1.0147	60.183190367	40.9583
3 3 9			1.33		47.5		15.11		0.31405	0.3816	52.4524123761	12.0632
4 2 14			1.32		48.82		14.89		0.31413	1.2576	70.6282605877	19.9713
4 0 4			1.29		50.11		14.94		0.31404	1.2165	39.0343929222	79.1487
0 6 16			1.24		51.35		15.28		0.31423	0.4825	89.3859051251	7.6515
2 4 8			1.24		52.59		15.51		0.31429	0.1687	51.4325245866	2.4593