HKL Value		Reward		TotalReward	Chi Squared	Z Appr. 	Error	Two-Thetas	Sfs2
6 0 12			0.0		0.0		0.0		0.3	0.5892	74.995462768	0.9301
4 6 6			0.0		0.0		0.03		0.30541	1.1903	71.9781772466	41.9784
2 2 16			26.71		26.71		0.04		0.30596	1.1693	70.1293332912	108.6018
1 1 9			19.51		46.22		0.07		0.30613	0.2216	37.1193146943	1.1702
2 4 12			11.21		57.43		0.19		0.30676	0.2205	63.4791913795	4.8908
4 6 2			11.12		68.55		0.2		0.3067	0.2349	67.657370766	5.5969
0 6 2			6.95		75.5		0.49		0.30662	0.2356	55.3895592761	6.1752
0 4 20			2.79		78.28		2.27		0.31069	1.027	94.1654323607	18.6345
2 0 16			2.06		80.34		4.11		0.31024	0.5935	67.2372591268	11.8907
3 7 1			2.6		82.94		3.87		0.31022	1.2822	71.5694631273	22.2453
0 2 18			2.72		85.66		3.56		0.31031	0.3755	76.3208597895	3.7538
0 2 14			2.86		88.52		3.24		0.31029	0.2479	58.6982494177	6.3292
7 3 1			2.86		91.38		3.13		0.31026	0.5095	71.5359286583	22.1332
0 0 16			2.98		94.36		2.92		0.3102	1.3342	64.286058028	116.6634
2 0 14			3.09		97.45		2.71		0.31025	0.2634	58.6945218607	7.3942
0 4 16			2.9		100.35		2.88		0.31001	1.5557	75.7704700384	94.8658
0 0 18			2.92		103.27		2.91		0.31034	0.6609	73.530655613	37.988
4 4 4			2.48		105.76		3.58		0.31006	0.8476	53.9354251327	76.9211