HKL Value		Reward		TotalReward	Chi Squared	Z Appr. 	Error	Two-Thetas	Sfs2
2 2 16			0.0		0.0		0.0		0.3	1.1693	70.1293332912	108.6018
4 6 6			0.0		0.0		0.07		0.30596	1.1903	71.9781772466	41.9784
6 0 12			26.8		26.8		0.04		0.30596	0.5892	74.995462768	0.9301
1 1 9			19.51		46.31		0.07		0.30613	0.2216	37.1193146943	1.1702
2 4 12			11.21		57.53		0.19		0.30676	0.2205	63.4791913795	4.8908
4 6 2			11.12		68.65		0.2		0.3067	0.2349	67.657370766	5.5969
0 6 2			6.95		75.59		0.49		0.30662	0.2356	55.3895592761	6.1752
2 0 16			4.73		80.32		1.01		0.30381	0.5935	67.2372591268	11.8907
3 7 1			4.81		85.13		1.07		0.30374	1.2822	71.5694631273	22.2453
0 2 18			4.76		89.88		1.1		0.30366	0.3755	76.3208597895	3.7538
4 4 6			0.06		89.94		21.0		0.30739	4.3817	57.0116572758	400.3855
7 3 1			1.32		91.26		19.24		0.3073	0.5095	71.5359286583	22.1332
0 2 14			1.35		92.62		17.7		0.30797	0.2479	58.6982494177	6.3292
0 0 16			1.39		94.01		16.34		0.30792	1.3342	64.286058028	116.6634
4 0 6			0.05		94.06		35.23		0.31066	5.3963	42.900258124	488.2208
2 0 14			1.06		95.11		32.88		0.31069	0.2634	58.6945218607	7.3942
0 4 16			1.03		96.15		31.17		0.31022	1.5557	75.7704700384	94.8658
0 0 18			1.06		97.21		29.5		0.31098	0.6609	73.530655613	37.988
4 4 4			1.0		98.21		28.68		0.31034	0.8476	53.9354251327	76.9211
0 0 4			1.03		99.24		27.75		0.3097	0.8482	15.2869714585	59.1035
6 4 2			1.1		100.34		26.37		0.30968	0.2211	67.6401768609	4.8049
1 3 9			1.11		101.45		25.12		0.30972	0.2622	45.3040218183	7.1674
3 1 15			1.11		102.55		24.17		0.30971	0.2871	67.3554895111	7.7692
6 0 2			1.13		103.68		23.19		0.30966	0.2214	55.354768557	5.4487
3 1 9			1.15		104.84		22.23		0.30986	0.36	45.2950695798	8.7768
0 2 12			1.16		106.0		21.39		0.3104	0.3827	50.6142203783	17.5707
4 2 0			1.12		107.12		21.06		0.3104	0.9287	40.0811891304	86.5118
0 6 12			1.18		108.31		20.31		0.30991	0.3425	75.0250979777	1.887
3 3 15			1.2		109.5		19.65		0.30993	0.3402	73.0835579415	3.8877
3 5 9			1.2		110.7		19.09		0.31035	0.4755	65.0802252419	19.5165
6 2 8			0.53		111.23		24.75		0.31029	3.3751	67.1207225085	222.106
6 0 8			1.08		112.32		24.06		0.31022	2.9234	64.163237895	5.3359
0 6 0			1.08		113.4		23.51		0.31022	1.4277	54.7714555341	59.4019
2 0 10			1.11		114.51		22.81		0.31039	0.6169	42.9543880851	20.236
1 7 1			1.11		115.62		22.31		0.31034	0.5219	65.7901743415	26.2984
9 1 1			1.13		116.75		21.7		0.31032	0.8793	87.9915459652	19.6393
7 1 1			1.13		117.88		21.24		0.31027	0.5207	65.7483230412	25.2044
4 2 12			1.16		119.04		20.67		0.31007	0.2244	63.468523569	4.7972
0 2 20			1.17		120.21		20.16		0.31012	0.4494	86.0769303832	2.8517
1 5 9			1.18		121.38		19.66		0.31033	0.4394	58.984264935	17.7365
5 1 9			1.19		122.57		19.2		0.31056	0.4583	58.9619928854	19.0838
0 6 6			1.2		123.78		18.75		0.31066	1.0147	60.183190367	40.9583
3 3 9			1.21		124.99		18.31		0.31077	0.3816	52.4524123761	12.0632
4 2 14			1.2		126.19		18.09		0.31108	1.2576	70.6282605877	19.9713
0 6 16			1.14		127.33		18.38		0.31031	0.4825	89.3859051251	7.6515
2 4 8			1.14		128.47		18.54		0.30983	0.1687	51.4325245866	2.4593
5 5 1			1.21		129.68		18.17		0.30977	0.5073	65.769247456	23.9531
2 4 10			1.2		130.88		17.97		0.31093	0.607	57.0555982332	12.0937
0 2 16			1.2		132.08		17.85		0.31023	1.8687	67.2407114996	13.8307
6 4 0			1.24		133.32		17.49		0.31023	1.8287	67.0910631577	58.6803
2 6 4			1.21		134.53		17.38		0.30914	0.8772	60.3635846112	78.02
4 2 2			1.24		135.76		17.12		0.30898	0.457	40.8620305525	12.2524
0 6 8			1.25		137.01		16.84		0.30865	0.7694	64.1950429677	5.6946
4 6 0			1.27		138.28		16.53		0.30865	0.7863	67.1083315067	59.4729
2 4 2			1.26		139.54		16.32		0.30848	0.3828	40.8766170199	13.2501
2 4 14			1.25		140.79		16.21		0.30998	0.5221	70.6383718296	19.4111
6 2 4			1.25		142.05		16.12		0.30864	0.8727	60.3342977717	77.9073
5 3 1			1.27		143.32		15.97		0.30838	0.5252	53.2386121167	32.835
2 0 12			1.29		144.61		15.72		0.30968	0.8079	50.6101057273	16.6151
2 0 2			1.26		145.86		15.75		0.30952	0.6502	19.2320929378	35.9547
4 0 12			1.18		147.05		16.26		0.31196	2.7435	60.4154589103	161.2613
0 4 18			1.28		148.32		16.01		0.31173	0.8369	84.5238780681	17.4513
5 1 1			1.27		149.6		15.85		0.3117	0.5346	46.1701152	26.7419
3 3 1			1.28		150.87		15.72		0.31167	0.5106	38.1558496662	33.1617
3 5 1			1.28		152.16		15.58		0.31163	0.5283	53.2544885252	31.9012
2 4 6			1.29		153.45		15.41		0.31178	0.785	46.7364348384	64.2552
6 0 0			1.3		154.75		15.24		0.31178	0.7256	54.7363985401	55.434
1 1 15			1.28		156.03		15.22		0.31178	0.656	61.3839959686	20.6242
6 0 6			1.32		157.35		15.0		0.31183	1.0815	60.1501886982	39.9969
6 4 6			1.32		158.67		14.82		0.31169	0.9247	71.9614498967	41.9809
0 6 18			1.33		160.01		14.61		0.31172	0.7949	98.0280769063	1.8601
0 4 20			1.34		161.34		14.42		0.31215	1.027	94.1654323607	18.6345
4 2 6			1.34		162.69		14.26		0.31224	1.6049	46.7233273538	62.1975
4 2 10			1.34		164.03		14.16		0.31251	1.1102	57.0442200735	11.3144
4 0 4			1.33		165.35		14.18		0.31239	1.2165	39.0343929222	79.1487
5 3 9			1.35		166.71		14.02		0.31248	0.4833	65.0662013285	20.8409
1 1 3			1.34		168.04		14.02		0.3125	0.4514	16.9416048235	36.8187
4 6 4			1.31		169.36		14.15		0.3125	1.0731	69.291881243	33.3045
7 3 5			1.22		170.58		14.79		0.31254	1.0496	74.7140851895	88.0788