HKL Value		Reward		TotalReward	Chi Squared	Z Appr. 	Error	Two-Thetas	Sfs2
4 6 6			0.0		0.0		0.0		0.3	1.1903	71.9781772466	41.9784
2 2 16			0.0		0.0		0.07		0.30596	1.1693	70.1293332912	108.6018
6 0 12			26.8		26.8		0.04		0.30596	0.5892	74.995462768	0.9301
1 1 9			19.51		46.31		0.07		0.30613	0.2216	37.1193146943	1.1702
2 4 12			11.21		57.53		0.19		0.30676	0.2205	63.4791913795	4.8908
4 6 2			11.12		68.65		0.2		0.3067	0.2349	67.657370766	5.5969
0 6 2			6.95		75.59		0.49		0.30662	0.2356	55.3895592761	6.1752
2 0 16			4.73		80.32		1.01		0.30381	0.5935	67.2372591268	11.8907
1 7 1			3.91		84.23		1.5		0.3037	0.5219	65.7901743415	26.2984
3 7 1			4.09		88.32		1.49		0.30363	1.2822	71.5694631273	22.2453
0 2 18			4.12		92.44		1.48		0.30355	0.3755	76.3208597895	3.7538
0 2 14			3.9		96.34		1.61		0.30394	0.2479	58.6982494177	6.3292
7 3 1			3.97		100.31		1.59		0.30386	0.5095	71.5359286583	22.1332
0 0 16			3.97		104.28		1.59		0.30495	1.3342	64.286058028	116.6634
2 0 14			3.83		108.11		1.68		0.30546	0.2634	58.6945218607	7.3942
0 4 16			3.99		112.1		1.59		0.305	1.5557	75.7704700384	94.8658
4 0 4			3.34		115.44		2.06		0.30452	1.2165	39.0343929222	79.1487
0 0 18			3.24		118.68		2.28		0.3043	0.6609	73.530655613	37.988
4 4 4			2.96		121.64		2.66		0.30378	0.8476	53.9354251327	76.9211