HKL Value		Reward		TotalReward	Chi Squared	Z Appr. 	Error	Two-Thetas	Sfs2
3 3 9			0.0		0.0		0.0		0.3	0.3816	52.4524123761	12.0632
0 2 12			0.0		0.0		0.01		0.31288	0.3827	50.6142203783	17.5707
1 1 13			-1.0		-1.0		23.88		0.32153	0.3722	52.9310122384	10.9703
6 4 0			0.5		-0.5		15.92		0.32153	1.8287	67.0910631577	58.6803
4 6 0			0.33		-0.17		11.95		0.32153	0.7863	67.1083315067	59.4729
6 0 6			0.23		0.07		9.69		0.32142	1.0815	60.1501886982	39.9969
0 6 6			0.19		0.25		8.15		0.32133	1.0147	60.183190367	40.9583
6 4 2			0.15		0.41		7.08		0.32129	0.2211	67.6401768609	4.8049
3 7 5			-0.49		-0.08		13.87		0.32167	1.0548	74.7470539899	89.5814
4 6 2			0.11		0.03		12.44		0.32162	0.2349	67.657370766	5.5969
5 3 9			0.11		0.14		11.25		0.32141	0.4833	65.0662013285	20.8409
0 0 20			0.09		0.22		10.37		0.32127	0.4542	83.3712939521	4.3689
9 1 1			0.07		0.3		9.66		0.32122	0.8793	87.9915459652	19.6393
0 6 2			0.06		0.35		9.12		0.32119	0.2356	55.3895592761	6.1752
1 1 11			-0.71		-0.35		31.23		0.3217	2.144	44.8525636461	378.5934
3 5 9			0.07		-0.28		29.22		0.32135	0.4755	65.0802252419	19.5165
6 0 2			0.06		-0.22		27.54		0.32132	0.2214	55.354768557	5.4487
2 2 16			0.06		-0.16		25.97		0.32074	1.1693	70.1293332912	108.6018
2 2 10			0.06		-0.1		24.53		0.32077	0.6429	46.7739448495	44.8949
0 4 10			0.06		-0.05		23.25		0.32087	0.9893	53.7871001638	44.1425
2 4 10			0.05		0.0		22.1		0.32074	0.607	57.0555982332	12.0937
6 0 8			0.05		0.05		21.12		0.32086	2.9234	64.163237895	5.3359
0 4 16			0.05		0.1		20.16		0.3209	1.5557	75.7704700384	94.8658
1 5 9			0.03		0.13		19.51		0.32051	0.4394	58.984264935	17.7365
6 0 10			0.04		0.17		18.71		0.32058	1.0728	69.1331306246	8.9056
2 0 14			0.02		0.2		18.26		0.32049	0.2634	58.6945218607	7.3942
0 4 20			0.02		0.22		17.89		0.32019	1.027	94.1654323607	18.6345
5 1 9			0.03		0.25		17.35		0.31986	0.4583	58.9619928854	19.0838
2 6 10			0.04		0.29		16.74		0.32	0.7069	72.0169435829	44.7171
4 2 10			0.04		0.32		16.17		0.31998	1.1102	57.0442200735	11.3144
2 0 10			0.03		0.35		15.74		0.31973	0.6169	42.9543880851	20.236
4 4 10			0.03		0.38		15.23		0.31976	0.6886	66.23802526	47.6672
3 7 1			0.03		0.41		14.84		0.31975	1.2822	71.5694631273	22.2453
0 2 10			0.02		0.43		14.5		0.31951	0.4317	42.9590557724	21.0204
0 2 16			0.02		0.46		14.16		0.31988	1.8687	67.2407114996	13.8307
0 0 16			0.03		0.48		13.78		0.31972	1.3342	64.286058028	116.6634
2 0 16			0.02		0.5		13.51		0.32013	0.5935	67.2372591268	11.8907
5 5 1			0.02		0.53		13.21		0.32012	0.5073	65.769247456	23.9531
0 6 8			0.02		0.55		12.9		0.32017	0.7694	64.1950429677	5.6946
4 0 10			0.03		0.58		12.58		0.32023	0.6243	53.7713327333	45.2096
6 2 6			-0.19		0.38		15.59		0.32051	3.9921	63.2107357729	344.5633
0 0 10			0.02		0.41		15.21		0.32055	0.8316	38.8438017949	41.7013
0 4 4			-0.01		0.4		15.39		0.32041	0.8482	39.0545896029	78.0016
4 2 14			0.02		0.42		15.09		0.32042	1.2576	70.6282605877	19.9713
0 6 0			0.01		0.43		14.89		0.32042	1.4277	54.7714555341	59.4019
0 6 10			0.02		0.45		14.57		0.32047	0.8527	69.1637693973	8.5049
6 2 10			0.02		0.47		14.25		0.32052	0.7103	71.9901825081	43.9921
3 1 9			0.01		0.48		14.12		0.32028	0.36	45.2950695798	8.7768
2 4 14			0.02		0.5		13.87		0.32029	0.5221	70.6383718296	19.4111
5 1 1			0.01		0.51		13.74		0.32028	0.5346	46.1701152	26.7419
3 3 15			0.01		0.52		13.61		0.31976	0.3402	73.0835579415	3.8877
7 3 1			0.02		0.54		13.39		0.31975	0.5095	71.5359286583	22.1332
1 3 15			0.02		0.55		13.14		0.31968	0.2862	67.3623786269	8.1809
6 0 0			0.01		0.57		12.98		0.31968	0.7256	54.7363985401	55.434
3 1 15			0.02		0.59		12.75		0.3196	0.2871	67.3554895111	7.7692
0 2 14			0.0		0.59		12.69		0.31952	0.2479	58.6982494177	6.3292
4 6 6			0.01		0.6		12.6		0.31943	1.1903	71.9781772466	41.9784
4 4 12			0.02		0.61		12.4		0.31953	1.9475	72.2035773977	130.2426
0 0 22			0.01		0.63		12.23		0.31948	2.2765	94.0325860765	137.6091
3 1 5			-0.16		0.47		14.51		0.31954	2.8985	34.1781376955	186.2389
1 1 9			-0.0		0.47		14.56		0.31918	0.2216	37.1193146943	1.1702
2 4 6			0.02		0.48		14.34		0.3192	0.785	46.7364348384	64.2552
1 3 9			0.01		0.49		14.26		0.31899	0.2622	45.3040218183	7.1674
2 0 12			0.0		0.49		14.21		0.31863	0.8079	50.6101057273	16.6151
7 1 3			-0.01		0.48		14.37		0.31865	1.4031	66.8553232335	91.2915
5 3 1			0.01		0.49		14.29		0.31864	0.5252	53.2386121167	32.835
1 7 1			0.01		0.49		14.17		0.31863	0.5219	65.7901743415	26.2984
4 2 6			0.01		0.51		13.97		0.31865	1.6049	46.7233273538	62.1975
0 2 20			-0.0		0.5		14.02		0.31795	0.4494	86.0769303832	2.8517
1 1 15			0.01		0.51		13.94		0.31807	0.656	61.3839959686	20.6242
0 6 14			0.0		0.51		13.88		0.31812	0.9096	81.7552219026	27.2955
6 4 6			0.01		0.52		13.78		0.31805	0.9247	71.9614498967	41.9809
2 6 2			-0.08		0.44		15.01		0.31808	1.2892	58.5985395934	134.3564
0 2 18			0.01		0.45		14.92		0.31764	0.3755	76.3208597895	3.7538
0 6 18			0.01		0.45		14.81		0.31733	0.7949	98.0280769063	1.8601
0 0 18			0.01		0.46		14.67		0.31713	0.6609	73.530655613	37.988
3 3 1			0.01		0.47		14.58		0.31712	0.5106	38.1558496662	33.1617
3 5 1			0.01		0.48		14.49		0.31711	0.5283	53.2544885252	31.9012
1 5 1			0.01		0.48		14.4		0.31711	0.4978	46.196563203	27.3004
2 4 2			0.01		0.49		14.3		0.3171	0.3828	40.8766170199	13.2501
1 1 1			-0.0		0.49		14.33		0.31709	0.5749	13.0194761966	56.7652
2 4 0			0.0		0.49		14.32		0.31709	1.4359	40.0960076051	88.2765
7 1 1			0.01		0.49		14.22		0.31708	0.5207	65.7483230412	25.2044
0 6 16			-0.01		0.49		14.3		0.31731	0.4825	89.3859051251	7.6515
0 4 18			-0.01		0.48		14.4		0.3168	0.8369	84.5238780681	17.4513
0 0 4			-0.0		0.48		14.43		0.31675	0.8482	15.2869714585	59.1035