HKL Value		Reward		TotalReward	Chi Squared	Z Appr. 	Error	Two-Thetas	Sfs2
2 2 16			0.0		0.0		0.0		0.3	1.1693	70.1293332912	108.6018
3 3 9			0.0		0.0		1.52		0.31534	0.3816	52.4524123761	12.0632
0 2 12			0.76		0.76		0.87		0.31307	0.3827	50.6142203783	17.5707
6 0 6			0.41		1.17		0.61		0.31331	1.0815	60.1501886982	39.9969
3 5 9			-0.13		1.04		0.71		0.31416	0.4755	65.0802252419	19.5165
4 6 0			0.23		1.27		0.57		0.31416	0.7863	67.1083315067	59.4729
0 6 6			0.16		1.43		0.49		0.31428	1.0147	60.183190367	40.9583
2 2 8			-0.98		0.45		27.27		0.31436	1.8488	40.1384116224	216.1995
9 1 1			0.13		0.59		24.03		0.31427	0.8793	87.9915459652	19.6393
0 0 20			0.12		0.7		21.52		0.31562	0.4542	83.3712939521	4.3689
6 0 2			0.1		0.8		19.56		0.3156	0.2214	55.354768557	5.4487
6 4 0			0.1		0.9		17.79		0.3156	1.8287	67.0910631577	58.6803
0 2 10			0.09		0.99		16.36		0.31541	0.4317	42.9590557724	21.0204
0 6 2			0.07		1.06		15.28		0.31539	0.2356	55.3895592761	6.1752
6 4 4			-0.04		1.02		15.96		0.31537	0.6669	69.2748711385	33.991
4 0 0			-0.66		0.36		46.63		0.31537	8.3901	35.6934066618	787.9925
6 0 8			0.06		0.42		43.91		0.31545	2.9234	64.163237895	5.3359
2 2 10			0.06		0.48		41.58		0.31613	0.6429	46.7739448495	44.8949
5 3 9			0.06		0.54		39.29		0.31626	0.4833	65.0662013285	20.8409
4 4 12			0.05		0.58		37.48		0.31705	1.9475	72.2035773977	130.2426
0 4 16			0.05		0.63		35.75		0.31751	1.5557	75.7704700384	94.8658
1 5 1			0.04		0.67		34.39		0.31746	0.4978	46.196563203	27.3004
6 0 10			0.04		0.72		32.92		0.3179	1.0728	69.1331306246	8.9056
0 0 10			0.04		0.76		31.57		0.31828	0.8316	38.8438017949	41.7013
0 4 10			0.04		0.8		30.32		0.3186	0.9893	53.7871001638	44.1425
2 0 16			0.03		0.83		29.37		0.31931	0.5935	67.2372591268	11.8907
4 6 2			0.04		0.87		28.27		0.31929	0.2349	67.657370766	5.5969
6 4 2			0.04		0.91		27.25		0.31928	0.2211	67.6401768609	4.8049
2 4 2			0.03		0.94		26.5		0.31925	0.3828	40.8766170199	13.2501
5 3 3			-0.01		0.93		26.68		0.31931	0.9351	54.4936931553	89.9375
1 5 9			0.03		0.96		25.91		0.31902	0.4394	58.984264935	17.7365
4 2 10			0.03		1.0		25.07		0.31904	1.1102	57.0442200735	11.3144
2 0 14			0.02		1.02		24.49		0.31884	0.2634	58.6945218607	7.3942
3 7 1			0.03		1.05		23.83		0.31882	1.2822	71.5694631273	22.2453
0 2 16			0.03		1.07		23.24		0.31928	1.8687	67.2407114996	13.8307
1 5 7			-0.01		1.06		23.53		0.32054	0.6035	54.1236034243	4.2528
4 2 14			0.03		1.09		22.94		0.32056	1.2576	70.6282605877	19.9713
1 3 3			0.0		1.09		22.86		0.32059	0.7045	30.3940112777	66.1614
4 4 8			-0.16		0.93		27.17		0.32068	3.9407	61.1479986878	218.5721
4 0 10			0.03		0.96		26.47		0.32071	0.6243	53.7713327333	45.2096
2 0 10			0.02		0.98		25.92		0.32053	0.6169	42.9543880851	20.236
2 4 6			0.02		1.0		25.3		0.32055	0.785	46.7364348384	64.2552
4 4 10			0.02		1.03		24.7		0.32054	0.6886	66.23802526	47.6672
2 2 6			-0.22		0.81		31.7		0.32092	8.3224	34.2684003079	615.2447
2 4 10			0.02		0.83		30.99		0.32086	0.607	57.0555982332	12.0937
0 6 8			0.02		0.85		30.32		0.32091	0.7694	64.1950429677	5.6946
0 0 16			0.02		0.87		29.7		0.32071	1.3342	64.286058028	116.6634
5 3 5			-0.05		0.82		31.23		0.3208	2.2247	56.9473208346	134.0256
0 6 16			0.02		0.84		30.71		0.32125	0.4825	89.3859051251	7.6515
0 6 18			-0.0		0.84		30.77		0.3195	0.7949	98.0280769063	1.8601
0 6 0			0.02		0.85		30.29		0.3195	1.4277	54.7714555341	59.4019
6 2 10			0.02		0.87		29.71		0.31957	0.7103	71.9901825081	43.9921
4 0 4			0.0		0.88		29.57		0.31948	1.2165	39.0343929222	79.1487
0 6 10			0.02		0.9		29.03		0.31953	0.8527	69.1637693973	8.5049
1 3 11			-0.13		0.77		33.19		0.31955	2.4293	52.0561920156	298.4303
5 1 9			0.02		0.79		32.64		0.31947	0.4583	58.9619928854	19.0838
6 0 0			0.02		0.8		32.14		0.31947	0.7256	54.7363985401	55.434
5 5 1			0.02		0.82		31.62		0.31947	0.5073	65.769247456	23.9531
0 0 2			-0.03		0.79		32.46		0.31947	1.161	7.62646333295	98.931
3 1 15			0.02		0.81		31.92		0.31942	0.2871	67.3554895111	7.7692
4 2 6			0.02		0.83		31.4		0.31944	1.6049	46.7233273538	62.1975
4 6 6			0.01		0.84		31.01		0.31937	1.1903	71.9781772466	41.9784
0 2 18			0.01		0.85		30.79		0.31867	0.3755	76.3208597895	3.7538
1 3 15			0.02		0.86		30.31		0.31867	0.2862	67.3623786269	8.1809
5 3 1			0.01		0.87		29.97		0.31867	0.5252	53.2386121167	32.835
5 3 7			-0.0		0.87		30.04		0.31901	0.2523	60.5057581853	5.4388
1 7 1			0.01		0.88		29.68		0.31901	0.5219	65.7901743415	26.2984
3 1 9			0.01		0.9		29.33		0.31891	0.36	45.2950695798	8.7768
2 4 14			0.01		0.91		28.93		0.31893	0.5221	70.6383718296	19.4111
1 3 9			0.01		0.92		28.64		0.31881	0.2622	45.3040218183	7.1674
4 0 12			0.01		0.93		28.45		0.31898	2.7435	60.4154589103	161.2613
5 1 1			0.01		0.94		28.15		0.31898	0.5346	46.1701152	26.7419
1 1 1			0.01		0.94		28.0		0.31896	0.5749	13.0194761966	56.7652
7 3 1			0.01		0.96		27.65		0.31896	0.5095	71.5359286583	22.1332
3 3 15			0.01		0.97		27.32		0.31881	0.3402	73.0835579415	3.8877
0 2 4			-0.03		0.94		28.18		0.31882	1.326	23.4223631322	110.0283
0 2 8			-0.03		0.91		28.98		0.31907	0.1155	35.7619852008	1.7384
1 1 9			0.01		0.92		28.81		0.31888	0.2216	37.1193146943	1.1702
0 2 14			0.01		0.92		28.56		0.31882	0.2479	58.6982494177	6.3292
1 1 15			0.01		0.93		28.29		0.31891	0.656	61.3839959686	20.6242
6 4 6			0.01		0.94		28.03		0.31886	0.9247	71.9614498967	41.9809
0 0 18			0.01		0.95		27.82		0.31853	0.6609	73.530655613	37.988
5 1 13			-0.01		0.94		27.99		0.31897	0.4567	71.2764535317	11.3258
3 1 3			0.0		0.95		27.9		0.31898	1.2003	30.3814370344	67.5761
0 6 14			0.01		0.96		27.68		0.319	0.9096	81.7552219026	27.2955
3 5 1			0.01		0.96		27.45		0.31899	0.5283	53.2544885252	31.9012
0 0 22			0.01		0.97		27.16		0.31898	2.2765	94.0325860765	137.6091
4 2 0			0.01		0.98		26.99		0.31898	0.9287	40.0811891304	86.5118
1 7 7			0.0		0.98		26.97		0.31918	0.4353	72.3061031614	6.1143
0 2 20			0.0		0.98		26.92		0.31878	0.4494	86.0769303832	2.8517
2 4 0			0.01		0.99		26.78		0.31878	1.4359	40.0960076051	88.2765
6 2 4			0.0		0.99		26.71		0.31874	0.8727	60.3342977717	77.9073
0 0 4			0.0		0.99		26.62		0.3187	0.8482	15.2869714585	59.1035
3 3 1			0.01		1.0		26.42		0.3187	0.5106	38.1558496662	33.1617
1 5 3			0.0		1.0		26.35		0.3187	0.9511	47.585042181	85.8034
3 1 7			-0.01		1.0		26.5		0.31897	0.257	39.2655360855	5.205
4 0 8			-0.07		0.93		28.4		0.31899	2.9483	47.8850437629	244.3799
0 4 4			0.0		0.94		28.32		0.31895	0.8482	39.0545896029	78.0016
0 2 2			0.0		0.94		28.24		0.31895	0.4614	19.2417464495	36.8131
7 3 3			0.0		0.94		28.13		0.31895	1.9283	72.601334037	69.5466
0 4 20			0.01		0.95		27.92		0.31889	1.027	94.1654323607	18.6345
0 2 6			0.0		0.95		27.81		0.31893	1.1672	29.1471999487	131.5155