HKL Value		Reward		TotalReward	Chi Squared	Z Appr. 	Error	Two-Thetas	Sfs2
0 0 6			0.0		0.0		0.0		0.3	7.4326	23.0169618987	709.6598
2 2 16			0.0		0.0		351.19		0.32285	1.1693	70.1293332912	108.6018
3 3 9			0.96		0.96		179.1		0.32101	0.3816	52.4524123761	12.0632
0 0 4			0.42		1.38		125.97		0.31993	0.8482	15.2869714585	59.1035
2 0 16			0.32		1.71		95.09		0.32158	0.5935	67.2372591268	11.8907
1 1 1			0.19		1.9		79.6		0.32144	0.5749	13.0194761966	56.7652
3 1 7			0.14		2.04		69.71		0.32388	0.257	39.2655360855	5.205
0 0 20			0.16		2.21		60.02		0.32386	0.4542	83.3712939521	4.3689
1 7 7			0.12		2.33		53.47		0.32498	0.4353	72.3061031614	6.1143
6 0 2			0.12		2.45		47.8		0.32496	0.2214	55.354768557	5.4487
2 2 10			0.11		2.55		43.21		0.32447	0.6429	46.7739448495	44.8949
4 6 4			0.04		2.6		41.44		0.32455	1.0731	69.291881243	33.3045
0 6 16			0.09		2.69		37.99		0.3247	0.4825	89.3859051251	7.6515
6 4 6			0.06		2.74		35.95		0.32446	0.9247	71.9614498967	41.9809
4 0 2			-0.12		2.62		40.88		0.32458	1.7854	36.5531212028	138.5255
4 6 6			0.05		2.67		38.91		0.32433	1.1903	71.9781772466	41.9784
5 1 1			0.05		2.73		36.96		0.32429	0.5346	46.1701152	26.7419
3 1 3			0.03		2.75		35.99		0.32434	1.2003	30.3814370344	67.5761
2 4 6			0.06		2.81		34.0		0.32437	0.785	46.7364348384	64.2552
6 0 6			0.05		2.86		32.27		0.3243	1.0815	60.1501886982	39.9969
2 0 8			-0.03		2.83		33.43		0.32726	0.1665	35.7565424018	1.5727
1 1 13			0.05		2.88		31.86		0.32777	0.3722	52.9310122384	10.9703
5 1 13			0.05		2.93		30.43		0.32806	0.4567	71.2764535317	11.3258
6 2 6			-0.12		2.81		34.49		0.32839	3.9921	63.2107357729	344.5633
5 3 3			0.0		2.81		34.32		0.32843	0.9351	54.4936931553	89.9375
1 5 5			-0.07		2.75		36.72		0.32889	1.8923	50.2743192378	127.3636
2 2 4			0.01		2.75		36.54		0.32839	0.7551	29.4672289371	73.6026
7 1 5			-0.03		2.72		37.72		0.32883	1.5264	69.0427278305	98.726
0 4 10			0.03		2.75		36.57		0.32808	0.9893	53.7871001638	44.1425
0 6 12			-0.11		2.64		41.16		0.32329	0.3425	75.0250979777	1.887
1 3 3			0.02		2.66		40.44		0.32331	0.7045	30.3940112777	66.1614
6 0 10			0.03		2.69		39.14		0.32325	1.0728	69.1331306246	8.9056
4 6 0			0.03		2.72		37.92		0.32325	0.7863	67.1083315067	59.4729
4 0 4			0.01		2.73		37.56		0.3231	1.2165	39.0343929222	79.1487
0 6 6			0.03		2.76		36.48		0.32307	1.0147	60.183190367	40.9583
6 0 8			0.03		2.79		35.46		0.32312	2.9234	64.163237895	5.3359
7 3 5			-0.02		2.77		36.12		0.32322	1.0496	74.7140851895	88.0788
1 5 9			0.02		2.8		35.37		0.32299	0.4394	58.984264935	17.7365
1 1 15			0.03		2.82		34.48		0.32314	0.656	61.3839959686	20.6242
5 5 5			-0.03		2.8		35.4		0.32325	1.5862	69.0631626084	104.8873
2 0 10			0.02		2.82		34.69		0.3231	0.6169	42.9543880851	20.236
4 6 2			0.02		2.84		33.87		0.32308	0.2349	67.657370766	5.5969
5 3 9			0.02		2.86		33.09		0.32302	0.4833	65.0662013285	20.8409
0 6 2			0.02		2.89		32.39		0.32301	0.2356	55.3895592761	6.1752
1 5 3			0.01		2.89		32.09		0.32303	0.9511	47.585042181	85.8034
0 0 14			-0.02		2.88		32.68		0.32301	0.8389	55.4890953336	74.9432
3 7 1			0.02		2.9		32.04		0.32299	1.2822	71.5694631273	22.2453
0 2 20			-0.02		2.88		32.54		0.32175	0.4494	86.0769303832	2.8517
1 1 9			0.0		2.89		32.4		0.32109	0.2216	37.1193146943	1.1702
6 0 0			0.02		2.9		31.83		0.32109	0.7256	54.7363985401	55.434
3 3 3			0.01		2.91		31.6		0.32111	0.8081	39.7679129272	70.9373
0 2 14			0.01		2.92		31.18		0.32109	0.2479	58.6982494177	6.3292
2 4 14			0.02		2.94		30.63		0.32109	0.5221	70.6383718296	19.4111
6 2 4			0.01		2.95		30.47		0.32095	0.8727	60.3342977717	77.9073
3 1 5			-0.07		2.88		32.61		0.32105	2.8985	34.1781376955	186.2389
6 0 4			0.0		2.88		32.6		0.32105	0.7069	57.1830782131	42.6751
2 6 0			-0.12		2.76		36.94		0.32105	4.3567	58.0028534629	558.9791
6 0 12			-0.03		2.73		38.12		0.31849	0.5892	74.995462768	0.9301
6 4 2			0.02		2.75		37.48		0.31849	0.2211	67.6401768609	4.8049
5 1 9			0.02		2.77		36.87		0.31841	0.4583	58.9619928854	19.0838
3 1 1			0.01		2.78		36.47		0.3184	0.5239	28.3131072915	41.7464
2 0 14			0.01		2.79		35.97		0.31832	0.2634	58.6945218607	7.3942
0 6 0			0.01		2.81		35.5		0.31832	1.4277	54.7714555341	59.4019
4 0 14			-0.03		2.78		36.59		0.3183	1.986	67.7459682929	124.3248
0 6 10			0.02		2.79		36.04		0.31839	0.8527	69.1637693973	8.5049
6 4 0			0.02		2.81		35.49		0.31839	1.8287	67.0910631577	58.6803
1 3 9			0.01		2.82		35.07		0.31822	0.2622	45.3040218183	7.1674
3 1 15			0.02		2.83		34.54		0.31822	0.2871	67.3554895111	7.7692
3 3 7			-0.01		2.82		34.93		0.31894	0.1558	47.1418707618	3.5073
1 5 1			0.01		2.83		34.53		0.31894	0.4978	46.196563203	27.3004
3 3 15			0.01		2.85		34.08		0.31875	0.3402	73.0835579415	3.8877
4 0 12			0.01		2.86		33.82		0.31895	2.7435	60.4154589103	161.2613
3 1 13			-0.0		2.85		33.83		0.31949	0.3869	59.4126405656	11.7895
2 4 8			0.01		2.86		33.64		0.31961	0.1687	51.4325245866	2.4593
0 2 2			0.01		2.87		33.45		0.3196	0.4614	19.2417464495	36.8131
6 2 10			0.01		2.88		33.02		0.31964	0.7103	71.9901825081	43.9921
0 0 10			0.01		2.89		32.59		0.31968	0.8316	38.8438017949	41.7013
0 2 8			-0.02		2.87		33.27		0.32002	0.1155	35.7619852008	1.7384
2 4 2			0.01		2.88		32.92		0.32001	0.3828	40.8766170199	13.2501
0 2 10			0.01		2.89		32.56		0.31995	0.4317	42.9590557724	21.0204
3 5 3			0.0		2.89		32.53		0.31996	0.9259	54.5093201099	87.7589
4 4 10			0.01		2.91		32.13		0.31996	0.6886	66.23802526	47.6672
1 3 7			0.0		2.91		32.12		0.32032	0.1893	39.2755843192	5.3372
4 2 4			-0.01		2.9		32.34		0.32032	0.7624	43.1345383828	64.2766
1 1 5			-0.06		2.85		34.23		0.32038	1.9661	22.8949597146	247.5537
0 4 20			0.01		2.85		33.93		0.32032	1.027	94.1654323607	18.6345
7 1 1			0.01		2.86		33.61		0.32032	0.5207	65.7483230412	25.2044
4 0 10			0.01		2.88		33.22		0.32033	0.6243	53.7713327333	45.2096
0 6 8			0.01		2.89		32.86		0.32035	0.7694	64.1950429677	5.6946
0 4 6			-0.07		2.82		35.26		0.32048	3.7688	42.9189471786	481.9509
2 0 12			0.01		2.82		35.06		0.32018	0.8079	50.6101057273	16.6151
5 1 7			0.0		2.83		35.01		0.32051	0.2609	54.1000446603	4.252
6 4 4			0.0		2.83		34.9		0.32051	0.6669	69.2748711385	33.991
3 5 9			0.01		2.84		34.53		0.32049	0.4755	65.0802252419	19.5165
0 0 12			-0.0		2.84		34.66		0.32075	3.2426	47.0346015839	274.3783
0 4 4			0.0		2.84		34.54		0.32069	0.8482	39.0545896029	78.0016
7 3 1			0.01		2.85		34.21		0.32069	0.5095	71.5359286583	22.1332
1 5 7			0.0		2.85		34.14		0.32099	0.6035	54.1236034243	4.2528
0 2 4			-0.02		2.83		34.72		0.321	1.326	23.4223631322	110.0283
1 3 13			0.0		2.84		34.59		0.32136	0.3907	59.4200243294	11.5335
1 3 15			0.01		2.85		34.27		0.32127	0.2862	67.3623786269	8.1809
4 4 4			0.0		2.85		34.17		0.32121	0.8476	53.9354251327	76.9211