HKL Value		Reward		TotalReward	Chi Squared	Z Appr. 	Error	Two-Thetas	Sfs2
2 2 16			0.0		0.0		0.0		0.3	1.1693	70.1293332912	108.6018
3 3 9			0.0		0.0		1.52		0.31534	0.3816	52.4524123761	12.0632
2 0 16			-0.65		-0.65		4.37		0.32038	0.5935	67.2372591268	11.8907
6 0 8			0.26		-0.39		3.46		0.3207	2.9234	64.163237895	5.3359
0 6 2			0.06		-0.33		3.27		0.32066	0.2356	55.3895592761	6.1752
2 0 10			-0.03		-0.36		3.37		0.31977	0.6169	42.9543880851	20.236
2 2 10			0.19		-0.17		2.83		0.32003	0.6429	46.7739448495	44.8949
0 2 16			0.06		-0.11		2.66		0.3208	1.8687	67.2407114996	13.8307
6 0 2			0.02		-0.09		2.61		0.32078	0.2214	55.354768557	5.4487
0 6 16			-0.1		-0.18		2.89		0.32193	0.4825	89.3859051251	7.6515
3 5 9			0.06		-0.12		2.72		0.32176	0.4755	65.0802252419	19.5165
0 4 0			-0.94		-1.06		48.34		0.32176	6.137	35.7152072575	818.959
3 1 7			0.05		-1.02		46.11		0.32306	0.257	39.2655360855	5.205
0 0 4			0.04		-0.97		44.24		0.32281	0.8482	15.2869714585	59.1035
0 0 20			0.07		-0.9		41.2		0.32278	0.4542	83.3712939521	4.3689
1 7 7			0.05		-0.85		39.16		0.32351	0.4353	72.3061031614	6.1143
6 0 6			0.06		-0.78		36.78		0.32345	1.0815	60.1501886982	39.9969
2 0 14			0.05		-0.73		35.02		0.32366	0.2634	58.6945218607	7.3942
4 6 0			0.06		-0.67		33.07		0.32366	0.7863	67.1083315067	59.4729
1 1 1			0.02		-0.65		32.28		0.3236	0.5749	13.0194761966	56.7652
5 1 13			0.04		-0.61		31.05		0.32463	0.4567	71.2764535317	11.3258
0 4 16			0.04		-0.56		29.72		0.32416	1.5557	75.7704700384	94.8658
6 2 10			0.05		-0.52		28.4		0.32402	0.7103	71.9901825081	43.9921
1 3 1			0.02		-0.5		27.79		0.32398	0.5324	28.3265170018	42.1271
6 0 10			0.04		-0.45		26.65		0.3239	1.0728	69.1331306246	8.9056
0 4 10			0.04		-0.41		25.61		0.32378	0.9893	53.7871001638	44.1425
0 6 6			0.04		-0.37		24.66		0.32375	1.0147	60.183190367	40.9583
0 6 10			0.04		-0.34		23.76		0.32369	0.8527	69.1637693973	8.5049
0 6 14			0.02		-0.31		23.24		0.32363	0.9096	81.7552219026	27.2955
3 7 1			0.03		-0.28		22.54		0.32361	1.2822	71.5694631273	22.2453
2 4 6			0.03		-0.25		21.8		0.32363	0.785	46.7364348384	64.2552
5 3 9			0.03		-0.22		21.14		0.32354	0.4833	65.0662013285	20.8409
4 6 2			0.03		-0.19		20.52		0.32353	0.2349	67.657370766	5.5969
2 6 10			0.03		-0.16		19.91		0.32344	0.7069	72.0169435829	44.7171
3 7 5			-0.06		-0.21		21.1		0.32355	1.0548	74.7470539899	89.5814
1 1 15			0.03		-0.19		20.53		0.32367	0.656	61.3839959686	20.6242
6 4 2			0.03		-0.16		19.98		0.32367	0.2211	67.6401768609	4.8049
6 0 0			0.02		-0.14		19.56		0.32367	0.7256	54.7363985401	55.434
2 4 14			0.02		-0.11		19.11		0.32363	0.5221	70.6383718296	19.4111
6 4 6			0.01		-0.1		18.9		0.32352	0.9247	71.9614498967	41.9809
1 5 9			0.01		-0.09		18.65		0.3233	0.4394	58.984264935	17.7365
5 5 5			-0.06		-0.15		19.91		0.32341	1.5862	69.0631626084	104.8873
2 4 8			0.01		-0.14		19.74		0.32369	0.1687	51.4325245866	2.4593
4 6 4			-0.0		-0.15		19.83		0.32371	1.0731	69.291881243	33.3045
5 3 3			-0.01		-0.16		20.09		0.32374	0.9351	54.4936931553	89.9375
5 3 1			0.01		-0.15		19.85		0.32372	0.5252	53.2386121167	32.835
4 2 2			0.02		-0.13		19.55		0.3237	0.457	40.8620305525	12.2524
0 6 0			0.01		-0.12		19.27		0.3237	1.4277	54.7714555341	59.4019
5 1 9			0.01		-0.11		19.02		0.32351	0.4583	58.9619928854	19.0838
4 4 10			0.02		-0.09		18.67		0.32338	0.6886	66.23802526	47.6672
1 1 13			0.01		-0.08		18.48		0.32394	0.3722	52.9310122384	10.9703
0 2 14			0.01		-0.07		18.29		0.32408	0.2479	58.6982494177	6.3292
9 1 1			0.02		-0.05		17.98		0.32407	0.8793	87.9915459652	19.6393
2 4 2			0.01		-0.04		17.77		0.32406	0.3828	40.8766170199	13.2501
3 1 15			0.01		-0.03		17.63		0.32352	0.2871	67.3554895111	7.7692
1 3 11			-0.19		-0.22		21.89		0.32363	2.4293	52.0561920156	298.4303
4 6 6			0.01		-0.21		21.7		0.32354	1.1903	71.9781772466	41.9784
1 5 3			0.0		-0.21		21.65		0.32356	0.9511	47.585042181	85.8034
1 5 1			0.01		-0.2		21.42		0.32355	0.4978	46.196563203	27.3004
2 4 0			0.01		-0.2		21.29		0.32355	1.4359	40.0960076051	88.2765
1 5 13			0.01		-0.18		21.05		0.32394	1.1973	71.2966048402	12.6128
0 6 8			0.02		-0.17		20.71		0.32396	0.7694	64.1950429677	5.6946
3 1 13			0.01		-0.16		20.48		0.32433	0.3869	59.4126405656	11.7895
6 4 0			0.02		-0.14		20.15		0.32433	1.8287	67.0910631577	58.6803
0 2 10			0.01		-0.13		19.97		0.32422	0.4317	42.9590557724	21.0204
5 5 1			0.01		-0.12		19.71		0.32421	0.5073	65.769247456	23.9531
0 0 10			0.01		-0.1		19.42		0.32413	0.8316	38.8438017949	41.7013
0 2 8			-0.03		-0.13		20.01		0.32479	0.1155	35.7619852008	1.7384
5 1 1			0.01		-0.12		19.83		0.32477	0.5346	46.1701152	26.7419
4 2 10			0.01		-0.11		19.57		0.3247	1.1102	57.0442200735	11.3144
4 0 4			-0.01		-0.12		19.68		0.32459	1.2165	39.0343929222	79.1487
0 0 22			0.01		-0.11		19.58		0.32418	2.2765	94.0325860765	137.6091
4 2 14			0.01		-0.1		19.35		0.32415	1.2576	70.6282605877	19.9713
7 1 1			0.01		-0.09		19.17		0.32414	0.5207	65.7483230412	25.2044
0 0 16			0.01		-0.08		19.03		0.32386	1.3342	64.286058028	116.6634
2 4 10			0.01		-0.07		18.8		0.3238	0.607	57.0555982332	12.0937
1 3 15			0.01		-0.06		18.67		0.32349	0.2862	67.3623786269	8.1809
0 4 12			0.01		-0.05		18.5		0.32361	1.4889	60.4300914167	161.7651
3 5 1			0.01		-0.05		18.38		0.3236	0.5283	53.2544885252	31.9012
4 2 6			0.01		-0.03		18.15		0.3236	1.6049	46.7233273538	62.1975
4 0 10			0.01		-0.02		17.93		0.32355	0.6243	53.7713327333	45.2096
1 3 3			-0.0		-0.02		17.95		0.32356	0.7045	30.3940112777	66.1614
7 3 1			0.01		-0.01		17.77		0.32355	0.5095	71.5359286583	22.1332
3 3 1			0.01		-0.01		17.66		0.32355	0.5106	38.1558496662	33.1617
3 1 1			0.0		-0.0		17.61		0.32353	0.5239	28.3131072915	41.7464
0 2 12			-0.01		-0.01		17.76		0.32313	0.3827	50.6142203783	17.5707
7 1 3			-0.0		-0.02		17.83		0.32313	1.4031	66.8553232335	91.2915
1 7 1			0.01		-0.01		17.71		0.32313	0.5219	65.7901743415	26.2984
4 4 4			-0.01		-0.02		17.81		0.32306	0.8476	53.9354251327	76.9211
3 3 15			-0.0		-0.02		17.88		0.32251	0.3402	73.0835579415	3.8877
1 3 13			0.0		-0.02		17.83		0.32281	0.3907	59.4200243294	11.5335
3 1 3			-0.0		-0.02		17.86		0.32281	1.2003	30.3814370344	67.5761
1 1 9			-0.01		-0.03		18.01		0.32254	0.2216	37.1193146943	1.1702
0 4 4			-0.0		-0.03		18.08		0.32248	0.8482	39.0545896029	78.0016