HKL Value		Reward		TotalReward	Chi Squared	Z Appr. 	Error	Two-Thetas	Sfs2
3 3 9			0.0		0.0		0.0		0.3	0.3816	52.4524123761	12.0632
2 2 12			0.0		0.0		24.44		0.33984	1.9766	54.0147953295	208.0279
0 2 12			0.12		0.12		21.78		0.34832	0.3827	50.6142203783	17.5707
2 4 8			0.48		0.6		14.75		0.34844	0.1687	51.4325245866	2.4593
6 4 0			0.33		0.93		11.07		0.34844	1.8287	67.0910631577	58.6803
4 6 0			0.25		1.18		8.86		0.34844	0.7863	67.1083315067	59.4729
6 0 6			0.2		1.38		7.41		0.34855	1.0815	60.1501886982	39.9969
0 6 6			0.16		1.54		6.36		0.34861	1.0147	60.183190367	40.9583
5 5 3			-0.21		1.33		8.03		0.34844	0.8107	66.8760743485	64.1048
6 4 2			0.09		1.42		7.37		0.34841	0.2211	67.6401768609	4.8049
4 6 2			0.07		1.49		6.89		0.34838	0.2349	67.657370766	5.5969
5 3 5			-0.45		1.05		12.44		0.34984	2.2247	56.9473208346	134.0256
0 0 20			-0.28		0.76		17.35		0.33595	0.4542	83.3712939521	4.3689
6 0 12			-0.56		0.2		39.28		0.34356	0.5892	74.995462768	0.9301
3 5 9			0.07		0.28		36.61		0.34374	0.4755	65.0802252419	19.5165
9 1 1			0.06		0.34		34.41		0.34374	0.8793	87.9915459652	19.6393
0 6 2			0.06		0.4		32.45		0.34374	0.2356	55.3895592761	6.1752
5 3 9			0.06		0.46		30.61		0.3439	0.4833	65.0662013285	20.8409
6 0 2			0.05		0.52		29.05		0.3439	0.2214	55.354768557	5.4487
2 2 16			-0.07		0.45		31.12		0.3439	1.1693	70.1293332912	108.6018
2 4 10			0.04		0.49		29.83		0.34401	0.607	57.0555982332	12.0937
6 0 8			0.05		0.54		28.53		0.34408	2.9234	64.163237895	5.3359
0 4 10			0.01		0.54		28.37		0.34388	0.9893	53.7871001638	44.1425
6 0 10			0.04		0.58		27.28		0.34388	1.0728	69.1331306246	8.9056
0 0 16			-0.07		0.52		29.23		0.34394	1.3342	64.286058028	116.6634
2 2 10			0.0		0.52		29.1		0.34371	0.6429	46.7739448495	44.8949
1 5 9			0.03		0.55		28.29		0.34461	0.4394	58.984264935	17.7365
0 4 18			1.44		1.99		11.58		0.36511	0.8369	84.5238780681	17.4513
3 3 1			-0.01		1.99		11.67		0.36507	0.5106	38.1558496662	33.1617
0 4 16			0.03		2.02		11.28		0.36535	1.5557	75.7704700384	94.8658
2 0 14			0.03		2.05		10.92		0.36523	0.2634	58.6945218607	7.3942
4 4 6			-0.37		1.68		17.39		0.36414	4.3817	57.0116572758	400.3855
0 4 20			0.03		1.71		16.85		0.36399	1.027	94.1654323607	18.6345
4 4 8			-0.12		1.59		19.12		0.36441	3.9407	61.1479986878	218.5721
2 0 16			0.03		1.62		18.56		0.36433	0.5935	67.2372591268	11.8907
5 1 9			0.02		1.64		18.25		0.36416	0.4583	58.9619928854	19.0838
4 2 10			0.02		1.66		17.93		0.36415	1.1102	57.0442200735	11.3144
2 4 0			0.01		1.67		17.82		0.36415	1.4359	40.0960076051	88.2765
3 7 1			0.02		1.68		17.53		0.36413	1.2822	71.5694631273	22.2453
0 6 16			0.02		1.71		17.11		0.36392	0.4825	89.3859051251	7.6515
2 0 10			0.01		1.71		17.01		0.36389	0.6169	42.9543880851	20.236
0 2 10			0.0		1.72		16.94		0.36387	0.4317	42.9590557724	21.0204
1 5 7			0.02		1.74		16.56		0.36387	0.6035	54.1236034243	4.2528
0 2 14			0.02		1.76		16.18		0.36387	0.2479	58.6982494177	6.3292
0 2 16			0.02		1.79		15.81		0.36393	1.8687	67.2407114996	13.8307
5 5 1			0.01		1.8		15.61		0.36391	0.5073	65.769247456	23.9531
4 4 10			-0.01		1.79		15.71		0.36413	0.6886	66.23802526	47.6672
3 1 15			0.02		1.81		15.42		0.36416	0.2871	67.3554895111	7.7692
4 0 10			-0.0		1.81		15.47		0.36439	0.6243	53.7713327333	45.2096
0 0 10			-0.0		1.81		15.49		0.36463	0.8316	38.8438017949	41.7013
0 6 0			0.01		1.82		15.31		0.36463	1.4277	54.7714555341	59.4019
6 2 10			-0.0		1.82		15.32		0.36489	0.7103	71.9901825081	43.9921
0 6 8			0.01		1.83		15.1		0.36476	0.7694	64.1950429677	5.6946
2 2 4			-0.04		1.79		15.77		0.36473	0.7551	29.4672289371	73.6026
0 6 10			0.01		1.8		15.56		0.36473	0.8527	69.1637693973	8.5049
7 3 1			0.01		1.81		15.4		0.36471	0.5095	71.5359286583	22.1332
3 1 9			0.01		1.83		15.2		0.36463	0.36	45.2950695798	8.7768
3 3 13			0.02		1.84		14.96		0.36441	0.5636	65.4922780779	9.1158
0 4 0			-0.36		1.48		23.4		0.36441	6.137	35.7152072575	818.959
4 2 14			0.01		1.5		23.05		0.36429	1.2576	70.6282605877	19.9713
1 3 15			0.02		1.51		22.71		0.36431	0.2862	67.3623786269	8.1809
3 3 15			0.02		1.53		22.35		0.36432	0.3402	73.0835579415	3.8877
6 0 0			0.01		1.54		22.06		0.36432	0.7256	54.7363985401	55.434
5 5 5			0.0		1.55		21.99		0.3645	1.5862	69.0631626084	104.8873
4 6 6			0.02		1.56		21.65		0.36447	1.1903	71.9781772466	41.9784
0 2 22			0.0		1.56		21.6		0.36438	1.8317	96.7387030121	97.213
2 4 14			0.01		1.58		21.32		0.36428	0.5221	70.6383718296	19.4111
4 4 12			-0.02		1.56		21.75		0.3639	1.9475	72.2035773977	130.2426
5 3 1			0.01		1.56		21.65		0.36388	0.5252	53.2386121167	32.835
0 0 22			0.01		1.57		21.36		0.36388	2.2765	94.0325860765	137.6091
2 0 12			0.01		1.58		21.16		0.36378	0.8079	50.6101057273	16.6151
4 2 6			0.01		1.59		21.01		0.36367	1.6049	46.7233273538	62.1975
2 6 10			0.0		1.59		20.97		0.36382	0.7069	72.0169435829	44.7171
1 7 1			0.01		1.6		20.84		0.36381	0.5219	65.7901743415	26.2984
0 2 20			0.01		1.61		20.56		0.36377	0.4494	86.0769303832	2.8517
2 4 6			0.01		1.62		20.44		0.36366	0.785	46.7364348384	64.2552
1 1 11			-0.08		1.54		22.28		0.36365	2.144	44.8525636461	378.5934
1 1 9			0.01		1.55		22.0		0.36365	0.2216	37.1193146943	1.1702
0 0 18			0.01		1.56		21.78		0.36372	0.6609	73.530655613	37.988
5 1 1			0.01		1.56		21.66		0.36371	0.5346	46.1701152	26.7419
0 2 18			0.01		1.58		21.4		0.36372	0.3755	76.3208597895	3.7538
7 1 5			-0.0		1.58		21.44		0.36386	1.5264	69.0427278305	98.726
1 5 1			0.01		1.58		21.32		0.36386	0.4978	46.196563203	27.3004
2 6 2			-0.03		1.55		22.05		0.36391	1.2892	58.5985395934	134.3564
3 5 1			0.0		1.55		21.95		0.3639	0.5283	53.2544885252	31.9012
1 1 15			0.01		1.56		21.8		0.36394	0.656	61.3839959686	20.6242
1 3 9			0.01		1.57		21.57		0.3639	0.2622	45.3040218183	7.1674
6 4 6			0.01		1.58		21.33		0.36388	0.9247	71.9614498967	41.9809
1 1 1			-0.0		1.58		21.37		0.36386	0.5749	13.0194761966	56.7652
0 6 18			0.01		1.59		21.14		0.36386	0.7949	98.0280769063	1.8601
0 6 14			0.01		1.6		20.95		0.36377	0.9096	81.7552219026	27.2955
2 4 2			0.01		1.61		20.81		0.36377	0.3828	40.8766170199	13.2501
7 1 1			0.01		1.61		20.7		0.36377	0.5207	65.7483230412	25.2044
0 2 2			-0.0		1.61		20.76		0.36377	0.4614	19.2417464495	36.8131
0 2 6			-0.01		1.6		20.96		0.36358	1.1672	29.1471999487	131.5155
0 0 4			-0.01		1.59		21.17		0.36356	0.8482	15.2869714585	59.1035