HKL Value		Reward		TotalReward	Chi Squared	Z Appr. 	Error	Two-Thetas	Sfs2
3 3 9			0.0		0.0		0.0		0.3	0.3816	52.4524123761	12.0632
0 2 12			0.0		0.0		0.01		0.31288	0.3827	50.6142203783	17.5707
6 4 0			-0.37		-0.37		0.01		0.31288	1.8287	67.0910631577	58.6803
4 6 4			-1.0		-1.37		7.97		0.31267	1.0731	69.291881243	33.3045
3 1 1			-0.12		-1.49		9.01		0.31236	0.5239	28.3131072915	41.7464
0 4 6			-0.85		-2.33		59.23		0.31614	3.7688	42.9189471786	481.9509
4 6 0			0.2		-2.13		49.36		0.31614	0.7863	67.1083315067	59.4729
6 0 6			0.17		-1.97		42.31		0.31612	1.0815	60.1501886982	39.9969
6 4 2			0.14		-1.83		37.07		0.31607	0.2211	67.6401768609	4.8049
0 6 6			0.12		-1.7		32.95		0.31607	1.0147	60.183190367	40.9583
4 6 2			0.11		-1.59		29.72		0.31602	0.2349	67.657370766	5.5969
3 1 9			0.09		-1.5		27.17		0.31523	0.36	45.2950695798	8.7768
3 5 9			0.09		-1.41		24.93		0.31547	0.4755	65.0802252419	19.5165
5 3 9			0.08		-1.33		23.06		0.31574	0.4833	65.0662013285	20.8409
9 1 1			0.07		-1.26		21.51		0.3157	0.8793	87.9915459652	19.6393
0 6 2			0.06		-1.19		20.24		0.31566	0.2356	55.3895592761	6.1752
2 4 14			0.05		-1.14		19.21		0.31609	0.5221	70.6383718296	19.4111
5 5 1			0.06		-1.08		18.21		0.31604	0.5073	65.769247456	23.9531
1 5 13			-0.06		-1.14		19.31		0.3203	1.1973	71.2966048402	12.6128
6 0 2			0.05		-1.09		18.41		0.32028	0.2214	55.354768557	5.4487
2 4 10			0.05		-1.04		17.5		0.32017	0.607	57.0555982332	12.0937
0 6 10			0.05		-0.99		16.68		0.32033	0.8527	69.1637693973	8.5049
7 3 1			0.04		-0.95		16.05		0.3203	0.5095	71.5359286583	22.1332
6 2 10			0.04		-0.91		15.36		0.32045	0.7103	71.9901825081	43.9921
3 1 3			-0.01		-0.92		15.59		0.32051	1.2003	30.3814370344	67.5761
2 2 16			0.04		-0.88		14.99		0.3203	1.1693	70.1293332912	108.6018
0 0 20			0.04		-0.85		14.46		0.3202	0.4542	83.3712939521	4.3689
6 0 10			0.04		-0.81		13.93		0.32028	1.0728	69.1331306246	8.9056
5 5 3			-0.01		-0.82		14.12		0.32033	0.8107	66.8760743485	64.1048
0 4 10			0.04		-0.79		13.64		0.32043	0.9893	53.7871001638	44.1425
2 2 10			0.03		-0.75		13.19		0.32047	0.6429	46.7739448495	44.8949
1 5 9			0.02		-0.73		12.92		0.32018	0.4394	58.984264935	17.7365
6 0 8			0.03		-0.7		12.57		0.32026	2.9234	64.163237895	5.3359
0 4 16			0.03		-0.67		12.19		0.32034	1.5557	75.7704700384	94.8658
3 3 11			-0.32		-0.99		18.0		0.32042	2.1204	58.6030846927	249.5822
2 0 14			0.02		-0.98		17.7		0.32034	0.2634	58.6945218607	7.3942
0 0 6			-0.34		-1.32		27.0		0.32088	7.4326	23.0169618987	709.6598
5 1 7			0.0		-1.32		26.95		0.3219	0.2609	54.1000446603	4.252
3 5 1			0.02		-1.3		26.47		0.32188	0.5283	53.2544885252	31.9012
4 2 12			-0.03		-1.33		27.21		0.31986	0.2244	63.468523569	4.7972
0 4 20			0.02		-1.31		26.73		0.31968	1.027	94.1654323607	18.6345
5 1 9			0.02		-1.29		26.15		0.31953	0.4583	58.9619928854	19.0838
3 7 1			0.02		-1.27		25.59		0.31952	1.2822	71.5694631273	22.2453
2 0 10			0.02		-1.25		25.07		0.31937	0.6169	42.9543880851	20.236
4 2 10			0.02		-1.22		24.5		0.31938	1.1102	57.0442200735	11.3144
4 2 0			0.01		-1.21		24.24		0.31938	0.9287	40.0811891304	86.5118
0 2 10			0.02		-1.19		23.78		0.31924	0.4317	42.9590557724	21.0204
0 2 16			0.02		-1.17		23.35		0.31949	1.8687	67.2407114996	13.8307
4 4 12			0.02		-1.15		22.88		0.31961	1.9475	72.2035773977	130.2426
0 0 16			0.02		-1.13		22.43		0.31952	1.3342	64.286058028	116.6634
2 0 16			0.02		-1.12		22.08		0.3198	0.5935	67.2372591268	11.8907
4 2 8			0.0		-1.12		22.01		0.32001	0.7605	51.4203212226	2.5419
1 3 1			0.01		-1.11		21.85		0.31999	0.5324	28.3265170018	42.1271
4 4 10			0.02		-1.09		21.44		0.31999	0.6886	66.23802526	47.6672
0 0 10			0.02		-1.07		21.05		0.32005	0.8316	38.8438017949	41.7013
0 6 8			0.02		-1.05		20.69		0.32009	0.7694	64.1950429677	5.6946
0 6 0			0.01		-1.04		20.44		0.32009	1.4277	54.7714555341	59.4019
1 3 15			0.02		-1.02		20.09		0.31999	0.2862	67.3623786269	8.1809
4 0 10			0.02		-1.01		19.75		0.32003	0.6243	53.7713327333	45.2096
6 2 0			-0.18		-1.19		24.19		0.32003	4.3933	57.9728440251	566.5186
4 2 14			0.02		-1.17		23.83		0.32004	1.2576	70.6282605877	19.9713
3 1 15			0.02		-1.16		23.45		0.31995	0.2871	67.3554895111	7.7692
6 0 0			0.01		-1.15		23.15		0.31995	0.7256	54.7363985401	55.434
2 2 6			-0.17		-1.32		27.98		0.32016	8.3224	34.2684003079	615.2447
5 5 5			-0.02		-1.34		28.67		0.32022	1.5862	69.0631626084	104.8873
2 0 8			-0.03		-1.37		29.58		0.32076	0.1665	35.7565424018	1.5727