HKL Value		Reward		TotalReward	Chi Squared	Z Appr. 	Error	Two-Thetas	Sfs2
3 3 9			0.0		0.0		0.0		0.3	0.3816	52.4524123761	12.0632
4 2 6			0.0		0.0		2.1		0.31511	1.6049	46.7233273538	62.1975
1 1 7			0.15		0.15		1.84		0.3512	0.2012	29.7561292971	6.5386
0 2 12			0.31		0.46		1.4		0.35296	0.3827	50.6142203783	17.5707
5 1 3			-0.79		-0.34		6.77		0.35256	0.9592	47.5591860667	88.1873
6 4 0			0.25		-0.09		5.42		0.35256	1.8287	67.0910631577	58.6803
4 6 0			0.2		0.11		4.52		0.35256	0.7863	67.1083315067	59.4729
3 3 15			0.15		0.26		3.92		0.35211	0.3402	73.0835579415	3.8877
7 1 5			-0.53		-0.26		8.31		0.35411	1.5264	69.0427278305	98.726
6 0 6			0.12		-0.14		7.4		0.35388	1.0815	60.1501886982	39.9969
6 4 2			0.08		-0.07		6.89		0.35386	0.2211	67.6401768609	4.8049
0 0 8			-0.57		-0.64		16.0		0.36161	2.1948	30.8548203523	183.9052
0 2 16			0.09		-0.55		14.71		0.36384	1.8687	67.2407114996	13.8307
0 6 6			0.06		-0.49		13.92		0.36262	1.0147	60.183190367	40.9583
4 6 2			0.06		-0.43		13.12		0.36265	0.2349	67.657370766	5.5969
2 2 12			-0.21		-0.64		16.64		0.35088	1.9766	54.0147953295	208.0279
3 5 9			0.07		-0.58		15.61		0.35073	0.4755	65.0802252419	19.5165
5 3 9			0.06		-0.52		14.71		0.35055	0.4833	65.0662013285	20.8409
9 1 1			0.04		-0.47		14.13		0.35051	0.8793	87.9915459652	19.6393
2 0 0			-0.11		-0.58		15.83		0.35051	2.02	17.6289686615	175.6782
1 1 15			0.02		-0.57		15.58		0.34984	0.656	61.3839959686	20.6242
0 6 2			0.04		-0.53		14.97		0.34986	0.2356	55.3895592761	6.1752
0 4 18			0.01		-0.51		14.78		0.35237	0.8369	84.5238780681	17.4513
0 0 18			0.05		-0.47		14.14		0.35237	0.6609	73.530655613	37.988
2 0 14			0.04		-0.42		13.55		0.35234	0.2634	58.6945218607	7.3942
5 1 13			0.02		-0.4		13.25		0.35243	0.4567	71.2764535317	11.3258
2 4 8			0.04		-0.36		12.74		0.35246	0.1687	51.4325245866	2.4593
7 1 1			0.01		-0.35		12.62		0.35243	0.5207	65.7483230412	25.2044
0 4 20			-0.08		-0.43		13.73		0.36034	1.027	94.1654323607	18.6345
6 0 2			0.03		-0.4		13.32		0.36038	0.2214	55.354768557	5.4487
7 3 3			-0.02		-0.42		13.57		0.36022	1.9283	72.601334037	69.5466
2 4 10			0.02		-0.4		13.34		0.36009	0.607	57.0555982332	12.0937
0 0 20			-0.01		-0.41		13.5		0.36333	0.4542	83.3712939521	4.3689
2 2 16			0.02		-0.4		13.28		0.36386	1.1693	70.1293332912	108.6018
6 0 10			0.02		-0.38		13.04		0.36384	1.0728	69.1331306246	8.9056
0 4 10			-0.01		-0.39		13.16		0.36413	0.9893	53.7871001638	44.1425
2 2 10			-0.01		-0.4		13.3		0.36445	0.6429	46.7739448495	44.8949
0 4 4			-0.07		-0.47		14.32		0.3644	0.8482	39.0545896029	78.0016