HKL Value		Reward		TotalReward	Chi Squared	Z Appr. 	Error	Two-Thetas	Sfs2
3 3 9			0.0		0.0		0.0		0.3	0.3816	52.4524123761	12.0632
4 0 0			0.0		0.0		476.05		0.3131	8.3901	35.6934066618	787.9925
0 2 12			1.0		1.0		238.03		0.31288	0.3827	50.6142203783	17.5707
6 4 0			0.5		1.5		158.69		0.31288	1.8287	67.0910631577	58.6803
4 6 0			0.33		1.83		119.03		0.31288	0.7863	67.1083315067	59.4729
6 0 6			0.25		2.08		95.25		0.31308	1.0815	60.1501886982	39.9969
0 6 6			0.2		2.28		79.41		0.31329	1.0147	60.183190367	40.9583
4 0 2			-0.05		2.23		83.51		0.31364	1.7854	36.5531212028	138.5255
6 4 2			0.14		2.38		73.11		0.31359	0.2211	67.6401768609	4.8049
4 6 2			0.12		2.5		65.04		0.31352	0.2349	67.657370766	5.5969
3 5 9			0.11		2.61		58.63		0.31413	0.4755	65.0802252419	19.5165
5 3 3			0.04		2.65		56.32		0.31445	0.9351	54.4936931553	89.9375
0 0 20			0.09		2.74		51.73		0.31562	0.4542	83.3712939521	4.3689
9 1 1			0.08		2.82		47.87		0.31559	0.8793	87.9915459652	19.6393
0 6 2			0.07		2.89		44.62		0.31557	0.2356	55.3895592761	6.1752
1 3 5			-0.14		2.75		51.83		0.31579	3.1323	34.189462707	190.138
5 3 9			0.07		2.82		48.62		0.31594	0.4833	65.0662013285	20.8409
4 4 8			-0.14		2.67		56.83		0.31602	3.9407	61.1479986878	218.5721
6 0 2			0.06		2.73		53.78		0.316	0.2214	55.354768557	5.4487
2 2 16			0.05		2.79		50.99		0.3162	1.1693	70.1293332912	108.6018
2 4 10			0.05		2.84		48.48		0.31652	0.607	57.0555982332	12.0937
6 0 8			0.05		2.88		46.31		0.31664	2.9234	64.163237895	5.3359
6 0 0			0.04		2.93		44.42		0.31664	0.7256	54.7363985401	55.434
0 4 10			0.04		2.97		42.64		0.31736	0.9893	53.7871001638	44.1425
6 0 10			0.04		3.01		40.95		0.31786	1.0728	69.1331306246	8.9056
2 2 10			0.04		3.05		39.36		0.31823	0.6429	46.7739448495	44.8949
1 5 9			0.04		3.09		37.94		0.3179	0.4394	58.984264935	17.7365
3 7 5			-0.02		3.06		38.87		0.31806	1.0548	74.7470539899	89.5814
0 4 16			0.04		3.1		37.55		0.31842	1.5557	75.7704700384	94.8658
2 0 14			0.03		3.13		36.46		0.31809	0.2634	58.6945218607	7.3942
0 4 20			0.03		3.16		35.43		0.31751	1.027	94.1654323607	18.6345
5 1 9			0.03		3.19		34.32		0.3173	0.4583	58.9619928854	19.0838
4 2 10			0.03		3.22		33.26		0.31746	1.1102	57.0442200735	11.3144
3 7 1			0.03		3.25		32.33		0.31744	1.2822	71.5694631273	22.2453
2 0 10			0.03		3.28		31.42		0.31725	0.6169	42.9543880851	20.236
2 6 6			-0.09		3.19		34.51		0.31784	5.383	63.2392339525	346.2148
0 2 10			0.03		3.22		33.61		0.31762	0.4317	42.9590557724	21.0204
3 3 15			0.03		3.24		32.73		0.31734	0.3402	73.0835579415	3.8877
4 2 2			0.02		3.27		32.01		0.31732	0.457	40.8620305525	12.2524
1 3 13			-0.01		3.26		32.3		0.31919	0.3907	59.4200243294	11.5335
0 0 10			0.02		3.28		31.52		0.31932	0.8316	38.8438017949	41.7013
0 2 16			0.02		3.31		30.82		0.31962	1.8687	67.2407114996	13.8307
7 3 1			0.02		3.33		30.15		0.31961	0.5095	71.5359286583	22.1332
2 0 16			0.02		3.35		29.56		0.31997	0.5935	67.2372591268	11.8907
0 0 16			0.02		3.37		28.91		0.31985	1.3342	64.286058028	116.6634
4 0 4			0.0		3.37		28.77		0.3197	1.2165	39.0343929222	79.1487
5 5 1			0.02		3.4		28.19		0.31969	0.5073	65.769247456	23.9531
4 4 10			0.02		3.42		27.6		0.31971	0.6886	66.23802526	47.6672
4 0 10			0.02		3.44		27.03		0.31978	0.6243	53.7713327333	45.2096
0 6 0			0.02		3.45		26.61		0.31978	1.4277	54.7714555341	59.4019
6 2 10			0.02		3.47		26.09		0.31986	0.7103	71.9901825081	43.9921
2 6 10			0.02		3.49		25.58		0.31992	0.7069	72.0169435829	44.7171
0 6 8			0.02		3.51		25.12		0.31996	0.7694	64.1950429677	5.6946
0 6 10			0.02		3.53		24.66		0.32002	0.8527	69.1637693973	8.5049
3 1 9			0.01		3.54		24.33		0.31982	0.36	45.2950695798	8.7768
4 2 14			0.02		3.56		23.94		0.31983	1.2576	70.6282605877	19.9713
1 3 15			0.02		3.58		23.52		0.31976	0.2862	67.3623786269	8.1809
3 1 15			0.02		3.6		23.11		0.31967	0.2871	67.3554895111	7.7692
0 2 14			0.01		3.61		22.88		0.3196	0.2479	58.6982494177	6.3292
4 6 6			0.01		3.62		22.62		0.31951	1.1903	71.9781772466	41.9784
1 5 13			-0.0		3.61		22.69		0.3202	1.1973	71.2966048402	12.6128
2 4 14			0.02		3.63		22.35		0.32021	0.5221	70.6383718296	19.4111
0 0 12			-0.02		3.61		22.76		0.32062	3.2426	47.0346015839	274.3783
4 4 12			0.02		3.63		22.4		0.32065	1.9475	72.2035773977	130.2426
5 3 1			0.01		3.64		22.19		0.32064	0.5252	53.2386121167	32.835
0 0 22			0.01		3.65		21.9		0.32056	2.2765	94.0325860765	137.6091
1 3 9			0.01		3.66		21.76		0.32036	0.2622	45.3040218183	7.1674
0 0 8			-0.09		3.57		23.81		0.32036	2.1948	30.8548203523	183.9052
2 0 12			0.0		3.57		23.71		0.31999	0.8079	50.6101057273	16.6151
2 6 8			-0.09		3.49		26.03		0.32003	4.3291	67.1483383839	218.3417
1 7 1			0.01		3.5		25.76		0.32002	0.5219	65.7901743415	26.2984
2 4 12			-0.01		3.49		25.98		0.31926	0.2205	63.4791913795	4.8908
0 4 18			-0.01		3.48		26.22		0.3182	0.8369	84.5238780681	17.4513
0 2 20			0.01		3.48		26.07		0.31774	0.4494	86.0769303832	2.8517
4 2 6			0.01		3.5		25.73		0.31775	1.6049	46.7233273538	62.1975
2 4 6			0.01		3.51		25.4		0.31777	0.785	46.7364348384	64.2552
5 5 3			0.0		3.51		25.33		0.31778	0.8107	66.8760743485	64.1048
3 5 7			-0.01		3.51		25.5		0.31813	0.2309	60.5203777188	5.6046
1 1 9			0.01		3.51		25.34		0.31795	0.2216	37.1193146943	1.1702
0 0 18			0.01		3.52		25.1		0.31772	0.6609	73.530655613	37.988
5 1 1			0.01		3.53		24.87		0.31772	0.5346	46.1701152	26.7419
0 2 18			0.01		3.54		24.66		0.31746	0.3755	76.3208597895	3.7538
1 5 1			0.01		3.55		24.45		0.31746	0.4978	46.196563203	27.3004
3 3 1			0.01		3.56		24.25		0.31745	0.5106	38.1558496662	33.1617
3 5 1			0.01		3.57		24.06		0.31745	0.5283	53.2544885252	31.9012
1 1 15			0.01		3.57		23.89		0.31751	0.656	61.3839959686	20.6242
6 4 6			0.01		3.58		23.68		0.31747	0.9247	71.9614498967	41.9809
1 1 1			0.0		3.58		23.6		0.31747	0.5749	13.0194761966	56.7652
0 6 18			0.01		3.59		23.4		0.31726	0.7949	98.0280769063	1.8601
2 4 0			0.0		3.6		23.29		0.31726	1.4359	40.0960076051	88.2765
0 6 14			0.01		3.6		23.14		0.31729	0.9096	81.7552219026	27.2955
2 4 2			0.01		3.61		22.96		0.31729	0.3828	40.8766170199	13.2501
0 6 16			0.0		3.61		22.93		0.31746	0.4825	89.3859051251	7.6515
7 1 1			0.01		3.62		22.74		0.31746	0.5207	65.7483230412	25.2044
0 0 4			0.0		3.62		22.68		0.31742	0.8482	15.2869714585	59.1035
0 4 4			0.0		3.63		22.65		0.31738	0.8482	39.0545896029	78.0016
4 2 0			0.0		3.63		22.55		0.31738	0.9287	40.0811891304	86.5118
0 2 22			0.0		3.63		22.51		0.31741	1.8317	96.7387030121	97.213
1 5 3			0.0		3.63		22.49		0.31742	0.9511	47.585042181	85.8034
7 3 3			0.0		3.63		22.44		0.31742	1.9283	72.601334037	69.5466
4 6 4			-0.0		3.63		22.46		0.31742	1.0731	69.291881243	33.3045
1 3 3			0.0		3.64		22.44		0.31743	0.7045	30.3940112777	66.1614