HKL Value		Reward		TotalReward	Chi Squared	Z Appr. 	Error	Two-Thetas	Sfs2
3 3 9			0.0		0.0		0.0		0.3	0.3816	52.4524123761	12.0632
0 2 12			0.0		0.0		0.01		0.31288	0.3827	50.6142203783	17.5707
6 4 0			-0.37		-0.37		0.01		0.31288	1.8287	67.0910631577	58.6803
4 6 0			-0.53		-0.91		0.02		0.31288	0.7863	67.1083315067	59.4729
0 6 6			-0.73		-1.63		0.07		0.31314	1.0147	60.183190367	40.9583
6 0 6			-0.09		-1.72		0.08		0.31329	1.0815	60.1501886982	39.9969
6 4 2			-0.26		-1.98		0.11		0.31324	0.2211	67.6401768609	4.8049
4 6 2			-0.34		-2.32		0.17		0.31317	0.2349	67.657370766	5.5969
9 1 1			-0.46		-2.78		0.31		0.31307	0.8793	87.9915459652	19.6393
0 4 18			-0.27		-3.04		0.42		0.31178	0.8369	84.5238780681	17.4513
3 5 9			-0.28		-3.32		0.58		0.31229	0.4755	65.0802252419	19.5165
5 3 9			-0.21		-3.53		0.74		0.31273	0.4833	65.0662013285	20.8409
6 0 8			-0.24		-3.77		0.96		0.31274	2.9234	64.163237895	5.3359
6 0 2			-0.07		-3.83		1.03		0.31271	0.2214	55.354768557	5.4487
0 4 0			-0.97		-4.8		36.99		0.31271	6.137	35.7152072575	818.959