HKL Value		Reward		TotalReward	Chi Squared	Z Appr. 	Error	Two-Thetas	Sfs2
3 3 9			0.0		0.0		0.0		0.3	0.3816	52.4524123761	12.0632
0 2 12			0.0		0.0		0.01		0.31288	0.3827	50.6142203783	17.5707
6 0 6			-0.92		-0.92		0.07		0.31308	1.0815	60.1501886982	39.9969
6 4 0			0.37		-0.54		0.05		0.31308	1.8287	67.0910631577	58.6803
4 6 0			0.05		-0.49		0.05		0.31308	0.7863	67.1083315067	59.4729
0 6 6			-0.4		-0.89		0.08		0.31329	1.0147	60.183190367	40.9583
0 6 2			-0.82		-1.71		0.45		0.31321	0.2356	55.3895592761	6.1752
9 1 1			-0.21		-1.92		0.57		0.31312	0.8793	87.9915459652	19.6393
0 0 8			-0.97		-2.89		20.43		0.31312	2.1948	30.8548203523	183.9052
5 3 9			0.11		-2.78		18.34		0.31391	0.4833	65.0662013285	20.8409
6 0 2			0.1		-2.68		16.7		0.31385	0.2214	55.354768557	5.4487
2 2 6			-0.64		-3.32		46.03		0.31669	8.3224	34.2684003079	615.2447
3 5 9			0.09		-3.23		42.2		0.31678	0.4755	65.0802252419	19.5165
6 4 2			0.08		-3.15		38.99		0.31674	0.2211	67.6401768609	4.8049
0 0 20			0.08		-3.07		36.2		0.31679	0.4542	83.3712939521	4.3689
2 2 16			0.07		-3.0		33.82		0.31699	1.1693	70.1293332912	108.6018
4 6 2			0.07		-2.93		31.75		0.31696	0.2349	67.657370766	5.5969
2 2 10			0.06		-2.88		30.01		0.31754	0.6429	46.7739448495	44.8949
0 4 16			0.05		-2.82		28.46		0.31806	1.5557	75.7704700384	94.8658
6 0 8			0.05		-2.77		27.09		0.31821	2.9234	64.163237895	5.3359
0 4 10			0.05		-2.72		25.82		0.31867	0.9893	53.7871001638	44.1425
3 1 15			0.05		-2.67		24.59		0.31862	0.2871	67.3554895111	7.7692
2 4 10			0.05		-2.62		23.47		0.31864	0.607	57.0555982332	12.0937
1 3 15			0.05		-2.58		22.45		0.31864	0.2862	67.3623786269	8.1809
2 0 14			0.03		-2.55		21.78		0.31839	0.2634	58.6945218607	7.3942
4 4 2			-0.13		-2.67		24.93		0.31846	1.2125	52.0311030722	128.6454
6 0 10			0.04		-2.64		24.02		0.31869	1.0728	69.1331306246	8.9056
1 5 9			0.03		-2.6		23.23		0.31843	0.4394	58.984264935	17.7365
0 4 20			0.03		-2.57		22.62		0.31804	1.027	94.1654323607	18.6345
4 2 10			0.04		-2.54		21.85		0.31813	1.1102	57.0442200735	11.3144
3 7 1			0.03		-2.51		21.21		0.31811	1.2822	71.5694631273	22.2453
5 1 9			0.03		-2.48		20.57		0.31793	0.4583	58.9619928854	19.0838
0 2 16			0.02		-2.45		20.1		0.3184	1.8687	67.2407114996	13.8307
0 2 10			0.03		-2.43		19.56		0.31821	0.4317	42.9590557724	21.0204
2 0 10			0.03		-2.4		19.05		0.31804	0.6169	42.9543880851	20.236
0 4 18			-0.01		-2.41		19.16		0.3163	0.8369	84.5238780681	17.4513
2 0 16			0.01		-2.4		18.99		0.31666	0.5935	67.2372591268	11.8907
4 4 12			0.02		-2.38		18.61		0.31692	1.9475	72.2035773977	130.2426
3 3 15			0.03		-2.35		18.13		0.31684	0.3402	73.0835579415	3.8877
4 2 14			0.02		-2.33		17.75		0.3169	1.2576	70.6282605877	19.9713
0 6 4			-0.02		-2.35		18.1		0.31689	0.6675	57.2171401797	42.9768
0 0 16			0.02		-2.32		17.66		0.3169	1.3342	64.286058028	116.6634
0 0 10			0.02		-2.3		17.32		0.31707	0.8316	38.8438017949	41.7013
4 4 10			0.02		-2.28		16.95		0.31717	0.6886	66.23802526	47.6672
5 5 1			0.02		-2.26		16.62		0.31716	0.5073	65.769247456	23.9531
4 0 10			0.02		-2.24		16.3		0.3173	0.6243	53.7713327333	45.2096
0 6 0			0.01		-2.23		16.09		0.3173	1.4277	54.7714555341	59.4019
1 3 7			-0.04		-2.27		16.75		0.31797	0.1893	39.2755843192	5.3372
0 6 8			0.02		-2.25		16.44		0.31799	0.7694	64.1950429677	5.6946
6 2 2			-0.1		-2.35		18.21		0.31802	3.3001	58.5687226088	135.1206
3 1 9			0.02		-2.33		17.93		0.3179	0.36	45.2950695798	8.7768
2 6 4			-0.0		-2.33		17.96		0.31781	0.8772	60.3635846112	78.02
0 2 2			-0.0		-2.33		17.99		0.31779	0.4614	19.2417464495	36.8131
6 2 10			0.02		-2.32		17.7		0.3179	0.7103	71.9901825081	43.9921
3 7 3			-0.0		-2.32		17.73		0.31792	0.8954	72.6346668965	71.6226
6 2 8			-0.15		-2.47		20.82		0.31795	3.3751	67.1207225085	222.106
0 6 10			0.02		-2.45		20.49		0.31805	0.8527	69.1637693973	8.5049
6 0 0			0.01		-2.44		20.21		0.31805	0.7256	54.7363985401	55.434
5 3 1			0.01		-2.43		20.01		0.31804	0.5252	53.2386121167	32.835
2 4 14			0.01		-2.41		19.72		0.31807	0.5221	70.6383718296	19.4111
0 0 18			0.01		-2.4		19.51		0.31772	0.6609	73.530655613	37.988
0 2 14			0.01		-2.39		19.31		0.31762	0.2479	58.6982494177	6.3292
4 4 8			-0.12		-2.52		22.03		0.31764	3.9407	61.1479986878	218.5721
7 1 7			-0.01		-2.53		22.29		0.31808	0.3505	72.2660298289	5.0526
5 1 1			0.01		-2.52		22.05		0.31808	0.5346	46.1701152	26.7419
5 1 13			-0.02		-2.53		22.4		0.31867	0.4567	71.2764535317	11.3258
7 3 1			0.01		-2.52		22.1		0.31867	0.5095	71.5359286583	22.1332
5 5 5			-0.03		-2.55		22.87		0.31869	1.5862	69.0631626084	104.8873
2 4 6			0.01		-2.54		22.55		0.31871	0.785	46.7364348384	64.2552
4 6 6			0.01		-2.53		22.32		0.31866	1.1903	71.9781772466	41.9784
0 2 20			0.0		-2.53		22.26		0.31816	0.4494	86.0769303832	2.8517
1 1 15			0.01		-2.52		22.07		0.31825	0.656	61.3839959686	20.6242
2 6 8			-0.09		-2.61		24.33		0.31827	4.3291	67.1483383839	218.3417
1 1 9			0.01		-2.6		24.17		0.31808	0.2216	37.1193146943	1.1702
2 0 12			0.01		-2.59		23.96		0.31789	0.8079	50.6101057273	16.6151
4 2 6			0.01		-2.58		23.65		0.3179	1.6049	46.7233273538	62.1975
1 3 9			0.01		-2.57		23.43		0.3178	0.2622	45.3040218183	7.1674
0 2 18			0.01		-2.56		23.23		0.31752	0.3755	76.3208597895	3.7538
0 0 22			0.01		-2.55		22.96		0.31752	2.2765	94.0325860765	137.6091
2 6 10			0.01		-2.54		22.7		0.31759	0.7069	72.0169435829	44.7171
1 7 1			0.01		-2.53		22.5		0.31759	0.5219	65.7901743415	26.2984
0 6 18			0.01		-2.52		22.3		0.31736	0.7949	98.0280769063	1.8601
4 2 0			0.01		-2.52		22.18		0.31736	0.9287	40.0811891304	86.5118
6 4 6			0.01		-2.51		21.98		0.31732	0.9247	71.9614498967	41.9809
6 0 12			-0.02		-2.52		22.37		0.31666	0.5892	74.995462768	0.9301
2 6 2			-0.04		-2.57		23.31		0.31667	1.2892	58.5985395934	134.3564
0 6 14			0.01		-2.56		23.16		0.3167	0.9096	81.7552219026	27.2955
1 1 1			0.0		-2.56		23.09		0.31669	0.5749	13.0194761966	56.7652
3 5 1			0.01		-2.55		22.92		0.31669	0.5283	53.2544885252	31.9012
4 4 4			0.0		-2.55		22.89		0.31664	0.8476	53.9354251327	76.9211
0 6 16			-0.0		-2.55		22.89		0.31681	0.4825	89.3859051251	7.6515
0 0 4			0.0		-2.54		22.82		0.31678	0.8482	15.2869714585	59.1035
1 5 1			0.01		-2.54		22.65		0.31677	0.4978	46.196563203	27.3004
1 3 3			0.0		-2.54		22.63		0.31677	0.7045	30.3940112777	66.1614
2 4 0			0.0		-2.53		22.53		0.31677	1.4359	40.0960076051	88.2765
3 3 1			0.01		-2.52		22.38		0.31677	0.5106	38.1558496662	33.1617
2 0 8			-0.04		-2.56		23.24		0.31693	0.1665	35.7565424018	1.5727
2 4 2			0.01		-2.55		23.06		0.31693	0.3828	40.8766170199	13.2501
7 1 1			0.01		-2.55		22.89		0.31693	0.5207	65.7483230412	25.2044
7 3 3			0.0		-2.54		22.84		0.31693	1.9283	72.601334037	69.5466
4 0 4			0.0		-2.54		22.81		0.31689	1.2165	39.0343929222	79.1487
3 3 11			-0.08		-2.62		24.66		0.31688	2.1204	58.6030846927	249.5822