HKL Value		Reward		TotalReward	Chi Squared	Z Appr. 	Error	Two-Thetas	Sfs2
3 3 9			0.0		0.0		0.0		0.3	0.3816	52.4524123761	12.0632
0 0 10			0.0		0.0		4.14		0.31842	0.8316	38.8438017949	41.7013
4 0 6			-0.97		-0.97		127.94		0.32229	5.3963	42.900258124	488.2208
0 2 12			0.43		-0.54		89.31		0.31769	0.3827	50.6142203783	17.5707
2 4 4			0.12		-0.42		79.77		0.31765	0.8182	43.1484985256	64.6996
6 0 6			0.25		-0.17		63.84		0.31758	1.0815	60.1501886982	39.9969
6 4 0			0.2		0.03		53.2		0.31758	1.8287	67.0910631577	58.6803
4 6 0			0.17		0.2		45.6		0.31758	0.7863	67.1083315067	59.4729
0 2 0			-0.01		0.2		45.84		0.31758	1.4407	17.6394681947	177.2483
0 6 6			0.12		0.32		40.75		0.31754	1.0147	60.183190367	40.9583
6 4 2			0.11		0.43		36.72		0.3175	0.2211	67.6401768609	4.8049
3 5 9			0.1		0.53		33.38		0.3175	0.4755	65.0802252419	19.5165
5 3 3			0.0		0.53		33.29		0.31767	0.9351	54.4936931553	89.9375
0 2 16			0.07		0.6		31.13		0.31894	1.8687	67.2407114996	13.8307
9 1 1			0.07		0.67		29.03		0.3189	0.8793	87.9915459652	19.6393
6 0 2			0.07		0.74		27.23		0.31887	0.2214	55.354768557	5.4487
0 6 2			0.06		0.8		25.69		0.31884	0.2356	55.3895592761	6.1752
5 3 9			0.06		0.86		24.18		0.31881	0.4833	65.0662013285	20.8409
3 3 3			0.01		0.87		23.98		0.31892	0.8081	39.7679129272	70.9373
5 1 11			-0.24		0.63		31.75		0.31897	3.2753	64.7131722767	203.727
2 2 16			0.05		0.68		30.16		0.31894	1.1693	70.1293332912	108.6018
2 0 6			0.02		0.7		29.46		0.31932	1.6278	29.1406672869	128.8477
4 6 2			0.05		0.75		28.16		0.31929	0.2349	67.657370766	5.5969
1 3 11			-0.26		0.49		37.99		0.31938	2.4293	52.0561920156	298.4303
5 1 3			0.02		0.51		37.3		0.31948	0.9592	47.5591860667	88.1873
0 0 20			0.04		0.55		35.85		0.31926	0.4542	83.3712939521	4.3689
2 2 10			0.04		0.59		34.48		0.31949	0.6429	46.7739448495	44.8949
0 4 10			0.04		0.63		33.23		0.31975	0.9893	53.7871001638	44.1425
0 6 10			0.04		0.66		32.06		0.31994	0.8527	69.1637693973	8.5049
0 4 20			0.03		0.69		31.24		0.31954	1.027	94.1654323607	18.6345
6 0 8			0.03		0.72		30.26		0.31967	2.9234	64.163237895	5.3359
6 2 8			-0.14		0.58		35.33		0.31986	3.3751	67.1207225085	222.106
0 4 16			0.03		0.61		34.23		0.32005	1.5557	75.7704700384	94.8658
7 3 5			-0.02		0.59		35.04		0.32024	1.0496	74.7140851895	88.0788
5 1 5			-0.05		0.54		36.94		0.3204	1.1901	50.2495039981	127.1383
3 1 15			0.03		0.56		35.91		0.32005	0.2871	67.3554895111	7.7692
2 4 10			0.03		0.59		34.91		0.31999	0.607	57.0555982332	12.0937
1 5 1			0.02		0.61		34.17		0.31996	0.4978	46.196563203	27.3004
3 3 15			0.02		0.64		33.42		0.31917	0.3402	73.0835579415	3.8877
2 0 14			0.02		0.66		32.73		0.31902	0.2634	58.6945218607	7.3942
6 0 10			0.03		0.68		31.93		0.31915	1.0728	69.1331306246	8.9056
1 5 9			0.02		0.71		31.23		0.31894	0.4394	58.984264935	17.7365
4 2 10			0.02		0.73		30.49		0.31896	1.1102	57.0442200735	11.3144
3 7 1			0.02		0.75		29.84		0.31895	1.2822	71.5694631273	22.2453
5 1 9			0.02		0.77		29.21		0.31879	0.4583	58.9619928854	19.0838
0 2 10			0.02		0.79		28.62		0.31863	0.4317	42.9590557724	21.0204
2 0 10			0.02		0.81		28.05		0.31848	0.6169	42.9543880851	20.236
2 0 16			0.02		0.83		27.61		0.31892	0.5935	67.2372591268	11.8907
4 2 14			0.02		0.85		27.09		0.31897	1.2576	70.6282605877	19.9713
0 0 16			0.02		0.87		26.54		0.3189	1.3342	64.286058028	116.6634
4 4 12			0.02		0.89		26.04		0.31906	1.9475	72.2035773977	130.2426
4 4 10			0.02		0.91		25.54		0.31911	0.6886	66.23802526	47.6672
5 5 1			0.02		0.93		25.09		0.3191	0.5073	65.769247456	23.9531
4 0 10			0.02		0.95		24.63		0.31919	0.6243	53.7713327333	45.2096
0 6 0			0.01		0.96		24.29		0.31919	1.4277	54.7714555341	59.4019
0 6 8			0.02		0.98		23.88		0.31923	0.7694	64.1950429677	5.6946
6 2 10			0.02		0.99		23.47		0.31934	0.7103	71.9901825081	43.9921
3 1 9			0.01		1.01		23.17		0.31914	0.36	45.2950695798	8.7768
6 0 0			0.01		1.02		22.85		0.31914	0.7256	54.7363985401	55.434
5 1 1			0.01		1.03		22.58		0.31912	0.5346	46.1701152	26.7419
3 1 3			0.0		1.03		22.56		0.31914	1.2003	30.3814370344	67.5761
0 4 6			-0.14		0.89		26.26		0.3194	3.7688	42.9189471786	481.9509
5 3 1			0.01		0.9		25.98		0.31939	0.5252	53.2386121167	32.835
3 1 7			-0.01		0.9		26.12		0.32005	0.257	39.2655360855	5.205
3 3 7			-0.01		0.89		26.43		0.32081	0.1558	47.1418707618	3.5073
2 4 14			0.01		0.9		26.06		0.32081	0.5221	70.6383718296	19.4111
7 3 1			0.01		0.92		25.7		0.32081	0.5095	71.5359286583	22.1332
0 2 14			0.01		0.92		25.47		0.32078	0.2479	58.6982494177	6.3292
2 4 6			0.01		0.94		25.11		0.3208	0.785	46.7364348384	64.2552
4 6 6			0.01		0.95		24.87		0.32072	1.1903	71.9781772466	41.9784
1 1 15			0.01		0.96		24.58		0.32087	0.656	61.3839959686	20.6242
1 3 15			0.01		0.97		24.25		0.32073	0.2862	67.3623786269	8.1809
1 1 9			0.0		0.97		24.22		0.32035	0.2216	37.1193146943	1.1702
4 2 6			0.01		0.99		23.9		0.32035	1.6049	46.7233273538	62.1975
4 2 12			-0.01		0.98		24.19		0.31946	0.2244	63.468523569	4.7972
4 4 4			0.0		0.98		24.17		0.31937	0.8476	53.9354251327	76.9211
2 0 12			0.01		0.98		24.02		0.31904	0.8079	50.6101057273	16.6151
0 2 20			0.0		0.99		23.98		0.31836	0.4494	86.0769303832	2.8517
1 3 9			0.01		0.99		23.77		0.31822	0.2622	45.3040218183	7.1674
2 6 10			0.01		1.01		23.49		0.3183	0.7069	72.0169435829	44.7171
0 0 22			0.01		1.02		23.22		0.3183	2.2765	94.0325860765	137.6091
0 2 18			0.01		1.02		23.06		0.31788	0.3755	76.3208597895	3.7538
1 7 1			0.01		1.03		22.86		0.31787	0.5219	65.7901743415	26.2984
4 2 0			0.01		1.04		22.74		0.31787	0.9287	40.0811891304	86.5118
5 3 11			-0.07		0.97		24.48		0.31787	1.8677	70.5420870211	204.0714
0 6 14			0.01		0.97		24.3		0.3179	0.9096	81.7552219026	27.2955
3 5 1			0.01		0.98		24.12		0.3179	0.5283	53.2544885252	31.9012
6 4 6			0.01		0.99		23.91		0.31785	0.9247	71.9614498967	41.9809
1 1 1			0.0		0.99		23.83		0.31784	0.5749	13.0194761966	56.7652
7 1 1			0.01		1.0		23.63		0.31783	0.5207	65.7483230412	25.2044
0 6 18			0.01		1.01		23.45		0.31754	0.7949	98.0280769063	1.8601
0 0 4			0.0		1.01		23.38		0.31749	0.8482	15.2869714585	59.1035
1 1 17			-0.07		0.94		25.2		0.31732	2.447	70.2810461715	248.4175
0 0 18			0.01		0.95		24.97		0.31714	0.6609	73.530655613	37.988
0 6 16			0.0		0.95		24.93		0.31734	0.4825	89.3859051251	7.6515
3 3 1			0.01		0.96		24.75		0.31734	0.5106	38.1558496662	33.1617
3 7 3			0.0		0.96		24.69		0.31735	0.8954	72.6346668965	71.6226
1 3 3			0.0		0.96		24.65		0.31736	0.7045	30.3940112777	66.1614
2 4 0			0.0		0.97		24.54		0.31736	1.4359	40.0960076051	88.2765
2 4 2			0.01		0.98		24.35		0.31736	0.3828	40.8766170199	13.2501
7 1 7			-0.01		0.97		24.52		0.31766	0.3505	72.2660298289	5.0526
5 5 7			-0.01		0.96		24.86		0.31804	0.6639	72.2860687267	4.3062