HKL Value		Reward		TotalReward	Chi Squared	Z Appr. 	Error	Two-Thetas	Sfs2
4 0 0			0.0		0.0		0.0		0.3	8.3901	35.6934066618	787.9925
1 1 17			0.0		0.0		539.18		0.29411	2.447	70.2810461715	248.4175
3 3 9			0.97		0.97		273.18		0.29398	0.3816	52.4524123761	12.0632
0 2 12			0.47		1.44		185.83		0.29405	0.3827	50.6142203783	17.5707
6 4 0			0.33		1.78		139.38		0.29405	1.8287	67.0910631577	58.6803
5 5 3			0.19		1.97		116.99		0.29465	0.8107	66.8760743485	64.1048
4 6 0			0.2		2.17		97.5		0.29464	0.7863	67.1083315067	59.4729
2 4 12			0.16		2.33		83.88		0.29458	0.2205	63.4791913795	4.8908
6 0 6			0.12		2.45		74.78		0.29589	1.0815	60.1501886982	39.9969
0 6 6			0.11		2.56		67.62		0.29721	1.0147	60.183190367	40.9583
6 4 2			0.11		2.67		60.86		0.29722	0.2211	67.6401768609	4.8049
4 6 2			0.1		2.77		55.33		0.29722	0.2349	67.657370766	5.5969
3 1 3			0.04		2.81		53.05		0.29781	1.2003	30.3814370344	67.5761
3 5 9			0.06		2.87		49.93		0.29825	0.4755	65.0802252419	19.5165
0 6 2			0.07		2.95		46.47		0.29816	0.2356	55.3895592761	6.1752
4 6 6			0.07		3.02		43.48		0.29901	1.1903	71.9781772466	41.9784
9 1 1			0.07		3.08		40.8		0.29893	0.8793	87.9915459652	19.6393
5 3 9			0.04		3.13		39.17		0.29966	0.4833	65.0662013285	20.8409
0 0 20			-0.03		3.09		40.5		0.28732	0.4542	83.3712939521	4.3689
6 0 2			0.05		3.15		38.4		0.28731	0.2214	55.354768557	5.4487
2 2 16			-0.03		3.12		39.48		0.28791	1.1693	70.1293332912	108.6018
1 3 7			-0.29		2.83		55.5		0.28878	0.1893	39.2755843192	5.3372
1 1 13			0.05		2.88		53.04		0.28846	0.3722	52.9310122384	10.9703
2 4 10			0.04		2.92		51.01		0.28806	0.607	57.0555982332	12.0937
0 4 10			0.03		2.95		49.45		0.28737	0.9893	53.7871001638	44.1425
6 0 10			0.03		2.98		47.91		0.28657	1.0728	69.1331306246	8.9056
6 0 8			0.04		3.02		46.15		0.28664	2.9234	64.163237895	5.3359
2 2 10			0.03		3.05		44.74		0.28586	0.6429	46.7739448495	44.8949
1 5 9			0.03		3.08		43.54		0.28581	0.4394	58.984264935	17.7365
0 4 16			-0.01		3.07		43.85		0.28656	1.5557	75.7704700384	94.8658
2 0 14			0.03		3.11		42.4		0.28659	0.2634	58.6945218607	7.3942
0 4 20			0.03		3.14		41.03		0.28658	1.027	94.1654323607	18.6345
1 3 9			0.03		3.17		39.81		0.28653	0.2622	45.3040218183	7.1674
5 1 9			0.02		3.19		38.97		0.28649	0.4583	58.9619928854	19.0838
4 2 10			0.03		3.22		37.95		0.28606	1.1102	57.0442200735	11.3144
3 7 1			0.03		3.25		36.88		0.28605	1.2822	71.5694631273	22.2453
2 0 10			0.03		3.28		35.86		0.28608	0.6169	42.9543880851	20.236
0 2 10			0.03		3.3		34.89		0.28613	0.4317	42.9590557724	21.0204
0 2 16			0.02		3.32		34.14		0.286	1.8687	67.2407114996	13.8307
2 0 16			0.02		3.35		33.4		0.28587	0.5935	67.2372591268	11.8907
1 3 5			-0.08		3.26		36.4		0.28574	3.1323	34.189462707	190.138
0 0 16			-0.02		3.24		37.2		0.28633	1.3342	64.286058028	116.6634
0 2 2			0.02		3.26		36.64		0.28631	0.4614	19.2417464495	36.8131
0 4 18			-0.05		3.21		38.68		0.2904	0.8369	84.5238780681	17.4513
5 5 1			0.02		3.23		37.81		0.2904	0.5073	65.769247456	23.9531
4 4 10			0.01		3.24		37.3		0.29018	0.6886	66.23802526	47.6672
4 0 10			0.01		3.25		36.89		0.28993	0.6243	53.7713327333	45.2096
0 0 10			0.01		3.26		36.5		0.28967	0.8316	38.8438017949	41.7013
3 3 1			0.02		3.28		35.84		0.28966	0.5106	38.1558496662	33.1617
0 6 0			0.02		3.3		35.24		0.28966	1.4277	54.7714555341	59.4019
0 6 8			0.02		3.32		34.56		0.28968	0.7694	64.1950429677	5.6946
6 2 10			0.01		3.33		34.26		0.28943	0.7103	71.9901825081	43.9921
2 2 4			0.02		3.35		33.63		0.2894	0.7551	29.4672289371	73.6026
0 6 10			0.01		3.36		33.35		0.28909	0.8527	69.1637693973	8.5049
5 3 3			-0.01		3.35		33.56		0.28915	0.9351	54.4936931553	89.9375
7 3 1			0.02		3.37		32.96		0.28915	0.5095	71.5359286583	22.1332
3 1 9			0.02		3.38		32.43		0.28912	0.36	45.2950695798	8.7768
4 2 14			0.02		3.4		31.88		0.28909	1.2576	70.6282605877	19.9713
3 5 7			-0.14		3.26		37.16		0.28953	0.2309	60.5203777188	5.6046
6 2 0			-0.1		3.16		41.31		0.28953	4.3933	57.9728440251	566.5186
1 3 15			0.02		3.17		40.7		0.28953	0.2862	67.3623786269	8.1809
6 0 0			0.01		3.19		40.1		0.28953	0.7256	54.7363985401	55.434
3 1 15			0.01		3.2		39.52		0.28953	0.2871	67.3554895111	7.7692
0 2 14			0.02		3.22		38.9		0.28953	0.2479	58.6982494177	6.3292
3 3 15			0.02		3.23		38.32		0.28953	0.3402	73.0835579415	3.8877
2 4 14			0.02		3.25		37.75		0.2895	0.5221	70.6383718296	19.4111
4 2 4			-0.0		3.25		37.79		0.28944	0.7624	43.1345383828	64.2766
4 4 12			-0.01		3.24		38.22		0.28936	1.9475	72.2035773977	130.2426
5 3 1			0.01		3.25		37.73		0.28935	0.5252	53.2386121167	32.835
4 0 12			-0.02		3.23		38.61		0.28927	2.7435	60.4154589103	161.2613
0 0 22			-0.01		3.21		39.18		0.28857	2.2765	94.0325860765	137.6091
3 5 11			-0.02		3.19		39.9		0.28795	1.8915	70.5555824797	206.4699