HKL Value		Reward		TotalReward	Chi Squared	Z Appr. 	Error	Two-Thetas	Sfs2
1 0 7			0.0		0.0		0.0		0.5	0.54	48.0896902272	2.8781
3 0 0			0.0		0.0		0.01		0.44563	0.45	42.9814560157	0.0
2 0 5			1.0		1.0		0.01		0.44563	5.26	43.4052500519	0.0
1 0 0			0.5		1.5		0.0		0.44563	0.0	14.0285801003	0.0
2 0 7			0.33		1.83		0.0		0.44563	4.16	54.6555056564	0.0
4 0 4			-0.92		0.91		0.03		0.43867	0.13	64.9051128666	1.7476
3 0 6			0.2		1.11		0.03		0.43867	0.11	59.366558438	0.0
3 0 7			-0.05		1.06		0.03		0.44066	0.18	64.5726747292	2.8781
4 0 3			0.14		1.21		0.03		0.44066	0.29	62.1413926063	0.0
0 0 7			0.12		1.33		0.02		0.44066	0.2	45.7499157105	0.0
2 0 1			0.11		1.44		0.02		0.44066	0.15	29.01034049	0.0
0 1 6			-0.75		0.69		0.09		0.45369	0.0	47.2608104201	2.0239
1 0 4			0.09		0.78		0.08		0.45367	0.08	29.3672081998	0.0
1 0 8			0.08		0.87		0.07		0.45367	0.24	54.8685935926	0.0
3 1 0			0.08		0.94		0.07		0.45367	0.86	50.7823995615	0.002
3 0 8			0.07		1.01		0.06		0.45367	0.3	70.3147352648	0.0
2 0 3			0.07		1.08		0.06		0.45367	0.09	34.3920319457	0.0
0 0 3			0.06		1.14		0.06		0.45367	0.03	19.1797885945	0.0
4 0 5			0.06		1.2		0.05		0.45367	0.26	68.3700248267	0.0
1 0 6			0.06		1.26		0.05		0.45367	0.25	41.5701214249	0.0
3 0 4			0.05		1.31		0.05		0.45367	0.64	50.7360354343	0.0
1 1 3			-0.52		0.79		0.1		0.45343	0.54	35.3770121777	12.6586
4 1 3			0.05		0.83		0.09		0.45343	0.15	68.408649436	0.0043
3 0 2			0.05		0.88		0.09		0.45343	0.46	45.0164041053	0.0
4 0 1			0.04		0.92		0.09		0.45343	0.27	58.8934376912	0.0
3 1 4			0.03		0.96		0.08		0.45338	0.33	57.7518627408	0.9567
1 1 2			0.04		1.0		0.08		0.45334	0.52	32.1995090242	11.6912
3 1 2			0.04		1.03		0.08		0.45332	0.11	52.5840292854	11.6912
2 2 3			0.0		1.04		0.08		0.45267	0.31	64.6616050849	6.6891
-1 -1 2			0.04		1.08		0.07		0.45267	0.13	32.1995090242	11.6912
-1 -1 -2			0.03		1.11		0.07		0.45267	0.31	32.1995090242	11.6912
0 1 7			-0.0		1.11		0.07		0.45204	0.26	53.2385720724	8.4036
1 1 4			0.03		1.13		0.07		0.452	0.3	39.4492672371	0.9567
2 1 7			-0.0		1.13		0.07		0.45134	0.57	61.3678684761	8.4036
0 1 5			0.0		1.13		0.07		0.45088	0.34	41.7114803244	7.6693
1 1 6			0.03		1.16		0.07		0.45077	0.38	49.5460147793	8.8974
1 -1 2			0.03		1.19		0.07		0.4508	0.39	32.1995090242	11.6912
-2 0 4			-0.1		1.09		0.07		0.45006	0.22	38.5541558059	1.7476
4 1 1			0.02		1.11		0.07		0.45005	0.21	65.3342299592	0.4263
4 1 5			0.01		1.12		0.07		0.44963	1.53	74.3771604481	7.6693
1 2 6			0.01		1.13		0.07		0.44888	0.11	69.4566609057	1.2895
2 1 1			0.02		1.15		0.07		0.44888	0.13	39.1745550983	0.4263
3 0 1			-0.02		1.13		0.07		0.44881	0.76	43.4972935008	0.0644
2 2 5			-0.0		1.13		0.07		0.44979	0.26	70.7747179536	2.8196
3 2 3			-0.13		0.99		0.08		0.44982	1.08	73.8091166097	1.7896