HKL Value		Reward		TotalReward	Chi Squared	Z Appr. 	Error	Two-Thetas	Sfs2
3 0 0			0.0		0.0		0.0		0.5	0.45	42.9814560157	0.0
2 0 5			0.0		0.0		0.0		0.07722	5.26	43.4052500519	0.0
1 1 5			-1.0		-1.0		0.0		0.62322	3.06	44.2189644299	8.5457
3 1 4			-1.0		-2.0		0.0		0.62331	0.33	57.7518627408	0.9567
1 0 0			0.33		-1.67		0.0		0.62331	0.0	14.0285801003	0.0
-1 -1 2			-1.0		-2.66		0.47		0.62702	0.13	32.1995090242	11.6912
2 0 7			0.2		-2.46		0.39		0.62702	4.16	54.6555056564	0.0
3 0 6			0.17		-2.3		0.34		0.62702	0.11	59.366558438	0.0
4 0 3			0.14		-2.15		0.29		0.62702	0.29	62.1413926063	0.0
0 0 7			0.13		-2.03		0.26		0.62702	0.2	45.7499157105	0.0
2 0 1			0.11		-1.92		0.23		0.62702	0.15	29.01034049	0.0
1 0 4			0.1		-1.82		0.21		0.62702	0.08	29.3672081998	0.0
1 0 8			0.09		-1.73		0.2		0.62702	0.24	54.8685935926	0.0
2 0 3			0.08		-1.64		0.18		0.62702	0.09	34.3920319457	0.0
0 0 3			0.08		-1.57		0.17		0.62702	0.03	19.1797885945	0.0
4 0 5			0.07		-1.5		0.16		0.62702	0.26	68.3700248267	0.0
1 0 6			0.07		-1.43		0.15		0.62702	0.25	41.5701214249	0.0
3 0 4			0.06		-1.37		0.14		0.62702	0.64	50.7360354343	0.0
3 0 2			0.06		-1.31		0.13		0.62702	0.46	45.0164041053	0.0
3 0 8			0.06		-1.25		0.12		0.62702	0.3	70.3147352648	0.0
3 0 3			0.69		-0.56		0.07		0.52475	0.33	47.4629609511	3.2424
4 0 1			0.05		-0.51		0.07		0.52475	0.27	58.8934376912	0.0
3 1 0			0.05		-0.46		0.07		0.52475	0.86	50.7823995615	0.002
1 1 4			-0.02		-0.49		0.07		0.52469	0.3	39.4492672371	0.9567
4 1 1			0.03		-0.45		0.07		0.5247	0.21	65.3342299592	0.4263
2 1 1			0.03		-0.42		0.06		0.5247	0.13	39.1745550983	0.4263
3 1 5			0.04		-0.39		0.06		0.52609	0.09	61.4399691436	8.5457
4 1 3			-0.22		-0.61		0.08		0.52332	0.15	68.408649436	0.0043
1 2 6			-0.4		-1.01		0.13		0.50761	0.11	69.4566609057	1.2895
1 -1 2			-0.12		-1.13		0.15		0.50526	0.39	32.1995090242	11.6912