HKL Value		Reward		TotalReward	Chi Squared	Z Appr. 	Error	Two-Thetas	Sfs2
3 3 7			0.0		0.0		0.0		0.3	0.1558	47.1418707618	3.5073
6 2 10			0.0		0.0		14.21		0.33049	0.7103	71.9901825081	43.9921
0 0 16			-2.67		-2.67		16.88		0.32468	1.3342	64.286058028	116.6634
6 0 8			2.75		0.08		11.38		0.32483	2.9234	64.163237895	5.3359
4 6 0			1.42		1.5		8.54		0.32483	0.7863	67.1083315067	59.4729
7 1 7			0.04		1.54		8.46		0.32627	0.3505	72.2660298289	5.0526
0 6 8			0.7		2.24		7.05		0.32632	0.7694	64.1950429677	5.6946
6 4 0			0.5		2.75		6.05		0.32632	1.8287	67.0910631577	58.6803
4 6 2			0.3		3.04		5.46		0.32627	0.2349	67.657370766	5.5969
6 4 2			0.25		3.29		4.95		0.32624	0.2211	67.6401768609	4.8049
2 0 14			0.06		3.35		4.83		0.32698	0.2634	58.6945218607	7.3942
1 5 5			-8.24		-4.88		13.07		0.32751	1.8923	50.2743192378	127.3636
2 2 4			-1.46		-6.34		14.53		0.32688	0.7551	29.4672289371	73.6026
0 2 14			0.39		-5.95		13.75		0.32787	0.2479	58.6982494177	6.3292
1 7 7			0.41		-5.54		12.93		0.32846	0.4353	72.3061031614	6.1143
0 6 2			0.33		-5.21		12.27		0.32845	0.2356	55.3895592761	6.1752
6 0 2			0.3		-4.91		11.66		0.32844	0.2214	55.354768557	5.4487
2 4 0			-0.13		-5.03		11.79		0.32844	1.4359	40.0960076051	88.2765
3 5 7			0.24		-4.8		11.31		0.32908	0.2309	60.5203777188	5.6046
1 5 1			0.07		-4.73		11.17		0.32902	0.4978	46.196563203	27.3004
5 3 7			0.21		-4.52		10.76		0.32957	0.2523	60.5057581853	5.4388
1 5 7			0.18		-4.34		10.39		0.3301	0.6035	54.1236034243	4.2528
5 1 7			0.18		-4.16		10.04		0.33055	0.2609	54.1000446603	4.252
4 2 8			0.17		-3.99		9.7		0.33092	0.7605	51.4203212226	2.5419
2 4 8			0.16		-3.83		9.38		0.33128	0.1687	51.4325245866	2.4593
1 3 13			0.17		-3.66		9.03		0.33102	0.3907	59.4200243294	11.5335
3 3 13			0.17		-3.49		8.69		0.33092	0.5636	65.4922780779	9.1158
1 5 13			0.14		-3.34		8.4		0.33069	1.1973	71.2966048402	12.6128
1 1 13			0.14		-3.2		8.12		0.33054	0.3722	52.9310122384	10.9703
3 1 13			0.13		-3.07		7.86		0.3304	0.3869	59.4126405656	11.7895
5 1 13			0.13		-2.94		7.61		0.33029	0.4567	71.2764535317	11.3258
0 6 6			0.1		-2.85		7.41		0.33027	1.0147	60.183190367	40.9583
4 2 6			0.12		-2.73		7.18		0.33027	1.6049	46.7233273538	62.1975
3 1 7			0.07		-2.66		7.05		0.33051	0.257	39.2655360855	5.205
6 0 6			0.07		-2.59		6.91		0.33049	1.0815	60.1501886982	39.9969
1 3 7			0.06		-2.53		6.78		0.3307	0.1893	39.2755843192	5.3372
2 4 6			0.09		-2.43		6.59		0.3307	0.785	46.7364348384	64.2552
0 6 16			0.04		-2.39		6.51		0.33057	0.4825	89.3859051251	7.6515
9 1 1			0.05		-2.34		6.4		0.33056	0.8793	87.9915459652	19.6393
1 1 15			0.07		-2.27		6.27		0.33047	0.656	61.3839959686	20.6242
7 3 1			0.03		-2.24		6.2		0.33044	0.5095	71.5359286583	22.1332
0 6 10			0.03		-2.21		6.14		0.33035	0.8527	69.1637693973	8.5049
3 7 1			0.03		-2.18		6.08		0.33033	1.2822	71.5694631273	22.2453
5 5 1			0.03		-2.15		6.02		0.33031	0.5073	65.769247456	23.9531
6 0 10			0.02		-2.12		5.97		0.33021	1.0728	69.1331306246	8.9056
6 0 0			0.01		-2.11		5.94		0.33021	0.7256	54.7363985401	55.434
2 0 16			0.0		-2.11		5.93		0.33	0.5935	67.2372591268	11.8907
5 3 9			0.01		-2.09		5.91		0.32992	0.4833	65.0662013285	20.8409
4 2 10			0.0		-2.09		5.9		0.32982	1.1102	57.0442200735	11.3144
2 4 14			-0.0		-2.09		5.9		0.32961	0.5221	70.6383718296	19.4111
4 2 14			-0.01		-2.1		5.91		0.32942	1.2576	70.6282605877	19.9713
0 2 16			-0.0		-2.1		5.91		0.32922	1.8687	67.2407114996	13.8307