HKL Value		Reward		TotalReward	Chi Squared	Z Appr. 	Error	Two-Thetas	Sfs2
1 0 4			0.0		0.0		0.0		0.5	0.08	29.3672081998	0.0
2 0 1			0.0		0.0		0.0		0.49991	0.15	29.01034049	0.0
1 0 0			0.94		0.94		0.0		0.49991	0.0	14.0285801003	0.0
3 0 2			0.45		1.39		0.0		0.49991	0.46	45.0164041053	0.0
1 0 8			-0.3		1.09		0.0		0.49991	0.24	54.8685935926	0.0
0 1 8			-1.0		0.09		0.0		0.51305	2.05	59.6041295708	7.5134
4 0 3			0.2		0.29		0.0		0.51305	0.29	62.1413926063	0.0
0 0 3			0.17		0.45		0.0		0.51305	0.03	19.1797885945	0.0
3 2 0			-1.0		-0.55		0.02		0.51305	0.67	70.467230504	2.2538
3 0 0			0.12		-0.42		0.02		0.51305	0.45	42.9814560157	0.0
2 1 7			-0.82		-1.24		0.1		0.50598	0.57	61.3678684761	8.4036
3 0 4			0.1		-1.14		0.09		0.50598	0.64	50.7360354343	0.0
0 0 -8			-0.01		-1.15		0.09		0.50165	0.38	52.7511004195	15.5355
0 0 7			0.08		-1.07		0.08		0.50165	0.2	45.7499157105	0.0
2 0 3			0.08		-0.99		0.08		0.50165	0.09	34.3920319457	0.0
4 0 1			0.07		-0.92		0.07		0.50165	0.27	58.8934376912	0.0
3 1 1			-0.14		-1.06		0.08		0.50184	0.22	51.2370468789	1.4731
3 0 6			0.06		-1.0		0.08		0.50184	0.11	59.366558438	0.0
4 0 5			0.06		-0.94		0.08		0.50184	0.26	68.3700248267	0.0
2 0 7			0.06		-0.88		0.07		0.50184	4.16	54.6555056564	0.0
2 0 5			0.05		-0.83		0.07		0.50184	5.26	43.4052500519	0.0
3 0 8			0.05		-0.78		0.06		0.50184	0.3	70.3147352648	0.0
1 0 6			0.05		-0.73		0.06		0.50184	0.25	41.5701214249	0.0
3 1 0			0.04		-0.69		0.06		0.50184	0.86	50.7823995615	0.002
3 1 4			-0.02		-0.71		0.06		0.50178	0.33	57.7518627408	0.9567
2 1 1			0.03		-0.68		0.06		0.50178	0.13	39.1745550983	0.4263
1 1 4			-0.02		-0.7		0.06		0.50173	0.3	39.4492672371	0.9567
4 1 1			0.03		-0.67		0.06		0.50173	0.21	65.3342299592	0.4263
1 1 6			-0.54		-1.21		0.13		0.50142	0.38	49.5460147793	8.8974
3 0 7			0.96		-0.25		0.06		0.44422	0.18	64.5726747292	2.8781
4 0 0			-0.43		-0.67		0.11		0.44422	0.08	58.4798162983	46.4355
3 1 7			-0.05		-0.72		0.12		0.44221	0.32	70.7276559911	1.1017
3 1 2			0.03		-0.69		0.11		0.44233	0.11	52.5840292854	11.6912
0 1 5			0.03		-0.66		0.11		0.44221	0.34	41.7114803244	7.6693
4 1 5			0.03		-0.64		0.11		0.4421	1.53	74.3771604481	7.6693
3 2 1			-0.12		-0.75		0.12		0.44213	0.17	70.8417473216	1.0468
1 2 7			-0.01		-0.76		0.12		0.44249	0.71	74.291810142	3.5836
0 2 7			-0.01		-0.77		0.12		0.44397	0.0	72.5085769296	0.0094