HKL Value		Reward		TotalReward	Chi Squared	Z Appr. 	Error	Two-Thetas	Sfs2
1 0 4			0.0		0.0		0.0		0.5	0.08	29.3672081998	0.0
2 0 1			0.0		0.0		0.0		0.49991	0.15	29.01034049	0.0
1 0 0			0.94		0.94		0.0		0.49991	0.0	14.0285801003	0.0
3 0 2			0.45		1.39		0.0		0.49991	0.46	45.0164041053	0.0
1 0 8			-0.3		1.09		0.0		0.49991	0.24	54.8685935926	0.0
4 0 3			0.24		1.33		0.0		0.49991	0.29	62.1413926063	0.0
0 0 3			0.03		1.36		0.0		0.49991	0.03	19.1797885945	0.0
4 1 4			-1.0		0.36		0.04		0.45112	0.37	71.0458443611	0.4076
3 0 0			0.14		0.51		0.04		0.45112	0.45	42.9814560157	0.0
3 0 4			0.13		0.63		0.03		0.45112	0.64	50.7360354343	0.0
0 0 7			0.11		0.74		0.03		0.45112	0.2	45.7499157105	0.0
4 0 1			0.1		0.84		0.03		0.45112	0.27	58.8934376912	0.0
2 0 3			0.09		0.93		0.03		0.45112	0.09	34.3920319457	0.0
3 0 6			0.08		1.02		0.02		0.45112	0.11	59.366558438	0.0
4 0 5			0.08		1.09		0.02		0.45112	0.26	68.3700248267	0.0
2 0 7			0.07		1.16		0.02		0.45112	4.16	54.6555056564	0.0
3 0 8			0.07		1.23		0.02		0.45112	0.3	70.3147352648	0.0
2 0 5			0.06		1.29		0.02		0.45112	5.26	43.4052500519	0.0
1 0 6			0.06		1.35		0.02		0.45112	0.25	41.5701214249	0.0
2 1 1			-0.0		1.35		0.02		0.45112	0.13	39.1745550983	0.4263
3 1 0			0.05		1.4		0.02		0.45112	0.86	50.7823995615	0.002
1 1 4			0.01		1.41		0.02		0.4507	0.3	39.4492672371	0.9567
3 1 4			0.01		1.42		0.02		0.45028	0.33	57.7518627408	0.9567
4 1 1			-0.01		1.41		0.02		0.45028	0.21	65.3342299592	0.4263
3 0 7			-0.01		1.4		0.02		0.44835	0.18	64.5726747292	2.8781
4 1 3			0.04		1.44		0.02		0.44835	0.15	68.408649436	0.0043
4 1 5			-0.05		1.39		0.02		0.44639	1.53	74.3771604481	7.6693
0 1 5			-0.02		1.37		0.02		0.44485	0.34	41.7114803244	7.6693
3 1 2			0.02		1.39		0.02		0.44543	0.11	52.5840292854	11.6912
1 2 7			-0.14		1.25		0.02		0.44764	0.71	74.291810142	3.5836
0 2 7			-0.01		1.24		0.02		0.44926	0.0	72.5085769296	0.0094
1 1 2			0.03		1.27		0.02		0.44938	0.52	32.1995090242	11.6912
2 0 4			-0.31		0.96		0.03		0.44776	0.23	38.5541558059	1.7476
1 2 6			0.01		0.98		0.03		0.44697	0.11	69.4566609057	1.2895
1 1 6			0.02		1.0		0.03		0.44735	0.38	49.5460147793	8.8974
-1 -1 2			0.02		1.02		0.03		0.44747	0.13	32.1995090242	11.6912
3 0 1			-0.1		0.92		0.03		0.44739	0.76	43.4972935008	0.0644
3 1 5			-0.44		0.48		0.05		0.4441	0.09	61.4399691436	8.5457
0 1 7			0.02		0.5		0.05		0.44396	0.26	53.2385720724	8.4036
-1 -1 -2			0.02		0.52		0.05		0.44407	0.31	32.1995090242	11.6912
2 1 7			0.02		0.55		0.05		0.44394	0.57	61.3678684761	8.4036
0 0 4			-0.07		0.47		0.05		0.44334	0.08	25.6679215219	1.7476
3 2 4			-0.01		0.47		0.05		0.44292	0.0	76.369138646	3.3351
2 2 5			-0.08		0.39		0.06		0.44394	0.26	70.7747179536	2.8196