HKL Value		Reward		TotalReward	Chi Squared	Z Appr. 	Error	Two-Thetas	Sfs2
1 0 4			0.0		0.0		0.0		0.5	0.08	29.3672081998	0.0
2 0 1			0.0		0.0		0.0		0.49991	0.15	29.01034049	0.0
1 0 8			0.01		0.01		0.0		0.49991	0.24	54.8685935926	0.0
1 0 0			0.48		0.49		0.0		0.49991	0.0	14.0285801003	0.0
3 0 2			0.31		0.8		0.0		0.49991	0.46	45.0164041053	0.0
4 0 3			0.24		1.04		0.0		0.49991	0.29	62.1413926063	0.0
2 0 3			-0.51		0.54		0.0		0.49991	0.09	34.3920319457	0.0
4 0 2			-1.0		-0.46		0.0		0.58213	0.26	60.1237214722	5.5981
0 0 3			0.14		-0.32		0.0		0.58213	0.03	19.1797885945	0.0
0 0 7			0.12		-0.2		0.0		0.58213	0.2	45.7499157105	0.0
3 1 1			-1.0		-1.2		0.0		0.58431	0.22	51.2370468789	1.4731
3 0 3			-0.95		-2.15		0.03		0.55166	0.33	47.4629609511	3.2424
4 0 5			0.09		-2.06		0.03		0.55166	0.26	68.3700248267	0.0
2 0 7			0.08		-1.97		0.03		0.55166	4.16	54.6555056564	0.0
3 0 8			0.08		-1.9		0.03		0.55166	0.3	70.3147352648	0.0
4 0 1			0.07		-1.83		0.02		0.55166	0.27	58.8934376912	0.0
1 0 6			0.07		-1.76		0.02		0.55166	0.25	41.5701214249	0.0
3 0 4			0.06		-1.7		0.02		0.55166	0.64	50.7360354343	0.0
3 0 0			0.06		-1.64		0.02		0.55166	0.45	42.9814560157	0.0
1 1 3			-0.35		-1.99		0.03		0.54322	0.54	35.3770121777	12.6586
3 0 6			0.05		-1.94		0.03		0.54322	0.11	59.366558438	0.0
3 1 7			-0.1		-2.04		0.03		0.53799	0.32	70.7276559911	1.1017
2 0 5			0.05		-1.99		0.03		0.53799	5.26	43.4052500519	0.0
2 0 -4			-0.73		-2.72		0.12		0.52072	0.31	38.5541558059	1.7476
2 1 1			0.04		-2.68		0.11		0.52072	0.13	39.1745550983	0.4263
3 1 0			0.04		-2.64		0.11		0.52072	0.86	50.7823995615	0.002
4 1 3			-0.1		-2.74		0.12		0.51897	0.15	68.408649436	0.0043
3 0 7			-0.76		-3.5		0.51		0.5674	0.18	64.5726747292	2.8781
1 1 4			0.03		-3.47		0.49		0.56746	0.3	39.4492672371	0.9567
4 1 5			-0.1		-3.57		0.55		0.56722	1.53	74.3771604481	7.6693
2 0 4			-0.32		-3.88		0.8		0.56178	0.23	38.5541558059	1.7476
0 1 5			-0.04		-3.93		0.84		0.56096	0.34	41.7114803244	7.6693