Number of epochs: 409e+00
-6.424103257707444392e+00
3.485500198393460813e-01
-2.031511987541463615e-01
-3.060940095784486914e+01
1.917669281235104273e-02
-1.973843075543550540e+01
-6.363934721284451257e+01
3.075441982526852872e-02
-1.943629542200207538e+01
2.638797388223126372e-01
1.196771805016347140e-01
-1.105764477091961417e+01
1.291718282172726329e-01
-1.519587643922527126e-02
1.469669220421024151e-02
7.848273378360268171e-02
1.944260437445417822e-01
1.635820597800593801e-01
2.165415865356715847e-02
1.414706718354552806e-01
3.429457649493289351e-02
4.127866429086975431e-01
1.537968711996322013e-01
6.402736265174949204e-02
1.243657873831433697e-01
1.331467527231283976e-01
1.486373600817309792e-01
-2.858592071321535144e-01
-8.686343602994753971e-03
-2.178328950486373650e+00
2.043446950258876738e-01
-2.184226769585099343e-02
-1.534020205160217643e+00
2.491515023743672841e-01
-2.621258481156055531e+00
-2.486497006416718225e+00
2.118926798522114963e-01
-1.422282509441150200e+00
5.795106510886565143e-01
3.934011739421922060e-01
-1.404626170975857313e+01
3.892704340186528000e-01
2.765605781121615279e-03
-1.715860104570436917e-01
2.907483273161500653e-02
-4.410232434819943287e-02
-5.676922683088170968e-02
-4.104756587851124405e-02
-1.687477881978843297e-01
-1.690607459104649657e-01
-6.166893060046797492e-01
-3.278502777750699204e-01
-2.763178808208284210e-01
-8.565404588543071296e-02
-2.698268476950567429e-02
-1.009404847471119353e-02
-1.085368543742009750e+00
-2.465448975064358714e-02
-2.403052101922303230e+00
-1.394216679372465251e+01
-7.211268143939264519e-02
-1.985424809711607563e-01
-2.460344410280350391e-02
-2.494852570762767091e-02
-1.811139344229359516e+00
1.100648434137162408e-02
-6.334298790143949587e-02
-1.883090931141399027e-01
6.992770641428873446e-02
-5.338438832157446079e-01
-2.414964231188074351e+00
-1.373866240208844403e+00
-2.970954749689582730e+00
-3.457147750481913695e-01
-7.853637629924262953e+00
-1.108898407113270146e+00
-1.652179697329788866e+01
-4.624757229813952764e-01
-7.712732542961706628e-01
-3.714732951420176121e+00
-4.981151445729922855e+00
-1.117027467437960553e+00
-1.299051180722648358e+00
-9.302996748185545783e+00
-3.300313470591043075e-02
-3.901333173688577460e+00
9.479151983002148674e-02
-3.876722697385003025e-02
-9.936465297012057363e+01
9.440684137225653638e-02
-1.986704545276956946e+00
-7.488375401644572271e+00
-1.738559167559797558e+00
-8.761260482203491406e+00
1.869914547314687758e-01
1.519888000781413062e-01
-1.068162514892875947e+01
1.276036747902924429e-01
-2.622134545798828764e+00
-2.084228646199072443e+00
-1.054866996016706610e-01
-1.855418767828250992e+00
-1.352570479920549573e-01
-1.359307328160923367e+00
-2.166945194494857840e-01
-7.603081111552459359e-02
-1.231252040641600987e+00
-1.071568331483037984e+00
-3.255498207863369853e-01
-1.616747863737546087e+00
-1.248024900012219440e+00
-2.852938430397770730e+00
3.329119076711465897e-01
-4.789355706572958615e-01
-3.647385634829191758e+00
-4.560902632563202524e-02
-1.469870373127143637e+00
-2.903927223417557713e+00
-4.590420783077924644e-02
-5.678390149510445184e+00
3.899634244448155207e-01
-5.698726003068758317e+00
6.862328785706559131e+00
1.086363117964719016e-01
1.034450340794474954e-01
1.230914767692174866e-01
1.132516806359515904e-01
1.170246843405363529e-01
1.008940253466064502e-01
-1.040513928468674854e-01
5.619313472058455605e-02
1.079849457601090440e-01
-1.205983102828966091e-01
5.770818254251858237e-02
1.841582280884425105e-01
7.754822058622505565e-02
8.084109471568681760e-02
5.628208081708407223e-02
-1.004827612631735007e-01
7.805549281594520439e-02
6.387485408337925663e-02
5.230360795722988759e-02
5.668949348181158421e-02
-5.269002173456647675e+00
-4.054500140947474129e+00
-1.581328505976749454e+00
-4.159151463396586479e+00
-3.292128699055774099e+00
-3.952833798463042392e+00
-7.889057309517966132e-01
-4.914660504570683486e+00
-3.851471683864643447e-01
9.390870533121016550e-02
-6.331356457030299367e-01
-1.188047636684256003e-01
9.787979125198045804e-02
-1.828678238963464153e+00
1.981161560004867928e-01
-1.336543696473484033e+00
5.486641187931162733e-01
-7.154897238151054495e-01
-4.090659777145620735e-02
-7.896313873221787460e-01
-2.043049373835306159e-01
-3.403878871918744053e-01
-2.576276860228942089e-01
-9.483966690296824487e-01
-8.735360574701661607e-02
-3.315804758927978213e-01
8.586317803747398614e-01
-2.393782205667676521e+00
9.654627979776142510e-02
-1.966399393584548960e+00
4.114814650317123040e-02
-6.823012105802992444e-01
4.786942421977237461e-02
4.548550344405852264e-02
1.868242979762163858e-01
6.350954713301830701e-01
1.565580640995855866e-01
1.209693329639322634e+00
8.345624941809273722e-02
1.629118447491213068e-02
3.546612652776349323e-02
3.381898810332454458e-02
3.196666099772928205e-02
2.030382161031081267e-01
-3.275745271643744072e+00
3.722990853968815017e+00
1.355774578308698020e-01
-5.519154578701401109e-03
1.822483297071708197e+00
-3.215976119686734247e-01
3.900305421865858380e-01
-1.932271357684165469e-01
-4.526634370797660289e-01
-4.248645203864545583e-02
