HKL Value		Reward		TotalReward	Chi Squared	Z Appr. 	Error	Two-Thetas	Sfs2
1 2 7			0.0		0.0		0.0		0.5	0.71	74.291810142	3.5836
0 0 3			0.0		0.0		0.0		0.5226	0.03	19.1797885945	0.0
3 0 0			1.0		1.0		0.0		0.5226	0.45	42.9814560157	0.0
4 0 3			0.5		1.5		0.0		0.5226	0.29	62.1413926063	0.0
0 0 -8			-1.0		0.5		0.02		0.50008	0.38	52.7511004195	15.5355
0 1 4			-0.97		-0.47		0.76		0.48782	0.09	36.6772811508	0.4076
3 0 2			0.2		-0.27		0.63		0.48782	0.46	45.0164041053	0.0
0 1 5			0.14		-0.12		0.55		0.48837	0.34	41.7114803244	7.6693
1 0 0			0.14		0.02		0.48		0.48837	0.0	14.0285801003	0.0
2 0 1			0.13		0.14		0.43		0.48837	0.15	29.01034049	0.0
3 1 2			0.03		0.18		0.42		0.48727	0.11	52.5840292854	11.6912
2 0 3			0.1		0.28		0.38		0.48727	0.09	34.3920319457	0.0
3 1 5			-0.26		0.02		0.51		0.49056	0.09	61.4399691436	8.5457
4 0 5			0.08		0.1		0.47		0.49056	0.26	68.3700248267	0.0
2 0 7			0.08		0.18		0.44		0.49056	4.16	54.6555056564	0.0
1 0 4			0.07		0.25		0.41		0.49056	0.08	29.3672081998	0.0
3 0 6			0.07		0.32		0.38		0.49056	0.11	59.366558438	0.0
0 0 7			0.06		0.38		0.36		0.49056	0.2	45.7499157105	0.0
3 1 7			-0.3		0.08		0.51		0.49518	0.32	70.7276559911	1.1017
4 0 1			0.06		0.14		0.49		0.49518	0.27	58.8934376912	0.0
3 0 8			0.05		0.19		0.46		0.49518	0.3	70.3147352648	0.0
1 0 8			0.05		0.24		0.44		0.49518	0.24	54.8685935926	0.0
3 0 4			0.05		0.29		0.42		0.49518	0.64	50.7360354343	0.0
1 0 6			0.05		0.33		0.4		0.49518	0.25	41.5701214249	0.0
3 1 4			0.04		0.37		0.39		0.49512	0.33	57.7518627408	0.9567
-1 -1 2			-0.0		0.36		0.39		0.4941	0.13	32.1995090242	11.6912
4 1 1			0.04		0.4		0.38		0.4941	0.21	65.3342299592	0.4263
2 0 5			0.04		0.44		0.36		0.4941	5.26	43.4052500519	0.0
-1 -1 -2			-0.0		0.44		0.36		0.49302	0.31	32.1995090242	11.6912
1 1 4			0.03		0.47		0.35		0.49293	0.3	39.4492672371	0.9567
4 1 3			0.03		0.49		0.34		0.49248	0.15	68.408649436	0.0043
3 1 0			0.03		0.52		0.33		0.49248	0.86	50.7823995615	0.002
3 0 5			-0.1		0.42		0.37		0.49218	0.2	54.7330754518	7.0489
1 0 7			4.44		4.86		0.07		0.44049	0.54	48.0896902272	2.8781
3 0 7			0.02		4.88		0.07		0.44072	0.18	64.5726747292	2.8781
2 2 6			-0.09		4.79		0.07		0.44053	0.0	74.8444416707	3.2648
1 2 6			0.01		4.8		0.07		0.44094	0.11	69.4566609057	1.2895
1 -1 2			0.02		4.82		0.07		0.44104	0.39	32.1995090242	11.6912
4 0 0			-0.34		4.48		0.11		0.44104	0.08	58.4798162983	46.4355
3 2 0			-0.01		4.47		0.11		0.44104	0.67	70.467230504	2.2538
1 1 2			0.02		4.48		0.11		0.44113	0.52	32.1995090242	11.6912
2 0 -4			-0.01		4.47		0.11		0.44075	0.31	38.5541558059	1.7476
-2 0 4			-0.01		4.46		0.11		0.44037	0.22	38.5541558059	1.7476
4 0 2			-0.16		4.3		0.13		0.44012	0.26	60.1237214722	5.5981