HKL Value		Reward		TotalReward	Chi Squared	Z Appr. 	Error	Two-Thetas	Sfs2
0 0 3			0.0		0.0		0.0		0.5	0.03	19.1797885945	0.0
3 0 0			0.0		0.0		0.0		0.49625	0.45	42.9814560157	0.0
2 0 1			0.78		0.78		0.0		0.49625	0.15	29.01034049	0.0
3 0 2			-0.91		-0.13		0.0		0.49625	0.46	45.0164041053	0.0
1 0 0			0.02		-0.11		0.0		0.49625	0.0	14.0285801003	0.0
3 0 6			-0.78		-0.89		0.0		0.49625	0.11	59.366558438	0.0
2 0 3			-0.81		-1.7		0.0		0.49625	0.09	34.3920319457	0.0
4 0 3			0.34		-1.36		0.0		0.49623	0.29	62.1413926063	0.0
0 0 7			0.03		-1.33		0.0		0.49624	0.2	45.7499157105	0.0
3 0 8			-0.85		-2.18		0.0		0.49624	0.3	70.3147352648	0.0
4 0 5			-0.29		-2.47		0.0		0.49624	0.26	68.3700248267	0.0
1 0 4			0.08		-2.39		0.0		0.49624	0.08	29.3672081998	0.0
2 0 7			-0.1		-2.49		0.0		0.49624	4.16	54.6555056564	0.0
4 0 1			-0.29		-2.78		0.0		0.49624	0.27	58.8934376912	0.0
2 0 5			-0.66		-3.45		0.0		0.49624	5.26	43.4052500519	0.0