HKL Value		Reward		TotalReward	Chi Squared	Z Appr. 	Error	Two-Thetas	Sfs2
6 4 0			0.0		0.0		0.0		0.02721	1.8287	67.0910631577	58.6803
3 5 7			0.0		0.0		0.01		0.05042	0.2309	60.5203777188	5.6046
2 0 8			-1.0		-1.0		8.85		0.03923	0.1665	35.7565424018	1.5727
4 6 0			0.5		-0.5		5.92		0.03923	0.7863	67.1083315067	59.4729
3 3 15			0.25		-0.25		4.72		0.03897	0.3402	73.0835579415	3.8877
2 0 14			-0.02		-0.27		4.82		0.04031	0.2634	58.6945218607	7.3942
5 3 7			-0.04		-0.31		5.02		0.04214	0.2523	60.5057581853	5.4388
1 3 7			0.0		-0.31		5.0		0.04333	0.1893	39.2755843192	5.3372
3 1 15			0.02		-0.29		4.9		0.04335	0.2871	67.3554895111	7.7692
1 3 15			0.01		-0.28		4.86		0.04336	0.2862	67.3623786269	8.1809
6 4 2			-0.11		-0.39		5.48		0.04377	0.2211	67.6401768609	4.8049
2 4 10			0.0		-0.39		5.48		0.04402	0.607	57.0555982332	12.0937
0 6 8			0.08		-0.3		5.05		0.04421	0.7694	64.1950429677	5.6946
5 5 7			0.01		-0.29		4.99		0.04545	0.6639	72.2860687267	4.3062
6 0 8			0.08		-0.22		4.64		0.04554	2.9234	64.163237895	5.3359
0 2 14			0.07		-0.15		4.35		0.04587	0.2479	58.6982494177	6.3292
4 6 2			-0.05		-0.2		4.56		0.04608	0.2349	67.657370766	5.5969
0 2 16			-0.01		-0.2		4.6		0.04695	1.8687	67.2407114996	13.8307
0 0 20			-0.46		-0.67		8.58		0.03836	0.4542	83.3712939521	4.3689