HKL Value		Reward		TotalReward	Chi Squared	Z Appr. 	Error	Two-Thetas	Sfs2
6 4 0			0.0		0.0		0.0		0.09043	1.8287	67.0910631577	58.6803
3 5 7			0.0		0.0		0.01		0.09244	0.2309	60.5203777188	5.6046
3 3 3			-1.0		-1.0		16.75		0.04582	0.8081	39.7679129272	70.9373
6 4 2			0.16		-0.84		14.42		0.04843	0.2211	67.6401768609	4.8049
5 5 7			0.32		-0.52		10.95		0.05086	0.6639	72.2860687267	4.3062
4 6 0			0.25		-0.27		8.76		0.05086	0.7863	67.1083315067	59.4729
0 2 16			0.2		-0.07		7.32		0.05177	1.8687	67.2407114996	13.8307
0 2 0			-0.44		-0.51		13.06		0.05177	1.4407	17.6394681947	177.2483
3 1 11			-0.69		-1.2		41.88		0.05467	2.3814	52.0481274199	292.2152
2 0 14			0.11		-1.09		37.65		0.05368	0.2634	58.6945218607	7.3942
3 3 15			0.11		-0.98		34.07		0.05057	0.3402	73.0835579415	3.8877
5 3 7			0.1		-0.88		30.97		0.05057	0.2523	60.5057581853	5.4388
1 3 7			0.09		-0.79		28.4		0.05063	0.1893	39.2755843192	5.3372
1 1 17			-0.13		-0.92		32.46		0.05349	2.447	70.2810461715	248.4175
3 1 15			0.08		-0.84		30.2		0.05314	0.2871	67.3554895111	7.7692
6 2 2			-0.01		-0.85		30.36		0.05301	3.3001	58.5687226088	135.1206
0 2 4			-0.11		-0.96		34.1		0.05292	1.326	23.4223631322	110.0283
1 3 15			0.06		-0.9		32.11		0.05276	0.2862	67.3623786269	8.1809
2 4 10			0.05		-0.85		30.59		0.05273	0.607	57.0555982332	12.0937
0 6 8			0.05		-0.79		29.02		0.05266	0.7694	64.1950429677	5.6946
6 0 8			0.05		-0.74		27.62		0.05257	2.9234	64.163237895	5.3359
4 6 2			0.04		-0.7		26.58		0.05266	0.2349	67.657370766	5.5969
0 2 14			0.04		-0.66		25.49		0.05252	0.2479	58.6982494177	6.3292
0 6 10			0.04		-0.62		24.5		0.05249	0.8527	69.1637693973	8.5049
4 2 10			0.04		-0.58		23.65		0.05247	1.1102	57.0442200735	11.3144
4 2 2			0.04		-0.54		22.74		0.05249	0.457	40.8620305525	12.2524
6 0 10			0.03		-0.51		21.97		0.05246	1.0728	69.1331306246	8.9056
1 7 7			0.04		-0.47		21.18		0.05242	0.4353	72.3061031614	6.1143
2 6 8			-0.21		-0.68		26.92		0.05221	4.3291	67.1483383839	218.3417
2 4 14			0.02		-0.67		26.44		0.05217	0.5221	70.6383718296	19.4111
6 0 0			0.03		-0.64		25.71		0.05217	0.7256	54.7363985401	55.434
2 4 2			0.03		-0.61		24.89		0.05219	0.3828	40.8766170199	13.2501
7 1 7			0.03		-0.57		24.12		0.05216	0.3505	72.2660298289	5.0526
3 3 9			0.03		-0.55		23.52		0.0522	0.3816	52.4524123761	12.0632
4 2 8			0.01		-0.53		23.21		0.05163	0.7605	51.4203212226	2.5419
0 2 10			0.02		-0.52		22.85		0.0516	0.4317	42.9590557724	21.0204
5 1 7			0.03		-0.49		22.22		0.0516	0.2609	54.1000446603	4.252
0 6 2			0.01		-0.48		22.1		0.05179	0.2356	55.3895592761	6.1752
0 6 16			0.03		-0.46		21.54		0.05144	0.4825	89.3859051251	7.6515
0 0 10			-0.0		-0.46		21.65		0.05148	0.8316	38.8438017949	41.7013
1 3 9			0.02		-0.44		21.13		0.0515	0.2622	45.3040218183	7.1674
2 0 10			0.01		-0.43		20.86		0.05147	0.6169	42.9543880851	20.236
0 0 16			0.02		-0.41		20.52		0.05208	1.3342	64.286058028	116.6634
1 5 7			0.02		-0.39		20.04		0.05208	0.6035	54.1236034243	4.2528
2 4 8			0.01		-0.38		19.9		0.05168	0.1687	51.4325245866	2.4593
6 0 2			-0.0		-0.38		19.92		0.05184	0.2214	55.354768557	5.4487
0 4 12			-0.06		-0.44		21.29		0.05252	1.4889	60.4300914167	161.7651
3 1 9			0.02		-0.42		20.88		0.05253	0.36	45.2950695798	8.7768
1 3 1			-0.0		-0.43		20.93		0.05257	0.5324	28.3265170018	42.1271
3 5 9			0.01		-0.42		20.71		0.0526	0.4755	65.0802252419	19.5165
0 6 0			0.01		-0.4		20.43		0.0526	1.4277	54.7714555341	59.4019
3 1 7			0.02		-0.38		20.03		0.0526	0.257	39.2655360855	5.205
5 5 1			-0.06		-0.44		21.33		0.05268	0.5073	65.769247456	23.9531
4 0 4			0.01		-0.43		21.07		0.05253	1.2165	39.0343929222	79.1487
2 0 4			-0.06		-0.49		22.34		0.05247	1.3874	23.4143586184	109.347
4 2 14			0.01		-0.48		22.17		0.05246	1.2576	70.6282605877	19.9713
0 2 20			0.02		-0.46		21.79		0.05253	0.4494	86.0769303832	2.8517
1 1 9			0.0		-0.46		21.68		0.05234	0.2216	37.1193146943	1.1702
1 7 3			-0.02		-0.47		22.02		0.05217	0.9932	66.8968211493	90.2271
5 3 9			0.01		-0.47		21.84		0.0522	0.4833	65.0662013285	20.8409
2 0 16			0.02		-0.45		21.48		0.05208	0.5935	67.2372591268	11.8907
3 5 3			-0.02		-0.47		21.91		0.05196	0.9259	54.5093201099	87.7589
4 4 10			-0.01		-0.47		22.03		0.05198	0.6886	66.23802526	47.6672
6 4 6			0.0		-0.47		21.95		0.05179	0.9247	71.9614498967	41.9809
1 5 9			0.01		-0.46		21.77		0.0518	0.4394	58.984264935	17.7365
1 1 13			0.01		-0.45		21.46		0.05197	0.3722	52.9310122384	10.9703
5 1 1			-0.02		-0.46		21.81		0.05203	0.5346	46.1701152	26.7419
2 6 10			-0.0		-0.47		21.88		0.05207	0.7069	72.0169435829	44.7171
2 4 4			-0.02		-0.48		22.26		0.05197	0.8182	43.1484985256	64.6996