HKL Value		Reward		TotalReward	Chi Squared	Z Appr. 	Error	Two-Thetas	Sfs2
6 4 2			0.0		0.0		0.0		0.39892	0.2211	67.6401768609	4.8049
7 1 5			0.0		0.0		3.61		0.40133	1.5264	69.0427278305	98.726
6 4 0			0.99		0.99		1.81		0.40132	1.8287	67.0910631577	58.6803
3 3 15			-0.29		0.7		2.56		0.41659	0.3402	73.0835579415	3.8877
2 4 10			0.25		0.95		2.05		0.41725	0.607	57.0555982332	12.0937
0 4 12			0.18		1.13		1.74		0.41721	1.4889	60.4300914167	161.7651
4 6 0			0.19		1.32		1.46		0.41721	0.7863	67.1083315067	59.4729
5 5 7			-0.9		0.42		14.53		0.38413	0.6639	72.2860687267	4.3062
3 1 15			0.14		0.56		12.73		0.38438	0.2871	67.3554895111	7.7692
1 3 15			0.12		0.69		11.33		0.38457	0.2862	67.3623786269	8.1809
1 3 7			0.08		0.77		10.5		0.38407	0.1893	39.2755843192	5.3372
2 4 14			0.04		0.8		10.12		0.38451	0.5221	70.6383718296	19.4111
2 0 14			0.08		0.89		9.33		0.38426	0.2634	58.6945218607	7.3942
6 0 4			-0.1		0.79		10.36		0.38421	0.7069	57.1830782131	42.6751
0 6 8			0.04		0.83		9.92		0.38449	0.7694	64.1950429677	5.6946
6 0 8			0.04		0.87		9.58		0.38477	2.9234	64.163237895	5.3359
1 5 3			-0.15		0.72		11.28		0.38454	0.9511	47.585042181	85.8034
6 0 10			0.04		0.75		10.89		0.38388	1.0728	69.1331306246	8.9056
0 6 10			0.04		0.79		10.52		0.38322	0.8527	69.1637693973	8.5049
0 4 4			-0.17		0.62		12.68		0.38328	0.8482	39.0545896029	78.0016
4 2 10			0.05		0.67		12.09		0.38302	1.1102	57.0442200735	11.3144
4 2 2			0.03		0.7		11.75		0.38307	0.457	40.8620305525	12.2524
4 6 2			0.04		0.74		11.29		0.3831	0.2349	67.657370766	5.5969
6 0 0			0.03		0.76		11.0		0.3831	0.7256	54.7363985401	55.434
2 4 2			0.02		0.78		10.78		0.38315	0.3828	40.8766170199	13.2501
0 2 14			0.04		0.82		10.37		0.38297	0.2479	58.6982494177	6.3292
3 3 9			0.02		0.84		10.15		0.38303	0.3816	52.4524123761	12.0632
0 6 0			0.01		0.86		10.02		0.38304	1.4277	54.7714555341	59.4019
3 1 9			0.03		0.89		9.73		0.3831	0.36	45.2950695798	8.7768
1 3 5			-0.13		0.76		11.2		0.38342	3.1323	34.189462707	190.138
0 2 16			0.03		0.79		10.85		0.38369	1.8687	67.2407114996	13.8307
5 1 1			-0.01		0.78		10.94		0.38367	0.5346	46.1701152	26.7419
4 2 8			0.01		0.79		10.81		0.3839	0.7605	51.4203212226	2.5419
1 3 9			0.03		0.82		10.51		0.38393	0.2622	45.3040218183	7.1674
0 2 10			0.03		0.85		10.23		0.38404	0.4317	42.9590557724	21.0204
0 4 16			0.03		0.88		9.94		0.384	1.5557	75.7704700384	94.8658
1 7 7			0.03		0.9		9.69		0.38391	0.4353	72.3061031614	6.1143
1 7 1			-0.01		0.89		9.78		0.38389	0.5219	65.7901743415	26.2984
0 2 18			-0.1		0.8		10.82		0.36054	0.3755	76.3208597895	3.7538
1 1 3			-0.01		0.79		10.93		0.36014	0.4514	16.9416048235	36.8187