HKL Value		Reward		TotalReward	Chi Squared	Z Appr. 	Error	Two-Thetas	Sfs2
6 4 2			0.0		0.0		0.0		0.15094	0.2211	67.6401768609	4.8049
5 5 7			0.0		0.0		0.87		0.23107	0.6639	72.2860687267	4.3062
6 4 0			0.97		0.97		0.44		0.23107	1.8287	67.0910631577	58.6803
2 0 8			0.32		1.29		0.33		0.23258	0.1665	35.7565424018	1.5727
6 4 4			-0.85		0.44		2.22		0.23464	0.6669	69.2748711385	33.991
3 3 15			0.19		0.63		1.87		0.23436	0.3402	73.0835579415	3.8877
2 4 10			-0.33		0.3		2.77		0.23389	0.607	57.0555982332	12.0937
3 1 15			0.03		0.33		2.68		0.23359	0.2871	67.3554895111	7.7692
1 3 15			0.01		0.35		2.65		0.2335	0.2862	67.3623786269	8.1809
4 6 0			0.12		0.47		2.36		0.2335	0.7863	67.1083315067	59.4729
6 0 8			0.09		0.57		2.16		0.23243	2.9234	64.163237895	5.3359
2 0 14			-0.04		0.53		2.24		0.23456	0.2634	58.6945218607	7.3942
6 0 10			-0.09		0.44		2.47		0.23433	1.0728	69.1331306246	8.9056
0 6 10			0.34		0.77		1.84		0.21926	0.8527	69.1637693973	8.5049
0 6 8			-0.03		0.74		1.9		0.21942	0.7694	64.1950429677	5.6946
1 5 5			-0.44		0.3		3.4		0.21851	1.8923	50.2743192378	127.3636
4 2 2			0.02		0.32		3.34		0.21856	0.457	40.8620305525	12.2524
4 2 10			0.06		0.38		3.15		0.21873	1.1102	57.0442200735	11.3144
6 0 0			-0.03		0.36		3.23		0.21873	0.7256	54.7363985401	55.434
2 4 2			0.0		0.36		3.22		0.21878	0.3828	40.8766170199	13.2501
2 4 14			0.03		0.39		3.12		0.21852	0.5221	70.6383718296	19.4111
3 3 9			-0.18		0.22		3.79		0.21791	0.3816	52.4524123761	12.0632
4 6 2			0.05		0.26		3.62		0.2179	0.2349	67.657370766	5.5969
0 2 16			-0.02		0.24		3.69		0.21795	1.8687	67.2407114996	13.8307
0 2 20			-0.05		0.2		3.86		0.21619	0.4494	86.0769303832	2.8517
0 2 10			0.03		0.23		3.75		0.21607	0.4317	42.9590557724	21.0204
0 2 14			0.03		0.26		3.64		0.21611	0.2479	58.6982494177	6.3292
0 2 6			-0.42		-0.17		6.32		0.21574	1.1672	29.1471999487	131.5155
4 2 8			0.03		-0.13		6.11		0.21571	0.7605	51.4203212226	2.5419
3 1 1			0.03		-0.1		5.91		0.2157	0.5239	28.3131072915	41.7464
0 0 10			0.0		-0.09		5.88		0.21606	0.8316	38.8438017949	41.7013
2 0 10			0.03		-0.06		5.72		0.21597	0.6169	42.9543880851	20.236
1 3 9			-0.11		-0.17		6.43		0.21554	0.2622	45.3040218183	7.1674
3 5 9			0.01		-0.16		6.36		0.21542	0.4755	65.0802252419	19.5165
3 1 13			-0.01		-0.18		6.44		0.21472	0.3869	59.4126405656	11.7895
0 0 2			-0.25		-0.43		8.59		0.21472	1.161	7.62646333295	98.931
0 6 0			0.01		-0.42		8.53		0.21472	1.4277	54.7714555341	59.4019
2 0 16			0.01		-0.41		8.43		0.21479	0.5935	67.2372591268	11.8907
1 5 3			-0.16		-0.57		10.03		0.2148	0.9511	47.585042181	85.8034
4 0 4			0.03		-0.54		9.78		0.21482	1.2165	39.0343929222	79.1487
0 6 16			0.02		-0.52		9.58		0.21487	0.4825	89.3859051251	7.6515
6 0 2			0.02		-0.5		9.36		0.21487	0.2214	55.354768557	5.4487
0 4 8			-0.29		-0.79		13.16		0.21531	4.1351	47.9021960727	235.0989
5 5 1			0.01		-0.77		13.0		0.21535	0.5073	65.769247456	23.9531
0 0 14			0.0		-0.77		12.99		0.2153	0.8389	55.4890953336	74.9432
1 7 7			0.02		-0.75		12.76		0.2153	0.4353	72.3061031614	6.1143
0 0 16			-0.09		-0.85		14.04		0.21507	1.3342	64.286058028	116.6634
5 3 9			0.02		-0.83		13.8		0.21498	0.4833	65.0662013285	20.8409
0 6 2			0.02		-0.81		13.53		0.21498	0.2356	55.3895592761	6.1752
0 4 18			-0.18		-0.99		16.57		0.21033	0.8369	84.5238780681	17.4513
0 4 20			0.01		-0.98		16.36		0.21081	1.027	94.1654323607	18.6345
3 1 5			-0.03		-1.01		16.91		0.21075	2.8985	34.1781376955	186.2389
3 3 7			0.02		-0.99		16.6		0.21075	0.1558	47.1418707618	3.5073
4 2 14			0.02		-0.97		16.3		0.21077	1.2576	70.6282605877	19.9713
1 1 13			0.02		-0.96		16.01		0.21072	0.3722	52.9310122384	10.9703
1 3 13			0.02		-0.94		15.72		0.21067	0.3907	59.4200243294	11.5335
6 2 10			-0.0		-0.94		15.77		0.21091	0.7103	71.9901825081	43.9921
0 4 10			-0.0		-0.94		15.79		0.21113	0.9893	53.7871001638	44.1425
5 3 11			-0.12		-1.07		18.02		0.21087	1.8677	70.5420870211	204.0714