HKL Value		Reward		TotalReward	Chi Squared	Z Appr. 	Error	Two-Thetas	Sfs2
6 4 2			0.0		0.0		0.0		0.29542	0.2211	67.6401768609	4.8049
6 4 0			0.0		0.0		0.01		0.29977	1.8287	67.0910631577	58.6803
5 1 9			-0.91		-0.91		0.15		0.31383	0.4583	58.9619928854	19.0838
3 3 15			-0.14		-1.05		0.17		0.31507	0.3402	73.0835579415	3.8877
6 2 0			-1.0		-2.05		70.68		0.31507	4.3933	57.9728440251	566.5186
5 5 7			0.06		-2.0		66.96		0.3207	0.6639	72.2860687267	4.3062
5 1 7			0.12		-1.88		59.86		0.32248	0.2609	54.1000446603	4.252
2 4 10			0.16		-1.71		51.46		0.32227	0.607	57.0555982332	12.0937
1 3 5			-0.19		-1.91		63.6		0.32255	3.1323	34.189462707	190.138
4 6 0			0.12		-1.78		56.54		0.32255	0.7863	67.1083315067	59.4729
3 1 15			0.1		-1.68		51.35		0.32171	0.2871	67.3554895111	7.7692
1 3 15			0.09		-1.59		46.92		0.32125	0.2862	67.3623786269	8.1809
4 4 2			-0.09		-1.67		51.34		0.32132	1.2125	52.0311030722	128.6454
1 3 7			0.04		-1.63		49.21		0.3222	0.1893	39.2755843192	5.3372
2 6 4			0.04		-1.59		47.38		0.32201	0.8772	60.3635846112	78.02
2 0 14			0.06		-1.53		44.72		0.32205	0.2634	58.6945218607	7.3942
0 6 8			0.07		-1.46		41.98		0.32211	0.7694	64.1950429677	5.6946
6 0 10			0.06		-1.4		39.52		0.32208	1.0728	69.1331306246	8.9056
0 4 6			-0.22		-1.62		50.81		0.32242	3.7688	42.9189471786	481.9509
0 6 10			0.06		-1.57		48.14		0.32239	0.8527	69.1637693973	8.5049
6 0 8			0.05		-1.52		45.78		0.32245	2.9234	64.163237895	5.3359
4 2 10			0.05		-1.47		43.64		0.32236	1.1102	57.0442200735	11.3144
4 2 2			0.04		-1.43		41.92		0.32234	0.457	40.8620305525	12.2524
4 6 2			0.04		-1.38		40.15		0.32234	0.2349	67.657370766	5.5969
6 0 0			0.04		-1.34		38.67		0.32234	0.7256	54.7363985401	55.434
3 1 9			0.03		-1.32		37.58		0.32198	0.36	45.2950695798	8.7768
2 4 2			0.03		-1.28		36.38		0.32196	0.3828	40.8766170199	13.2501
5 1 5			-0.06		-1.34		38.69		0.32206	1.1901	50.2495039981	127.1383
0 2 14			0.03		-1.32		37.67		0.32211	0.2479	58.6982494177	6.3292
0 6 0			0.03		-1.29		36.6		0.32211	1.4277	54.7714555341	59.4019
2 4 14			0.03		-1.25		35.45		0.3221	0.5221	70.6383718296	19.4111
0 2 16			0.03		-1.22		34.31		0.32218	1.8687	67.2407114996	13.8307
4 2 8			0.02		-1.2		33.69		0.32249	0.7605	51.4203212226	2.5419
3 3 9			0.02		-1.18		32.9		0.32223	0.3816	52.4524123761	12.0632
1 3 9			0.02		-1.16		32.41		0.32181	0.2622	45.3040218183	7.1674
0 2 10			0.02		-1.14		31.65		0.32163	0.4317	42.9590557724	21.0204
1 7 7			0.02		-1.12		31.16		0.32212	0.4353	72.3061031614	6.1143
5 3 3			-0.0		-1.12		31.17		0.32214	0.9351	54.4936931553	89.9375
1 1 13			0.01		-1.11		30.73		0.32292	0.3722	52.9310122384	10.9703
4 2 14			0.02		-1.09		30.01		0.3229	1.2576	70.6282605877	19.9713
2 0 10			0.02		-1.07		29.42		0.32276	0.6169	42.9543880851	20.236
0 6 14			0.02		-1.05		28.91		0.32272	0.9096	81.7552219026	27.2955
0 6 2			0.02		-1.03		28.29		0.32272	0.2356	55.3895592761	6.1752
1 3 1			0.01		-1.01		27.96		0.3227	0.5324	28.3265170018	42.1271
6 0 2			0.02		-0.99		27.38		0.3227	0.2214	55.354768557	5.4487
6 4 4			0.0		-0.99		27.31		0.3227	0.6669	69.2748711385	33.991
7 1 7			0.01		-0.98		27.05		0.32314	0.3505	72.2660298289	5.0526
2 0 2			0.01		-0.98		26.9		0.32311	0.6502	19.2320929378	35.9547
6 2 2			-0.05		-1.03		28.45		0.32316	3.3001	58.5687226088	135.1206
0 0 10			0.02		-1.01		27.88		0.3231	0.8316	38.8438017949	41.7013
5 5 1			0.02		-0.99		27.37		0.32308	0.5073	65.769247456	23.9531
0 6 16			0.02		-0.97		26.86		0.32326	0.4825	89.3859051251	7.6515
5 3 9			0.02		-0.95		26.37		0.32321	0.4833	65.0662013285	20.8409
0 2 20			-0.02		-0.98		26.98		0.32231	0.4494	86.0769303832	2.8517
3 7 1			0.02		-0.96		26.53		0.32229	1.2822	71.5694631273	22.2453
2 4 8			0.01		-0.95		26.32		0.32256	0.1687	51.4325245866	2.4593
6 2 6			-0.07		-1.02		28.17		0.32277	3.9921	63.2107357729	344.5633
0 6 6			0.02		-1.0		27.68		0.32274	1.0147	60.183190367	40.9583
2 0 16			0.02		-0.98		27.21		0.32282	0.5935	67.2372591268	11.8907
0 4 20			0.01		-0.97		26.93		0.32278	1.027	94.1654323607	18.6345
6 0 6			0.02		-0.95		26.49		0.32275	1.0815	60.1501886982	39.9969
3 1 13			0.01		-0.94		26.23		0.32336	0.3869	59.4126405656	11.7895
4 0 2			-0.05		-0.99		27.51		0.3234	1.7854	36.5531212028	138.5255
1 1 15			0.02		-0.98		27.09		0.32352	0.656	61.3839959686	20.6242
6 2 10			0.02		-0.96		26.68		0.32346	0.7103	71.9901825081	43.9921
6 0 4			-0.0		-0.96		26.76		0.32346	0.7069	57.1830782131	42.6751
1 7 1			0.01		-0.95		26.46		0.32344	0.5219	65.7901743415	26.2984
0 4 10			0.01		-0.94		26.07		0.32337	0.9893	53.7871001638	44.1425
4 4 4			-0.0		-0.94		26.08		0.32325	0.8476	53.9354251327	76.9211
4 4 10			0.01		-0.92		25.72		0.32315	0.6886	66.23802526	47.6672
3 5 9			0.01		-0.91		25.38		0.32308	0.4755	65.0802252419	19.5165
3 5 1			0.01		-0.9		25.15		0.32307	0.5283	53.2544885252	31.9012
1 5 13			0.01		-0.89		24.92		0.32349	1.1973	71.2966048402	12.6128
1 1 17			-0.09		-0.98		27.32		0.32349	2.447	70.2810461715	248.4175
2 6 10			0.01		-0.97		26.95		0.32343	0.7069	72.0169435829	44.7171
3 1 7			0.0		-0.96		26.82		0.32383	0.257	39.2655360855	5.205
3 7 5			-0.02		-0.98		27.26		0.32391	1.0548	74.7470539899	89.5814
5 1 13			0.01		-0.97		27.0		0.32435	0.4567	71.2764535317	11.3258
4 2 6			0.01		-0.95		26.66		0.32435	1.6049	46.7233273538	62.1975
0 2 12			-0.0		-0.96		26.75		0.32374	0.3827	50.6142203783	17.5707
1 5 1			0.01		-0.95		26.52		0.32373	0.4978	46.196563203	27.3004
2 4 6			0.01		-0.94		26.19		0.32373	0.785	46.7364348384	64.2552
3 7 3			0.0		-0.93		26.1		0.32373	0.8954	72.6346668965	71.6226
3 1 1			0.01		-0.93		25.95		0.32373	0.5239	28.3131072915	41.7464
6 4 6			0.01		-0.92		25.77		0.32366	0.9247	71.9614498967	41.9809
5 3 1			0.01		-0.91		25.58		0.32365	0.5252	53.2386121167	32.835
2 2 10			0.01		-0.9		25.29		0.32358	0.6429	46.7739448495	44.8949
4 0 0			-0.17		-1.07		30.47		0.32358	8.3901	35.6934066618	787.9925
1 1 3			0.01		-1.06		30.27		0.32358	0.4514	16.9416048235	36.8187
1 5 7			0.01		-1.06		30.11		0.32392	0.6035	54.1236034243	4.2528
3 3 7			0.0		-1.06		30.04		0.32438	0.1558	47.1418707618	3.5073
4 0 10			0.01		-1.05		29.72		0.3243	0.6243	53.7713327333	45.2096
5 3 11			-0.05		-1.09		31.2		0.3244	1.8677	70.5420870211	204.0714
4 6 4			0.0		-1.09		31.12		0.3244	1.0731	69.291881243	33.3045
4 2 0			0.01		-1.09		30.93		0.3244	0.9287	40.0811891304	86.5118
0 4 16			0.01		-1.08		30.63		0.32422	1.5557	75.7704700384	94.8658
0 2 8			-0.01		-1.08		30.92		0.32482	0.1155	35.7619852008	1.7384
2 2 16			0.01		-1.08		30.69		0.32453	1.1693	70.1293332912	108.6018
0 2 0			-0.01		-1.08		30.86		0.32453	1.4407	17.6394681947	177.2483
0 4 18			-0.04		-1.12		32.09		0.32229	0.8369	84.5238780681	17.4513
3 3 13			0.0		-1.12		31.99		0.32264	0.5636	65.4922780779	9.1158
2 2 2			-0.02		-1.14		32.66		0.32264	1.1162	26.2109248846	125.5642