HKL Value		Reward		TotalReward	Chi Squared	Z Appr. 	Error	Two-Thetas	Sfs2
6 4 2			0.0		0.0		0.0		0.25603	0.2211	67.6401768609	4.8049
6 4 0			0.0		0.0		0.01		0.29977	1.8287	67.0910631577	58.6803
5 3 11			-1.0		-1.0		26.19		0.27284	1.8677	70.5420870211	204.0714
3 3 15			0.18		-0.82		22.21		0.2811	0.3402	73.0835579415	3.8877
3 5 7			-0.38		-1.2		35.7		0.24988	0.2309	60.5203777188	5.6046
5 3 7			0.14		-1.06		31.37		0.2453	0.2523	60.5057581853	5.4388
4 6 0			0.2		-0.86		26.15		0.2453	0.7863	67.1083315067	59.4729
1 3 7			0.13		-0.73		23.11		0.24082	0.1893	39.2755843192	5.3372
1 3 15			0.12		-0.61		20.71		0.23975	0.2862	67.3623786269	8.1809
2 4 10			0.08		-0.53		19.12		0.24073	0.607	57.0555982332	12.0937
3 1 15			0.09		-0.44		17.57		0.23946	0.2871	67.3554895111	7.7692
2 0 14			0.1		-0.34		15.97		0.23944	0.2634	58.6945218607	7.3942
5 5 7			0.08		-0.26		14.81		0.23811	0.6639	72.2860687267	4.3062
0 6 8			0.07		-0.19		13.84		0.23711	0.7694	64.1950429677	5.6946
6 0 8			0.07		-0.13		12.99		0.236	2.9234	64.163237895	5.3359
6 0 4			0.02		-0.11		12.76		0.2364	0.7069	57.1830782131	42.6751
4 2 10			0.03		-0.08		12.37		0.23662	1.1102	57.0442200735	11.3144
0 6 10			0.04		-0.04		11.92		0.23681	0.8527	69.1637693973	8.5049
1 7 5			0.05		0.01		11.33		0.21693	1.0841	69.0835930101	99.7513
6 0 10			0.04		0.06		10.86		0.21782	1.0728	69.1331306246	8.9056
4 6 2			0.05		0.11		10.32		0.21781	0.2349	67.657370766	5.5969
4 2 2			0.04		0.14		9.95		0.21785	0.457	40.8620305525	12.2524
3 3 13			-0.06		0.09		10.55		0.21503	0.5636	65.4922780779	9.1158
5 1 3			-0.2		-0.11		13.2		0.21506	0.9592	47.5591860667	88.1873
0 2 14			0.04		-0.07		12.7		0.21508	0.2479	58.6982494177	6.3292
2 4 2			0.03		-0.04		12.32		0.2151	0.3828	40.8766170199	13.2501
6 0 0			0.02		-0.02		12.02		0.2151	0.7256	54.7363985401	55.434
0 6 14			0.03		0.01		11.64		0.21508	0.9096	81.7552219026	27.2955
2 4 8			0.04		0.05		11.24		0.21504	0.1687	51.4325245866	2.4593
3 3 3			-0.12		-0.07		12.79		0.21502	0.8081	39.7679129272	70.9373
2 2 8			-0.28		-0.35		17.79		0.21563	1.8488	40.1384116224	216.1995
0 2 16			0.02		-0.33		17.4		0.21573	1.8687	67.2407114996	13.8307
9 1 1			0.02		-0.31		17.09		0.21581	0.8793	87.9915459652	19.6393
2 4 14			0.03		-0.28		16.59		0.21578	0.5221	70.6383718296	19.4111
1 7 7			0.03		-0.26		16.18		0.21578	0.4353	72.3061031614	6.1143
3 3 9			0.0		-0.25		16.12		0.21542	0.3816	52.4524123761	12.0632
4 2 8			0.03		-0.22		15.68		0.21538	0.7605	51.4203212226	2.5419
7 1 7			0.02		-0.2		15.31		0.21538	0.3505	72.2660298289	5.0526
0 2 10			0.03		-0.17		14.92		0.21527	0.4317	42.9590557724	21.0204
2 0 10			0.03		-0.15		14.55		0.21519	0.6169	42.9543880851	20.236
1 3 9			-0.02		-0.17		14.85		0.21463	0.2622	45.3040218183	7.1674
7 1 5			0.01		-0.15		14.63		0.21454	1.5264	69.0427278305	98.726
6 0 2			0.02		-0.13		14.3		0.21454	0.2214	55.354768557	5.4487
0 4 12			-0.11		-0.24		16.14		0.21503	1.4889	60.4300914167	161.7651
2 2 6			-0.38		-0.63		26.08		0.21413	8.3224	34.2684003079	615.2447
0 6 16			0.02		-0.6		25.54		0.21422	0.4825	89.3859051251	7.6515
3 1 9			0.01		-0.6		25.37		0.21376	0.36	45.2950695798	8.7768
0 6 2			0.02		-0.58		24.85		0.21377	0.2356	55.3895592761	6.1752
0 6 0			0.02		-0.56		24.46		0.21377	1.4277	54.7714555341	59.4019
3 1 13			0.02		-0.54		24.05		0.21326	0.3869	59.4126405656	11.7895
4 2 14			0.02		-0.52		23.58		0.21327	1.2576	70.6282605877	19.9713
0 0 10			0.01		-0.51		23.32		0.2137	0.8316	38.8438017949	41.7013
5 3 9			0.02		-0.49		22.91		0.21361	0.4833	65.0662013285	20.8409
3 1 7			0.02		-0.48		22.51		0.21361	0.257	39.2655360855	5.205
2 0 2			0.01		-0.47		22.34		0.21362	0.6502	19.2320929378	35.9547
3 5 9			0.02		-0.45		21.98		0.21351	0.4755	65.0802252419	19.5165
0 2 20			0.02		-0.44		21.59		0.21349	0.4494	86.0769303832	2.8517
0 4 16			-0.02		-0.46		22.12		0.21314	1.5557	75.7704700384	94.8658
6 0 6			0.0		-0.46		22.07		0.21298	1.0815	60.1501886982	39.9969
5 1 7			0.02		-0.44		21.72		0.21298	0.2609	54.1000446603	4.252
3 5 3			-0.04		-0.48		22.55		0.21297	0.9259	54.5093201099	87.7589
4 4 10			0.01		-0.47		22.3		0.2133	0.6886	66.23802526	47.6672
3 3 7			0.02		-0.45		21.95		0.2133	0.1558	47.1418707618	3.5073
3 5 1			0.02		-0.43		21.61		0.2133	0.5283	53.2544885252	31.9012
4 0 10			0.01		-0.43		21.42		0.21367	0.6243	53.7713327333	45.2096
6 2 10			0.01		-0.42		21.24		0.21404	0.7103	71.9901825081	43.9921
1 5 7			0.01		-0.4		20.94		0.21404	0.6035	54.1236034243	4.2528
0 4 20			0.02		-0.39		20.63		0.21396	1.027	94.1654323607	18.6345
2 6 10			0.01		-0.38		20.45		0.21425	0.7069	72.0169435829	44.7171
5 3 1			0.01		-0.36		20.16		0.21425	0.5252	53.2386121167	32.835
4 4 6			-0.15		-0.51		23.69		0.21385	4.3817	57.0116572758	400.3855
2 0 12			0.01		-0.51		23.5		0.21387	0.8079	50.6101057273	16.6151
1 1 7			0.01		-0.49		23.19		0.21387	0.2012	29.7561292971	6.5386
0 2 8			0.01		-0.48		22.91		0.214	0.1155	35.7619852008	1.7384
2 0 16			0.01		-0.47		22.66		0.21406	0.5935	67.2372591268	11.8907
1 5 13			0.01		-0.46		22.42		0.21376	1.1973	71.2966048402	12.6128
6 4 6			0.01		-0.45		22.29		0.21364	0.9247	71.9614498967	41.9809
1 5 1			0.01		-0.44		22.0		0.21364	0.4978	46.196563203	27.3004
2 4 6			-0.01		-0.45		22.14		0.21351	0.785	46.7364348384	64.2552
1 1 13			0.01		-0.44		21.92		0.21322	0.3722	52.9310122384	10.9703
5 1 13			0.01		-0.43		21.7		0.21298	0.4567	71.2764535317	11.3258
2 2 2			-0.04		-0.47		22.72		0.21298	1.1162	26.2109248846	125.5642
0 2 12			0.01		-0.46		22.57		0.21299	0.3827	50.6142203783	17.5707
1 3 13			0.01		-0.45		22.34		0.2128	0.3907	59.4200243294	11.5335
0 4 8			-0.08		-0.53		24.15		0.21302	4.1351	47.9021960727	235.0989
0 6 12			0.01		-0.52		23.87		0.21302	0.3425	75.0250979777	1.887
3 1 3			-0.01		-0.53		24.2		0.213	1.2003	30.3814370344	67.5761
1 5 11			-0.06		-0.59		25.73		0.21278	1.8219	64.7342781598	204.7444
4 2 0			0.01		-0.58		25.58		0.21278	0.9287	40.0811891304	86.5118
0 4 10			0.01		-0.58		25.43		0.21301	0.9893	53.7871001638	44.1425
4 2 6			-0.0		-0.58		25.49		0.2129	1.6049	46.7233273538	62.1975
1 1 9			-0.0		-0.58		25.61		0.21248	0.2216	37.1193146943	1.1702
4 6 4			0.0		-0.58		25.5		0.21251	1.0731	69.291881243	33.3045
0 6 4			0.0		-0.58		25.43		0.21257	0.6675	57.2171401797	42.9768
0 6 18			-0.02		-0.6		26.03		0.21028	0.7949	98.0280769063	1.8601
1 5 9			0.01		-0.59		25.82		0.21018	0.4394	58.984264935	17.7365
3 5 5			0.0		-0.59		25.72		0.21016	1.2751	56.9624934876	133.7285
4 2 12			0.01		-0.58		25.48		0.21015	0.2244	63.468523569	4.7972
2 2 16			-0.01		-0.59		25.75		0.20989	1.1693	70.1293332912	108.6018
4 0 2			-0.03		-0.62		26.63		0.20988	1.7854	36.5531212028	138.5255
0 4 0			-0.15		-0.78		31.41		0.20988	6.137	35.7152072575	818.959