HKL Value		Reward		TotalReward	Chi Squared	Z Appr. 	Error	Two-Thetas	Sfs2
6 4 0			0.0		0.0		0.0		0.16636	1.8287	67.0910631577	58.6803
6 4 2			0.0		0.0		0.01		0.20023	0.2211	67.6401768609	4.8049
1 3 15			-0.93		-0.93		0.2		0.28146	0.2862	67.3623786269	8.1809
0 2 16			-0.89		-1.83		1.83		0.28142	1.8687	67.2407114996	13.8307
2 2 14			-0.74		-2.57		7.02		0.28316	1.0835	61.7979105177	101.9829
0 0 6			-0.92		-3.49		87.67		0.3221	7.4326	23.0169618987	709.6598
3 3 15			0.17		-3.31		74.77		0.31964	0.3402	73.0835579415	3.8877
4 6 0			0.17		-3.15		64.09		0.31964	0.7863	67.1083315067	59.4729
2 0 14			0.13		-3.02		56.95		0.31936	0.2634	58.6945218607	7.3942
4 0 4			0.07		-2.95		53.07		0.31888	1.2165	39.0343929222	79.1487
2 2 0			-0.53		-3.48		112.74		0.31888	11.1953	25.0390113278	1035.9387
3 5 7			0.07		-3.4		105.0		0.32077	0.2309	60.5203777188	5.6046
6 0 8			0.09		-3.31		96.38		0.32088	2.9234	64.163237895	5.3359
5 3 7			0.06		-3.25		90.63		0.32205	0.2523	60.5057581853	5.4388
4 4 0			-0.16		-3.41		107.45		0.32205	4.9852	51.3853572345	648.027
1 5 13			0.06		-3.34		101.04		0.3231	1.1973	71.2966048402	12.6128
2 0 2			0.05		-3.29		95.97		0.32306	0.6502	19.2320929378	35.9547
1 3 7			0.05		-3.24		91.33		0.32381	0.1893	39.2755843192	5.3372
4 2 14			0.06		-3.18		86.4		0.32376	1.2576	70.6282605877	19.9713
3 1 15			0.05		-3.13		82.32		0.32305	0.2871	67.3554895111	7.7692
3 3 9			0.05		-3.09		78.63		0.3228	0.3816	52.4524123761	12.0632
2 4 10			0.05		-3.04		74.95		0.3227	0.607	57.0555982332	12.0937
0 6 8			0.05		-2.99		71.57		0.32274	0.7694	64.1950429677	5.6946
5 5 7			0.03		-2.96		69.54		0.32346	0.6639	72.2860687267	4.3062
4 6 2			0.04		-2.92		66.69		0.32346	0.2349	67.657370766	5.5969
0 2 14			0.04		-2.88		64.4		0.32359	0.2479	58.6982494177	6.3292
0 6 10			0.04		-2.84		61.93		0.32353	0.8527	69.1637693973	8.5049
0 6 2			0.04		-2.81		59.74		0.32353	0.2356	55.3895592761	6.1752
4 2 10			0.04		-2.77		57.66		0.32343	1.1102	57.0442200735	11.3144
0 6 14			0.03		-2.74		55.98		0.32338	0.9096	81.7552219026	27.2955
4 2 2			0.03		-2.71		54.31		0.32337	0.457	40.8620305525	12.2524
6 0 10			0.03		-2.68		52.57		0.32332	1.0728	69.1331306246	8.9056
2 4 2			0.03		-2.65		51.14		0.32332	0.3828	40.8766170199	13.2501
6 0 0			0.03		-2.62		49.73		0.32332	0.7256	54.7363985401	55.434
2 0 4			-0.02		-2.64		50.91		0.32335	1.3874	23.4143586184	109.347
2 4 4			-0.0		-2.64		50.91		0.32335	0.8182	43.1484985256	64.6996
2 4 14			0.03		-2.62		49.56		0.32333	0.5221	70.6383718296	19.4111
1 5 7			0.02		-2.6		48.66		0.32383	0.6035	54.1236034243	4.2528
1 1 13			0.02		-2.57		47.59		0.32433	0.3722	52.9310122384	10.9703
1 7 7			0.02		-2.55		46.56		0.3246	0.4353	72.3061031614	6.1143
0 4 12			0.02		-2.53		45.5		0.32475	1.4889	60.4300914167	161.7651
4 2 8			0.02		-2.51		44.63		0.32499	0.7605	51.4203212226	2.5419
1 3 9			0.01		-2.5		44.13		0.32465	0.2622	45.3040218183	7.1674
3 1 5			-0.05		-2.55		46.43		0.32476	2.8985	34.1781376955	186.2389
7 1 7			0.02		-2.53		45.59		0.32508	0.3505	72.2660298289	5.0526
0 2 10			0.02		-2.51		44.79		0.32495	0.4317	42.9590557724	21.0204
2 2 6			-0.12		-2.63		50.72		0.32514	8.3224	34.2684003079	615.2447
0 0 10			0.02		-2.61		49.68		0.32501	0.8316	38.8438017949	41.7013
0 6 16			0.02		-2.59		48.64		0.32503	0.4825	89.3859051251	7.6515
2 0 10			0.02		-2.57		47.83		0.32492	0.6169	42.9543880851	20.236
3 1 9			0.01		-2.56		47.21		0.32469	0.36	45.2950695798	8.7768
2 4 8			0.02		-2.54		46.49		0.32489	0.1687	51.4325245866	2.4593
6 0 2			0.02		-2.52		45.64		0.32489	0.2214	55.354768557	5.4487
6 0 6			0.02		-2.5		44.8		0.32486	1.0815	60.1501886982	39.9969
0 2 20			-0.01		-2.51		45.21		0.32478	0.4494	86.0769303832	2.8517
0 0 4			0.01		-2.5		44.81		0.32463	0.8482	15.2869714585	59.1035
3 1 7			0.01		-2.49		44.24		0.32518	0.257	39.2655360855	5.205
3 5 9			0.02		-2.47		43.52		0.32505	0.4755	65.0802252419	19.5165
4 4 10			0.02		-2.46		42.82		0.32484	0.6886	66.23802526	47.6672
0 6 0			0.01		-2.44		42.2		0.32484	1.4277	54.7714555341	59.4019
5 3 9			0.02		-2.43		41.53		0.32475	0.4833	65.0662013285	20.8409
4 4 12			0.02		-2.41		40.87		0.32465	1.9475	72.2035773977	130.2426
3 5 1			0.01		-2.4		40.35		0.32463	0.5283	53.2544885252	31.9012
0 2 0			-0.0		-2.4		40.47		0.32463	1.4407	17.6394681947	177.2483
7 3 5			-0.01		-2.41		40.74		0.32474	1.0496	74.7140851895	88.0788
2 0 16			0.02		-2.39		40.12		0.32468	0.5935	67.2372591268	11.8907
0 4 0			-0.15		-2.54		47.15		0.32468	6.137	35.7152072575	818.959
5 1 7			0.01		-2.53		46.63		0.32511	0.2609	54.1000446603	4.252
4 0 10			0.01		-2.52		45.98		0.32496	0.6243	53.7713327333	45.2096
4 2 6			0.01		-2.5		45.31		0.32496	1.6049	46.7233273538	62.1975
0 4 16			0.01		-2.49		44.72		0.32466	1.5557	75.7704700384	94.8658
2 6 10			0.01		-2.47		44.11		0.32456	0.7069	72.0169435829	44.7171
1 1 11			-0.08		-2.55		47.88		0.32474	2.144	44.8525636461	378.5934
6 4 6			0.01		-2.54		47.38		0.32466	0.9247	71.9614498967	41.9809
0 2 8			-0.0		-2.54		47.48		0.32551	0.1155	35.7619852008	1.7384
1 1 9			0.0		-2.54		47.42		0.32486	0.2216	37.1193146943	1.1702
0 6 6			0.01		-2.53		46.81		0.32484	1.0147	60.183190367	40.9583
5 3 1			0.01		-2.52		46.32		0.32482	0.5252	53.2386121167	32.835
3 3 3			0.01		-2.51		45.98		0.32482	0.8081	39.7679129272	70.9373
4 0 12			0.01		-2.5		45.45		0.32498	2.7435	60.4154589103	161.2613
1 5 9			0.01		-2.49		45.02		0.32479	0.4394	58.984264935	17.7365
6 4 4			0.01		-2.48		44.76		0.32479	0.6669	69.2748711385	33.991
0 2 12			0.0		-2.48		44.66		0.32416	0.3827	50.6142203783	17.5707
4 2 12			-0.01		-2.49		45.19		0.32298	0.2244	63.468523569	4.7972
3 1 13			0.01		-2.48		44.77		0.32331	0.3869	59.4126405656	11.7895
3 7 3			0.01		-2.48		44.46		0.32331	0.8954	72.6346668965	71.6226
6 2 10			0.01		-2.47		43.95		0.32328	0.7103	71.9901825081	43.9921
1 5 5			-0.01		-2.48		44.57		0.32333	1.8923	50.2743192378	127.3636
4 0 0			-0.1		-2.58		49.47		0.32333	8.3901	35.6934066618	787.9925
3 1 1			0.01		-2.57		49.07		0.32332	0.5239	28.3131072915	41.7464
0 4 2			-0.01		-2.58		49.69		0.32334	3.2657	36.5744795411	137.7475
6 2 8			-0.03		-2.61		51.18		0.3234	3.3751	67.1207225085	222.106
0 0 12			0.0		-2.61		51.01		0.32366	3.2426	47.0346015839	274.3783
5 1 13			0.01		-2.6		50.55		0.32397	0.4567	71.2764535317	11.3258
9 1 1			0.01		-2.59		50.04		0.32397	0.8793	87.9915459652	19.6393
4 2 0			0.01		-2.58		49.64		0.32397	0.9287	40.0811891304	86.5118
0 4 20			0.01		-2.57		49.24		0.32397	1.027	94.1654323607	18.6345
4 2 4			-0.0		-2.57		49.25		0.32397	0.7624	43.1345383828	64.2766
2 4 6			0.01		-2.56		48.75		0.32397	0.785	46.7364348384	64.2552
3 3 13			0.01		-2.56		48.38		0.32436	0.5636	65.4922780779	9.1158
0 4 10			0.01		-2.55		47.91		0.32431	0.9893	53.7871001638	44.1425
0 6 18			-0.01		-2.56		48.5		0.32243	0.7949	98.0280769063	1.8601