HKL Value		Reward		TotalReward	Chi Squared	Z Appr. 	Error	Two-Thetas	Sfs2
3 3 7			0.0		0.0		0.0		0.3	0.1558	47.1418707618	3.5073
6 4 0			0.0		0.0		0.01		0.34068	1.8287	67.0910631577	58.6803
0 2 8			-0.06		-0.06		0.07		0.3434	0.1155	35.7619852008	1.7384
4 6 0			0.0		-0.05		0.06		0.3434	0.7863	67.1083315067	59.4729
1 7 7			-0.3		-0.36		0.36		0.34219	0.4353	72.3061031614	6.1143
2 0 14			-0.35		-0.71		0.71		0.34987	0.2634	58.6945218607	7.3942
0 2 14			0.06		-0.65		0.6		0.35017	0.2479	58.6982494177	6.3292
1 3 7			-0.12		-0.76		0.71		0.34977	0.1893	39.2755843192	5.3372
3 1 7			-0.07		-0.84		0.79		0.34935	0.257	39.2655360855	5.205
6 4 2			-0.15		-0.99		0.94		0.3492	0.2211	67.6401768609	4.8049
5 5 7			0.01		-0.98		0.92		0.3488	0.6639	72.2860687267	4.3062
3 5 5			-1.82		-2.8		2.74		0.38038	1.2751	56.9624934876	133.7285
1 3 9			0.04		-2.76		2.66		0.38055	0.2622	45.3040218183	7.1674
4 6 6			-0.71		-3.47		3.37		0.37963	1.1903	71.9781772466	41.9784
5 3 5			-1.39		-4.86		4.76		0.38043	2.2247	56.9473208346	134.0256
7 1 7			0.15		-4.71		4.46		0.38029	0.3505	72.2660298289	5.0526
3 1 9			0.06		-4.65		4.34		0.38047	0.36	45.2950695798	8.7768
0 6 8			-0.15		-4.8		4.49		0.3809	0.7694	64.1950429677	5.6946
3 1 15			0.06		-4.74		4.37		0.38142	0.2871	67.3554895111	7.7692
2 4 8			-0.25		-4.98		4.61		0.38197	0.1687	51.4325245866	2.4593
6 0 8			-0.1		-5.09		4.72		0.38239	2.9234	64.163237895	5.3359
4 2 14			-0.18		-5.27		4.89		0.38293	1.2576	70.6282605877	19.9713