HKL Value		Reward		TotalReward	Chi Squared	Z Appr. 	Error	Two-Thetas	Sfs2
2 4 8			0.0		0.0		0.0		0.3	0.1687	51.4325245866	2.4593
3 3 7			0.0		0.0		0.24		0.33847	0.1558	47.1418707618	3.5073
6 4 0			0.06		0.06		0.13		0.33847	1.8287	67.0910631577	58.6803
0 2 8			-0.18		-0.12		0.31		0.34256	0.1155	35.7619852008	1.7384
4 6 0			0.03		-0.09		0.24		0.34256	0.7863	67.1083315067	59.4729
4 2 4			-8.08		-8.17		8.32		0.35793	0.7624	43.1345383828	64.2766
1 7 7			0.48		-7.68		7.35		0.35799	0.4353	72.3061031614	6.1143
3 5 1			-0.8		-8.48		8.15		0.35713	0.5283	53.2544885252	31.9012
0 0 14			-0.58		-9.06		8.73		0.35713	0.8389	55.4890953336	74.9432
2 0 14			0.46		-8.6		7.81		0.35713	0.2634	58.6945218607	7.3942
0 2 14			0.34		-8.26		7.14		0.35713	0.2479	58.6982494177	6.3292
3 1 7			0.25		-8.01		6.64		0.35713	0.257	39.2655360855	5.205
1 3 7			0.21		-7.81		6.23		0.35713	0.1893	39.2755843192	5.3372
5 5 7			0.2		-7.61		5.83		0.35713	0.6639	72.2860687267	4.3062
5 1 7			0.16		-7.45		5.52		0.35713	0.2609	54.1000446603	4.252
7 1 7			0.12		-7.33		5.28		0.35713	0.3505	72.2660298289	5.0526
0 4 2			-5.22		-12.56		10.5		0.35971	3.2657	36.5744795411	137.7475
5 3 9			0.15		-12.4		10.19		0.35536	0.4833	65.0662013285	20.8409
6 4 2			0.22		-12.18		9.75		0.35532	0.2211	67.6401768609	4.8049
4 2 8			0.26		-11.92		9.24		0.35509	0.7605	51.4203212226	2.5419
0 6 8			0.23		-11.69		8.78		0.35525	0.7694	64.1950429677	5.6946
6 0 8			0.21		-11.49		8.36		0.35526	2.9234	64.163237895	5.3359
2 4 14			0.18		-11.31		8.01		0.35546	0.5221	70.6383718296	19.4111
1 5 9			0.17		-11.14		7.67		0.35501	0.4394	58.984264935	17.7365
2 0 0			-1.61		-12.75		9.28		0.35501	2.02	17.6289686615	175.6782
4 2 14			0.17		-12.58		8.94		0.35518	1.2576	70.6282605877	19.9713
3 1 9			0.17		-12.41		8.6		0.35518	0.36	45.2950695798	8.7768
4 6 6			0.13		-12.28		8.34		0.35569	1.1903	71.9781772466	41.9784
5 3 11			-1.82		-14.1		10.16		0.35765	1.8677	70.5420870211	204.0714
3 3 9			0.16		-13.95		9.85		0.35724	0.3816	52.4524123761	12.0632
1 3 9			0.16		-13.78		9.53		0.35716	0.2622	45.3040218183	7.1674
5 3 7			0.12		-13.66		9.28		0.35716	0.2523	60.5057581853	5.4388
3 1 15			0.08		-13.58		9.12		0.35722	0.2871	67.3554895111	7.7692
5 1 9			0.11		-13.47		8.89		0.35675	0.4583	58.9619928854	19.0838
1 5 13			0.06		-13.4		8.77		0.35727	1.1973	71.2966048402	12.6128
1 5 7			0.1		-13.3		8.56		0.35727	0.6035	54.1236034243	4.2528
0 6 6			0.1		-13.2		8.35		0.35701	1.0147	60.183190367	40.9583
6 0 2			0.08		-13.11		8.18		0.35706	0.2214	55.354768557	5.4487
1 3 15			0.05		-13.06		8.08		0.3571	0.2862	67.3623786269	8.1809
2 4 0			-0.15		-13.21		8.23		0.3571	1.4359	40.0960076051	88.2765
4 6 2			0.07		-13.14		8.09		0.3571	0.2349	67.657370766	5.5969
1 1 9			0.1		-13.04		7.9		0.35723	0.2216	37.1193146943	1.1702
0 6 10			0.05		-12.99		7.79		0.35708	0.8527	69.1637693973	8.5049
0 0 16			-0.48		-13.47		8.27		0.3603	1.3342	64.286058028	116.6634
0 6 14			0.07		-13.4		8.13		0.36011	0.9096	81.7552219026	27.2955
6 4 6			0.09		-13.31		7.96		0.36018	0.9247	71.9614498967	41.9809
3 1 13			0.07		-13.24		7.82		0.36056	0.3869	59.4126405656	11.7895
0 6 2			0.06		-13.18		7.7		0.3606	0.2356	55.3895592761	6.1752
0 6 16			0.07		-13.11		7.55		0.36087	0.4825	89.3859051251	7.6515
2 0 8			0.08		-13.03		7.4		0.36085	0.1665	35.7565424018	1.5727
3 5 9			0.0		-13.03		7.39		0.36048	0.4755	65.0802252419	19.5165
1 3 13			0.06		-12.97		7.27		0.36076	0.3907	59.4200243294	11.5335
3 5 7			0.05		-12.92		7.17		0.36078	0.2309	60.5203777188	5.6046
6 0 6			0.04		-12.87		7.08		0.36057	1.0815	60.1501886982	39.9969
5 1 13			0.06		-12.82		6.97		0.36082	0.4567	71.2764535317	11.3258
2 0 12			0.02		-12.8		6.92		0.36046	0.8079	50.6101057273	16.6151
5 5 1			0.01		-12.79		6.91		0.36042	0.5073	65.769247456	23.9531
0 2 20			0.05		-12.74		6.81		0.36052	0.4494	86.0769303832	2.8517
3 3 13			0.06		-12.68		6.7		0.3607	0.5636	65.4922780779	9.1158
0 2 16			0.03		-12.65		6.63		0.36112	1.8687	67.2407114996	13.8307
7 3 1			0.0		-12.65		6.62		0.3611	0.5095	71.5359286583	22.1332
6 0 0			0.02		-12.63		6.59		0.3611	0.7256	54.7363985401	55.434
4 2 10			0.0		-12.63		6.59		0.36103	1.1102	57.0442200735	11.3144
1 1 5			-1.71		-14.33		8.29		0.36169	1.9661	22.8949597146	247.5537
2 4 10			0.01		-14.32		8.27		0.36164	0.607	57.0555982332	12.0937
2 0 16			0.06		-14.26		8.16		0.36185	0.5935	67.2372591268	11.8907
1 1 13			0.06		-14.21		8.04		0.36195	0.3722	52.9310122384	10.9703
1 5 3			-0.24		-14.45		8.28		0.36186	0.9511	47.585042181	85.8034
6 0 10			0.03		-14.42		8.23		0.36182	1.0728	69.1331306246	8.9056
4 2 6			-0.0		-14.43		8.23		0.3616	1.6049	46.7233273538	62.1975
0 2 2			-0.26		-14.69		8.5		0.36159	0.4614	19.2417464495	36.8131
2 4 6			-0.01		-14.7		8.51		0.36134	0.785	46.7364348384	64.2552