HKL Value		Reward		TotalReward	Chi Squared	Z Appr. 	Error	Two-Thetas	Sfs2
3 3 7			0.0		0.0		0.0		0.3	0.1558	47.1418707618	3.5073
6 4 0			0.0		0.0		0.01		0.34068	1.8287	67.0910631577	58.6803
0 2 8			-0.06		-0.06		0.07		0.3434	0.1155	35.7619852008	1.7384
4 6 0			0.0		-0.05		0.06		0.3434	0.7863	67.1083315067	59.4729
1 7 7			-0.3		-0.36		0.36		0.34219	0.4353	72.3061031614	6.1143
2 0 14			-0.35		-0.71		0.71		0.34987	0.2634	58.6945218607	7.3942
0 2 14			0.06		-0.65		0.6		0.35017	0.2479	58.6982494177	6.3292
2 0 8			0.01		-0.64		0.58		0.34993	0.1665	35.7565424018	1.5727
3 1 7			-0.09		-0.73		0.67		0.34947	0.257	39.2655360855	5.205
1 3 7			-0.07		-0.8		0.74		0.34895	0.1893	39.2755843192	5.3372
5 5 7			-0.0		-0.81		0.74		0.34848	0.6639	72.2860687267	4.3062
5 1 7			-0.03		-0.84		0.77		0.34795	0.2609	54.1000446603	4.252
4 4 10			-2.2		-3.03		2.97		0.33885	0.6886	66.23802526	47.6672
2 0 6			-0.59		-3.63		3.56		0.33834	1.6278	29.1406672869	128.8477
7 1 7			0.12		-3.5		3.32		0.33818	0.3505	72.2660298289	5.0526
6 4 2			0.06		-3.45		3.21		0.33811	0.2211	67.6401768609	4.8049
2 4 8			0.1		-3.35		3.01		0.33798	0.1687	51.4325245866	2.4593
2 2 2			-5.43		-8.77		8.44		0.33841	1.1162	26.2109248846	125.5642
0 6 8			0.17		-8.61		8.1		0.3381	0.7694	64.1950429677	5.6946
6 0 8			0.16		-8.45		7.78		0.3378	2.9234	64.163237895	5.3359
4 2 8			0.19		-8.25		7.39		0.33769	0.7605	51.4203212226	2.5419
1 5 9			0.02		-8.23		7.35		0.35191	0.4394	58.984264935	17.7365
3 1 9			0.15		-8.08		7.04		0.3531	0.36	45.2950695798	8.7768
1 3 9			0.13		-7.94		6.78		0.35408	0.2622	45.3040218183	7.1674
4 2 14			0.12		-7.82		6.53		0.35436	1.2576	70.6282605877	19.9713
2 4 14			0.12		-7.71		6.3		0.35458	0.5221	70.6383718296	19.4111
3 3 9			0.12		-7.59		6.06		0.35443	0.3816	52.4524123761	12.0632
5 3 7			0.08		-7.51		5.91		0.3544	0.2523	60.5057581853	5.4388
1 5 13			-0.01		-7.52		5.91		0.35491	1.1973	71.2966048402	12.6128
6 0 6			0.1		-7.42		5.72		0.35471	1.0815	60.1501886982	39.9969
4 6 6			0.06		-7.36		5.59		0.35528	1.1903	71.9781772466	41.9784
1 5 7			0.07		-7.29		5.46		0.35527	0.6035	54.1236034243	4.2528
3 1 15			0.02		-7.27		5.41		0.35491	0.2871	67.3554895111	7.7692
0 6 6			0.08		-7.19		5.26		0.35465	1.0147	60.183190367	40.9583
5 1 9			0.07		-7.12		5.12		0.35432	0.4583	58.9619928854	19.0838
1 1 11			-4.83		-11.95		9.95		0.35743	2.144	44.8525636461	378.5934
1 3 5			-2.31		-14.26		12.26		0.35901	3.1323	34.189462707	190.138
0 2 10			-0.01		-14.27		12.27		0.35875	0.4317	42.9590557724	21.0204