Number of epochs: 100e+00
-2.240728126577143797e+01
8.311697919138706647e-02
-3.200030867923821187e+00
-1.825744819166310862e+01
1.085226278722703497e-02
-1.100004169891183459e+01
-2.882017464916839700e+01
-4.828335455828860340e-02
-1.351770897105471470e+01
4.468731961370417061e+00
2.972027308925573666e-02
-7.096093051605004476e+00
6.952811728451731010e-01
-3.244368457042073189e-02
-1.915101050565026497e-01
-1.414192736446632515e-01
3.543778162217704059e-02
5.053377814767097409e-02
-8.549114346292788214e-02
3.037742414261786206e-02
-4.798376254380571325e-03
7.979663547856814809e-02
-3.585960040653256020e-01
3.411567694632444692e-02
1.017917021520444026e-01
3.975902142172724196e-02
6.773772223105781198e-02
-4.649774049015598543e+00
-2.150287562636801764e-01
-6.563140965829175499e+00
1.402835143791072714e-01
-3.783289603576535098e-01
-1.055723557214460762e+01
5.956145389810806046e-02
-6.690404539247972515e+00
-1.173483638413779007e+00
4.787116727115334897e-02
-1.580457549015555241e+00
2.617615912591471083e-01
9.745489568727885854e-02
-3.719035678110568899e+00
1.469616470817600717e-01
-2.311042974587788068e-01
-1.377346343855023081e+00
-5.877630596704472854e-01
-5.594156383221213780e-01
-1.648547619686283161e+00
-2.578450251656570380e+00
-2.772134180734102227e+00
-1.242121780163329275e-01
-4.562092262896753070e-01
-5.096701268934066276e-01
-1.442247013329620575e-01
-2.767956859882012011e-01
-2.219136613063882879e-01
-2.615846941818158466e+00
-5.731380439042141006e+00
-7.317754007331171984e-01
-8.409755313559658108e-01
-9.148304742376147658e-01
-1.045247751729921237e+00
-1.819932049092218174e+00
-4.767934034746919569e-01
-7.973512641080711116e-01
-9.555812728743082740e-01
-1.014558639198813506e+00
-7.017246618127268576e-01
-5.588617071077639498e-01
-1.326814609987314819e+00
-6.312489546536445562e-02
-7.371800118848764072e+00
-2.686792107303522137e+00
-1.109165111503834122e+00
-5.711689899861087660e-01
-1.298229371918445674e+00
-1.562056347402482004e+00
-6.016817541356360710e-01
-1.699653864936326864e-01
-9.564049386227194693e-01
-5.968343262775563041e+00
-6.407617958503285527e-01
-6.660105659496230457e-01
-4.623454895087328875e-01
-1.034429658230073024e+01
-1.380295737107735787e+00
-1.096458729333989801e+01
3.317100782050330654e-02
-1.812290493856806295e-01
-1.743712836234279706e+01
3.477159379695728136e-02
-1.876968846438374783e+01
-1.417979420772327792e+01
4.005200840762960374e-02
-1.295274962348739933e+01
1.043631004601014295e-01
1.117659086401720375e-01
-5.368230562233279102e+00
2.342910312082334412e-01
-8.517022299643646210e-01
2.833076198155640713e-01
-1.069259741697779209e-01
2.440505586155135020e-01
2.913006104047590750e-01
9.739916217731913406e+00
1.726523217112896080e-01
-6.163958653637826579e-01
5.531207132654781394e-02
2.601058585046271965e-01
4.562779529822675317e-01
-1.625994209543933477e+00
6.344559505235594643e-02
-6.578795961149057625e+00
2.069903050299130576e-01
9.851843052285899072e-01
-5.236856212199017868e+00
1.988115726618978063e-01
-1.307973705799268416e+00
-1.709384597969537456e+00
2.064828750321540396e-01
-1.092483575177159594e+01
2.153971788242644847e-01
-2.785549619596424442e+00
1.197961644881272575e-01
2.174401902400829867e-01
1.470934620905712809e-01
2.392156655632347029e-01
1.906349369885526335e-01
1.579513012094607982e-01
1.436520260126589454e-01
1.078812132121295952e-01
-1.454641914737464070e+00
3.522143456225192842e-02
2.577618786463455741e-02
-1.620487683708787818e-05
3.488260425712117613e-02
-1.172220859939120619e+00
6.794064659442916598e-02
-3.022663454404883598e-02
-5.150956190610599394e-01
9.007148971817044436e-02
-5.187122055311796931e-01
1.236714114805163578e-01
-5.712639665325027621e-02
-1.313902436691336639e+01
-5.324991845316172423e+00
-5.302433554603346089e+00
-5.477274287937099473e+00
-3.468166484189413978e+00
-1.243832676668784609e+00
-3.116194333911815662e+00
-3.523623687523661285e+00
-3.891243722398280092e+00
6.015733851195607246e-02
-6.323438398082318335e-01
-6.640572569512396939e+00
-1.631533316953638346e-01
-1.332052712456343491e+00
-6.242698126442021156e-01
-8.920599250674834391e-01
-1.738567454145439672e+00
-3.664685157744108635e-01
-9.338921199590876077e-01
-5.662718678252282034e-02
1.203076822287241499e-01
8.989744852118300433e-02
9.101068796071391798e-02
5.639648263956936053e-02
1.755896095891202047e-01
-2.900910971948741923e-01
3.909068300545873731e-01
-1.438009165121257649e+00
3.931822743363275752e-01
-1.229086297817849172e+00
1.942107396731908853e-01
-2.389524234121683521e-01
1.840159693252139128e-01
1.113349156136879681e-01
3.610488583950757085e-02
2.112250317797050025e-01
1.569592678653732865e-01
-2.528540128234343598e+00
-5.195077874720753497e-02
8.266761828416960278e-02
7.834508766524028722e-02
-2.130717000633872149e-01
-2.455081906667443137e-02
1.056691194574939929e-01
-4.914272871528595488e+00
-1.358443432082602487e-01
-2.952254138708296782e-01
-5.955025354662923931e-01
-9.152740080056632754e-01
-4.072630595116597529e-01
-8.691624773591329067e-02
-3.221220682730846496e-01
-1.611750284221956375e-02
-1.330477513679784396e+00
