HKL Value		Reward		TotalReward	Chi Squared	Z Appr. 	Error	Two-Thetas	Sfs2
3 0 0			0.0		0.0		0.0		0.5	0.45	42.9814560157	0.0
3 0 6			0.0		0.0		0.0		0.5061	0.11	59.366558438	0.0
0 0 3			0.98		0.98		0.0		0.5061	0.03	19.1797885945	0.0
3 0 2			0.42		1.4		0.0		0.50609	0.46	45.0164041053	0.0
4 0 3			-0.02		1.38		0.0		0.50609	0.29	62.1413926063	0.0
2 2 5			-1.0		0.38		0.0		0.37988	0.26	70.7747179536	2.8196
1 0 0			0.2		0.58		0.0		0.37988	0.0	14.0285801003	0.0
4 0 1			0.17		0.75		0.0		0.37988	0.27	58.8934376912	0.0
4 1 3			-1.0		-0.25		0.05		0.38455	0.15	68.408649436	0.0043
0 0 7			0.12		-0.13		0.04		0.38455	0.2	45.7499157105	0.0
2 0 3			0.11		-0.02		0.04		0.38455	0.09	34.3920319457	0.0
3 0 4			0.1		0.08		0.03		0.38455	0.64	50.7360354343	0.0
2 0 7			0.09		0.17		0.03		0.38455	4.16	54.6555056564	0.0
2 0 1			0.08		0.26		0.03		0.38455	0.15	29.01034049	0.0
2 2 3			-0.54		-0.28		0.06		0.38522	0.31	64.6616050849	6.6891
2 0 5			0.07		-0.21		0.06		0.38522	5.26	43.4052500519	0.0
1 0 8			0.07		-0.15		0.05		0.38522	0.24	54.8685935926	0.0
1 0 4			0.06		-0.08		0.05		0.38522	0.08	29.3672081998	0.0
1 0 6			0.06		-0.02		0.05		0.38522	0.25	41.5701214249	0.0
4 0 5			0.06		0.03		0.04		0.38522	0.26	68.3700248267	0.0
3 0 8			0.05		0.08		0.04		0.38522	0.3	70.3147352648	0.0
4 1 1			0.03		0.11		0.04		0.38522	0.21	65.3342299592	0.4263
3 1 0			0.05		0.16		0.04		0.38522	0.86	50.7823995615	0.002
3 1 4			0.04		0.2		0.04		0.38529	0.33	57.7518627408	0.9567
1 1 4			0.04		0.24		0.04		0.38534	0.3	39.4492672371	0.9567
1 2 6			3.69		3.93		0.01		0.44894	0.11	69.4566609057	1.2895
1 -1 2			0.03		3.96		0.01		0.44913	0.39	32.1995090242	11.6912
3 0 7			-0.05		3.91		0.01		0.44853	0.18	64.5726747292	2.8781
0 1 5			-0.14		3.78		0.01		0.44765	0.34	41.7114803244	7.6693
2 0 -4			-0.49		3.29		0.02		0.44557	0.31	38.5541558059	1.7476