HKL Value		Reward		TotalReward	Chi Squared	Z Appr. 	Error	Two-Thetas	Sfs2
3 0 0			0.0		0.0		0.0		0.5	0.45	42.9814560157	0.0
3 0 6			0.0		0.0		0.0		0.5061	0.11	59.366558438	0.0
0 0 3			0.98		0.98		0.0		0.5061	0.03	19.1797885945	0.0
4 0 3			-0.31		0.67		0.0		0.5061	0.29	62.1413926063	0.0
3 0 4			-0.27		0.41		0.0		0.5061	0.64	50.7360354343	0.0
1 0 8			-0.19		0.22		0.0		0.50622	0.24	54.8685935926	0.0
2 2 4			-1.0		-0.78		0.0		0.57402	0.5	67.3692384702	10.6939
3 0 2			0.17		-0.62		0.0		0.57402	0.46	45.0164041053	0.0
2 0 7			0.14		-0.47		0.0		0.57402	4.16	54.6555056564	0.0
2 0 5			0.12		-0.35		0.0		0.57402	5.26	43.4052500519	0.0
0 0 7			0.11		-0.24		0.0		0.57402	0.2	45.7499157105	0.0
2 0 3			0.1		-0.14		0.0		0.57402	0.09	34.3920319457	0.0
1 0 0			0.09		-0.05		0.0		0.57402	0.0	14.0285801003	0.0
0 0 2			-1.0		-1.05		0.0		0.58157	0.15	12.7532192506	5.5981
2 0 1			0.08		-0.97		0.0		0.58157	0.15	29.01034049	0.0
1 0 6			0.07		-0.9		0.0		0.58157	0.25	41.5701214249	0.0
4 0 1			0.07		-0.83		0.0		0.58157	0.27	58.8934376912	0.0
1 0 4			0.06		-0.77		0.0		0.58157	0.08	29.3672081998	0.0
4 1 3			-1.0		-1.77		0.08		0.53572	0.15	68.408649436	0.0043
4 0 5			0.06		-1.71		0.08		0.53572	0.26	68.3700248267	0.0
3 0 8			0.05		-1.66		0.07		0.53572	0.3	70.3147352648	0.0
3 1 4			-0.02		-1.68		0.08		0.53615	0.33	57.7518627408	0.9567
3 1 0			0.05		-1.63		0.07		0.53615	0.86	50.7823995615	0.002
1 1 3			0.04		-1.6		0.07		0.53169	0.54	35.3770121777	12.6586
1 1 4			-0.02		-1.62		0.07		0.53174	0.3	39.4492672371	0.9567
4 0 0			-0.44		-2.06		0.13		0.53174	0.08	58.4798162983	46.4355
0 0 4			-0.16		-2.22		0.15		0.50665	0.08	25.6679215219	1.7476