HKL Value		Reward		TotalReward	Chi Squared	Z Appr. 	Error	Two-Thetas	Sfs2
0 0 2			0.0		0.0		0.0		0.5	0.15	12.7532192506	5.5981
3 0 0			0.0		0.0		0.0		0.58213	0.45	42.9814560157	0.0
0 0 3			1.0		1.0		0.0		0.58213	0.03	19.1797885945	0.0
2 0 1			0.5		1.5		0.0		0.58213	0.15	29.01034049	0.0
1 0 0			0.33		1.83		0.0		0.58213	0.0	14.0285801003	0.0
3 0 2			0.25		2.08		0.0		0.58213	0.46	45.0164041053	0.0
4 0 3			0.2		2.28		0.0		0.58213	0.29	62.1413926063	0.0
3 0 6			0.17		2.45		0.0		0.58213	0.11	59.366558438	0.0
4 0 1			0.14		2.59		0.0		0.58213	0.27	58.8934376912	0.0
1 0 8			0.12		2.72		0.0		0.58213	0.24	54.8685935926	0.0
1 1 3			-1.0		1.72		0.05		0.54056	0.54	35.3770121777	12.6586
3 0 4			0.1		1.82		0.04		0.54056	0.64	50.7360354343	0.0
0 0 7			0.09		1.91		0.04		0.54056	0.2	45.7499157105	0.0
1 0 4			0.08		1.99		0.04		0.54056	0.08	29.3672081998	0.0
2 0 3			0.08		2.07		0.04		0.54056	0.09	34.3920319457	0.0
2 0 7			0.07		2.14		0.03		0.54056	4.16	54.6555056564	0.0
2 0 5			0.07		2.21		0.03		0.54056	5.26	43.4052500519	0.0
4 0 5			0.06		2.27		0.03		0.54056	0.26	68.3700248267	0.0
3 0 8			0.06		2.33		0.03		0.54056	0.3	70.3147352648	0.0
1 2 7			-0.09		2.23		0.03		0.53468	0.71	74.291810142	3.5836
1 0 6			0.05		2.29		0.03		0.53468	0.25	41.5701214249	0.0
3 1 0			0.05		2.33		0.03		0.53468	0.86	50.7823995615	0.002
2 1 1			0.02		2.36		0.03		0.53468	0.13	39.1745550983	0.4263
3 0 7			-0.67		1.68		0.08		0.57887	0.18	64.5726747292	2.8781
3 1 4			0.02		1.7		0.08		0.57903	0.33	57.7518627408	0.9567
4 1 1			0.04		1.73		0.08		0.57903	0.21	65.3342299592	0.4263
4 0 2			0.04		1.77		0.07		0.57921	0.26	60.1237214722	5.5981
2 0 4			-0.82		0.95		0.42		0.57226	0.23	38.5541558059	1.7476
1 1 4			0.03		0.98		0.41		0.57239	0.3	39.4492672371	0.9567
0 1 6			-0.17		0.81		0.49		0.61018	0.0	47.2608104201	2.0239
3 1 1			0.03		0.84		0.48		0.61018	0.22	51.2370468789	1.4731
0 1 7			0.02		0.86		0.47		0.61031	0.26	53.2385720724	8.4036
2 1 7			0.02		0.89		0.46		0.61044	0.57	61.3678684761	8.4036
4 1 5			-0.01		0.88		0.46		0.61157	1.53	74.3771604481	7.6693
0 1 5			-0.0		0.87		0.46		0.61261	0.34	41.7114803244	7.6693
1 -1 2			-0.11		0.76		0.52		0.6128	0.39	32.1995090242	11.6912